1.50273
0.357226
4.74545
0.128004
0.0510167
2.03207
0.463214
0.162291
1.26855
0.344619
0.0924628
4.19154
0.395889
0.700512
0.135339
0.848268
0.450818
0.00758048
0.0488748
0.328521
0.487836
0.0606249
0.892007
1.25906
0.226771
0.821081
1.2729
0.407943
0.322153
0.242256
0.068247
0.164496
0.0416594
8.13424
0.185094
0.444067
0.389346
0.696578
0.643489
0.166411
0.717449
0.207615
0.690885
0.870973
1.20833
0.159517
0.102689
1.20097
0.589762
0.472398
0.310953
1.96332
0.408867
0.154943
0.525869
0.561459
0.0622302
0.703157
0.661802
1.34227
0.148633
0.7274
4.7742
0.838644
5.93195
0.223278
0.218863
3.894
0.88116
1.68288
0.777045
1.6056
0.207876
0.678803
1.07891
0.786045
0.995241
1.59725
3.00791
0.122058
0.813443
0.27883
0.0994611
0.0444888
2.9247
0.431454
0.680722
0.949052
0.829533
0.326036
0.028675
1.03388
0.719269
0.903392
0.0800476
0.304434
0.863861
0.271274
0.254678
0.579743
0.762353
0.247483
0.892069
0.990208
0.0968594
0.14367
0.222166
0.327165
1.1716
0.0180619
0.413911
0.814264
1.45456
0.970235
0.382161
0.0587938
1.32712
1.02308
0.826461
1.72387
0.379316
3.70185
0.661713
0.631581
0.536843
0.805655
0.0388369
1.31208
0.258271
1.54375
0.532208
0.245933
1.34353
0.236148
1.47906
1.19091
0.383938
0.445804
0.666244
1.19458
0.844593
0.574915
1.4946
1.43415
0.134755
1.76885
0.223951
0.123676
0.83355
0.0242396
2.61607
0.0990999
0.143693
4.08772
0.215878
0.107278
0.5865
0.75448
2.52007
0.570053
1.819
1.59265
2.00061
1.39301
0.898394
0.354968
0.35198
0.710042
1.0332
1.13806
0.847427
0.167433
0.0116771
1.16044
0.846464
0.512402
0.9283
0.567723
0.549514
0.454589
0.888232
0.6884
0.563637
2.20614
4.48551
2.49789
1.05057
1.88802
1.25812
1.00297
0.0322921
1.34851
1.16854
0.564654
0.841126
0.470939
0.273058
3.02467
0.469741
3.24385
0.628499
1.61072
0.130258
0.488832
1.36111
0.410979
1.47062
0.0205504
0.028226
0.196762
0.0150301
1.68009
0.195096
4.05141
0.489361
0.0251226
2.82988
0.823439
0.562495
0.450626
1.64513
2.12833
2.19608
1.94581
0.488437
0.00495293
0.405318
0.299477
0.721117
0.750637
0.168862
0.322887
1.36094
0.829505
0.447723
0.597835
0.548056
1.81086
0.0947343
3.7421
0.0138899
2.68427
0.353039
0.320425
2.00259
0.303348
0.72277
0.944283
0.0822659
1.60606
0.145869
0.88052
1.16343
0.146671
0.157205
1.48378
1.59113
2.51819
1.29013
0.418837
2.14353
0.246546
1.08626
2.80259
2.64285
2.15921
0.00301708
1.06645
0.834224
0.594459
1.95619
0.467849
2.43101
0.955837
1.70186
0.356983
0.333505
2.4859
2.09679
4.99821
0.609341
0.820831
0.400193
1.14845
1.07937
0.0476992
0.766509
0.215989
4.21415
0.923442
0.00569311
0.322966
0.474964
3.97694
1.32183
1.0184
2.40951
1.16322
0.215216
0.711895
0.684425
0.207387
2.97873
0.00316717
1.34835
0.159515
0.338626
0.131573
0.105538
0.309969
1.7132
1.15964
0.0296617
1.38334
0.642958
4.12406
0.352921
3.88734
1.64975
0.654907
0.170319
0.591691
0.0741508
0.442111
0.768515
0.653457
3.10766
0.224475
2.93162
1.86366
0.589784
1.0415
0.315371
1.42344
1.27658
0.327109
0.130327
0.47324
0.733726
0.892674
3.09944
0.362191
2.36937
0.375785
0.902097
0.210761
2.01897
2.48879
0.476533
3.26534
1.09667
0.878074
0.887971
1.35763
0.491532
0.630331
0.408959
0.0207233
0.92546
0.753459
0.933074
0.121255
0.859437
1.48898
0.982385
0.685335
3.1114
0.193863
0.254282
0.0235149
0.459857
0.107428
0.508526
1.00308
1.95328
0.780537
1.29343
0.81839
0.868822
2.96737
1.77275
0.957707
1.21622
4.42943
0.846434
0.971618
2.66725
0.0101298
0.143553
0.674272
0.865332
0.778005
1.21968
0.0785275
1.04172
0.923153
2.40549
0.350244
1.57739
0.184355
1.18766
0.947039
1.08911
0.79477
1.77191
0.525054
0.672991
0.02327
1.24763
0.391167
0.50671
0.733339
1.07239
0.104258
0.42042
1.02375
0.42153
4.51708
0.125831
1.88021
0.928425
0.348906
0.423334
0.10992
0.273559
0.0716417
2.27934
1.54789
0.023343
0.81407
1.11877
0.180074
0.915981
0.534688
0.161212
0.285929
0.567958
0.314645
1.04376
0.397279
0.688856
1.14422
1.38687
4.13715
2.20036
0.0382151
1.48353
2.26697
0.034595
0.624942
1.4047
0.273336
1.13182
0.346805
2.00772
3.78699
0.401493
0.142609
1.1586
1.99903
0.437134
0.127732
0.31189
0.594832
0.447623
0.481052
0.5468
2.1843
0.12318
0.331713
0.160161
2.16547
0.949628
0.684195
1.06926
0.787846
0.711206
0.630355
2.16605
0.599698
0.897898
0.383461
3.30799
1.50996
0.6392
1.34441
0.782088
1.36559
0.171651
2.81085
0.554203
0.210215
1.2648
0.224553
0.549144
0.948691
1.18168
0.0913456
2.01149
0.601791
0.589767
2.05464
1.24634
2.52008
0.126316
0.265002
1.07716
0.215942
0.504809
1.47533
0.239201
0.329133
1.32102
0.525607
0.135658
0.404797
0.272677
0.244648
0.165825
1.40566
2.26284
1.33028
0.73696
2.07036
0.345716
0.403724
0.0966569
0.693467
0.783272
1.07726
0.907918
0.187586
0.886982
1.44447
2.3817
0.490314
0.776007
2.322
1.43413
1.04191
0.305658
0.952276
2.01496
0.861751
2.03055
0.127508
1.72963
3.71405
0.346863
0.862449
1.54398
0.0590632
1.06353
0.322865
0.370504
1.28176
0.815211
0.352316
0.326931
0.149226
0.025137
1.2799
0.493682
0.598451
0.280957
2.5424
0.0849788
2.48451
1.63155
4.63442
0.455232
0.332284
0.89557
2.14337
0.643495
1.17111
0.05078
0.35466
1.43425
2.64754
3.12999
2.11183
1.53206
0.417671
0.536267
1.44498
4.99269
0.188391
0.263246
0.0716583
3.49653
1.13825
0.444216
0.400817
0.978837
1.67097
0.892667
0.653626
0.358307
1.35405
0.199295
0.513622
0.235776
0.0825392
0.84466
0.973633
0.124695
0.059106
2.30439
0.215102
1.29328
0.692724
0.674668
0.386275
1.11887
2.05976
3.40284
1.55635
0.868663
0.257079
0.23402
1.38563
0.0766732
0.40877
1.65137
2.40139
0.247209
1.77676
0.235101
1.16408
0.342987
1.03125
0.241565
0.500462
0.366803
0.804599
0.0339702
3.65143
0.310063
0.16161
0.815421
0.495841
0.701596
0.0156779
0.0387495
0.201723
0.11473
0.562455
1.87094
0.303318
1.72737
0.50865
0.687385
0.70288
0.446473
0.381491
0.961953
0.21262
0.842503
0.0753239
0.0357141
1.84806
0.457196
2.15986
1.10024
0.724757
2.12346
1.18484
0.506429
0.119718
1.28373
0.514243
0.936494
1.39803
1.78911
1.44358
0.81371
1.44486
1.63732
0.281752
0.31916
0.435673
0.161768
1.02925
0.169601
0.69786
0.502188
1.47493
3.00255
0.16627
0.663886
0.0313273
0.336336
0.258549
0.478637
0.161218
0.602075
0.787523
0.36023
2.37603
0.912513
0.203999
0.804704
0.170886
0.0253329
0.438276
0.400963
2.6475
1.42626
0.38411
0.656809
2.79182
0.0944326
0.56675
0.942228
0.349596
0.265464
1.89946
0.651509
1.26515
1.73869
3.05588
0.137157
0.0671559
0.515142
0.0534925
1.04758
0.648852
0.853254
0.555955
0.0326401
2.8964
0.0309795
0.279228
0.026118
0.910627
0.112777
0.549718
0.57239
0.754935
0.052953
5.06461
1.56581
0.609381
1.19508
0.00409593
1.65215
0.010624
1.21248
0.763896
0.879727
4.42181
0.052871
2.03125
2.98832
0.411381
4.42162
0.486307
2.28928
0.231354
0.066017
0.233305
0.802587
1.88511
0.657831
0.211524
0.804813
1.16168
0.532815
0.316658
0.426004
0.441259
0.627273
1.45127
0.306955
0.00915516
4.83092
1.03347
1.831
1.20577
0.513827
0.436781
0.352072
0.175792
0.19217
0.269186
0.988016
1.38937
1.35418
0.100881
0.220668
2.36173
2.51334
3.88453
0.36457
2.14708
0.0769493
1.23681
0.976163
0.111194
1.2172
0.275232
3.13926
2.40199
0.925143
0.478529
0.279883
0.00938014
0.364304
2.81153
0.261983
0.634605
3.49639
1.98053
1.36207
0.698817
0.519765
0.48455
0.00492796
2.17634
0.51032
1.56259
2.28482
0.377658
0.039758
1.65545
1.01005
0.650248
0.220053
0.230582
1.35613
0.207268
2.08864
1.00472
1.56818
0.407549
0.842013
0.339804
1.73619
0.00829863
0.415196
0.55429
2.07291
0.808921
1.53085
0.357782
0.779293
2.31894
0.820839
0.854518
0.0261638
2.83487
1.10902
1.37996
0.842279
0.328894
0.178737
1.14439
1.27902
0.175821
0.599136
1.35909
0.460334
1.96594
2.31318
1.06517
2.96788
0.451921
2.4023
0.873952
1.5349
1.00435
0.11312
0.735471
3.49166
0.300871
2.27523
0.776061
1.29493
1.64654
6.79434
2.78978
1.12192
1.09286
0.188975
1.97776
2.77847
1.18952
1.66422
0.572573
0.725563
0.689979
0.860002
3.96482
1.91587
0.868153
1.43613
0.426889
0.033489
0.286327
0.79948
2.78384
0.76098
0.749837
2.0011
0.630569
3.16584
2.26764
3.80086
0.0135352
1.18798
0.18382
0.828408
0.534953
2.42297
0.352878
0.466862
0.846031
1.74161
0.572761
0.239179
1.2111
1.14777
0.0308692
0.513327
0.120002
0.46555
0.317408
0.498425
0.751702
0.100378
1.21446
1.32683
0.790963
0.0387524
0.332926
0.0568961
0.313134
0.616723
1.27059
0.278753
1.07435
0.153852
0.458121
0.718444
1.15311
0.947022
0.708343
0.745017
1.62834
0.0859351
0.352696
0.294849
1.82744
0.765069
0.236266
1.47052
1.62817
2.05162
0.305964
0.94749
1.30817
0.844826
1.80265
3.19867
0.0569207
1.46941
0.482908
0.276874
0.978482
0.243094
1.99907
0.512681
1.90675
5.88989
0.178597
0.619599
0.120278
0.700889
0.399642
0.927781
2.42972
0.759554
2.69825
0.53487
2.05907
3.54944
0.418138
0.665177
0.134607
6.40363
0.255969
0.0685075
0.143185
0.2386
0.0926116
2.43807
0.702816
1.01115
0.146228
0.047941
2.02982
0.0184294
0.338039
0.877846
0.424929
0.446496
0.979071
0.385516
1.15638
0.10897
0.105606
0.283824
0.938774
2.32501
1.56657
1.18037
0.564112
0.536708
0.723591
0.282583
0.690856
0.0424712
0.115488
0.175684
0.713454
0.0347338
0.19647
0.532981
0.309073
2.52305
0.955205
0.0932306
2.4098
1.06166
1.19472
0.342081
0.237501
0.583614
0.0689572
0.256313
2.8412
1.06086
0.506953
1.16177
2.37768
1.44758
0.0560357
0.820337
1.15813
1.39113
0.789421
0.870912
0.98112
2.02826
0.0842673
0.0034121
0.1694
0.280474
0.0299978
0.42371
3.78538
0.244052
0.90447
2.5416
0.182216
1.83187
0.693937
0.378664
1.46146
0.695659
4.97699
0.669829
2.49832
0.0657818
3.80225
1.1848
0.0579263
0.642283
0.854064
2.17361
0.337311
0.303788
2.43697
1.56877
0.559375
1.98158
0.62224
0.410339
1.77317
0.205015
1.24998
0.91239
0.660333
0.466372
0.672478
3.43542
0.69995
0.173908
1.31801
1.19557
0.748881
1.51564
0.0302909
0.733572
0.0849384
1.84923
1.24387
0.715852
0.653053
0.107955
1.66274
2.15354
0.354089
0.837165
1.18144
2.15811
4.72443
1.96221
1.11095
0.651433
1.18223
0.313302
0.487813
0.00312287
1.47451
0.548864
0.340148
0.619547
0.187835
0.00245549
6.07397
1.04751
0.135307
0.587695
1.99379
1.5044
0.314398
0.0409653
0.743221
1.56748
1.24562
0.477572
1.45947
0.0429595
0.152366
0.820196
0.69968
0.717621
0.67638
0.092192
0.159358
0.301038
0.27959
2.47732
0.254747
0.314056
2.38901
0.744469
0.68466
0.482886
1.36036
0.69322
0.523217
0.686725
0.3139
0.730273
0.199023
1.20429
0.986091
0.201438
0.401869
0.768088
0.413631
0.993585
2.71568
0.0672755
0.748413
0.421997
0.56815
2.40102
0.152723
0.110058
0.362554
3.22062
0.29564
0.678985
0.45745
2.58381
3.93205
2.33208
0.0698538
0.502496
0.0548256
0.623809
0.725731
0.961765
1.08162
1.73637
0.919039
1.02904
0.780228
0.236085
3.67132
0.0325748
2.6621
1.23022
0.244641
1.66145
0.50236
0.191408
4.32198
1.77782
0.132834
1.30971
0.610602
0.282221
1.26236
0.286321
1.87462
0.286658
0.0288778
1.50852
0.428123
1.52715
0.141615
0.391448
0.300389
0.47544
2.92418
2.50123
0.968748
1.70072
0.878626
0.538387
0.179351
1.55644
4.00941
2.7839
2.14544
0.254448
1.90914
0.49281
0.0163111
0.671431
0.757984
4.75817
1.44363
0.115231
1.44973
0.293752
0.75841
0.24409
4.30023
0.375615
0.00945747
0.49535
0.157461
0.0659622
2.22827
0.073576
1.04367
0.0302018
0.785588
0.261064
0.590598
0.482234
0.530711
0.649419
1.90188
0.0535031
0.678965
0.333669
0.11414
0.434403
1.08555
0.674196
0.35707
0.0564201
0.17749
1.62157
0.987532
0.412346
0.0642334
0.559931
0.96417
0.780761
4.28441
0.81844
0.405102
0.175209
2.59398
1.90653
0.108526
6.11538
0.555608
0.956377
2.06332
2.50291
3.50746
2.01022
1.18074
0.133097
1.83593
2.62556
0.535812
0.492163
0.343225
1.48987
0.165183
0.181042
0.368033
1.51276
0.811248
0.0233817
1.55077
0.0562443
0.611753
0.376843
0.537065
0.0640365
2.86796
0.737128
0.065044
1.12989
0.512257
0.233355
0.00682274
0.477614
0.934566
5.63077
1.4676
1.4196
0.513223
0.718576
2.20908
7.32387
0.00318024
1.27893
0.560087
0.800254
0.754227
0.879028
0.711818
0.996622
1.45013
0.629927
1.22079
1.45943
1.35062
0.259273
0.851595
0.0471098
0.189397
0.545958
0.152131
0.278783
0.387521
0.758193
1.04726
0.759523
0.389409
1.18008
0.44097
2.67394
0.783607
1.56925
1.25115
0.201077
0.0201231
0.529473
1.22135
0.268741
0.7619
0.749006
1.10357
0.0209157
0.466929
0.50845
0.501083
1.14749
0.429835
0.849091
1.67041
3.37361
0.108547
0.576009
0.0663628
2.55648
0.315746
0.302244
0.325018
0.984695
0.825725
0.130041
1.77562
0.0747047
0.35259
1.18702
0.559791
2.76403
0.627127
0.343321
1.5367
0.495582
1.96588
0.103477
0.243882
0.98353
0.405076
0.0542361
3.16521
0.34782
1.36322
0.298121
0.68856
0.739251
1.01744
0.502627
1.3584
1.2036
0.249557
0.0501394
0.377841
1.19467
1.12729
0.471159
1.5215
1.26071
0.496041
0.0496078
0.144785
0.579672
0.143003
2.35514
0.368812
1.07916
1.34844
0.264455
0.0534498
0.0760641
0.471202
0.11853
3.1669
0.531531
2.34738
1.42885
2.97363
0.920574
0.586732
0.348793
0.0322296
0.119246
1.03675
1.86836
0.965618
0.219575
1.42418
0.61663
0.25834
0.205434
0.0404904
1.24005
1.91408
0.733695
0.783363
0.594965
1.7639
1.22938
2.08698
0.99295
0.650737
2.08672
2.89402
1.0229
0.435481
0.1092
0.307327
0.0573059
0.465885
0.235781
2.12942
0.295405
1.09728
0.205014
0.612551
1.80604
0.550431
2.73181
0.887797
0.266018
0.804011
0.741238
2.13567
0.711168
0.616167
0.906031
2.14562
1.20574
1.37944
0.167539
0.472971
1.18207
0.151526
0.465375
0.143955
0.0247257
0.573402
0.979024
1.05641
0.814439
1.61897
0.533186
2.94534
0.604675
0.224181
0.462453
2.99066
0.471697
0.314371
0.0125026
0.820446
0.420428
0.584865
0.569861
2.5018
0.195137
0.995895
0.953757
2.88632
3.36116
0.298024
0.726634
1.20161
0.632073
3.31905
1.08473
0.985076
2.38033
1.48201
0.448287
0.25548
0.0550025
0.0355569
0.319601
0.239126
0.057322
2.92141
0.658305
1.29582
2.70881
2.99526
1.43762
0.98491
0.178715
1.74934
0.249776
0.594385
0.347815
1.47219
4.45267
0.0613598
0.0079289
0.31775
0.153973
0.874714
0.862964
0.0944186
0.78833
0.995642
0.13821
0.146856
1.45866
0.527554
1.04023
0.845565
1.54683
1.41424
0.173192
2.36972
1.01529
1.03815
0.021829
0.582051
1.15921
0.269822
1.32315
1.64945
1.27814
0.00840593
0.246054
3.13244
0.758211
0.041358
4.86197
0.461295
0.164191
4.49861
0.175777
1.69422
0.614559
1.70058
1.08435
0.595636
0.357031
1.81482
1.16643
0.792642
1.72275
0.113908
1.3042
1.26386
0.212594
1.4121
0.150059
1.85957
0.495388
0.313895
1.18475
0.939346
0.283378
0.370342
0.0295878
2.05824
0.509229
0.122414
0.542433
1.29976
0.45959
0.0369397
1.66293
0.757683
0.535489
0.300628
0.796701
1.25492
0.444491
0.330273
1.26997
1.1384
0.0546385
0.195707
0.764531
0.875293
1.12336
0.265289
1.22941
0.386566
0.746534
3.67134
0.255275
0.701432
0.731079
0.19093
0.62049
1.37809
0.0238821
2.00628
0.0631221
0.0629727
0.307287
2.82454
0.712004
1.06044
2.7397
0.458512
1.84836
3.27628
0.250649
0.909069
0.517255
0.218663
2.35755
0.226322
0.0932804
0.241393
1.31811
0.379655
0.00683188
0.0307972
1.28511
2.38842
4.1485
1.41745
0.93301
0.640182
1.87846
0.350413
0.0544468
0.179916
2.35539
0.822349
2.23371
3.01828
0.844059
0.842541
5.22264
1.76117
0.774389
0.195335
4.13753
1.07087
0.636324
1.50453
0.663473
1.13183
0.879566
1.44942
0.0619234
0.28425
0.122222
0.0718514
0.7599
2.04945
0.0434357
0.827019
2.00994
0.0668779
0.0459372
1.04398
0.339324
0.121954
0.0885661
1.76477
1.75113
0.3393
0.845313
0.8411
3.04494
0.777376
0.732037
0.279769
0.683883
0.342422
1.04545
0.680098
0.734801
0.350906
1.78683
1.47489
0.419195
0.235448
1.86354
0.522504
0.443188
1.87248
1.7355
3.79706
2.07879
1.31628
0.487408
0.350137
0.963937
4.16652
1.71751
1.70475
0.100543
0.0825085
0.346037
1.53454
0.680369
0.809312
0.661094
2.1194
0.352256
0.243535
0.924739
1.34306
0.355435
2.17158
0.21899
0.0903232
0.210959
0.304512
1.14307
1.73438
0.509481
2.74447
0.0415458
1.9952
0.465369
0.126058
0.933284
0.0239872
3.32513
0.157966
0.441013
1.46507
0.134558
0.35705
1.0741
0.137775
0.832357
0.0101628
2.22706
0.855006
0.819253
4.3727
2.09751
0.191612
0.928888
0.428676
0.766282
1.72151
0.0808796
0.328465
1.26763
1.88105
0.88018
0.355075
1.00347
1.73841
0.216016
1.10165
1.55492
1.90606
0.232779
0.0135777
2.2899
0.157969
1.12357
1.23529
1.10643
0.262638
0.375524
0.0732042
2.2955
0.749873
0.0198747
2.5653
1.74145
1.08219
1.06669
0.903565
0.146279
0.328301
0.329091
2.19659
0.913181
1.18349
0.721781
0.0938244
1.22445
0.148996
0.240447
0.820022
0.348971
3.41438
0.146066
3.87584
0.801173
0.861101
1.47071
1.53969
0.418773
0.470599
0.0216144
1.99436
0.34699
0.877969
2.52328
0.0494043
0.800433
0.22287
0.041823
0.660534
1.06272
2.2796
1.67405
0.520105
0.595115
0.223327
0.493144
0.50017
0.625455
1.21266
0.322577
1.04502
1.22376
1.10138
0.47048
0.434651
0.29401
1.56071
1.04125
1.1
1.04289
0.576511
0.0492228
0.542021
0.566696
0.192839
2.86427
0.0309947
1.88724
2.01977
1.07463
1.41915
0.0522139
0.196932
0.452957
1.48701
1.69594
1.45049
3.16564
0.181826
0.169303
3.37278
0.146269
0.510419
1.43145
0.349081
0.400713
0.351211
1.28669
0.796878
1.15536
0.0921216
0.592463
1.74427
1.44062
0.918343
0.20391
0.291321
0.164666
0.12594
0.146083
1.40577
1.0596
4.21929
0.751215
1.00349
0.273884
0.698511
0.945574
0.338708
0.593249
0.186249
0.000959131
2.02016
0.508525
1.76593
0.346107
0.189935
0.12781
1.44625
0.484916
0.903991
0.425812
0.379484
0.563102
0.527137
0.666961
0.0549584
1.97602
0.258585
2.60033
0.0810657
0.501185
2.35307
0.437147
0.676539
0.63393
1.2576
0.347532
0.922952
0.0400123
0.103886
0.702012
2.42424
0.148068
1.49288
0.602761
0.575756
0.179794
0.792979
0.727685
0.581362
0.37199
0.86709
0.121401
0.0933614
0.0556543
0.633636
0.554166
0.141623
0.173328
2.39799
2.28706
0.140176
0.110719
0.286708
0.236803
0.358525
0.470501
1.43044
2.03988
0.743726
0.776885
2.36747
0.139971
0.866704
0.80899
0.54947
0.528822
0.164824
0.236031
0.735958
2.1504
1.12299
0.178989
0.0060575
0.557483
0.81034
0.64864
0.978283
0.943717
1.85127
0.098941
0.578249
2.25691
2.22312
0.207175
0.789773
1.31933
0.0764834
1.6158
2.56125
1.34175
0.101783
1.29888
1.30085
0.971262
4.06988
0.0309965
1.87194
0.0465828
0.3002
0.185682
4.75088
0.116394
0.543879
0.137766
0.178648
0.968543
0.232645
0.693881
1.48455
1.81029
1.51813
2.83398
0.264535
2.04906
0.364892
2.74633
0.381997
0.553674
0.0414564
0.350326
0.118632
0.0336198
0.619711
0.389722
1.7655
0.698955
0.666665
0.0730117
0.389452
1.30218
0.425694
0.98395
0.890437
0.801298
0.186511
1.90442
0.0697774
1.96804
1.73064
0.698106
0.0347369
0.904595
0.0685243
0.18695
2.44092
1.87981
0.881397
3.18275
1.54829
1.30124
2.88826
0.410016
2.68763
0.208225
0.0153801
0.101719
1.08402
0.634125
3.00617
1.85844
0.366789
0.453788
0.271224
2.91754
0.958561
3.37401
2.30613
0.471416
0.502201
0.087603
0.509205
0.475655
1.13222
0.0178941
0.332258
0.487086
0.289397
1.89582
0.162965
0.120069
1.70659
3.02765
3.66983
0.314032
0.962953
2.09293
0.418404
1.62743
1.61748
0.388354
1.09843
0.131475
0.462509
0.408187
2.65462
0.240093
3.9814
0.600784
0.000228294
0.0879464
0.550179
2.73932
0.097257
0.648108
0.0699848
1.65294
0.535676
0.301936
0.108259
1.87051
0.822959
0.589653
1.89865
0.243844
1.22435
0.28211
3.67264
2.96858
0.167455
0.127908
2.15952
2.33541
0.3513
0.246968
0.146346
0.560604
0.760293
0.18634
0.148562
0.485867
0.240503
0.996796
3.41941
1.21707
0.170032
0.770559
0.909068
0.203968
1.53718
0.650015
0.421289
1.14772
0.614527
0.135503
1.80734
0.49209
0.0370983
0.172763
0.372717
0.457184
0.260442
0.873979
0.788435
0.0390455
1.64907
2.51335
0.247156
1.53602
0.228863
0.163748
0.0239426
0.44096
0.858842
2.14012
0.381172
0.30236
2.08939
0.986972
0.985113
1.67237
4.83003
1.09561
1.66675
0.023725
0.702914
0.495791
0.199034
0.0188826
0.131535
0.871096
0.480825
0.157676
0.425743
0.744966
0.43791
0.634579
0.534662
0.555381
0.175935
1.74619
0.0957032
0.0238696
5.3832
0.117371
0.434212
1.92059
0.191688
6.14528
0.712377
0.0845156
0.546726
1.36698
1.88019
0.407879
0.271476
0.33719
0.375951
0.639511
1.13287
0.326224
0.388328
1.22193
0.387753
0.34016
0.255907
0.0162927
1.41094
1.59224
0.713791
0.349034
0.464085
0.220753
0.303934
0.132151
1.46248
0.656675
3.57696
1.03743
0.89649
1.44174
0.251045
0.572525
0.0921014
0.448521
0.376527
1.70202
0.212071
0.868959
0.498873
0.784414
0.595388
2.28646
0.130663
0.32325
0.877103
1.28519
0.622014
1.59047
0.00473307
0.528236
0.942713
0.45927
0.0619577
1.23584
1.0448
0.216199
0.435074
0.401133
3.51698
0.484457
2.4008
1.61698
0.0259011
0.462478
0.721495
0.358578
0.582858
0.228121
0.0105565
1.03705
0.0852711
1.05567
2.09791
0.112034
0.0924502
0.760817
2.11633
0.279389
0.635315
0.243017
0.109592
0.569411
0.337143
1.26494
0.197843
0.307389
3.91749
0.389161
4.81044
0.663199
2.56321
0.168323
1.17503
1.16476
1.25745
1.02464
0.361211
0.518592
0.367797
0.327887
1.3651
1.54445
0.667042
1.07364
0.798226
0.826405
1.57225
0.154925
0.118454
0.585638
0.529064
0.189449
1.35679
1.07602
0.109176
0.863356
0.445464
1.63161
1.29023
2.08861
0.104206
1.1216
0.485677
2.87766
1.09268
0.313298
1.65375
0.0214048
1.25274
1.04484
3.02881
0.622438
0.0932657
1.68074
0.544562
0.190046
0.2126
0.356967
1.40906
0.15646
0.3791
1.06243
0.149165
0.0503942
0.265875
0.657937
0.821124
0.338092
1.86759
0.277471
0.0238618
0.585802
0.217272
0.632431
1.75335
0.848546
1.06995
0.910774
0.653512
0.270457
0.911748
0.0873427
0.376658
1.36655
0.39095
3.85373
0.409577
0.683789
0.926033
1.08195
0.484243
2.10308
0.90306
2.16989
0.144258
1.05015
0.598154
1.85511
0.0238191
0.248591
0.573067
0.515093
0.992759
1.46192
1.87943
0.243134
0.853912
1.00775
0.76076
2.06153
0.693356
2.36258
0.408579
1.48882
0.190148
0.973627
0.287659
2.43804
0.315615
0.796298
0.922892
0.265313
2.36026
2.61178
0.0608946
1.42634
0.586748
0.150729
1.44635
0.179927
1.10351
1.31449
0.546095
3.15431
1.86157
1.16827
0.927175
3.8395
1.36059
0.578721
0.140899
0.469216
0.19157
0.641695
1.48572
1.32265
0.0878246
0.0394267
0.138475
0.828127
1.50064
1.72129
3.10127
1.55181
0.370504
0.0562899
1.43711
0.597545
0.955092
3.92383
4.16693
0.335326
0.533218
0.0927786
0.726865
0.453101
0.612163
0.0790067
2.7468
0.63915
0.198241
2.82509
0.229728
0.516952
0.326094
0.165061
0.180688
1.97688
0.377404
0.386798
0.96629
0.141829
1.99441
0.355416
0.381654
0.248279
0.331536
0.155207
1.02018
0.962267
1.01137
2.02096
0.344207
0.510127
1.96232
0.530256
1.64235
1.63133
1.14654
1.4606
0.185462
0.00290768
0.502461
1.1415
0.440396
0.24614
5.57944
1.9438
0.11078
2.14526
1.52572
0.123242
1.24771
0.0138639
2.70401
0.524362
0.189003
0.655174
0.156361
0.139441
0.586863
0.434565
2.05752
1.10953
0.194671
5.95129
0.257872
0.940172
1.12855
0.126179
0.0972348
0.71459
0.557216
0.517379
0.702114
1.29042
3.64403
3.53863
1.95646
0.155468
0.628352
0.33528
5.3776
0.400029
1.11913
1.3124
1.26108
2.96774
1.45538
0.732753
1.56734
2.86384
1.15706
0.111113
0.00309047
0.457396
0.48145
1.59876
0.348523
0.383373
1.39944
1.37145
0.827708
2.24329
0.832515
3.64991
0.180676
0.916597
0.189532
1.04189
1.13787
0.160663
0.418022
0.292608
4.22919
0.0652876
3.68001
2.06561
0.241801
0.0346888
0.0503095
0.247215
0.984429
0.582022
0.839333
0.9919
3.24888
4.10214
1.79198
1.16728
0.403976
1.8272
1.84193
1.08557
0.227895
0.341346
0.114884
0.535417
0.720091
0.264187
1.30783
0.00215369
0.680921
0.735984
3.74007
0.949341
0.285675
0.800331
0.270747
0.0358248
1.00246
0.0288211
0.933333
0.40618
0.69601
0.433312
2.60285
2.47732
2.03005
0.754684
0.868869
1.09029
0.0465677
0.0769224
1.9768
0.377536
0.356709
1.54666
0.21214
1.45777
0.106114
2.1453
0.0218648
0.689807
0.68383
0.455601
1.23269
1.43119
1.14289
0.102689
0.180749
1.39642
0.385459
0.66009
0.925647
0.556959
1.06022
0.230512
0.177813
0.143521
3.68976
2.79399
1.32633
1.42772
0.707737
0.625653
1.54495
0.823467
0.28526
0.144585
0.676657
0.432857
1.79309
0.0924403
3.30169
0.278659
3.63447
0.196772
2.36694
0.936089
0.729973
0.0168803
0.665146
0.580563
1.21823
0.0784861
1.26569
1.65286
1.02871
0.325972
0.209016
0.829191
0.902703
0.00277357
0.518404
5.38642
0.103212
2.67593
0.870069
0.937981
0.681206
1.1184
0.1884
1.20872
2.4014
0.904476
2.8762
2.6123
0.290299
1.52707
2.3483
0.720372
0.31468
0.837379
2.15771
0.401709
0.26536
0.787852
0.0822704
0.638396
0.339532
0.739918
0.440897
0.772956
0.0447857
0.372923
1.00968
0.365135
0.585141
1.63755
0.147114
2.97228
0.634664
0.322515
1.67718
0.70262
1.40488
0.356256
1.44784
1.4204
0.980098
0.312431
2.8624
0.254439
1.08065
2.21569
2.88082
0.527561
0.369129
1.00115
0.229867
0.0328374
0.934165
0.716919
0.513077
0.476799
0.865743
0.20912
0.425435
0.660849
0.429214
1.48491
0.237721
0.35197
0.760308
0.334162
0.439261
0.773683
3.26728
0.203185
0.864753
0.5202
0.349275
2.63689
0.108995
1.67664
0.831484
3.01165
0.0848907
0.439755
0.25658
0.015838
2.85097
1.09051
1.39676
0.464866
0.472318
0.40594
0.407467
0.998626
0.310004
0.120862
1.35714
1.65871
0.456046
0.750088
2.30339
0.592377
0.0343993
0.93781
0.258638
0.292686
1.74153
2.66405
0.37274
0.219826
0.283889
0.946904
2.89554
0.630537
0.665085
0.645552
0.118471
0.285265
0.508616
0.0381207
2.98737
1.28162
0.895161
0.718812
0.299192
0.282819
2.06891
0.719189
0.93489
0.122779
2.32421
0.955036
0.892091
1.9463
0.379516
0.662759
0.343389
0.647447
0.182645
1.29843
0.705891
0.88641
3.06148
0.168417
1.55883
1.95367
0.0569324
1.0313
1.956
1.1918
2.16655
0.29732
0.567896
0.949748
0.797937
1.76317
0.0532926
0.206355
0.402982
1.09403
2.5423
0.0589758
1.6038
0.839932
0.441679
2.1987
1.82934
1.83227
2.01744
1.26801
0.565968
0.6163
0.569051
0.990862
0.606381
0.11886
0.0524575
0.189031
0.408325
0.271279
0.0682597
0.647912
1.91186
1.60612
0.488754
0.618215
2.17051
2.68823
0.111285
0.0945936
0.558212
0.175606
0.902572
0.108416
1.05419
0.460218
0.99156
0.146214
0.431758
0.208191
0.892269
1.14608
0.792446
0.00114276
0.365503
1.62055
0.860681
0.258903
0.871797
0.0306051
0.606857
0.0813473
3.72941
0.501534
1.74431
0.595645
2.10037
4.45127
0.361223
0.162722
0.574238
0.0184676
0.713519
0.144203
0.521545
1.42436
0.937344
2.40251
0.590893
0.428043
1.02265
1.71244
2.94895
1.85382
0.647009
0.457165
2.67691
0.656813
1.12599
0.301139
0.0753327
0.822349
0.0680452
0.453181
0.529516
2.1111
0.422877
0.270492
1.59397
0.173835
0.715724
0.551082
0.99261
0.495719
0.553659
0.222362
2.87592
0.716107
0.36833
2.67041
0.507206
0.461765
0.658808
1.35113
0.245306
0.494065
0.172897
1.06841
1.0526
2.02748
0.850072
2.45739
4.60703
0.41241
0.326355
0.948115
1.24402
2.56633
2.33149
0.476958
1.58612
0.127277
0.178044
0.280114
1.46127
2.5969
0.607789
0.492939
0.770568
1.41678
1.70256
3.1875
0.820869
0.0797922
0.847045
0.944969
0.523381
0.171889
0.590777
4.47797
0.32612
2.66536
0.683078
1.53547
0.721623
0.385198
0.917498
0.898744
1.1205
0.0206697
2.12137
0.239076
0.250016
0.139789
1.57725
0.897726
0.474576
0.854388
0.296812
0.0969246
0.223527
1.3802
0.843673
0.277666
0.566905
0.376507
0.61374
1.13782
0.21228
0.844416
0.0408526
0.579553
0.035222
0.413976
0.0118465
0.341237
0.644839
1.53246
2.06959
0.311612
0.666043
0.107342
0.661843
0.142422
0.0599938
0.712837
1.40837
2.07846
0.447963
0.620383
1.58986
4.71252
0.833286
0.743021
0.35668
1.17625
2.10377
1.78706
0.67697
1.28167
1.87435
0.851162
0.561573
3.97924
0.668416
0.521216
3.57285
0.936487
0.346098
0.310949
0.238293
1.30348
1.10319
0.641663
1.15901
0.759067
1.9843
0.837646
0.172605
1.97805
2.73097
1.73255
0.340139
6.19721
1.72627
1.91113
4.16056
1.68048
0.0585401
0.259775
1.38972
4.02835
0.213696
0.854084
1.76721
0.538914
0.669412
0.0230319
0.582222
0.970629
2.41457
0.696115
2.78654
0.142914
0.00691316
1.40715
0.173669
1.33305
1.20535
0.783019
1.63904
0.978824
0.840742
2.79144
0.144759
0.21619
1.0625
0.178168
1.50234
1.05571
0.457356
2.1179
4.27035
0.109328
0.748216
0.478786
0.122302
0.384683
0.11463
0.904766
1.02349
1.86765
1.33663
0.433737
0.739641
1.03421
0.683247
1.69374
0.243082
2.87756
0.0897621
0.78605
0.14128
0.639934
2.54632
0.0779613
1.96531
1.45849
0.196678
0.675373
2.97392
1.28291
0.47886
2.13519
0.81071
0.0741929
0.83018
0.144256
1.44407
3.51888
0.865487
4.14493
2.14272
0.466156
0.870465
1.40427
0.732643
0.456701
0.31226
1.25225
1.36207
0.175235
2.50008
0.661601
0.150126
2.23607
1.51634
0.545837
0.0503612
2.94357
2.12078
0.524913
1.72568
3.04843
1.51824
4.42141
0.450283
0.161011
0.46575
0.291124
1.56053
0.350327
0.25792
0.580366
0.712948
1.63982
0.890213
1.05892
0.702086
0.332845
0.781965
0.999578
0.158122
0.151374
0.541867
0.0170779
0.412658
0.664421
5.67798
0.0241051
0.337285
2.90683
0.801996
3.35263
1.23846
0.957565
0.358187
0.788493
1.5774
1.67714
0.372954
0.451206
1.14554
1.62494
0.533148
0.7841
1.78196
0.221751
0.203965
2.77779
0.0135561
0.215993
0.802695
1.6896
0.324468
0.385653
0.0714442
0.650838
1.1424
2.30831
0.551001
1.30926
0.0956155
2.21678
0.261593
0.980925
1.93302
0.319988
1.08032
0.567391
1.06346
1.18823
3.48701
0.278094
0.417706
0.736233
0.631676
0.149995
0.0646525
4.77484
0.00240879
0.480216
0.651523
1.06313
0.665165
0.714549
0.477306
1.41811
0.796818
1.72074
0.697548
1.50587
1.93219
0.127082
1.94464
1.46867
0.145036
0.228866
0.453559
1.2339
0.699151
6.45862
0.117167
0.725635
0.107037
1.4046
0.0201259
2.73464
1.00109
0.324202
0.29974
2.97335
1.77084
0.861241
0.182712
2.41425
0.556302
2.31771
0.0236239
0.0741447
1.12028
0.804585
0.60673
1.15208
3.27186
0.587583
1.54977
0.446667
0.928102
1.65606
0.160919
2.00233
0.40635
5.59039
0.968915
0.0241374
0.835497
1.5384
0.296155
2.59669
4.82647
0.158317
0.296981
0.102862
0.780157
2.10091
0.124132
1.8183
0.338697
0.0486721
0.0431593
0.469755
0.40035
1.11992
0.594583
0.0486907
0.26135
0.83735
1.80734
0.188757
0.0354956
1.47455
1.95423
1.53276
0.612338
0.744654
2.09477
2.69675
0.306568
0.202315
1.68507
1.22107
0.538445
0.0166165
0.940918
1.09281
0.0394429
0.400028
0.0789084
2.10717
1.38019
1.71941
0.637752
0.243194
0.536006
0.952803
0.879895
0.104537
2.27244
2.27499
1.02162
0.482815
1.69109
0.885428
1.73063
0.784022
2.48039
3.35692
1.35625
1.95626
0.0764283
1.18796
0.970311
1.41306
0.68581
0.188356
0.745041
0.0135085
0.204316
0.952293
0.578302
3.88182
0.218651
1.85825
0.66459
0.721419
1.48649
0.18947
0.105314
1.65255
2.21396
0.398498
0.619467
1.49965
0.313709
1.94452
4.33325
0.215001
0.552592
2.47423
0.207435
0.299245
1.56243
2.34896
1.21097
1.47028
0.656223
1.89794
1.6281
0.872306
1.36548
4.03542
0.20537
0.752987
1.07955
0.557998
0.408108
0.687845
0.147109
0.600493
0.350232
1.7172
1.4546
0.19597
0.132369
1.14121
0.885017
0.245639
1.88584
1.18752
0.370888
0.142597
0.2581
0.457237
0.0657973
0.184351
0.129633
0.869151
0.243764
0.199549
1.49043
1.71923
0.38785
0.215346
1.69462
0.349691
1.38487
0.708106
0.335695
1.0241
0.0582485
1.59183
0.655596
0.501283
1.03342
0.129224
2.95227
2.32457
1.46281
0.335717
0.503404
1.94516
0.595458
0.628486
1.97547
0.142988
0.406683
0.809698
2.50494
0.111671
0.0840868
0.129645
0.268252
0.138838
0.347795
0.604367
0.344572
0.449456
0.896791
0.872459
0.803313
0.924567
1.87139
1.3211
2.3969
0.415584
0.157968
0.141382
1.1719
1.10211
0.811496
0.888363
0.0461508
0.320102
0.228237
1.60231
0.00760361
0.174007
1.47535
1.52173
0.044576
0.331763
2.57903
0.503806
0.489322
1.58704
1.40055
0.43111
3.44939
0.0710534
1.47268
1.05172
0.276504
0.180086
0.725363
2.35112
1.25165
3.13807
0.406971
0.541204
0.657373
0.820044
0.469433
0.712947
0.865472
0.305365
0.451435
3.89244
0.584937
1.01857
0.237065
0.164658
0.354794
0.00544321
0.00541964
0.563011
1.48497
2.65709
0.586225
1.57349
0.772411
2.90609
0.302847
0.162639
0.336054
0.179795
1.24318
0.00942557
1.88771
3.47267
1.04487
0.446173
1.44336
0.603018
0.314173
0.247839
0.0865375
1.62289
0.0783204
1.45724
1.34327
0.343874
0.0978515
0.678739
0.31789
0.0666843
2.64565
0.347931
0.246272
0.521526
1.18701
2.96047
3.33607
1.05553
0.462514
2.23197
0.477638
0.576601
1.05393
1.33881
0.0221357
0.626693
1.84602
0.593989
0.256516
0.604802
1.84763
0.956281
2.13869
0.632059
1.55293
1.43824
0.22397
0.35869
0.509072
0.0976582
0.326036
0.0850939
0.875305
1.00063
1.43518
1.60093
0.452819
0.198073
0.544549
2.46752
1.11493
0.00356586
2.55335
1.40771
0.0661243
1.24107
1.01243
1.81044
2.55756
0.247391
1.36522
1.81446
0.209718
0.301923
0.655772
0.465471
0.207361
0.429794
1.62326
0.29881
0.887482
1.02194
0.346142
0.595127
0.0805058
0.937895
0.915385
0.37958
1.47617
4.08723
0.253692
0.626972
2.92519
1.95371
2.98238
1.41433
0.133812
0.539554
1.2979
1.23678
0.0896453
0.218007
0.383095
4.07508
1.82141
0.383488
0.690625
0.103346
0.140523
0.992875
0.13694
0.0943007
0.771633
0.171533
2.22181
0.307331
1.13675
1.82306
0.0189952
1.36236
1.01501
2.59745
1.51795
3.74535
0.123153
0.0203542
0.077282
2.23534
0.504859
0.161875
2.25668
2.20714
1.06578
1.72801
0.00704992
0.37885
1.16203
0.679413
0.936906
1.02623
0.893047
0.449321
0.362924
0.00253582
0.649263
2.86676
0.20932
0.32022
1.39654
0.399186
0.410262
0.477277
0.0217701
0.871305
0.725575
6.7535
0.203102
0.196015
0.55255
0.44654
1.43255
2.88731
0.288792
0.350288
0.0206164
0.515318
2.036
0.272686
2.82582
3.34932
0.639547
0.424072
0.881202
2.29959
2.85924
0.539882
2.65203
0.703961
1.48299
1.62627
1.18762
0.537951
1.81391
3.47872
0.298499
0.638668
1.68477
2.32112
0.18784
0.0871138
0.863985
0.0394576
0.452366
0.728728
0.424886
2.25964
0.846686
0.0389315
2.30153
0.0788901
0.049403
0.398921
1.14884
1.82471
0.131367
0.136267
0.0769213
2.385
1.0331
0.697194
1.03624
1.20082
2.08111
1.20644
1.23472
1.03972
2.25613
0.000562381
3.1813
1.65191
0.0563247
0.67024
0.701507
0.56302
0.789064
0.226446
0.12236
1.04487
1.01742
0.832189
3.38546
0.00567465
1.02378
0.759771
1.19297
3.59762
0.143405
0.508726
0.0913245
0.149539
0.772952
1.12996
0.170139
0.307917
0.844279
4.43756
4.12716
2.03732
0.999289
0.497153
0.0662657
0.761382
1.21688
0.0864444
0.684721
0.907531
1.53052
2.19266
1.66335
0.575541
0.562629
0.675611
1.37387
0.000138786
0.633316
1.66642
1.48527
1.42465
0.527169
0.642633
1.09831
1.61961
1.00268
1.599
2.90601
0.223174
2.33323
0.254056
0.638774
0.444701
0.294326
0.989377
0.0198082
0.733563
1.70614
0.565356
0.118449
0.098602
0.985558
3.12103
2.82999
0.0114722
3.48701
2.73304
1.10628
1.43634
0.417275
0.991051
2.45658
0.370052
0.783549
0.61234
1.30507
0.808322
4.66545
0.901111
2.08184
0.766195
1.51695
0.568712
1.20907
0.0350216
0.861274
0.491428
0.548971
1.51206
2.013
2.44859
0.118631
2.45373
1.00729
0.243852
0.234722
2.50853
0.0314192
0.824761
1.87189
1.08796
0.0607971
0.949765
1.59731
1.46099
1.98407
1.33292
0.448402
3.11944
1.05529
1.17999
3.591
0.847886
1.7765
1.06951
1.9297
3.05522
0.470256
4.09942
0.727735
1.75574
0.0213392
1.06854
0.502847
0.544037
0.377993
1.88845
0.59596
0.592021
0.0831475
0.736528
0.0142775
1.13909
0.441464
0.680828
1.26499
0.293306
0.462295
2.4582
1.42338
0.5214
0.854646
0.817665
0.450469
1.703
0.415313
2.18521
1.22624
0.282304
0.393241
0.350821
0.141498
0.966617
0.104039
0.647937
2.76727
0.331701
0.0607388
0.410413
0.827323
0.820231
0.233464
0.48767
0.635978
0.404955
1.8244
0.0406212
0.7388
1.59546
1.14113
1.40278
0.177219
0.0873057
0.843824
0.560851
0.235057
2.6191
0.211182
0.0109223
0.82391
0.0589639
2.854
1.2589
0.961923
0.678942
0.685619
1.69513
1.29938
0.545191
0.0857459
0.521854
0.615086
1.7995
0.076108
0.09192
0.011209
0.977248
2.46624
5.87864
0.796868
0.320476
3.14958
0.117936
1.58161
2.12554
0.275462
0.293254
1.05344
1.00852
1.60111
1.3479
0.211188
0.653973
0.7293
0.0832646
1.53527
0.105033
0.136979
1.13845
1.22637
2.74293
0.445507
3.35287
4.74608
0.511084
1.79804
1.9387
2.02147
3.5562
1.35255
0.0267885
0.831827
0.42776
1.89795
2.06701
1.60118
0.420141
2.50999
0.997637
1.34302
1.19683
0.0521746
0.809764
1.46998
0.682328
0.0569188
0.933162
1.8262
0.426671
0.453008
0.84763
1.22177
0.0533088
0.829102
0.0365952
2.22756
2.06709
0.0950765
0.168179
1.03521
0.164643
0.168345
1.02131
1.20568
0.518359
0.569021
2.2761
0.193021
0.93319
0.92084
1.36598
0.467426
1.76029
0.279151
1.01681
1.70771
2.36196
0.235679
1.80994
0.388707
0.407341
3.44515
0.57069
0.477829
0.0530601
0.00212451
1.19862
1.25357
0.353547
1.70796
0.967895
0.299844
0.265863
0.947901
0.150059
0.496587
0.673237
0.156188
2.9218
1.28156
0.408227
2.22503
0.361211
0.278324
1.0042
0.0184546
1.68079
0.144263
0.329358
0.254598
0.8368
0.0479654
0.341993
0.0335015
0.886037
0.163758
0.240668
0.811026
0.0242902
1.45625
0.0835961
0.370953
6.23746
2.07633
0.725663
0.136671
0.806451
0.375197
0.285971
1.2639
0.987168
3.44752
1.0707
2.69383
0.645501
1.4311
0.81005
0.357079
0.661669
1.31719
2.16872
2.02961
1.571
0.0362285
0.70815
2.52907
1.08214
0.152033
1.39239
0.953279
0.014525
0.0530926
2.64123
0.114102
0.0853323
1.84391
0.62988
0.234628
0.857299
0.38332
1.97109
0.132891
0.400396
0.119243
0.110226
0.423592
1.77443
0.00321619
1.62333
0.269123
0.837848
1.52273
0.979764
0.467782
1.01901
0.611501
0.338529
0.219333
0.768944
0.117743
1.38209
0.0172214
0.774089
0.226365
1.56136
2.91828
1.04787
1.00616
1.08251
1.59423
0.694816
0.473559
3.85301
0.71691
0.176755
3.28127
0.794697
0.185461
0.317705
1.03703
0.348266
0.139539
0.572186
0.788906
3.71404
0.46624
0.364096
0.834696
2.03893
0.850532
0.332761
0.509066
0.10486
4.3086
0.316959
0.547863
1.54821
1.15564
0.512184
1.54643
1.25463
0.224347
0.178531
0.716476
1.09784
0.147593
2.19213
2.04658
0.148941
1.59316
3.87534
2.31325
0.895734
0.484793
1.91014
0.378489
2.64591
1.81308
5.61194
1.01205
0.471037
1.82102
0.100291
1.94115
0.585458
0.0713675
0.992994
0.541268
0.17072
0.288971
2.26552
1.78801
0.256129
0.0387866
2.0806
1.32496
0.407994
0.368065
2.02284
1.11786
0.27349
2.42404
0.417479
0.612749
1.83576
0.566241
2.37973
0.429333
2.58785
0.0132047
1.99535
2.341
1.35341
1.61519
0.262767
1.5464
0.109295
0.0727195
1.23595
0.420646
0.206485
0.847174
0.678701
0.275092
1.24111
0.185745
0.448857
4.27817
1.14437
0.382173
4.67664
0.980036
0.459358
0.555359
2.27086
0.540322
1.22203
1.14071
3.20703
1.66606
1.56012
0.448792
2.86284
0.691712
1.07621
0.25553
2.95386
2.14488
0.0262898
5.11932
0.255917
1.31484
0.165552
0.721814
0.331615
0.43503
0.780549
1.01809
1.20664
0.0767908
0.983719
0.484916
0.959241
0.414521
0.142728
0.544528
0.315358
0.260895
0.368903
0.584471
0.841858
1.2263
1.12654
0.679648
0.0923988
0.492618
0.715663
1.46011
0.582475
0.178156
1.25385
3.88028
0.594349
0.570117
0.297697
1.73902
0.0293484
0.38976
2.15518
0.937742
0.300905
0.934419
0.286411
0.885404
0.718071
1.29357
0.184675
0.0786601
0.117611
1.0021
0.182787
2.11374
0.576203
1.72159
5.61346
0.113272
2.44923
0.371947
0.371107
2.46607
1.52798
2.41652
0.186504
0.27129
0.148891
0.823269
0.837946
0.0637949
0.112815
0.0537093
1.00517
0.354812
1.00229
2.75183
1.30566
1.64022
1.54875
2.59505
0.0786277
0.961705
0.0285171
0.892428
0.139879
2.71994
0.425416
1.07084
0.453574
2.63363
1.30279
1.24235
1.00764
2.55579
1.94094
0.942042
1.75573
4.64224
0.670727
0.532835
2.98868
0.773994
0.573884
0.13802
0.440277
2.57297
0.864465
0.093513
0.328538
1.06599
1.79754
0.287851
0.441841
0.286945
0.756352
0.258232
0.383281
0.31781
0.0954214
0.465147
0.757287
1.03466
0.643204
1.15516
0.842079
1.38665
0.350983
2.16229
0.677087
0.52232
0.0604994
0.55185
0.0101948
0.29764
0.552961
1.44266
0.249653
0.993838
3.16193
1.23922
0.0934093
0.55482
0.306227
0.127432
0.440989
0.0946533
3.3098
1.47059
0.0591162
0.244794
0.546995
1.25373
0.38642
1.86716
1.09417
2.40813
1.01606
0.00162544
0.551517
0.571221
0.327459
0.779668
1.24885
0.101264
0.0314651
1.87701
2.29341
1.30415
2.84985
0.567459
1.10779
5.68026
0.293133
0.0182835
1.85548
6.7552
0.216988
0.120858
0.589619
0.656387
1.71107
1.16579
3.82688
3.32605
0.843974
3.16364
0.388349
0.883163
1.3694
1.97188
0.207927
3.68768
0.800179
0.316229
0.819394
2.78041
2.3846
0.696297
0.0486657
0.348099
1.25316
0.169768
0.895913
1.00927
1.2742
2.14648
0.571997
0.408569
1.23383
0.0887213
1.64338
0.913349
0.172297
0.149628
0.262714
2.01446
0.0683948
0.203917
2.42161
0.468466
0.120651
0.0298431
0.102963
0.186351
1.90975
0.265235
2.15779
0.512906
0.0918047
2.49837
0.438711
0.181651
0.16326
0.456569
0.723869
1.3584
0.247348
3.17231
2.70498
0.687826
0.489236
0.68764
0.74658
0.319314
1.04482
0.679828
0.536232
0.850944
0.658754
0.58316
0.33332
0.398859
0.244888
1.09253
0.180344
0.855686
1.89423
1.43463
0.0980361
1.71145
0.70528
0.263825
0.780506
0.552864
0.247959
0.376371
0.0866837
1.61031
0.228921
0.927818
0.221542
1.23931
0.368914
0.715373
1.10468
0.703917
1.71851
0.0878245
0.633084
0.858426
0.381912
0.352232
0.939816
1.84434
1.28604
0.380763
1.81957
0.846721
0.31428
1.75711
1.03877
0.422314
0.743359
3.15912
0.692488
0.616847
0.202662
2.01259
1.30249
0.895767
1.56768
0.789161
0.00150971
5.45456
0.0840159
2.20878
1.73551
0.0864237
0.107408
0.892023
3.60457
1.04635
1.77944
2.35108
0.382265
0.856769
0.561179
2.01057
2.82199
0.362136
1.79932
3.59257
5.31308
2.16051
2.02804
2.56611
0.262013
2.43153
0.765907
0.59888
0.941765
0.153824
1.17907
1.62991
3.0956
0.113291
1.49276
2.8161
0.0422195
0.731067
1.3882
3.64988
0.0883678
1.51692
4.12891
2.92609
0.0338015
0.513541
0.22062
0.618902
0.940867
0.966838
0.223866
0.287006
0.739805
0.0430872
0.830705
0.235153
1.52964
0.928506
2.74595
4.32097
0.804747
1.06694
0.169298
1.0175
0.603886
0.632469
2.02009
0.589242
1.47294
4.43967
1.5856
0.543118
0.651296
0.123428
0.46577
0.834931
0.721035
0.41417
2.27054
0.610252
0.26493
0.00475848
2.25781
0.172922
0.652675
0.0512917
2.09685
0.0913242
0.213376
0.667441
0.165742
1.75562
4.03481
0.59884
2.32947
0.658566
0.94466
0.119341
0.188701
0.931654
1.59621
0.310567
3.57347
0.311177
0.332279
2.22472
0.184174
0.369365
0.886021
0.675383
0.408112
0.429231
0.485654
0.736671
0.2955
0.881398
2.52413
1.2384
0.285507
3.08478
0.532454
0.838704
5.60084
1.18405
1.99493
2.28536
0.067155
2.12641
0.221853
0.956206
1.52255
3.78274
0.198842
1.10194
1.08374
3.15093
0.0156851
0.468816
0.0567401
0.0595734
0.0962476
4.03843
0.225197
1.25688
1.45277
1.36959
0.454167
1.34146
1.02736
0.401668
0.265005
0.319136
0.302804
1.92948
0.298145
0.956958
1.02194
0.448682
0.130611
0.558015
0.870769
0.0389514
0.00498087
0.518519
0.211
3.83777
1.75833
3.2209
0.7432
1.59268
0.182082
3.57975
1.65155
2.2773
0.00176303
0.164313
0.151052
1.22485
4.61652
0.0890404
0.131953
1.09012
0.5736
0.71175
0.43146
0.344899
1.04088
2.0142
0.183238
0.140309
1.83543
1.2175
1.06343
1.96931
0.359574
3.29626
0.282871
0.509716
3.06016
1.26892
2.55719
0.352535
0.0227353
0.551538
0.515304
0.245133
5.32038
0.233132
0.31576
1.71217
0.733375
0.344703
0.615948
1.84736
0.605502
0.0694614
0.0285749
1.18916
1.30532
2.31578
1.06311
0.450292
0.232366
0.241964
1.5348
2.53162
0.253494
2.24023
1.92704
0.65526
3.84526
0.87919
0.747557
1.93762
0.631355
2.75371
0.448247
1.41789
0.142843
0.398179
1.96151
1.76794
2.31662
0.1727
0.358329
0.383033
1.64366
0.260164
0.37756
1.1846
1.98606
0.349714
0.915713
0.0158562
0.465186
0.396102
1.35768
0.433321
0.429618
0.779639
0.78478
0.0621959
0.273984
1.40868
1.58044
0.265431
0.942731
0.128407
2.63576
0.111979
5.6437
1.54743
0.659515
1.35926
0.865538
0.820716
1.56243
1.60683
2.10863
0.096658
1.82695
1.09024
0.148539
1.13923
1.30158
1.56201
0.870516
0.231193
1.03745
0.734268
0.250804
0.346747
1.63576
0.224271
0.517709
0.238012
0.30325
2.3613
1.41062
0.950763
0.0449748
0.817811
1.31913
0.984298
0.757583
1.47031
0.56395
0.476575
0.694101
0.208182
1.93411
0.704421
1.50985
1.09948
0.374955
1.14651
2.63754
0.0663353
0.125123
1.40899
2.21637
3.28095
0.339945
0.720845
0.0286196
0.136634
0.527267
1.06636
0.655996
0.00545976
0.428524
0.0158689
0.330464
0.0611794
5.01566
0.899641
0.155992
0.299031
1.22568
0.593437
0.465172
0.726952
1.08346
0.0086718
1.59011
0.49275
1.38829
1.97007
0.214234
1.77773
0.269796
0.801814
0.100613
0.389611
1.80227
0.663727
0.577465
0.181428
0.513899
0.594129
3.17634
0.296081
2.36741
1.76094
1.53497
0.146281
2.05713
0.0819228
0.163259
1.00185
3.31805
0.657382
1.05103
2.18265
2.27724
1.45966
3.65736
0.0798367
0.444126
1.02947
0.802608
1.01427
0.109578
1.52586
0.0339055
0.343177
2.61632
0.419841
0.0369191
1.13384
1.10977
0.787762
0.094108
2.42781
3.20914
0.49425
0.229976
1.82384
1.84427
0.0548298
0.00319326
0.403294
0.00794397
0.02107
1.73695
0.523949
1.50103
0.721624
1.41508
0.644287
0.744437
0.306531
0.0132904
0.735022
1.32263
0.206503
0.847474
0.772505
0.420688
0.0140653
0.758999
0.00220469
0.886333
0.575437
0.106356
1.17988
4.46269
1.69482
1.02695
1.127
1.17755
0.00627615
1.2672
1.37039
1.75836
0.452513
0.82258
0.139273
0.0680826
0.656424
2.16936
1.44663
0.0575701
1.21622
0.691331
2.91611
2.5944
4.41705
0.940276
1.0737
0.727476
0.167573
0.335887
0.491081
0.791031
0.0904606
4.05443
1.28888
0.446109
2.74289
0.855313
0.808029
0.627979
2.13446
1.67577
0.167748
0.762164
0.709324
1.03966
4.32297
0.0176234
0.419896
0.409284
0.693268
0.120573
0.976164
1.53064
1.36393
0.225081
1.80327
0.0157685
0.106712
0.634708
0.0899732
0.277865
2.74575
2.26818
1.97962
0.561654
0.643517
0.30853
0.257203
1.63943
1.25079
0.511758
0.017074
0.275832
1.08783
0.348381
0.0888282
2.54952
1.30807
0.374096
0.161979
0.294935
0.790645
0.166524
0.362124
0.562577
0.0513343
1.36782
1.34251
0.832395
0.11957
1.39756
1.32941
2.06866
0.761567
2.13821
0.653289
1.50404
1.17225
1.07568
1.41557
0.502331
1.09823
1.96276
0.0830384
0.404837
0.15285
0.322762
0.35599
0.248982
2.01467
5.01419
0.310371
2.32358
0.0175841
1.97817
0.875487
1.30755
0.271277
0.412116
0.00817509
2.09264
1.11223
0.479724
0.843403
0.116082
1.57205
0.868916
2.80336
2.82828
0.409678
0.215108
0.1278
0.90943
0.144158
0.321432
0.00563188
1.31354
0.176643
0.862896
2.01253
0.364392
0.914465
0.521044
0.374866
0.869364
0.238957
0.0976861
1.58174
1.01131
1.96452
0.350113
0.210014
0.432798
0.554077
1.48214
0.767007
0.329104
4.48882
1.82536
0.619258
0.42955
0.757233
0.173974
0.464269
1.61779
4.21458
0.0861736
2.74619
0.398711
2.7189
0.188642
2.9541
1.64893
1.42871
0.143631
0.0994002
0.870377
0.809156
1.65046
1.20886
1.22856
0.879351
0.524041
0.00305898
0.115238
0.99944
1.16037
5.44066
0.0538487
5.88545
0.23729
0.554476
2.17433
0.666039
0.548688
3.4614
0.63011
0.188965
1.07954
0.167671
0.231837
0.281221
1.8171
0.0960893
0.178514
1.3924
2.74978
0.793733
0.12247
0.75066
0.0104558
0.577349
0.0396212
0.144532
2.08226
0.330042
2.5998
0.0971232
0.172583
1.09841
0.455163
0.261647
2.27342
0.36607
1.75351
0.584638
0.443821
1.22742
0.064192
1.1078
0.307758
0.0260651
0.848149
0.50454
0.106882
0.183599
0.801076
0.654819
1.15889
1.11516
0.293863
0.952876
1.15455
0.592198
0.228286
0.249379
0.282338
2.35241
0.189326
0.0964466
0.579523
0.812916
0.464434
0.856148
1.13292
0.949907
1.48655
0.937477
1.58321
1.07157
6.88939
0.530582
3.51598
2.69334
1.17966
0.150665
0.191176
0.366002
1.7681
0.354828
0.36894
0.634213
2.02622
0.264273
1.32506
0.530752
0.211529
0.66076
0.436112
1.35591
1.39172
0.407938
2.7279
2.32372
0.462311
0.403629
1.93373
1.74605
0.907424
0.100986
2.89677
0.110611
0.853925
0.26011
0.927309
0.238384
1.82611
0.961535
2.18393
1.80691
0.642848
2.79644
1.25957
2.14008
0.819941
1.11826
2.49437
0.224416
0.412525
0.560044
0.293677
0.880809
0.0342073
2.15734
0.147568
0.113009
1.37888
0.163493
0.208803
0.403375
0.457558
1.97023
0.42626
0.660934
2.35451
1.5452
1.16155
0.100724
0.246224
0.353624
1.00093
0.246926
0.727638
0.602787
1.38012
1.30768
0.927933
0.0404484
1.5449
1.61695
0.321812
0.454769
0.181881
0.092681
1.59572
0.103238
0.842712
1.13293
2.47341
3.46539
1.77735
0.457194
0.356131
1.01195
1.61862
0.382234
2.01451
0.737739
0.457572
1.03498
2.44519
2.43675
0.351792
4.71779
0.656498
0.159711
0.114373
1.03666
2.19868
0.201671
0.980409
0.297525
1.95166
0.419732
0.517783
1.21818
0.179391
0.836819
1.26801
0.178905
0.280327
2.96025
0.313404
2.96885
1.15782
2.08348
0.369739
0.169546
0.0302866
0.868909
0.447483
1.16527
1.71333
0.503362
0.224498
1.1988
0.387389
0.744563
0.355392
0.0163432
1.86864
1.01884
0.483366
0.934318
0.11286
0.092661
0.383962
0.974048
0.772699
0.0533019
3.67029
0.0965166
0.00483366
0.534467
0.29973
1.6938
1.79489
1.15196
0.00589177
0.715166
0.913298
1.41168
2.18791
1.42988
0.876143
1.7119
0.0395669
1.79805
0.442904
0.2455
0.830538
2.50537
0.497717
0.841532
0.96543
1.72308
0.155126
2.91389
0.266768
1.22795
0.781005
0.548031
0.837765
2.36773
0.361668
1.5655
1.44505
0.457752
0.00524091
1.42901
0.109624
1.58781
0.428152
0.555755
0.942403
0.0406858
0.773974
0.406135
1.66851
1.5026
0.245556
2.61523
1.7267
0.0569588
2.02606
1.1832
0.56737
1.34882
0.139877
1.66474
0.485161
0.568897
3.10265
0.894214
0.702778
2.34783
0.0211887
0.779717
2.23805
0.905795
0.434602
0.405135
1.75254
0.303241
0.823796
0.67385
0.842327
0.333837
1.03458
0.107309
1.45817
1.30512
1.46901
0.44648
0.929837
1.18954
3.62835
0.265053
0.520933
0.0112161
0.230481
0.0730424
1.91018
1.75738
1.05207
0.609367
0.713257
0.192908
1.3826
0.108273
1.81414
0.0294252
1.94229
0.102383
0.427237
2.74741
3.38947
0.366275
0.130927
1.46333
0.550155
0.272173
0.413364
1.04969
0.0652902
0.184901
6.00795
0.941315
1.22009
1.84416
0.772155
0.0255143
0.549324
0.775969
0.702494
0.510154
0.764274
1.80077
3.18293
0.770743
1.30354
1.73843
1.64023
1.09476
0.307451
0.166151
1.29935
0.81879
1.12455
0.997595
2.14368
0.255436
2.27173
1.37545
0.0821178
0.22277
0.307054
2.16674
0.845949
0.0086718
0.347827
0.797705
0.203744
1.9392
1.15812
0.509562
2.70917
0.0897582
0.653797
0.513564
1.69539
0.643289
1.54156
2.3637
3.46064
2.42966
0.0275225
2.85759
1.90006
0.738445
0.1284
0.807057
1.05969
1.50899
0.746894
0.614708
0.918083
1.11537
0.903953
1.97534
0.391122
0.65342
0.155721
1.1909
5.09894
0.219705
1.17126
0.142263
0.493687
0.202939
0.312597
0.986262
0.861359
0.0779604
0.317963
0.407928
0.490417
0.737577
0.268556
0.207878
0.452864
1.63306
4.93758
0.573162
0.458753
2.15157
0.15871
3.45945
0.720069
2.72115
0.313794
0.227909
0.962689
2.60183
1.46801
2.035
1.87309
0.354545
1.93982
0.623826
1.28283
0.342037
0.74416
1.25204
0.223407
3.46172
8.14041
1.73439
3.1846
0.758023
0.820471
1.75675
0.955033
2.4282
0.196658
1.89483
0.0266177
0.304737
2.37769
0.847146
0.445592
0.450289
0.564789
1.2525
0.124812
0.697156
1.31236
1.85532
1.55918
2.34973
0.315266
0.351151
0.382324
0.27072
1.0664
0.768187
0.047546
0.306267
0.196989
1.37089
0.425937
0.221499
0.20567
3.10925
0.884753
1.67132
1.19441
0.717451
1.00166
1.85811
0.231377
0.226529
0.807487
1.5222
0.098054
1.7426
1.28425
0.805105
0.851746
0.726595
3.80533
0.213415
0.967843
1.04021
0.0330835
0.0342229
1.54563
0.85423
1.70297
0.664431
0.441272
0.0806248
2.59109
2.81065
1.39979
1.41651
1.82299
2.07518
1.0183
0.255721
0.14315
1.20033
0.998459
0.4687
0.385848
0.513279
0.0745302
0.770327
0.720582
0.800434
1.44791
1.87308
0.935707
1.22887
0.14208
0.883508
0.145835
1.60094
1.20528
1.93273
0.681157
0.717963
0.437876
0.399878
1.24091
0.310897
0.346153
0.59624
0.578788
1.64332
0.107501
1.68607
0.436226
3.85864
2.24816
0.118168
0.988245
1.40211
2.60621
0.443481
1.13985
0.0332137
1.00282
1.56159
1.94858
0.361477
0.716376
0.195955
0.279348
1.20232
1.48234
2.18881
0.313976
0.7224
0.228758
0.672542
0.362855
1.2973
0.177427
0.239608
2.4086
0.896024
0.139919
0.064938
2.73779
1.92122
1.47044
2.22281
0.140204
0.998372
2.26292
0.273429
0.626847
0.771395
0.360596
0.275481
1.73491
0.0809609
2.08467
0.528033
0.299298
2.22891
2.43483
0.921341
0.676778
2.21581
0.0915502
3.14593
1.74453
1.80415
4.44297
0.14687
0.171306
0.555805
1.05545
1.05095
0.321617
0.594028
0.0348858
0.870211
0.11048
0.0245912
1.821
0.718608
0.107288
0.787114
1.00291
3.33419
0.612568
0.371493
1.18858
0.149545
0.364685
0.609029
0.68525
0.33512
0.912395
0.23221
0.316028
0.656341
1.90429
0.0189099
0.911333
0.161577
0.533082
1.07187
0.534462
0.0965647
0.617823
1.51334
0.51086
0.466071
0.483507
0.059104
0.180081
1.76767
1.36934
0.528832
0.16989
0.772228
0.70605
0.511004
1.31073
0.0226749
1.10892
0.40313
0.367628
0.731354
0.0564231
0.142207
0.0471587
0.104715
0.436825
0.794951
3.25241
3.2196
0.187666
1.27666
2.56153
1.12217
0.236078
1.19642
0.60888
1.28265
0.353716
2.63961
1.51667
0.101609
0.542874
0.365929
0.0134731
0.338724
0.588838
1.62651
3.42606
0.615946
1.33097
0.300399
0.644466
0.127131
0.344677
0.4742
1.09437
0.0762647
1.01724
0.653111
0.13476
5.38097
0.132919
0.0810337
0.47824
0.500002
1.64717
1.70332
0.926
0.342432
0.949141
1.86997
0.0202934
0.537212
2.87695
0.169139
2.23803
0.253246
0.542274
3.5342
0.816089
0.751685
2.54852
1.25909
0.523992
0.075083
1.02654
0.999526
0.328205
1.75864
0.327198
0.888033
0.169821
0.409893
0.10946
0.165524
0.969965
2.22531
0.0415725
0.620237
5.37772
2.05333
0.624647
3.34469
0.880966
0.0187023
2.12904
0.847588
3.49177
4.02272
0.195485
0.335617
1.40465
2.53669
0.96842
1.91498
1.32663
0.636874
0.327018
0.696108
2.09744
2.17775
0.0594966
0.371225
0.0715444
1.06657
0.0138509
0.315307
0.0521041
0.505928
0.151355
0.904416
0.635529
0.418274
0.353704
0.394326
0.66247
0.231038
0.631393
1.58457
1.81863
1.41973
0.0159693
6.46493
1.89797
2.14626
0.143877
0.56551
0.2753
0.605681
0.167518
0.590638
0.247125
1.67274
2.31582
1.12457
1.483
0.170557
1.47736
0.90389
0.875941
1.07214
1.25922
1.4363
0.68097
0.887423
1.63278
1.57311
3.3915
0.337012
0.811495
0.997883
0.603989
0.282755
1.23132
0.186386
0.121084
0.164318
0.95081
1.4518
1.63623
0.155005
2.71901
1.26155
1.50345
0.152309
1.70879
0.285416
0.00507427
0.711754
0.280193
0.0677953
0.864334
2.13981
1.18417
0.0265491
0.0986673
0.598899
1.96742
4.45523
0.618519
0.711044
0.789603
0.491852
0.0716086
0.859036
0.593
0.92541
1.30996
2.21456
5.34849
1.05859
0.414772
0.869299
2.77225
0.347908
1.12317
0.390184
1.83043
0.0671309
0.311929
1.54966
0.204944
0.407344
1.50889
1.12713
0.293879
2.36217
1.60417
1.07074
0.619204
0.266954
0.726943
0.00675904
0.399373
1.68256
0.189195
0.290547
1.52517
1.53674
1.32551
0.997145
2.78504
0.380336
1.28525
1.09483
0.0766553
1.7352
0.96254
1.06989
2.99621
0.842125
1.46154
0.525912
0.189862
1.22217
0.284226
3.83557
1.4712
0.374602
0.855792
1.44111
1.09336
0.666587
1.32768
1.31144
0.251557
0.033646
0.54966
0.0919818
0.810872
1.71004
3.03173
0.230194
1.4373
0.415999
1.36152
0.096991
1.51414
0.813112
1.8276
0.261012
0.0319126
0.801437
0.435221
0.0721238
0.793278
0.072103
0.365085
0.000837727
1.3577
0.669608
1.44339
0.0920676
0.739097
0.320174
1.24197
0.490127
2.36263
0.66405
0.891482
0.158383
1.83068
0.459711
2.728
1.16582
0.486965
0.938084
0.0317705
0.341837
3.17793
0.334391
0.0314988
1.91837
1.59749
0.0888421
0.594356
1.14917
0.429937
1.86019
0.63756
0.179199
1.34782
2.85814
0.0200523
1.05485
0.0208612
1.00943
3.52493
0.475144
0.447939
1.98526
0.673975
1.12919
2.08967
0.891212
2.29837
0.402257
0.302231
0.276667
6.49762
0.438009
2.44986
0.324825
0.33574
0.00147281
1.31776
0.625689
5.41871
0.382446
0.294966
2.41178
0.501621
0.0363257
0.408461
0.496528
0.284765
0.121503
0.0174751
0.0596871
2.36075
1.32753
1.65177
0.0484099
2.59502
0.0520671
0.01253
0.0745233
1.09387
0.696701
0.37795
0.763863
1.50039
5.0561
0.344234
0.252149
0.0301977
1.3819
0.0268578
0.156652
0.495379
0.144053
0.728344
0.79594
1.58971
0.31146
0.0434976
1.17949
0.777457
1.24529
0.197589
0.532419
1.25249
0.0599723
1.03246
0.0494834
0.964138
1.20951
1.01822
1.48153
0.889444
0.969599
2.15486
2.22799
0.168231
0.611449
0.0138969
0.176343
3.39538
1.22802
0.72624
1.1213
0.544173
0.388982
2.29021
0.477112
0.519775
0.762933
0.295165
1.53687
0.12302
0.217174
2.52344
2.24976
0.410196
0.607374
0.474472
2.80973
0.166877
0.0629077
0.135321
3.16514
0.706375
0.104747
1.0606
1.47641
0.722459
0.653806
0.247746
0.55511
0.00850807
3.29218
0.967497
1.00942
0.219938
0.0401614
0.94978
0.353005
2.27647
0.629347
0.204401
0.981267
0.29398
1.4499
0.409652
3.16344
0.498873
0.647446
0.846701
1.60014
2.41906
0.685358
1.45055
0.147146
1.09889
0.32463
0.901801
0.952414
1.46825
0.242405
0.221802
0.860308
0.245456
0.0152547
0.322752
0.875563
0.110616
0.426833
0.302425
0.530057
1.77275
0.910536
1.58532
0.133893
0.272559
0.0136558
0.158856
0.293547
0.128964
0.0558825
1.4864
1.02035
0.00596186
0.284812
1.20823
0.0016091
1.11147
0.444761
2.29002
1.54451
0.361771
0.192763
0.405308
0.418726
1.35566
1.24891
2.1168
3.92328
1.29401
0.163149
1.45746
3.95163
0.873363
0.34241
1.3581
0.0948006
0.337562
1.94529
0.993566
0.848258
0.376924
0.578179
0.619228
0.442379
0.256367
0.458822
2.06026
0.451621
0.527191
0.435386
2.5437
0.727324
2.36173
0.183111
0.0315263
0.804812
1.40323
0.215116
0.250702
0.144862
1.54202
0.142081
0.383994
0.43552
0.344276
1.13948
0.376648
0.169652
0.679212
0.648729
0.818298
1.4696
0.297566
0.148161
3.65857
1.07985
3.4715
1.06894
2.97941
0.0948754
0.000806197
0.00780809
0.121272
1.78445
1.23783
0.262998
1.09733
0.0854318
0.489221
1.70275
0.553902
0.150336
0.0933799
1.18447
0.360584
2.31944
1.55683
0.950499
0.447288
1.29294
1.44999
0.297351
0.153337
1.26884
1.09829
1.90281
0.602047
0.0087995
0.197097
0.915988
0.313485
0.0468125
1.29519
1.38704
3.3404
0.686143
0.141183
0.86133
0.724533
1.51842
1.11608
0.116563
2.14644
1.64906
0.606788
2.21683
0.277784
3.30197
0.781003
0.873844
0.274522
2.38388
1.43369
1.26876
3.20134
0.269301
0.979942
0.528236
1.49278
0.805623
0.335951
0.367018
1.49716
0.0241593
3.49796
0.974448
2.7039
2.95815
1.6362
0.741963
1.18901
0.541365
0.652481
1.18481
0.217428
0.945115
1.06872
0.463726
1.33424
1.49164
0.882664
1.09176
1.38914
0.606375
1.75463
0.617345
2.28968
0.0248128
0.733634
1.26158
0.690312
0.0741133
0.150653
0.59601
3.16468
1.16872
0.168366
0.249106
0.49542
0.270189
0.737997
0.568943
0.106309
0.954817
0.59703
0.263743
0.113614
0.963341
0.443716
0.373322
0.503318
0.532261
0.628601
0.611034
0.0730443
1.19868
2.69975
0.100033
0.100182
0.940408
4.061
1.12999
1.56762
2.36553
3.07324
0.215743
1.52217
0.71979
1.14606
0.994211
0.813122
3.25907
0.182531
1.06047
0.417499
1.53926
2.76295
0.445339
0.591679
0.562837
0.0544994
0.441763
1.5099
1.30105
0.190462
0.0192978
1.18383
0.671798
0.948463
0.206561
2.02551
0.323955
1.73842
0.152437
0.468733
2.32405
0.268553
0.159128
1.00671
1.24282
2.0096
0.454498
0.571238
0.233525
1.06961
0.59738
1.13721
0.0739298
2.87528
0.983067
0.0623886
0.127939
7.33496
0.814019
0.407243
0.335092
0.0835144
1.63415
0.462012
0.142418
2.31163
0.208322
1.07091
0.00929842
3.59138
1.84397
0.608406
0.421976
1.30379
0.337281
0.298995
0.200795
2.06485
0.365339
1.40336
0.667018
2.10321
2.9228
3.42496
0.330024
0.0600803
0.562273
1.40196
0.184712
0.17375
0.360171
0.405747
0.355311
2.12831
0.925514
0.0401895
0.396898
0.314115
0.476687
3.27911
0.554199
0.529053
0.398558
1.11261
2.24952
0.428034
2.309
1.16758
0.583315
1.07832
1.00865
2.32105
1.10477
0.97458
0.0646677
0.882267
1.7568
0.500006
3.18305
0.256908
0.516495
0.146981
0.307493
1.65997
0.854163
0.751453
0.647188
1.47873
0.108502
0.834945
1.62793
0.327064
1.25987
0.122509
2.39457
0.0197124
0.754837
0.127742
0.749957
0.21356
0.834437
2.39684
1.49824
1.99603
2.58942
0.750115
0.600125
0.479625
1.09071
0.739887
0.130761
0.0107076
2.73583
0.119505
0.403408
0.686927
0.579975
0.186635
1.1831
1.21996
1.40815
3.01229
0.231689
0.0376157
0.874342
4.80304
0.873387
1.61115
0.653052
0.123454
2.21261
0.227398
0.130738
3.44551
0.402259
0.177689
1.08755
0.0114233
0.570413
0.916836
0.253177
0.542902
0.685245
0.524582
0.100804
1.5373
0.792037
1.44836
1.16762
0.0921166
1.11608
3.83699
1.55009
1.79818
3.60769
0.770904
0.19098
1.68111
3.98419
0.803685
0.177303
0.501069
1.80996
0.304808
0.119716
1.54445
0.0167652
1.57282
0.624543
0.237093
2.87081
1.7859
0.439182
0.495366
0.291354
0.559735
0.471736
0.363951
0.04617
0.819573
0.721972
1.00369
2.45734
1.12671
1.86629
1.68946
0.0647805
2.21265
0.0233903
0.174335
0.365208
4.62169
0.133585
2.70833
0.318243
3.08343
2.37595
1.9186
0.923994
0.172664
0.0232216
2.53703
0.603002
2.87518
0.304221
0.0208414
0.109838
1.29578
0.449892
0.24197
4.68874
0.410985
0.593678
0.18245
2.86077
1.42371
1.0608
0.961478
3.01997
3.05958
4.35438
0.432897
0.304804
2.85094
3.83638
0.851152
0.111377
1.84838
0.201707
0.143534
1.90661
0.0142592
0.0844075
0.752817
2.54614
0.015475
0.577371
0.108503
0.269352
0.772099
1.12298
0.486533
0.725675
0.00462674
0.352166
5.06168
0.275104
0.00712607
3.1485
0.0284527
0.831725
0.30856
0.201573
0.492943
0.00207492
0.339619
0.40963
2.99113
0.194602
0.528856
1.97676
0.00834425
0.599038
0.507567
0.458488
3.10207
1.30354
0.330956
0.93561
0.867529
0.284776
0.968108
2.34818
3.05146
1.0708
1.93798
0.0858739
0.361116
0.207193
3.05227
0.605696
1.79372
0.246776
4.5896
2.57156
2.22672
0.0571244
2.25906
1.39182
0.570302
0.226057
6.08811
0.0485735
0.234574
3.10988
0.84868
0.769815
0.886807
0.9411
0.0695129
1.07588
0.656353
0.0919216
0.207107
0.801566
0.297685
0.347142
0.712415
3.70995
0.110613
5.69116
1.7203
1.33803
1.42505
0.809959
1.8782
1.07766
0.0345813
0.319328
0.819343
1.06385
0.073824
1.23174
1.3309
3.32006
1.41712
1.28487
3.17978
0.109315
0.252864
0.910163
1.28578
0.882329
1.96213
4.87278
1.88053
3.25162
1.51709
0.0860613
1.86875
0.269502
0.181896
1.06356
0.627272
0.260947
0.520803
0.654004
0.056397
2.43771
0.656097
1.43588
2.76588
0.345365
0.71852
3.48252
0.669187
2.21819
2.32544
1.91535
0.0807012
0.48142
0.000850204
3.12927
0.839932
0.551781
1.30465
0.549169
0.782616
0.306003
0.0854496
0.511321
2.89086
0.162418
3.02373
1.94314
0.36897
0.128936
0.206115
0.106462
0.307024
0.241839
0.400359
1.72568
0.669505
1.08066
3.19841
2.92179
1.53931
0.11021
0.0576225
0.127815
0.66408
0.550966
0.417848
0.128763
1.72148
0.206357
0.00211908
0.00214852
0.662021
0.369385
1.33499
0.32434
0.0233016
3.36004
0.813253
2.89222
0.320163
0.367443
0.306554
1.09234
0.690371
0.0470015
0.0453281
2.15744
0.527442
0.594621
0.101242
0.252294
1.45148
1.66202
1.32279
2.49046
1.23943
3.06529
2.17016
1.0049
0.782106
1.62696
0.560148
0.60643
0.0946531
0.931449
0.321008
0.407842
0.466932
1.78247
1.04775
1.86134
1.3062
0.397783
0.67474
0.681045
0.0936598
1.47331
0.499741
0.597056
0.859219
3.4979
0.0317876
2.89561
0.115817
0.0891456
0.672079
0.209784
0.213845
0.368629
0.563398
0.0872157
0.844486
0.0609798
0.759497
0.779479
2.58582
0.301469
0.122435
1.29491
0.354397
1.3363
0.519144
0.00493518
0.545291
0.360152
0.420329
2.60623
0.954673
0.860651
0.491777
0.0242165
0.645168
0.110799
0.263113
1.40581
3.79987
1.67617
1.9269
0.465245
0.247055
0.469429
2.01955
0.0412118
0.611169
0.752738
0.790048
6.3069
1.00285
2.41116
0.708057
0.0722142
0.0538153
0.588757
0.588559
0.405367
0.528467
2.02139
1.97401
0.287823
1.81914
0.531742
0.250219
0.0593026
0.157025
0.268787
0.617784
1.31902
3.0019
0.970347
0.320697
0.399374
1.98432
0.744827
0.125802
5.40833
0.52687
0.727887
0.437431
0.641935
2.13395
1.09613
0.626723
0.49353
1.49393
0.565499
1.48442
0.143849
0.0170624
0.123585
0.878457
1.03118
1.02568
2.55172
0.224641
2.13611
0.12048
0.203387
1.26936
0.401656
3.2962
1.71282
0.0478812
0.343002
2.51783
0.81417
0.0783105
0.353523
0.252359
5.16304
0.555104
0.628371
0.347097
0.046302
1.23134
0.0530645
0.567059
1.74591
1.25705
0.0469089
1.38089
0.764237
0.676358
0.116983
3.46051
0.488484
1.17817
1.0411
0.405654
0.161449
0.194931
0.375486
0.280428
0.41271
0.299149
1.55036
1.87023
0.99105
0.770144
0.0957385
0.250336
0.765926
1.40455
0.304656
0.488038
2.4409
0.900877
1.20995
1.39201
0.417818
1.92783
3.88302
0.279703
2.77827
2.73765
0.543667
1.42042
1.07487
0.0523674
0.29979
0.130447
1.03521
0.123701
1.17583
0.29402
1.0877
1.28605
0.903256
1.19297
0.221371
0.157769
0.291625
0.21538
0.295011
1.58239
2.06327
0.715099
0.539258
0.0621809
0.226511
0.172067
0.250332
3.48574
0.0562543
0.233247
0.529295
0.872217
0.0410625
2.15379
0.107459
0.831497
0.383021
0.103454
0.575596
2.00322
1.09049
0.971934
1.49254
2.53002
1.08571
0.0636913
3.24231
0.394802
0.400391
0.402855
1.38725
0.509799
3.54099
1.54986
2.60358
0.823606
0.848366
1.26081
0.186466
3.57919
0.773292
0.431026
0.278695
0.427966
0.0853819
0.0941507
0.748575
0.489852
0.0573313
0.125936
0.66082
1.33352
0.802902
0.082494
0.0917645
2.6437
0.0590962
0.00405451
1.53561
0.24979
0.648657
0.182472
0.0310675
1.42228
1.77325
0.0455893
3.44339
0.00343726
2.51379
0.0675382
0.346749
1.86762
1.52325
0.387828
2.01806
0.412869
0.260904
2.6536
0.139073
0.651022
0.316855
0.242704
2.01089
3.37452
1.3387
0.518499
0.482776
0.460445
2.30053
5.90863
1.05083
0.995331
0.502777
0.711177
0.619182
0.410062
0.303113
1.40277
0.182305
1.15568
0.483658
0.438122
0.0345543
0.868799
0.17219
1.05666
1.5871
1.52325
1.14925
1.21464
0.56055
0.776963
0.317381
0.76893
1.32268
1.04451
0.921793
0.439963
1.38804
0.411331
0.356773
1.98794
0.885916
2.96209
0.310196
0.482547
1.20326
1.64439
0.800057
3.55333
0.197314
0.265082
0.0743839
0.204532
0.119348
0.120858
7.45911
1.17144
0.819371
3.57701
0.0979418
0.501764
0.227516
3.08906
1.64406
0.32735
0.26986
1.1267
0.619426
0.940739
0.742725
0.422573
0.35213
1.23233
0.949392
0.105736
1.18821
3.37688
0.995472
5.09954
0.504543
0.316653
1.00403
0.77447
5.26247
0.783309
0.618848
0.308164
0.765595
0.767879
1.03516
0.224873
0.69357
0.939225
0.560972
1.27598
0.0073288
0.994336
0.626137
1.12741
0.706265
1.19732
0.248682
0.293281
1.58097
1.99162
1.09972
0.656412
1.02693
0.746115
0.364339
1.64719
1.87333
1.16031
0.0695042
1.20314
0.00620876
1.35053
0.17952
1.12433
1.76202
4.09706
0.564512
1.20694
0.315335
0.715675
0.246102
0.500889
0.390563
1.20975
0.490717
2.95933
1.33736
2.92885
0.642269
0.246234
0.692372
1.70987
0.802944
2.23037
0.451152
0.44323
2.12094
0.199831
0.270522
1.03349
1.98521
3.03559
1.34239
0.434096
0.499227
1.3559
1.25499
0.606418
0.137649
0.859897
0.0352752
1.43366
1.4026
0.0213733
0.618015
0.635929
1.54395
0.512511
2.34296
0.530533
3.81156
0.957586
1.97241
0.17893
2.03553
0.652923
0.427824
1.28445
0.802194
0.0101517
0.137997
2.3432
0.206581
0.944574
0.782475
0.162838
0.423162
0.823282
1.3454
2.80071
1.25239
1.37911
0.980806
0.607218
0.262995
0.0828481
0.38585
1.25163
0.218369
0.675348
0.582117
1.70516
0.543247
4.79136
0.00403749
0.737967
3.15618
1.1065
0.296112
1.53522
0.685077
0.0922891
0.281425
0.684031
2.61337
0.00887591
0.549633
0.0468254
0.199967
1.95785
0.0985503
2.6667
2.04959
2.15905
0.0127344
0.0598427
1.56864
0.534266
2.68547
2.95719
1.8428
0.173425
0.524498
0.686722
0.539036
4.65535
1.11069
0.674498
1.76282
0.114454
1.93144
0.789116
1.63588
0.0465143
0.526685
1.06577
0.991634
0.562074
3.73304
0.023929
3.30321
2.71765
0.806869
0.452352
2.60007
0.420419
0.281554
0.424072
0.620467
0.191377
0.503898
0.454156
0.855291
1.46486
0.551914
0.387422
0.614456
0.353337
0.169016
0.861837
0.112664
0.913516
3.14515
1.55084
0.554444
0.33676
0.657893
1.45332
0.57239
0.0518559
0.399109
0.0846042
0.89368
0.898424
0.539695
0.807145
1.53351
0.113041
0.4861
0.414615
0.0974008
1.39738
1.70483
1.47313
1.67474
0.0440095
0.934781
1.03923
1.84391
0.85624
0.279505
0.149404
3.3526
0.039213
0.442072
0.00760306
0.0994245
2.58789
0.355016
0.344888
0.0231639
2.07923
0.0786539
0.180233
1.34592
0.09141
0.581606
0.141421
2.04884
1.27691
0.588325
0.281109
0.346655
1.28049
0.28589
0.738977
0.642799
0.00198326
0.716639
0.281175
0.928739
0.510336
0.161448
0.3789
0.0659023
0.439132
1.47745
0.436724
0.326733
1.29539
0.936351
1.25945
0.770291
1.12006
0.241065
0.115267
1.60263
0.0543642
1.51207
4.10546
0.0685798
0.263713
0.396064
0.493726
0.462266
1.47939
0.962784
0.62645
2.50625
2.30936
0.0665109
0.283187
0.635923
0.222441
0.598297
3.56715
0.667517
0.593147
1.48649
0.835014
0.117255
0.0412843
0.0075491
0.656318
0.763433
2.53545
0.0892786
0.847176
1.64649
0.589467
2.53935
0.206036
1.02873
0.131017
1.43027
0.173449
0.310516
1.04471
1.12837
2.0555
2.13424
0.181981
0.70079
0.0758977
1.51493
0.213516
0.029885
1.00175
1.14126
0.126446
1.31744
2.42478
0.396108
1.35357
2.14717
2.56817
2.46337
1.31306
0.370373
3.60949
0.500044
0.651712
0.983044
2.9297
0.227085
0.292007
0.2729
2.75387
0.690117
0.0917582
2.65038
0.473603
0.536152
0.409617
0.380768
0.474187
0.566305
0.389971
0.00941171
0.546899
0.493503
0.0180652
1.37964
0.130401
0.230731
0.180802
0.423932
0.237367
2.0021
1.59878
1.28735
0.568502
1.24108
0.82805
1.99041
0.772485
0.965783
1.5855
3.11759
0.0380661
0.0944238
1.42008
0.859499
2.50057
1.72525
5.12307
0.192989
3.99631
1.71613
0.223901
1.17389
5.43606
0.905247
0.85523
0.901632
0.405562
0.702224
0.0469425
0.183477
0.333972
1.56243
0.401588
0.387048
1.24001
0.472344
0.275871
1.38668
0.272548
3.43245
0.187471
1.36641
1.05056
0.723048
0.21733
0.596126
1.10682
0.905133
1.2351
2.09026
1.67335
1.46461
0.0370928
0.673855
0.668136
0.606319
2.79122
1.04713
0.0203461
0.503838
0.604464
1.28201
1.54817
0.295508
4.9018
0.204109
0.145791
0.523804
0.13519
0.667113
0.3111
0.630873
4.69659
0.0167489
1.47805
0.995413
1.34344
2.92375
4.0718
0.440818
3.60325
0.323087
1.83579
0.640068
0.869603
2.09679
0.57675
0.267104
2.46719
1.82077
2.73966
0.522678
1.32089
2.5349
0.0127494
2.55301
1.81538
0.560344
0.80428
0.175137
1.83882
0.351161
1.28478
0.54455
4.66323
1.18649
0.157444
0.962082
0.639222
3.65258
0.391141
1.56156
0.145844
0.261455
0.0176005
0.568394
0.0634481
0.373407
1.34106
0.289905
2.34611
0.841391
0.0484896
0.441495
0.579725
0.159876
1.79151
0.660973
0.283826
0.145169
0.294137
0.310449
3.04104
0.446323
0.737914
0.152857
3.45814
0.168305
0.221683
2.50084
0.171934
2.13731
0.233055
0.877837
0.42498
0.75402
0.239477
0.506498
0.127937
0.200734
0.82847
1.66042
1.8164
1.10679
0.647715
0.346473
0.326635
0.225088
1.02886
0.930812
2.04468
0.340796
2.5623
0.847057
2.41665
1.416
0.40492
2.37356
1.28582
0.176564
3.9193
0.185286
0.194199
0.512321
0.151218
0.456333
0.667927
1.82711
0.16566
0.345801
1.38848
1.35373
0.373006
0.147275
0.122364
0.393513
0.570475
0.559667
0.040829
0.261479
0.344317
1.98409
0.819898
1.2656
0.825132
0.0722046
4.42609
0.512811
0.73004
2.13353
4.89113
1.64383
0.102408
0.156593
0.622544
0.867924
0.803127
1.02518
0.120951
1.00627
0.43929
0.181551
0.269308
0.049291
0.780078
0.388728
0.787093
0.0178886
0.174407
0.0855422
0.773492
1.10496
0.0253887
1.12055
0.366432
0.0305734
0.577768
1.86959
0.240187
3.75775
0.0706007
0.0648095
0.489935
0.588537
1.06303
1.17654
0.591982
1.29315
1.33845
1.30413
0.496292
0.150124
0.0739295
0.131307
0.0909198
2.28764
2.42146
0.29297
0.325326
0.616996
1.94239
0.946962
0.799245
0.196031
0.548091
0.279204
0.203035
0.79871
0.0209345
0.00951665
0.374586
2.10469
0.778189
0.242237
0.40508
1.0022
0.210784
1.09546
4.1773
0.410376
1.57585
1.20514
0.0317673
0.30647
0.245966
0.304562
3.79891
1.46333
0.119516
0.81613
1.37339
0.771211
0.997529
0.441422
1.38589
0.869111
0.400287
0.685864
0.325353
0.297442
2.42212
1.00397
1.03043
0.158733
6.11969
1.65503
0.0050527
0.069116
0.950134
2.04653
0.36062
0.0448521
0.804712
0.383235
0.262639
0.77959
0.385401
0.956242
1.15428
1.38403
1.66894
0.762041
0.926429
0.275695
0.563262
0.845703
1.04499
1.60751
1.63056
0.0154822
0.993071
1.2847
1.55557
1.17711
0.144727
0.524618
2.86383
3.15252
0.309813
0.731407
0.154241
5.62299
2.68495
0.791382
0.749069
3.56486
0.940316
0.0682372
0.586736
0.0866764
0.0245056
0.664569
0.877159
0.0958713
1.07366
0.936098
3.89048
0.449309
0.755782
1.58548
0.0461546
3.91252
0.187632
0.050535
0.421937
5.56949
0.254189
1.66007
0.299965
0.436567
0.930801
1.4929
0.279638
0.807605
1.03561
0.800703
1.83662
0.952814
0.157469
0.562571
0.148832
0.465666
1.55578
0.118406
1.92582
1.17972
1.6723
1.07349
1.26501
0.994443
0.497853
0.698336
0.408393
0.10892
1.08648
1.62823
0.244939
0.144286
1.58576
3.18253
0.157979
0.235635
0.0774232
0.853893
0.833138
1.69158
0.503724
1.22359
0.184562
1.2125
0.122969
1.08721
0.461328
2.7425
1.15944
0.21187
1.78284
0.334084
0.000273541
0.403832
1.33855
0.00368614
2.10904
1.46838
3.78278
0.841431
0.995396
3.21059
2.73623
0.523099
0.120022
1.95042
0.0596128
0.214166
0.254151
0.782263
2.09962
1.39027
0.294178
0.780619
1.12361
0.141999
0.0308694
0.181136
0.616104
2.37633
0.322347
1.05532
0.59695
0.270237
0.134729
0.558721
1.28131
1.50352
0.249764
0.348483
0.262544
3.49618
0.362914
1.78581
1.89585
1.45582
1.44778
1.86855
1.02201
0.449791
0.0462419
0.1438
0.00993386
3.33515
0.428202
0.524996
2.99418
0.195089
0.850668
1.05451
0.0254363
0.0413489
2.35701
1.2959
0.357347
0.33405
7.98032
0.774298
2.13594
1.90228
0.19152
0.824255
0.28916
0.279923
0.81009
0.0167693
0.0779309
1.39739
0.905326
0.75918
1.10246
0.115031
2.3209
0.834051
1.55277
1.00307
1.5828
0.529411
2.94602
0.553983
0.767818
0.0855588
2.42468
1.03975
1.0532
2.17627
0.857897
0.611941
0.322098
4.7224
2.22604
1.08825
3.09697
1.52094
0.025383
0.953237
1.78491
0.392444
0.551847
0.563808
1.03784
1.33127
4.08189
0.094717
0.639023
1.41484
3.6003
0.588741
1.02789
0.429166
2.55704
1.26312
1.42629
0.926276
0.143737
0.75532
0.292009
1.52741
0.00270075
0.0271803
0.492785
1.5181
1.7792
0.14383
0.195647
1.75495
0.370912
0.742331
0.106078
1.28358
0.427348
0.401074
0.093542
0.55063
0.565181
0.187683
1.15383
0.309276
0.215917
0.7649
1.64677
1.05734
0.45981
0.0869244
0.0716916
0.669759
1.67622
2.64151
0.05492
0.20024
1.51639
0.569799
0.684724
0.718404
0.125544
0.912564
1.58173
0.187375
0.844251
0.854373
1.51103
0.315522
2.04815
0.479368
0.187095
1.03562
1.61774
0.442582
1.06446
0.257904
2.23606
0.548805
0.0110758
0.387535
3.11501
1.14284
0.237225
0.0683946
0.119417
0.595966
2.70572
2.31615
0.73324
0.267986
0.52268
0.408554
0.595294
1.37091
0.0305604
1.73144
2.46692
0.623182
1.13307
0.057679
0.757367
1.89878
0.153688
0.640238
1.42703
1.33569
0.981387
0.342006
0.295923
3.01604
1.26231
1.96848
0.629173
1.32135
1.57324
1.10182
0.195545
0.00452342
0.288721
1.3954
0.196592
0.033463
0.752279
2.13628
1.3264
0.815335
0.387712
0.312657
0.0375019
2.56925
2.73054
0.145061
0.377993
0.331899
0.227059
2.78897
1.56358
0.535141
2.29562
0.805714
0.167188
0.252954
0.071539
0.247118
1.33639
0.624522
0.245341
0.818469
0.0738704
1.40073
1.50956
0.638748
0.00081714
0.542095
1.59966
0.22889
0.0409168
0.277372
0.292502
0.519253
0.158751
1.06686
3.08187
0.630946
0.906052
0.569906
0.569447
3.52252
0.141254
0.598437
1.52363
0.707909
0.0819221
0.777414
1.76283
1.30018
0.890533
0.0402904
0.980253
2.11077
1.24589
0.0370766
1.02863
1.09097
0.604302
2.37075
0.97158
1.25098
0.733099
0.193867
0.689927
0.654184
2.45587
0.317984
0.421016
1.94649
0.0757019
0.240766
1.33855
0.402713
1.24921
1.60075
0.725944
3.43429
0.0848225
0.411647
0.373338
0.0357658
1.48458
0.693545
1.74486
0.862269
1.67794
0.374951
0.294932
1.32793
0.179182
2.06973
1.67254
0.122306
0.43876
1.82857
1.39106
0.0292513
0.515963
0.261366
1.91065
2.16429
1.22544
0.960082
1.48878
0.812413
0.0992015
0.277224
0.247705
0.0144572
1.23617
0.131176
0.396506
0.0482806
2.32015
1.21531
0.27441
0.437433
1.69895
0.104417
0.299454
1.78241
1.95006
0.68469
0.749457
0.426258
1.18473
1.39763
1.10492
1.66667
0.0098295
1.46751
0.36604
1.90448
1.06826
1.09574
2.3022
2.19477
0.512879
0.406135
1.73009
2.63829
2.89497
0.536762
0.12184
1.98467
0.492237
0.29858
1.81248
0.898681
1.80448
2.37575
0.612577
1.51282
0.35033
1.15491
0.230383
0.730395
0.883445
0.539069
1.64337
1.38433
0.511879
1.91528
0.799284
1.23459
0.248694
0.422715
0.109641
0.247867
0.30639
0.401318
0.00730803
0.140027
0.150667
1.14199
0.328808
1.24389
0.489745
0.62241
0.0708559
0.358778
0.880676
0.198003
1.42972
0.0198275
0.237537
0.0282573
0.703886
1.86637
2.56182
0.284369
0.813683
2.01317
0.596606
0.105336
0.478332
0.00520201
1.4676
0.776588
2.91737
0.0244596
1.40437
0.142399
0.153279
0.125291
3.14485
0.315442
1.32968
2.24093
1.29508
0.281402
1.66042
0.0501035
0.39741
0.260888
0.120288
0.788452
0.28752
1.28334
0.275271
0.89147
0.463164
0.724814
0.088552
0.250825
0.191704
1.30117
0.661089
1.68945
1.16569
3.71527
0.681819
0.35601
0.391961
0.249702
0.250559
0.512161
0.36278
0.443754
1.00648
1.25004
1.88433
0.0997674
0.351127
2.32619
1.63093
0.194572
0.579694
1.84325
2.33701
0.728743
0.386122
5.73156
0.376063
0.332224
0.311352
1.90138
1.13011
0.665823
0.473385
1.14769
0.37099
0.164202
0.304845
0.697231
1.35227
0.901248
1.62525
0.583978
0.320493
2.10654
0.373359
0.545253
1.3736
0.00576512
0.0606855
0.454157
0.191457
2.16662
0.864158
1.72034
0.59779
1.03798
1.15409
0.262165
1.54603
0.414607
0.996823
1.20467
0.0810713
0.906721
0.419379
0.808823
1.9313
0.329116
0.160474
0.663418
0.0284642
1.22325
2.88724
0.901174
0.0840022
0.620005
0.24645
0.155737
2.35106
0.529078
2.00242
0.376138
3.06976
2.32045
0.247738
1.43369
2.21362
1.45373
0.278467
0.377139
0.539923
0.15405
0.338329
0.839132
0.607603
1.16302
0.455195
1.27719
0.459962
0.256856
0.459552
0.572253
0.508386
0.516467
0.151459
0.0342428
5.54866
0.472059
1.97929
1.79669
0.261883
0.128708
1.0596
2.7371
3.02013
0.496916
1.84514
0.28071
2.18141
2.29235
1.66881
0.0676281
0.443382
1.4011
2.05333
0.0393581
1.52605
1.33103
0.0759659
1.39359
1.0733
0.582972
0.509326
1.68192
0.21835
1.99775
0.304962
1.21653
0.342544
0.616946
1.35145
0.217228
5.52181
0.302222
0.640236
1.09709
0.231904
0.0808789
1.05769
0.0970256
1.20009
0.451147
0.0515032
0.0356151
0.259698
1.48891
0.657968
0.548281
2.00424
0.00046133
1.10901
0.567739
0.26153
2.34359
2.42762
0.340254
1.77841
0.763794
0.683047
0.284803
0.180975
0.0660982
0.336507
0.984515
1.49113
0.234037
0.543377
0.13703
2.64563
0.195234
0.739348
0.363474
0.128916
1.25406
0.512178
0.586968
0.0519892
0.336932
0.95254
1.1731
0.326723
3.2655
2.10124
1.22636
0.25954
0.0559247
1.24157
1.12291
1.26508
0.0655852
0.315928
2.96957
1.19489
4.14092
1.57308
0.171523
0.476474
0.758772
0.851557
0.0684417
0.564542
0.415337
2.58118
5.88182
0.547518
1.15133
0.0245221
0.129204
0.205681
1.54267
0.105819
0.538654
0.36517
0.299506
2.04421
0.930508
0.465199
1.32706
1.11596
2.06162
0.238813
0.282762
0.239172
1.09518
1.46447
0.515988
0.452102
0.490675
1.59252
2.58871
2.77845
0.337689
0.0739932
0.877245
2.04192
0.413392
0.327787
0.119164
1.33908
0.581127
0.320338
0.134954
0.0478389
1.23586
2.07646
0.984699
0.241046
0.214885
2.21522
0.13376
1.13718
1.63221
0.799706
3.14245
0.0701738
1.477
0.01026
1.74796
1.85563
0.548045
0.138498
0.159751
0.471178
0.901146
0.207057
0.268848
1.89361
0.669889
1.27738
2.21968
3.06774
0.300372
0.186428
0.596014
1.47202
0.167417
0.683202
1.79153
1.62371
0.693378
0.626189
1.14456
0.823049
0.432495
1.53406
0.0912928
1.03915
0.0964995
1.32996
0.0176456
1.41476
1.65437
0.755466
3.26923
0.791355
1.30399
0.035615
2.00399
1.45108
0.762611
0.0608903
2.28847
0.952206
1.92795
2.13221
0.134822
1.33977
1.37782
0.21955
0.964958
1.59225
0.617808
0.177605
0.0759998
0.0301354
0.343369
1.27431
0.664028
1.42182
1.83469
2.12184
2.82394
0.282345
0.650808
0.151739
0.0721253
1.86839
0.363021
1.30025
0.254616
2.07461
0.557889
1.76159
2.74785
0.141738
1.97316
0.705015
1.18975
0.69693
1.81853
0.631946
0.999074
0.81843
1.91589
0.469582
0.127533
0.964103
0.268445
1.94449
2.21957
0.166835
0.814496
2.79166
1.18123
0.00781137
1.13757
0.0292219
0.0508402
0.414311
1.37164
0.18673
0.206189
1.27502
2.60991
1.28897
1.09976
0.39532
0.234452
0.185108
1.60773
1.01674
0.0601617
0.212375
0.455572
0.902502
0.264829
1.40771
1.30726
0.965276
0.843466
0.388027
2.09264
0.606712
0.0479809
2.32163
0.589414
0.264192
2.48663
0.134239
0.350687
1.21786
0.257988
9.01149
1.13521
0.0791749
0.74847
0.779794
0.809109
0.446787
0.06361
3.25391
0.129336
1.15433
0.313949
0.86885
0.104538
0.66614
2.07518
0.171843
1.80909
0.0181154
0.489832
1.65403
1.51454
0.10425
0.379012
0.216499
0.474742
0.774344
2.20061
0.178853
3.08929
0.179491
0.933438
0.736069
0.981109
2.09852
0.517131
0.115055
1.60213
1.13376
1.39517
2.09132
0.389935
0.0810114
0.679239
0.128727
1.77629
1.79298
1.22701
0.851145
0.411241
0.571406
0.559212
0.727538
1.0388
0.319001
0.709307
0.950208
0.965291
2.47248
0.556276
0.953016
1.97759
0.559186
0.457366
1.03392
2.12907
0.177397
0.426907
0.259174
0.317626
2.88062
1.2796
1.37791
4.07335
0.0945348
1.90458
0.701286
0.245689
0.209083
0.288422
0.0682828
0.0307517
0.0638512
0.0179502
0.0905166
0.176856
1.91153
1.87129
0.305419
0.201149
1.06277
0.557942
0.980551
0.654948
0.986345
0.802043
1.73742
0.187953
0.00942091
1.20918
0.949913
0.617893
3.81177
0.610569
0.206969
0.76364
1.46283
0.699855
0.837762
0.721788
5.35234
0.812143
1.25145
0.802302
0.908004
0.00226817
0.770671
0.90594
0.409984
0.832986
0.685069
2.33483
0.343357
1.59441
3.12702
1.82898
0.289173
1.21154
5.25125
0.0282481
0.639505
0.356894
1.73889
0.510024
1.18637
0.556378
0.734363
0.223032
2.04248
0.877547
0.261293
0.706666
0.745165
0.15207
0.784418
0.375954
0.203779
1.164
0.230178
1.32086
1.55517
1.91522
1.87938
0.475016
0.774375
0.483373
2.52954
0.632523
0.0924805
1.59376
0.712863
1.29808
0.735647
0.520027
0.233036
0.939586
0.0412224
0.0208258
1.29769
2.70824
1.6218
0.15161
0.564173
0.604813
1.69795
2.62793
0.633029
0.580638
0.434994
1.50119
1.14627
1.68777
1.48359
1.53516
3.66746
2.31062
0.26433
2.48168
0.382892
0.413715
0.175896
0.206411
0.0812554
0.257477
3.70586
1.03683
1.79216
0.036126
2.66326
0.665341
0.472177
0.436114
0.816107
0.0723012
0.0700386
0.0224658
0.945656
0.199236
0.259565
1.23418
3.00157
0.36756
1.38427
0.646088
0.343484
0.306034
0.900155
0.510942
0.298514
2.89649
0.472386
1.59563
1.09311
0.762148
1.21048
0.111946
0.591845
3.01326
0.563509
4.23442
0.206075
2.00357
0.834491
1.1496
1.05904
0.0574824
2.6723
0.25454
0.344961
0.58662
0.390041
0.65966
0.0874246
0.887073
0.384635
1.14006
1.26646
3.13801
0.539566
0.473905
0.6864
1.4837
1.1583
0.706055
2.33821
1.37774
0.953598
0.690269
0.317389
0.67998
0.397495
0.0679324
0.642869
2.71339
1.9509
1.16177
0.068906
0.710161
1.03537
0.442803
1.70635
0.651055
3.04178
1.05715
0.0569395
0.147599
0.462238
1.08023
1.36723
0.263777
0.0959769
1.86127
1.4194
0.511045
0.148842
0.479883
0.260221
2.61
0.245474
0.0349584
0.60322
0.974377
0.491833
0.126748
0.276876
0.147522
0.244991
0.937032
0.192154
0.691883
0.925016
2.79378
1.10482
0.224028
3.07253
0.846047
0.357725
0.967784
2.16083
1.92915
0.373563
0.101644
0.145073
0.301926
1.27466
0.607453
1.99349
0.746523
3.82744
0.341094
0.0185186
1.49033
0.899873
1.62814
2.97159
0.177785
1.06667
0.752836
2.98573
0.112395
1.17463
1.20575
2.38437
1.03256
1.48282
0.96365
1.34376
4.82254
0.394646
1.54319
1.55022
1.85703
0.788814
0.144896
2.07573
0.635025
2.01348
0.147367
0.185048
0.189755
0.527019
0.123551
0.837889
0.163121
1.81
0.809932
1.41003
0.394725
0.775538
1.23045
1.01469
0.216771
0.922013
0.38754
0.362653
0.281256
0.602886
1.46817
0.264598
0.00800271
1.03784
0.52315
2.14606
0.341444
1.20423
0.587859
0.483566
1.02155
0.547437
0.162588
0.642271
0.9634
1.02683
1.16242
0.504632
2.29967
1.61896
0.48732
2.35175
1.54631
0.371629
1.40753
0.0827956
0.197048
0.11286
0.0470115
0.12893
0.794684
0.443157
1.07614
1.64632
4.33741
1.27261
0.240828
1.56617
2.0419
0.0956043
0.855409
0.543126
0.219932
0.344221
1.02931
0.287653
0.17641
0.893247
0.244901
3.09859
0.00472801
0.743386
1.31901
1.49673
1.23864
2.49439
0.189951
0.256633
0.896453
0.801748
3.55
0.2315
0.400466
0.518572
0.21865
0.253589
0.7135
2.22275
1.79562
2.18026
0.250389
0.0359921
0.624735
0.446801
1.45782
6.48674
0.156283
3.14883
0.0425384
2.37083
1.58256
0.796089
0.994178
0.49521
2.28634
3.6297
0.204491
1.50923
1.71841
0.127014
0.14441
0.461788
0.785495
2.01799
0.322462
1.24524
0.143098
0.839088
0.370198
0.393153
1.30641
0.27077
2.04648
1.54604
0.475829
0.156646
0.115837
0.971269
0.701575
3.98192
0.468947
2.43476
0.383701
0.324852
0.061254
0.0789327
4.48821
0.302343
0.17656
1.27149
1.91773
1.75501
0.942496
0.0192425
0.690483
1.62428
2.48414
0.77854
0.00130589
0.206059
0.229632
2.85011
0.143387
0.771653
0.193934
0.645345
1.87117
0.23234
0.0579997
1.31165
1.74776
0.849731
0.0951847
0.77767
0.575134
3.51026
1.00511
0.660252
1.898
0.694328
0.495758
2.39003
1.07259
0.484257
2.00289
2.49585
1.58077
0.0485486
0.838987
0.2613
0.0501352
0.982928
0.0443707
0.447436
4.63496
0.0526854
0.306556
0.0447013
0.91001
0.537064
0.599391
0.395786
0.524047
1.52024
2.07403
0.315759
0.662405
0.13392
1.16849
1.13908
0.00694748
0.891968
0.444228
1.58871
1.57525
1.2957
1.28342
0.482347
0.803759
2.33738
0.308451
0.144017
0.197665
0.845209
1.00336
1.78235
2.20185
0.787228
3.36818
0.203841
0.698244
0.00936011
0.0868794
1.50647
1.13891
0.506648
0.103196
0.0699741
0.539328
1.87785
0.678032
1.80081
0.914233
0.511287
0.256232
0.0529254
2.58066
0.998079
2.5851
0.839145
5.27197
2.13248
1.21704
0.82523
2.18995
1.50942
1.15538
0.194641
0.00532539
0.257765
1.40789
0.326231
0.708105
0.770671
0.991218
1.42007
0.150724
2.17677
1.43728
0.38228
1.39767
1.52647
0.199216
0.170396
0.385712
1.24536
1.45019
0.69686
1.43796
1.06098
0.066925
0.512023
0.479432
1.01283
0.191113
1.24678
0.223312
0.0219065
1.37361
1.29424
0.0348806
1.1594
1.16579
0.403036
0.849432
1.5827
0.881711
0.201723
0.34614
0.397464
0.566898
1.45916
0.71082
0.062291
1.19688
1.77703
0.435781
0.168457
0.354816
0.0694606
0.00178063
0.0657073
0.753413
0.733446
2.89102
2.37727
0.692851
0.952273
0.935875
0.0190094
0.153889
0.29347
0.141463
1.75446
0.411529
2.44718
0.939188
1.42805
0.238993
0.159394
0.881948
0.434042
0.194206
0.617857
0.147369
0.257075
1.31893
3.15375
0.371993
0.15505
1.00542
1.20163
0.295631
1.52856
0.56736
0.238899
1.78569
0.598234
3.76693
0.0623547
0.00787125
0.474349
2.40612
2.53642
1.90159
1.65187
1.31219
0.097592
0.541895
0.765174
0.624894
2.008
0.430219
0.0813454
0.695577
1.12744
0.622531
0.203298
1.06496
0.669127
0.185946
1.69126
0.00430939
0.385001
5.78919
0.39358
0.814566
0.435077
0.0418195
3.95722
0.369492
0.796039
1.0201
0.755357
1.33359
0.229183
0.0805117
3.96828
0.342206
0.474014
0.987722
0.325216
2.70622
0.93242
1.31506
0.0526343
0.344675
1.99488
0.979849
0.136872
0.608626
0.1788
0.236871
3.49261
0.003571
1.40891
0.677173
1.31212
0.338159
0.412772
0.437658
0.115518
0.789464
0.245667
0.0215083
1.10898
2.29114
1.85638
3.52788
1.74565
1.45306
1.04875
0.989097
0.15643
1.52225
0.995263
1.0109
0.19903
1.37462
0.879033
0.00580578
0.663763
1.14416
0.603567
3.11146
0.00153496
0.745251
1.13714
1.35061
0.703294
0.795657
0.0280025
0.331059
0.324558
0.0216177
1.53293
2.20037
1.17464
0.221943
1.47361
2.28778
2.19207
0.197792
0.110728
0.719079
0.256421
1.15241
0.137864
1.08298
1.12637
0.385105
0.591217
0.19591
1.89947
0.467752
0.670812
0.108254
1.85414
1.20377
0.78534
0.53458
0.813494
1.37806
1.13561
5.22433
1.19487
0.342381
0.655049
0.143714
0.131997
2.32654
0.0540655
0.471354
1.27579
1.40578
0.209379
0.0137509
0.659934
1.43392
0.174709
0.037457
4.2638
1.05241
0.0418348
1.80452
2.58246
0.00567942
0.00497707
0.62954
2.30327
1.78141
0.739152
1.55817
0.144263
1.22526
2.16875
0.306895
0.341083
0.0668639
5.05344
1.33891
0.0758587
1.12367
1.74878
0.00184968
1.69186
1.96808
0.767029
0.578294
1.1581
0.735608
0.888305
0.821416
1.33087
0.713173
2.14849
1.32329
0.60023
0.546019
0.322811
2.49013
4.33371
0.410128
0.586621
1.17254
1.4454
0.915072
0.725966
0.51043
0.959399
0.168272
0.511693
1.25045
0.170233
0.736101
0.269588
0.506805
0.788815
2.88752
2.34312
0.946204
0.432902
1.56419
0.0203125
0.767774
1.08993
1.31109
0.427471
0.985015
0.169528
1.46481
0.0538043
0.372459
0.310952
1.13851
1.31413
0.549925
0.208613
2.2493
1.04778
0.204593
1.75897
0.51636
0.113314
0.0415141
0.58152
1.27577
0.4691
0.154854
0.104411
0.641083
0.123225
1.63807
1.14013
1.08106
1.35097
1.24493
0.820076
0.161023
0.931697
0.227653
1.14411
0.588041
0.692697
0.571633
0.210845
0.375949
0.415359
1.25049
0.357313
0.338639
0.719542
1.69531
0.88792
0.977762
1.53832
0.924297
0.478448
1.45909
0.241444
1.2614
0.54413
2.03346
5.08215
1.15144
0.682528
0.540866
1.06493
0.245452
0.225121
0.777905
0.831324
0.0283317
0.748718
0.024721
0.145403
2.85868
0.557523
0.950784
1.18304
1.03983
0.0891675
1.02163
0.547475
1.83543
0.0234714
0.77418
0.371368
0.136463
1.39825
0.364472
0.801424
0.560437
0.15334
0.591701
0.353412
0.269109
0.193401
0.661158
0.250713
0.694597
0.348341
0.819777
1.61796
0.641649
4.19485
0.228689
1.45125
0.3398
1.66888
1.70455
0.976091
0.91886
0.80985
2.51188
1.24832
0.0952714
1.05264
1.2624
1.19827
0.127613
0.915568
0.0691409
2.77754
0.452274
0.75707
0.432356
1.08833
1.25769
0.919801
0.436033
0.497623
0.308462
0.519831
1.11883
0.705175
1.08751
