-8.9804
-0.508454
-2.44837
0.841496
-2.64263
-2.31573
-8.89147
17.5643
-0.417573
0.0424913
-0.637771
2.9008
-0.128428
-1.00973
-0.994
-2.27337
28.1454
0.259299
-0.0425899
0.571941
-0.778199
1.56016
2.18794
5.04289
0.0176925
0.833602
-0.325613
0.321418
-0.473571
-0.0141059
-3.57371
-1.03822
1.14294
-2.23273
1.13317
-3.05825
5.4099
-0.421139
1.30193
1.59829
20.8499
-0.735926
-0.62327
-1.57969
0.269005
-0.276011
-1.14504
-2.62361
0.056349
0.73464
-0.126224
-0.543196
-2.72797
-8.53814
0.179668
-20.5371
0.956351
-0.373913
-0.253319
-1.15407
0.0930012
0.350122
-0.416195
6.98484
-8.61791
1.05604
-0.198262
0.0043347
-0.109593
-0.986437
0.571464
0.998924
1.4003
-3.77054
-0.435515
1.77738
0.463366
-10.5699
-0.460925
0.161157
0.663721
-1.38498
-1.04727
0.726116
0.368519
-4.26684
-0.519669
0.452482
1.14149
0.131529
1.42563
1.58459
-0.578862
-0.0162687
0.285958
1.09515
3.63679
-0.233105
-1.86668
-27.7775
0.604954
1.08263
17.9226
-5.26783
-0.632195
-0.993244
1.10046
-2.35907
4.06481
-2.58526
-0.852612
0.34234
1.18938
-0.156045
0.0716953
-1.68325
0.462481
-0.0428992
0.0922102
-0.206041
-0.589578
5.6425
-0.130658
-0.558727
-0.783807
0.936769
5.60113
0.262885
2.19297
-11.0135
0.917619
-23.2829
-4.66938
0.177337
-2.14508
-0.16951
-0.420521
0.123784
-1.48
-1.02574
3.5072
-2.87794
-0.0402281
-0.578788
-0.262627
3.19169
-0.893129
0.981502
-2.45603
-0.147618
-0.708334
1.06413
0.0135226
0.321878
-1.69448
0.094216
0.808922
1.22778
-3.81767
0.635238
1.37368
0.649972
-0.549105
0.246175
0.799025
-0.203993
0.267716
-0.544523
-0.0327379
-2.934
-2.82207
-2.86031
-0.418213
0.456075
-0.464869
-2.58506
0.291041
-0.153837
8.91633
30.9607
0.915288
-0.84378
-1.982
-4.17912
-1.3569
-0.430796
-1.14064
11.0588
0.553673
-0.007729
2.08536
-3.02289
0.199454
1.08106
-1.54628
0.243329
1.9445
1.26909
0.824158
-0.917028
-0.737825
4.61062
-0.813339
-5.69095
-0.967878
0.421382
10.0451
0.31263
-8.6628
0.674943
7.47978
0.132229
-1.92484
-1.75548
0.400282
0.38968
3.86617
-2.57283
-0.699044
-1.38915
-0.327218
2.73478
-1.10767
-3.32003
0.39567
-0.269696
-1.38639
-0.695933
-0.831305
3.33463
8.7616
-0.44566
0.589302
0.202797
0.675457
-0.356408
36.8079
0.346959
-1.30031
2.58615
-1.25173
55.815
0.627427
-4.76452
-0.406961
1.75993
1.10042
-0.939512
0.0991308
17.6807
-1.88105
-1.05354
0.130941
-1.25915
0.116915
-2.78363
0.571149
2.36436
9.08164
-0.469387
-2.85218
-0.382842
0.698176
-2.20949
0.109801
1.04193
1.32246
2.07126
1.63843
-1.44691
2.07611
2.77601
-0.376393
-0.455693
0.274322
-14.2231
0.0280272
4.44789
-3.5825
2.50453
0.927604
-6.4418
0.691498
1.72352
-0.133973
-0.374412
-0.457208
2.09229
-3.47326
1.49871
-0.085643
-0.028152
8.73675
2.32155
-0.324971
1.97597
-0.0295355
-3.20197
0.460348
-2.62143
-0.854766
1.63169
-0.6438
-0.830522
0.143706
0.843294
-1.00495
-2.06818
2.65897
-0.0376897
-2.07483
-1.80956
1.05556
-0.198147
-1.2939
1.32436
9.84351
0.572802
0.369305
-1.58589
-1.2457
0.817309
0.996466
0.209988
-1.12152
1.14807
0.155566
1.05351
-1.33075
31.3507
0.413852
-11.377
5.91432
-4.01998
0.312604
-0.10749
-5.2918
4.49764
-0.878887
-0.935843
-0.269701
7.57885
-9.29793
-1.87205
3.18433
-1.09289
41.8731
-0.574434
1.4669
0.950923
2.89157
-12.4834
-1.70147
1.39543
-0.168113
0.697353
-3.97383
-1.36208
-1.22859
-0.687249
6.29231
-0.998473
-2.85954
-10.5504
-0.189719
0.963778
-0.050983
-0.157246
0.145156
0.549029
-0.966644
6.65468
-0.337545
-10.476
2.17524
0.235871
-0.727803
-0.289355
-0.307755
1.10586
1.0806
-0.537382
0.431103
-2.03401
-4.86842
5.72712
1.80856
-0.154345
2.31994
-1.52207
12.0641
1.39306
-0.135916
3.49437
-0.139244
1.09939
-0.261913
1.34182
-1.07927
0.797772
-0.827576
-0.106821
0.208468
4.14535
-0.304187
-3.89217
8.2557
1.2912
9.15949
0.539594
0.492979
0.487492
0.819412
-4.02338
-1.89569
-0.143151
-1.06954
-1.1832
0.386283
-0.473865
-0.683111
2.35234
0.839633
1.41503
-4.80561
-0.665769
-2.33677
0.319155
1.45548
-0.561994
0.502334
7.11127
1.09466
-2.72374
0.106829
-0.298643
2.58379
-76.935
-1.8494
1.31222
0.408359
-32.9068
0.163482
-0.883357
-0.0456664
-0.321461
-0.506401
-0.930517
1.36007
-0.836195
-5.61762
0.132608
-3.99354
-0.352626
-0.431235
-0.00953931
-7.2
-0.234211
0.144674
-5.43256
-0.976764
-2.59449
0.724421
0.978307
0.832298
-15.5827
-0.544246
-0.0701083
0.124388
0.961387
-1.31343
-0.982856
-6.143
9.77563
5.62108
-0.523053
1.46715
0.964892
0.271354
-3.96374
-0.778891
-4.80021
-1.32735
-0.390985
0.101973
-2.85027
-1.38631
-3.70624
-3.36549
4.81951
0.51993
-1.47628
1.87377
0.102744
-2.75344
0.185313
-0.966275
0.508927
-0.252633
5.3625
-5.38889
1.88164
0.290345
0.400698
4.55857
0.864844
4.92469
-0.935586
-1.09937
0.332601
-1.67164
9.92531
0.0598652
-1.23528
2.51642
1.42498
-2.82714
0.914099
1.10517
-0.847811
-0.901419
0.291631
2.451
-0.3277
0.51348
-2.05589
1.40134
-1.18154
0.590793
-1.08626
1.47081
-0.413002
-0.0523383
-2.47721
-5.50667
-1.89417
-0.0631436
0.47665
1.9799
-0.280473
-0.515444
0.597874
0.613166
-0.415447
0.577599
10.2285
3.60374
-0.504997
-4.36972
-0.183946
2.01815
1.06253
0.219379
-2.20851
0.510815
10.7913
-0.350049
-0.202331
1.06297
-0.943932
-0.225177
0.0496381
-0.107384
-0.684335
0.0967632
-0.111806
-0.904329
-0.405712
-1.28304
1.56862
1.7091
1.59705
-0.886237
-9.43887
0.418612
-0.297711
-0.368406
-1.83084
-2.2041
-1.68104
-0.507499
0.219324
-1.80627
-7.37935
2.53366
2.42439
-4.48454
-2.2338
0.598403
-12.2708
-3.15758
1.09413
4.62735
0.743512
-1.10921
-0.767266
-0.0894583
-0.0427123
-4.81312
4.41379
-3.77204
-1.26128
-0.274299
3.83284
-0.0228548
-0.11924
2.44942
0.138005
-1.13913
0.0745171
-0.4491
7.44067
-0.995866
-3.39644
1.38383
-4.52218
-0.125011
-3.68426
-2.28745
3.19279
-10.5564
1.9645
2.93278
-2.27105
-0.36151
-1.08131
2.1259
1.53436
-0.260814
-1.60746
-3.59348
-8.58466
-2.13127
0.544974
1.59551
-0.508242
2.42386
-5.35765
3.40477
0.990179
0.990746
0.219307
6.75229
-0.217071
-0.0607842
-0.956664
-0.763772
-1.94072
-1.39351
0.846363
0.488909
-7.04609
5.57699
-1.33331
1.30748
4.6289
-2.47957
1.1889
0.598587
0.739993
3.56037
1.85672
1.0705
-0.616501
-0.756831
0.876714
-9.71927
0.396701
1.11057
-2.81375
-1.03842
2.78746
2.50841
0.694933
-1.24613
2.66246
-0.564616
0.0272371
-1.30682
-0.906681
4.21774
1.28321
16.4263
-2.34693
1.1665
-3.15547
-1.7955
17.6877
-0.206195
-0.549972
-1.01053
0.296677
7.8322
-3.42465
-5.84248
0.455058
-2.49904
-0.765645
-0.5571
4.1548
-4.69021
0.185674
0.158917
3.97312
1.28264
1.88873
14.2166
0.115499
-1.13381
-3.24395
5.83334
0.675112
2.314
0.350299
-4.72552
-4.19246
-0.494603
0.192963
4.2759
0.687337
-1.58146
-4.74515
0.0261298
-0.408251
0.174094
-0.550012
0.294088
1.11952
-1.55055
-4.26074
-0.827256
0.359307
-0.475209
-3.68184
3.4158
0.358906
-2.1708
4.9173
-1.81699
0.00941089
-0.302128
8.03642
1.1079
-2.33913
-1.60795
-521.539
1.46616
-0.830393
-0.228446
-1.29004
-1.17305
-6.25896
0.907016
-0.760087
-0.60141
7.91119
6.9985
3.18797
-0.383263
-0.534943
0.554183
1.06227
0.212443
-0.298164
1.56224
0.0465742
0.962444
-2.80081
0.865724
-2.19498
0.871048
0.53784
4.49056
-1.98845
-0.418421
-5.92598
-1.90913
-0.278562
-4.14649
0.341124
-15.202
2.82012
0.914642
0.279867
0.290726
-3.22135
-1.00664
-36.9642
-0.598051
0.271036
0.124254
-0.907772
-2.31206
-0.783891
1.39638
0.592125
-0.0574142
0.649346
-0.299251
0.478088
0.979919
-1.29415
1.30141
-1.55372
4.88299
3.30677
-0.696256
17.6169
0.900833
2.93741
1.20534
0.425187
2.36045
1.0054
0.0117277
0.179101
-2.04202
1.3425
-2.95437
-19.9241
-0.690215
0.907636
-0.265438
0.69563
-0.801141
-0.0190652
0.297907
0.964758
-2.17615
0.867962
-0.133216
1.44323
0.994195
-0.562377
-2.91493
0.554711
1.17786
0.405342
-0.335663
-1.0863
0.172101
3.28892
0.517623
-2.99501
-0.335455
-1.34856
1.24756
-0.606058
0.0212358
-0.816769
0.484794
2.74511
2.44952
-2.28024
9.26082
0.848082
12.0826
-0.300009
-0.697492
-0.00378742
-0.486809
1.67904
-0.034708
1.3205
-0.791673
2.06577
-0.719234
0.312071
-1.03439
-0.869435
-2.57013
0.161634
-0.512799
-1.22175
-2.90734
-0.756302
-1.13671
5.64367
0.947285
-3.21609
2.00516
0.0364092
-0.15569
-0.0412608
-1.05192
0.746943
1.08334
-3.57708
0.834492
0.579326
-0.298893
-1.11117
-0.0144816
1.80521
-0.250277
0.131138
-5.65256
-0.12512
0.259379
1.16409
-0.413305
0.648503
-1.66969
2.30022
-0.436892
3.31489
1.19148
1.40009
-1.53918
1.13357
1.12559
0.0623248
1.97013
1.34737
2.02209
0.122905
2.01829
-0.465847
-0.536762
0.382447
0.932141
-0.275615
2.12735
0.173282
1.16227
-0.691222
-1.8603
5.74104
1.47622
-0.962391
-0.552997
-0.627417
-3.52301
-0.958002
-0.443878
0.970674
0.530356
2.1093
0.469517
-1.65224
-0.365284
-0.278975
11.9706
1.52492
1.32118
0.466896
-0.359171
1.97906
8.54774
0.52488
-1.80668
5.97259
-1.12137
0.763143
-0.593023
0.20984
-0.670646
1.73247
-0.0352121
-0.457441
0.667528
3.57442
0.117862
-0.318729
1.9993
-0.620664
2.08735
-5.00711
-0.0407134
6.4632
0.801075
0.362807
1.43412
2.19923
0.920617
-0.565498
0.718545
0.805869
0.442974
4.89517
0.600537
1.73459
-0.275627
-0.343404
-0.656259
-8.36097
-54.4159
2.40837
-0.848798
-0.724883
-0.506565
1.33749
-4.3929
-2.01247
0.654946
1.71191
-0.254396
0.52894
-0.984955
-2.30676
0.935965
24.7169
-2.07738
-1.19639
-21.1608
0.457694
1.69106
-0.451188
-0.0295054
6.78425
3.20668
-0.581254
0.789844
-1.57777
-1.34576
0.496022
-0.280454
-0.636019
-0.643777
1.499
11.8294
4.30085
-0.629698
0.378092
2.79797
0.828314
-2.65615
-0.840304
0.210342
-0.206029
1.6146
-4.83945
1.51379
2.41072
0.586195
-4.16647
0.784763
0.206064
1.04731
8.96628
0.160993
-0.0337309
13.3639
-1.25513
1.47526
-1.88695
-2.46157
0.06367
1.45854
0.0667182
-3.24396
0.0363153
1.59348
0.257337
0.297308
5.82465
0.288469
0.66785
0.78311
0.264094
2.65521
-0.804655
17.881
1.92555
1.42807
0.583929
1.03439
0.243936
0.310039
1.21616
12.9244
0.538494
9.71591
0.672799
0.454805
2.33299
-0.189194
0.158541
0.0431444
0.628915
-0.364749
0.344477
0.501848
0.116578
4.99639
0.531644
-0.102158
-1.57566
-1.12057
-4.13702
-0.0923962
-0.0456281
0.243237
-0.647247
-27.8903
-4.55951
0.334039
1.26448
-4.53412
0.553148
-0.401314
-0.192571
-0.101705
0.326091
-0.900223
0.308496
0.921121
4.10745
-0.414276
-2.63034
88.9432
-2.15378
-0.154272
-0.174611
0.722867
1.33054
0.405116
0.572262
-0.269012
-15.9738
225.781
-0.25336
2.15443
-0.304651
-1.27398
-21.4846
-20.4185
-2.1144
-0.412323
0.145912
0.78506
-0.468039
-0.161355
-0.816083
5.20658
-2.39326
0.0423117
1.45103
-0.91469
-2.30458
-2.08774
-0.917422
-1.43297
-0.595809
-0.815352
0.973753
-0.165234
-3.00333
0.0304521
-0.0897813
-0.135425
6.20407
0.854877
0.651382
-1.1091
1.42471
0.0377529
0.337298
0.983445
0.661167
-1.68567
0.413311
5.97206
-3.71716
-0.385612
-5.41637
1.09142
-1.8768
-0.606189
-0.283854
-0.784707
-0.159019
-0.773745
1.1978
1.24744
2.79907
0.990007
1.62083
4.65355
1.33026
-1.26998
-1.11539
0.557648
1.20058
0.0224402
-0.972878
0.35393
2.69263
0.188882
-1.09439
22.5042
0.582873
-0.738353
-0.314372
-1.40089
1.22346
-0.21291
-0.0902001
2.7185
-2.69419
1.52251
-0.409808
0.634802
-0.65529
2.1583
-1.45439
2.01886
1.23987
-0.23318
-33.144
0.00619556
4.28332
-3.46261
0.658141
3.15997
3.0226
-2.42897
-1.71197
0.5773
0.843513
5.67435
0.796651
0.259225
3.34459
-4.41862
0.0854561
9.88657
0.364046
-1.91965
2.14605
2.90508
1.49965
-0.0637848
-0.569712
0.145718
1.64126
-0.202185
2.12706
-1.21432
-0.248786
-0.68978
-7.1807
0.219189
1.55765
-1.52578
1.44656
0.802809
-12.6739
-1.27306
0.794031
0.559146
-0.566857
-0.885504
-1.74229
-3.4589
1.53156
-0.637964
0.632914
113.176
7.73766
0.298093
-0.181211
0.653051
-0.157379
-1.29276
1.89765
0.232833
0.302999
-1.38247
-0.0345951
-0.0734407
1.43331
0.0176003
0.0165866
-0.184111
-0.304145
-0.809264
3.52146
0.150767
-1.6534
0.960263
-1.15421
-0.39578
6.79626
-1.49855
-0.334741
-0.0276501
-5.47375
0.66132
0.459883
0.112621
-3.35668
0.730893
1.22342
1.75832
-0.780896
3.07424
0.277667
-0.437743
-2.75321
1.7122
3.56386
0.0975022
1.55436
-0.324376
4.19928
-1.74035
0.889717
0.636849
1.07539
1.05765
-5.09866
3.72148
0.933173
3.7826
1.53071
0.846588
-1.23827
-78.7097
-3.5005
-0.959764
5.01826
0.551438
-83.3707
-2.33511
-0.641333
0.402568
0.345264
4.75016
-1.14021
1.39455
-2.08053
-0.687024
-2.17302
0.4056
0.302251
-2.12236
-2.42159
-0.216051
-0.608324
1.96743
0.852081
-0.610836
-9.28515
-7.01056
-0.164029
2.89617
-1.93942
30.6716
-0.926424
-0.256137
-0.824065
1.48272
-0.669566
7.10388
0.720545
-0.690589
-0.965562
-1.59308
-9.07791
0.656976
-6.7458
-9.29602
0.237772
-1.30145
3.60675
2.65519
0.172831
-5.54222
-0.265124
-0.629974
3.75582
20.6163
-8.88149
0.805009
0.928988
0.870228
-0.254605
0.121708
-0.752207
0.681538
4.71685
0.318118
0.487919
-1.19369
-0.030156
0.112826
-0.989096
1.50629
0.219684
0.992011
1.70948
-0.452827
0.0127796
0.0222328
2.46023
0.4982
-0.135272
1.24338
-0.632393
0.230419
3.54678
0.269336
15.7422
1.0244
1.01148
476.259
-1.04183
-0.85682
0.107221
-0.308614
-9.33973
1.57594
-0.0318923
4.9296
0.0104467
2.37568
-0.159387
-1.87092
-0.606745
-0.201465
-0.66922
-0.152096
2.65029
2.29907
-0.279878
2.0274
27.2589
0.195771
0.236228
-4.79404
-1.65283
7.31243
5.68099
-3.21263
-1.95024
-0.625369
-0.0582595
1.57404
0.134345
1.1457
-0.644927
1.49921
0.230513
-2.87692
-0.421363
2.70254
0.0353962
0.906761
0.309291
-12.7469
-0.0909513
-0.129425
1.35524
0.0501768
-0.983899
-0.54055
1.78231
-2.0087
1.26242
2.05102
-0.136886
0.589477
0.464989
-12.3205
-3.51085
1.00037
-0.595313
-0.3268
-2.37382
-1.49941
-0.184017
-0.297956
-1.06854
-0.263741
2.02845
1.42468
0.440053
-0.369458
0.714664
0.134431
5.65632
-0.790607
1.21154
0.0326823
-2.75809
-1.10672
0.130394
4.74435
4.48634
-0.603441
0.854993
-0.391791
1.57046
0.140454
-0.0395342
0.496319
-0.932224
-3.39099
-0.141973
-0.90962
-0.427169
1.14549
15.7565
-1.04119
0.087935
1.47915
-0.633021
-0.642841
6.2454
0.230044
6.32641
-0.999954
-0.0503598
-2.56369
0.0852157
-0.00287465
0.670394
7.71207
0.993189
-0.766676
0.738954
-0.527823
-1.50104
2.78223
1.13715
-1.03612
-1.70716
-1.84324
8.23614
-14.8831
-1.09572
0.638028
0.127721
1.14353
1.12442
0.521006
0.903523
-0.752726
1.35843
0.606576
-0.153621
-3.15657
1.02399
-3.26321
0.953649
-1.57631
1.39171
0.755674
-0.333143
0.0536421
0.746234
-0.899747
0.414576
1.43494
1.10904
1.6806
-0.661096
-1.07309
1.61474
-3.16332
-0.543991
-0.54553
-18.7999
-0.246127
-0.960025
-13.4762
10.3095
0.262387
-1.15975
-1.09405
1.05775
-0.441036
-1.47465
0.0656473
-0.472882
0.123809
3.17092
1.58298
-1.22585
-0.272646
-2.40474
-1.05551
-13.3485
-0.770678
-4.20507
-1.40127
-0.313263
5.52727
-1.38661
-2.22848
0.0261924
1.73656
3.10095
-0.0311292
2.88199
-0.0685624
-0.606511
0.980385
1.19848
0.871109
2.94243
0.633577
1.62427
0.910844
-60.7651
-0.88071
0.498986
1.28651
-0.173543
1.16376
3.8284
0.439763
0.0019138
-1.26898
1.11607
-1.58286
-2.69857
7.82085
2.88063
-5.17266
-1.17859
1.04277
-0.278182
-47.6221
-0.802019
0.875819
-0.336821
0.361689
0.157671
-0.339619
-1.28207
6.16106
0.794208
-3.49565
-1.07222
-0.429713
-4.67941
-1.25359
6.81271
-3.03434
-0.0841543
0.258767
-3.25821
7.86274
0.610285
1.2517
0.29202
-0.0492987
-6.75407
-4.81766
-3.93852
-3.41796
-1.49989
-0.403462
-0.359786
-0.12777
-0.983311
-0.45802
-8.57461
6.10571
-0.944751
-4.11408
0.119959
1.89096
0.197848
8.83547
-0.752596
-3.25501
2.15234
-0.342888
-0.432599
-0.828659
1.70636
-0.987472
9.76579
0.0760539
-0.267089
0.88486
-7.53338
0.284827
-2.47545
0.37933
1.73399
16.6845
-0.423225
-0.627395
-1.10165
-1.77438
-1.38712
-30.4562
-2.02854
0.175
-1.32229
-0.844479
-0.453699
-0.0548924
5.86772
0.608192
-0.231049
-0.679811
4.7902
-0.478886
-4.13499
1.33377
-1.59529
1.32645
5.80645
1.08366
-0.0731032
0.746511
-0.724248
-1.17325
-0.901195
0.617476
0.946211
0.266809
-0.292796
0.873361
1.19337
-0.35932
1.28295
0.8063
-2.47682
78.9199
-3.43299
8.19783
-0.36106
-0.124155
1.27989
0.378545
0.786566
32.0024
-2.81282
-16.1424
0.542674
2.76304
-0.568668
0.542216
38.0854
0.211782
-1.36055
-8.37094
-0.550858
3.45425
2.10561
0.218796
1.5915
-0.00290062
1.86903
-1.11067
6.77714
-0.0438408
1.84525
-1.59086
-1.15938
1.04253
1.01059
0.985922
1.40128
0.962763
1.99391
-0.197074
-0.574608
-1.30472
4.91344
0.77527
5.69759
-0.864124
0.51093
-0.0966317
-0.0132574
3.07881
0.295027
-2.10968
-0.843041
0.194191
1.08054
-0.912745
0.469776
-1.53035
-4.30749
-0.0163554
-0.752363
44.9122
-0.448999
-139.985
15.4079
1.12894
2.35358
-0.0704942
-0.914732
-0.200526
-1.6718
0.943207
2.78621
-0.209079
-2.66446
1.01995
1.17628
-0.292185
-0.355961
0.325727
1.43653
3.18906
0.150098
0.531159
1.40884
2.85846
-1.92014
-0.16962
-0.867571
0.264565
-0.508961
1.02154
1.42309
0.184802
-0.15905
-0.398174
3.79859
-1.0453
10.5982
0.0401347
0.435242
1.805
1.46354
-0.586216
-5.77664
-0.0530245
-5.94908
-0.762173
-0.2927
-8.50527
-0.638883
1.60312
-0.326761
-0.417475
0.222316
5.19004
0.123318
0.041053
0.530773
-0.850926
-0.144066
0.0734713
6.39703
0.923156
0.561657
0.259879
4.81235
-1.14166
-0.356745
-20.4855
-0.668167
0.553142
0.437198
-0.479144
2.9142
0.270825
-0.958534
1.65458
2.30021
0.415096
3.48995
3.20858
1.36323
2.69016
-0.0205241
0.31934
-1.64628
-0.211923
-7.02388
1.35705
-1.81326
0.0759565
2.80378
-0.619445
-2.09725
-0.132196
1.34857
3.4437
0.665923
-1.21601
1.19377
-7.56621
2.2441
-0.501912
-0.262256
-13.8035
-0.811861
0.149792
1.30747
0.00635719
-2.45391
-0.669252
0.313467
0.661507
-0.955435
1.93748
-12.4239
0.486666
-0.357022
-20.6622
6.53448
1.60616
-0.605349
-6.17899
0.430208
0.24053
-0.173196
-0.0404861
0.315254
5.50941
-0.395085
1.54303
1.39907
3.01024
2.19274
-0.673233
0.476175
-0.713349
-1.18851
-1.23415
0.000820475
-3.09615
-0.976781
0.500866
-3.32412
0.0562807
0.237148
-16.4001
-0.690839
0.395962
1.64075
66.5842
3.12475
0.610038
-0.0603954
-3.11677
0.357727
1.12172
-2.17258
0.271866
1.1493
3.47458
-1.38306
2.88266
3.74519
-1.85801
-1.3949
-3.24685
23.7812
1.29786
1.0093
-0.0894946
-4.38665
-3.94814
4.93236
11.1408
-0.707082
-0.824515
-0.374918
1.18086
-0.709191
0.175465
0.487144
-0.584137
-0.724074
-0.0554307
0.887216
0.324912
1.82754
2.31994
0.168479
-0.447622
-20.7189
1.32356
-1.08828
0.453961
-3.99138
-0.924183
0.407349
-0.257869
-0.490071
1.2694
-0.111527
-0.459907
1.36013
-0.215805
0.811779
-0.0532918
0.44429
0.127994
-2.43512
1.69409
-0.682729
35.4583
-0.613587
0.482497
-1.57388
1.14641
-133.02
0.0790022
0.113359
1.30756
0.11173
0.200246
2.45461
1.08121
-0.465919
0.843837
-9.68169
0.42258
-0.275652
-5.93802
1.0137
-2.73825
-3.39392
-6.29617
0.305176
-4.37854
0.0917425
0.170587
0.709135
4.54582
-1.0423
2.78157
-0.690327
-0.817404
-12.6401
2.3198
1.68589
0.11718
-0.91431
-0.802259
0.502741
0.679623
-15.6357
16.0399
0.153516
0.475016
-0.939106
-0.108437
-1.02107
0.210104
9.98111
3.28138
-0.485162
1.22459
-0.0289418
20.7045
2.33569
-1.73645
1.52157
-2.74011
2.02517
-0.518276
0.246785
-0.405572
-0.687908
-1.94745
1.0774
0.0441784
0.762492
-0.644362
-1.86763
-4.67366
0.0203796
0.663383
0.524948
0.609053
0.336004
0.884004
33.7557
0.0166915
7.91029
2.13018
0.127814
0.121553
1.57422
0.689796
-0.262125
0.739329
0.345805
-1.5807
-0.271051
0.241735
0.424899
-0.286795
-4.05625
-0.877811
-0.378062
-20.6979
0.676645
0.115126
-7.40614
-0.697284
-2.04105
0.0946182
-0.346343
-1.9189
1.09952
0.394315
-3.71539
0.327792
-1.8579
-0.489286
0.921758
0.10611
1.69929
0.638229
0.0437255
-1.42682
-19.9916
-1.42618
-1.06187
-7.47912
17.1169
-0.413969
0.0293068
0.301512
0.991843
-0.935473
0.971715
1.56293
-37.6341
0.592035
-3.05364
0.430475
-0.164003
0.0248472
1.77764
11.6094
-0.184875
-165.702
48.7421
0.84284
0.26981
-2.35006
-2.71012
0.59892
0.891052
0.258091
-1.17248
-0.0932678
-0.0884458
0.00731195
-2.635
-1.2415
-2.38335
1.0942
0.954564
-0.213449
1.1678
0.423819
-2.11513
1.02952
1.18899
1.57564
3.01786
289.592
4.44018
-1.53512
0.993617
1.71797
4.85565
7.11969
-3.73649
-0.479795
-1.67844
0.0358084
0.130042
-0.162787
-0.291575
1.30035
-0.185383
0.101402
2.70714
-4.01917
1.38061
-0.619674
-0.771761
0.756704
-0.725593
0.167129
0.408562
-0.470443
0.115697
-0.434523
0.0494691
-2.67911
-0.0268263
-1.86628
0.825279
10.8704
-0.621319
-3.67629
4.51809
-0.687098
-1.50974
66.3262
0.00335592
-2.54773
1.78465
-0.691841
-0.217352
-0.826061
-0.465844
0.790875
-1.7946
7.77609
1.68759
1.92928
-1.24575
0.673937
-0.191515
26.2615
-131.574
-10.2745
-2.26004
0.252327
-1.37828
-0.827195
-0.26301
0.378491
2.72164
2.57292
0.0219886
0.766044
-51.2985
-4.63871
0.814384
1.00745
1.03645
1.30565
-3.01788
-2.25635
-2.03562
39.8215
-2.24554
0.446803
1.38799
-1.16728
-0.980342
14.2355
0.0966841
2.40464
-0.709823
-0.437737
0.890165
0.721164
-0.687999
1.63751
-0.233485
0.891194
0.122039
5.33998
-0.210487
-1.06128
0.293745
-1.30707
8.67351
-0.071637
-1.11186
1.16619
-0.873125
-7.58298
-3.01919
-1.44137
-2.09981
1.01685
3.64191
0.398357
1.5502
7.45682
-0.302337
-0.285125
-1.84792
0.15012
0.0727212
-0.807078
-4.13285
1.12628
0.677686
-1.19566
12.2468
-3.26309
0.606608
2.72233
-1.49122
2.25405
-0.909669
1.01794
-0.356801
-0.160491
2.71248
0.117119
-0.127771
0.918447
-0.200963
-0.0813389
2.65926
0.689343
0.443841
-7.03504
5.09359
-0.0467569
0.879967
1.19437
0.833123
0.287649
0.376527
-0.277
0.177847
-0.673371
1.31108
0.754892
0.149306
0.389465
-2.05015
0.452554
3.08655
-0.430351
-1.78732
-0.387753
3.17507
-0.734652
0.526112
-59.3598
619.005
-0.401294
0.168671
0.908489
9.38693
-0.782167
0.0524011
-6.99196
-5.11575
2.14771
0.423303
0.358432
-1.89491
0.356067
-1.88059
-1.40576
0.0397128
-25.5105
1.74765
-0.0885722
-1.23456
22.4261
-5.86978
-0.108446
0.371339
0.194844
-0.843166
-0.783715
-0.180497
-3.15435
-2.34662
0.260775
0.204555
-0.959346
-0.214113
-4.43831
-0.275679
0.757194
0.473027
1.35648
-0.444317
12.7764
0.954392
0.53144
0.354148
0.476889
-0.457758
4.82977
-3.89545
1.29545
-2.32653
0.821527
-1.34622
13.4481
-49.9881
0.45737
-0.505191
12.5553
-0.653341
1.13096
-0.440141
-3.47927
3.72868
1.9498
-2.2755
1.37733
1.79444
-1.10551
1.0593
-5.34584
-72.0096
-1.54186
2.64726
-0.899092
-1.92717
19.2551
-0.866791
0.288086
-8.98704
0.107796
1.6981
-6.90616
-0.241352
-2.01432
0.2903
-0.441821
10.1733
-2.28854
-0.50943
-1.42064
0.632868
-3.67779
-2.51918
0.82706
0.555081
-0.354794
-1.03107
-1.36661
0.743672
-4.22955
2.09923
1.16979
-0.212604
6.09219
2.06624
-0.340456
-2.21983
-22.8841
0.448776
0.68481
1.13739
1.71097
-1.13454
1.11983
-19.7629
-0.116526
-0.343376
0.192697
-142.408
-0.439695
-0.788771
0.972702
4.52334
-2.17986
4.68119
-1.59719
-0.636339
-0.852859
0.426594
2.29723
2.18331
2.33167
0.234857
0.392269
-1.5568
1.27698
-0.474319
1.38719
-0.829231
-0.113173
-0.0515884
-1.88163
-0.129583
-0.47409
-0.823964
-4.46827
2.68524
0.218003
32.3802
1.69206
-4.92846
-2.22384
0.265953
0.0504084
3.2165
-1.60936
1.33663
0.528633
0.680078
1.16589
-0.538331
0.359268
1.35351
0.530037
-0.947404
5.14751
-0.793241
0.0613225
1.9158
0.827938
-3.40964
2.41227
2.58454
-0.0262581
4.6732
1.24291
0.678364
-0.569483
-0.113866
-5.46245
0.711377
0.757951
0.575205
-0.468883
7.37703
-4.9854
1.59754
-0.0905172
1.216
-0.579961
-5.33318
-5.34
0.640527
0.206846
-19.932
0.438259
-0.940573
0.383801
-10.4116
8.26614
-2.81945
-0.72392
0.00891661
0.0394148
-0.429496
0.352143
0.114872
0.437981
14.4591
1.27201
1.36326
0.0796823
1.6099
1.62855
-0.279341
4.10767
7.88544
-5.13626
29.4802
1.8099
-2.08904
0.592498
0.199683
1.39282
-2.79084
0.38638
1.5564
-2.74957
-3.2407
-5.99887
-0.10579
3.22641
0.704232
-2.44259
-2.82088
-1.8457
-9.24022
-0.460828
-2.66337
-0.75998
-1.07006
-12.1114
0.765719
0.636082
-0.525654
1.71963
-3.32658
0.385193
0.481584
-5.9612
1.26994
-0.758239
0.144099
-5.18174
-0.258078
-0.80219
-0.175989
0.737875
-1.02807
-2.19357
0.669468
-1.34967
-3.72028
-0.892468
-0.691945
-0.600536
-0.881636
1.97841
0.14765
-2.53909
13.081
-1.51658
-1.24372
29.619
0.00166709
2.53988
-0.0452183
1.11777
1.41589
-0.761414
-0.383669
2.81763
-0.826043
1.24491
1.28843
-2.00706
0.265035
-4.22984
0.171537
2.9894
-0.447221
-37.8665
-1.41683
0.0129149
0.356953
-1.33619
-0.241772
5.0164
1.43232
-0.330291
-3.69631
-0.16793
-8.75279
1.7395
0.778359
-0.934957
-0.102545
1.40556
0.639757
1.91022
4.66227
-1.46611
4.19145
2.39507
1.88326
1.55825
18.053
-0.489196
0.959704
-1.22384
-0.289102
-27.6953
0.115433
-4.70732
0.375308
-0.119355
-0.103084
10.0556
-2.89063
-1.49246
-0.6593
-8.79534
-2.53104
21.4435
4.32732
0.14406
1.07169
-0.627239
-0.480333
-0.686967
0.614393
0.733518
-0.715646
-0.25471
1.26667
0.787467
1.17064
-1.821
1.64915
0.0518847
2.17715
-0.331392
1.5959
1.88016
0.56585
-1.41096
0.89208
-0.0813389
-0.00819811
1.09
-0.455045
0.277542
-123.75
1.52778
0.755098
7.3566
1.33827
0.822353
-1.44188
0.453296
0.34578
-0.179952
0.476018
0.463976
0.967608
-0.00242239
-0.25349
-2.77771
-0.816975
-0.276711
0.980951
-1.06368
-1.61485
0.0750005
-0.935216
-0.881287
0.99829
-0.166983
-2.16806
5.50711
0.358841
0.244663
-0.115655
-0.864442
10.8805
0.149486
-0.391073
2.13227
-3.39475
-0.525454
0.741026
0.593064
1.78295
-1.90602
-0.941163
-1.42065
-0.216633
2.01441
253.545
1.00217
-0.920875
65.5874
-0.350535
3.94684
-1.15841
5.30347
-1.22741
-13.4231
-3.56695
-0.428616
0.0582949
-0.719211
-0.757985
0.315884
-1.02481
-0.247141
-2.75297
0.0549961
-0.312896
-0.671
0.50021
-0.325245
0.967123
-0.837187
0.379725
1.79707
0.98846
0.200697
5.03365
4.18646
1.27598
0.277929
-3.45108
2.79963
-0.972108
1.42574
3.21216
-0.606536
-1.48278
-1.66052
-1.58167
1.44749
0.312791
30.6155
0.699421
-0.539854
-1.46504
-0.516375
31.6814
-0.32163
-0.568929
9.11752
-1.88905
-2.88011
1.31671
-0.851796
0.992472
0.0971485
-0.662192
0.805246
0.633704
-0.722995
-86.1602
0.30192
0.91799
0.163522
0.986358
-0.878287
0.588652
0.235666
-11.5226
0.832861
-0.317162
-3.12307
-1.18909
-0.022723
0.924364
-0.552868
-1.34959
-0.0700332
-6.794
-0.246882
-0.519912
-0.542335
-0.475991
-0.280479
0.165422
-1.35976
-0.676029
-3.1828
-0.099947
-0.0110524
-0.341656
-0.714114
0.326194
-0.698299
2.3884
1.43992
-0.450299
0.201086
0.796133
-0.621015
1.04112
-0.306514
-0.269262
1.35556
0.362674
0.168612
0.241682
0.197477
-4.13794
-1.25052
0.650091
1.03067
0.912545
1.76912
-2.04893
-0.721326
13.1666
3.70476
-0.461663
-0.498309
-2.16477
-0.0309204
1.56198
-0.568532
0.189401
0.489914
25.4915
-0.768662
2.6047
-2.42316
-1.19909
0.0790623
0.0249166
-3.60746
-2.53279
-0.815233
0.654198
1.24087
-1.05416
-0.442153
-0.33993
-36.7463
0.831683
-0.146684
0.750448
-0.0208243
1.77937
-0.760312
0.170322
0.997551
0.129773
0.639454
-20.9328
-2.61412
-1.55796
2.62149
-2.52538
-1.04591
0.416667
6.53018
-4.81629
-1.07103
0.870978
-4.12879
0.377104
-2.34674
0.294786
-1.54066
-1.2037
-2.41038
-0.900721
-0.308085
0.628762
0.349657
0.556101
-0.23318
0.505958
0.537584
0.558269
0.716311
4.0643
-5.61453
0.366042
1.94093
1.32932
-2.00632
-0.262891
0.403665
-0.221712
1.42723
0.916562
0.760788
2.9413
-0.602633
1.61035
-1.03456
-2.49122
-0.122669
-7.56298
-17.4314
-37.0401
0.279245
1.61853
0.334693
-1.54009
-6.49747
-12.4386
0.761856
-0.678845
-5.62068
-0.743573
-0.376551
2.2174
8.47538
-6.42835
-0.3344
-0.436829
-4.31438
0.457937
0.614265
1.01252
34.6381
-0.27486
-0.414037
11.1585
-0.844654
-2.20413
2.7649
-0.522556
0.376994
-0.514472
1.49397
-0.267749
5.19844
2.05265
-1.14445
3.04412
0.159666
0.115295
0.789769
0.202684
-0.0413356
1.12724
-5.48893
10.6586
1.55149
0.498953
-0.600136
-0.512497
0.844604
-0.879684
1.19937
-3.10475
-0.349798
0.649335
7.74912
0.375822
0.0990523
-0.744152
1.09216
4.95534
-1.96738
12.121
-1.45642
0.756284
-0.142745
-1.07651
0.906768
0.579903
8.63042
-3.67393
0.168506
0.657176
-0.811549
2.65715
-0.639188
0.626016
-0.557973
-0.65994
0.616278
-0.622472
-0.0565635
-1.42158
1.38214
1.88236
-0.15823
-5.37573
0.934258
1.16043
0.236134
1.99487
3.61873
4.38132
-2.11652
5.58459
0.795339
2.05779
-0.243804
0.533254
0.848372
-1.05734
-9.13817
-0.306585
-0.0811729
1.65096
0.55268
-46.4596
-2.53916
4.14263
-5.94923
0.360646
2.22448
-0.803776
-0.146807
1.01011
-0.50056
0.411716
0.385003
11.1831
-5.64322
-8.92716
0.723326
0.0154925
0.674964
-1.15967
-2.04273
-2.39116
-2.2047
-0.076877
3.65911
0.241779
1.88499
-3.24657
-0.321838
-0.522445
-0.462113
29.1776
-0.241705
-2.64225
-0.293529
-1.8244
-0.476465
-39.5252
-1.67408
4.33957
0.796669
-0.156331
1.10613
2.84603
1.46894
-1.10178
-1.49858
5.11463
0.692082
3895.5
5.83481
0.0623063
-1.10478
7.56824
-0.515408
-0.929489
-1.03431
1.02041
-0.508788
0.9231
-0.0460703
-1.10995
0.453051
0.366818
6.73996
0.269437
0.618801
0.252055
-5.00793
-0.57982
0.552564
0.324495
-4.48872
3.6808
0.613975
-0.626178
-0.374659
1.1614
-0.551395
-0.047852
-0.534874
-0.352375
0.0183595
-1.07983
-0.0961114
-0.395342
-1.57367
4.52915
-0.595317
-0.593107
0.015362
-0.890752
-0.121146
-0.848223
-0.620168
-2.76768
-9.69392
-7.12806
0.88773
0.0264056
-1.05347
-2.15895
-0.136372
0.620929
-0.147974
-1.53084
-2.37528
-1.91925
2.21188
0.0955534
0.19884
0.0589547
-5.43866
2.21885
-11.5972
-1.08006
-0.553784
0.0998121
2.59244
3.5307
1.5261
-7.89435
1.76299
-0.419367
0.430866
-0.0335483
-0.257203
1.36782
-0.250467
-0.354169
-2.19597
-0.0305769
-0.921659
-0.602924
-0.092159
3.75543
1.39828
2.61723
-1.32802
-0.0658809
-0.549843
-3.64735
-0.878133
3.57291
-206.828
1.70105
0.719562
0.615721
-3.36819
-1.24241
-0.0185522
-1.95397
0.216435
2.25757
0.239963
0.133778
0.179106
-1.04038
-0.815024
-0.276123
0.808557
-7.78339
0.0620632
0.176326
-1.0032
0.700766
-0.176296
-0.0726805
-0.725244
-1.61878
0.879882
0.380603
-0.315984
-0.344378
1.54766
-1.91295
-0.277919
-1.06117
0.537274
-0.142046
-0.519143
-1.03632
1.0242
-0.738694
-0.0808066
-1.42818
0.962622
-1.87279
1.63547
0.900937
-1.6711
3.18332
-1.14128
-0.756169
-0.072378
0.346889
-20.2708
-1.85866
-3.13721
-0.453864
0.0764803
0.00147208
-0.0605757
0.510847
-1.33719
-22.1935
10.5481
-31.0634
0.0418826
-0.952232
-0.295813
-0.273509
-4.06254
-0.661616
-2.13723
-0.103604
0.394469
-1.28422
1.67899
-0.783408
2.0609
-1.8796
0.669332
4.92799
4.75675
84.325
-6.03268
-0.106735
-0.531482
-1.27117
-0.552458
-0.265629
-1.9015
-0.377846
1.38495
-0.284825
1.17004
-0.392954
-1.16635
-0.453096
2.38158
0.0401227
35.6013
1.70978
0.0567547
-4.9002
1.58693
-2.5392
-5.44025
15.1308
0.852647
-0.900142
-0.0289351
1.63678
1.65287
-0.663428
2.01873
0.924773
-0.814063
-6.49177
1.09373
10.0855
-0.91028
1.92637
-0.464623
-0.89724
2.03352
0.192739
-1.31538
0.237459
-0.247818
0.212846
-1.39952
1.65674
-3.6045
-1.76088
-0.449192
0.321426
-0.0891017
-2.7464
-1.80885
-0.249694
1.38207
-1.5856
-0.0433275
-0.287951
-0.273986
-1.61744
9.11135
-0.479831
41.8676
3.82849
2.49832
0.475586
-0.347875
0.57691
-0.272735
-2.29968
-0.386925
10.2829
-0.56976
0.0754753
-0.081062
0.359078
0.693328
-8.53869
-0.153679
0.149822
0.461253
-4.22268
-2.67099
0.706814
0.548823
2.46145
0.767598
0.513348
-2.8223
-0.410617
1.26477
0.60339
-0.0986389
-0.790867
0.271071
2.94782
-0.860744
-0.235305
-5.25217
0.320438
-1.86925
-1.70699
0.123663
1.07975
-0.385775
13.1682
-1.56348
-0.451544
-0.11545
3.80465
1.15249
0.413679
-0.128583
0.143306
-1.23653
-1.55427
0.146288
1.89794
0.625946
-3.81173
-1.22684
-8.17207
1.22111
-0.183926
0.587671
1.63199
-0.234714
0.659011
0.488675
0.765404
-2.83654
4.24341
-0.0969538
-0.557289
-1.65083
-1.01369
-0.843404
-0.448014
1.34712
0.74613
1.13525
0.619028
10.8188
-1.33189
0.780242
0.896772
1.19614
0.0427753
-0.609113
0.031202
-0.0623448
-3.10017
0.579156
0.283217
1.03018
2.61313
0.766975
-0.373414
-1.02256
-1.78536
-4.60024
-15.1157
0.909604
2.15758
2.4532
0.00562765
0.360959
-2.19216
-0.25029
-1.20039
-1.56732
0.36782
-0.850401
-2.0022
-0.903674
-3.3331
9.28973
2.7368
-6.82298
23.0095
0.288562
-0.199179
3.08233
1.64855
0.607862
-0.284576
-364.082
0.164849
0.66827
0.262977
-0.496379
-1.08158
-1.71335
0.287092
1.38232
-2.92652
-0.655385
0.480543
0.210179
0.432783
0.911336
1.00601
6.04669
1.46582
2.44753
-2.03798
0.516231
-1.50825
0.648131
-1.08089
2.26233
-3.82239
1.39815
-0.261999
29.825
1.7353
-6.83454
-0.474909
-0.242769
0.602026
0.516213
0.179166
-2.78539
-3.63049
-0.574559
1.7819
-1.60057
-0.945651
1.61424
-0.161211
2.6107
-2.74037
2.15988
1.10779
2.66336
1.10068
0.426808
-0.40327
0.616904
-0.203118
-0.564608
0.575001
4.37072
0.653437
1.52007
3.73452
0.816878
-0.961482
-1.05841
4.74132
-4.92173
0.0142895
-2.29059
-0.155733
1.22451
-0.458263
0.000908366
0.0339627
-1.24636
-0.291972
-1.69967
1.32551
-0.108826
8.91864
-0.846224
0.154097
0.853159
0.434629
1.94
1.32083
-0.654291
-0.169209
0.567616
1.49243
-5.5495
-0.965909
-0.0315844
-2.46433
-10.7115
-0.115463
-2.03674
-0.122806
-0.423037
-1.23154
-2.9212
-0.168225
2.32658
-0.657599
17.5911
-0.310774
0.138196
-1.93069
-1.20093
-0.663965
-0.0698243
0.147897
1.5101
-3.83601
4.69595
1.97057
0.619687
0.8616
-0.658448
1.10166
-0.154731
-0.309031
0.173166
-0.980177
4.1704
-1.06484
0.942944
-0.845404
-2.41675
12.4482
2.02989
-1.68059
-2.62861
-2.76591
1.69279
0.415257
1.88495
-0.504438
206.348
0.180476
17.0051
-0.634006
3.42203
0.0131866
-0.50646
2.10344
1.25658
-0.0869494
0.426332
0.095526
-1.83599
0.200039
19.5184
-0.286821
-0.914742
0.663319
-0.295522
-0.31838
-0.219616
-0.606072
-0.383541
-1.54527
0.964079
-0.146257
9.65144
-1.42303
-1.56138
-0.778717
-2.34192
0.0866464
0.753874
-0.0157184
0.100099
13.3409
4.91008
-0.975176
0.160602
-1.84655
-1.23027
-0.39251
0.357334
6.5829
0.752435
-1.4662
3.66035
3.06065
-4.41477
-0.792199
-1.36335
-0.304385
0.626384
-0.569297
0.895433
-1.09305
-0.0549911
0.13187
-1.76128
0.519684
-0.427434
0.207202
2.79334
0.65176
0.01818
-0.502421
1.47247
-0.373503
1.27762
-2.06197
-0.863155
5.48297
-2.60508
-1.35238
0.467152
-0.760735
-1.08401
-1.02928
-3.92084
0.251908
-2.07588
-1.43115
-1.24179
9.88132
0.609618
3.13683
2.01641
-5.29531
0.89463
-0.345958
-0.0545415
0.639493
-0.972777
-0.0464497
-0.201339
-2.29326
-9.49979
5.74297
-1.04274
0.5199
0.153399
0.711353
-1.11162
-4.04377
0.555873
-5.87624
0.81031
6.67194
-0.981113
-0.652346
-1.22145
-1.83749
3.39765
-1.41339
1.05392
0.290224
1.46517
-5.77692
-0.678631
-0.334974
-0.382024
0.14155
-1.76893
0.547016
-1.63817
0.138534
-0.977894
-1.0117
1.5569
2.02679
0.0564413
-0.536117
5.20164
17.1114
-0.440278
-12.3598
-1.37463
-4.21592
-1.38144
-0.0510656
1.75349
-0.0686224
-1.23504
0.532499
0.21879
-0.291841
-0.0885017
1.12564
-3.74544
-1.7305
5.11472
117.149
-1.94846
0.0154163
0.405623
-0.88131
-1.05818
-0.12009
0.279249
2.80454
-0.31954
-0.999055
-0.758061
2.16041
-0.118579
-2.51473
0.349398
-0.434323
1.33624
0.022967
-0.178054
-1.18252
-0.973523
1.47305
-0.381331
-0.601456
1.55302
1.3961
-0.337027
1.02901
1.32734
-6.03921
0.691136
4.05445
0.115653
0.85211
0.19288
1.13644
0.93979
-5.14511
-2.00197
0.120487
-2.57869
41.7088
1.33695
-1.05265
-1.6742
0.0699126
-7.77616
-1.38732
-0.181026
12.8256
-0.731359
0.411014
0.485529
4.22569
7.80501
0.105078
3.23188
0.299343
-1.05718
-21.1067
1.11463
0.0370957
0.519455
-0.116517
-5.95828
27.6298
0.314626
-0.771074
-18.4589
15.1192
0.0992455
1.6209
-0.295245
0.187263
-2.65949
-1.48653
0.626226
-8.11127
0.76358
0.198864
0.0864649
-0.174156
0.283452
-0.307967
-2.11799
1.53375
8.97574
-0.589103
5.63205
-0.633979
-0.223958
76.3428
2.19428
0.114811
2.86271
-1.08553
0.166044
-19.7054
-1.10874
0.0263398
0.86329
-4.2188
-0.918906
0.419666
-0.171963
-5.05711
2.94873
-0.538207
-3.9482
0.47331
-0.135858
-0.206651
-0.177458
-7.38721
-0.313235
-10.2977
-0.432372
0.708674
2.16655
-3.94993
-0.407657
1.10398
-0.810792
-0.144499
0.740061
1.34038
25.4634
0.0667728
-0.0408016
3.04271
-76.3579
-3.30285
-1.07359
-0.119889
0.223251
0.266648
0.490608
0.082324
61.3298
5.79779
-0.402324
-2.60761
-5.15895
0.275689
0.134006
3.31786
-0.241416
4.28234
-0.0525024
0.489601
-1.66059
0.214274
2.40533
0.1502
0.559784
0.531376
-0.435669
0.9577
0.590182
1.83464
0.813208
0.0692953
0.0488613
0.594793
-0.52692
-0.280507
-1.14204
-1.07002
-0.430396
-1.51821
1.32483
0.444782
0.108865
0.632546
-0.357329
-0.0252541
1.28947
-0.781595
1.41624
-12.5904
-5.36959
0.690067
1.53728
-0.728114
2.93927
-1.33872
-0.243422
-0.529133
-0.669517
-1.91754
0.795612
-0.512439
-3.11054
-0.705974
-0.287466
0.982352
0.189017
-1.20843
-0.444565
-5.25649
-0.537747
3.51884
-1.25478
12.4581
2.75222
-0.214516
-5.04311
1.40264
-0.288346
-1.10798
-12.5004
-4.42296
0.383967
-0.567782
2.20171
2.2715
1.2719
-0.388441
-0.955464
-7.47385
-0.498713
2.3248
2.01571
0.0617497
-7.8388
0.804363
-1.5401
-0.606813
1.87906
3.59348
0.296267
-2.68957
4.19818
2.41079
-1.32507
1.26728
-0.778054
-0.300277
-0.144017
-2.5671
-0.316028
0.222281
1.27529
0.979689
-0.518517
-0.839367
0.477654
-0.700701
-1.27794
1.16135
-22.2438
2.0808
2.19111
-0.65607
-0.796703
-1.46396
1.15135
-0.898157
0.431291
1.51741
1.37483
4.16543
-1.20207
-1.26974
-4.23381
-1.60401
27.0399
3.7461
2.22454
4.43244
-0.508002
-0.4236
0.399693
-1.09601
-1.18991
-0.984982
0.957663
-4.77976
1.1267
1.53126
3.99278
-0.554236
-6.30172
-1.4437
-1.5703
-0.961564
0.50038
1.3081
0.823264
-1.21054
-8.66943
-0.346142
-134.895
1.53737
0.836051
3.14504
-4.7892
-0.321318
2.86141
1.1233
0.260282
0.326216
-1.39193
3.73215
-3.23761
3.06975
3.98162
-7.59932
-0.399808
-0.247833
-0.748246
3.57501
-0.46873
-1.93815
-0.581149
1.07725
-1.37779
0.103317
0.564129
8.81112
1.1871
10.3225
-0.48087
9.48205
1.06196
0.168411
3.03039
-1.95872
-9.18963
-3.70444
-0.262347
-0.267821
-1.28457
1.58294
3.89887
-0.665511
0.154104
-9.84469
0.753672
0.0889981
-0.60009
0.199221
1.92788
-5.80141
3.30887
1.45572
1.28325
0.350371
-13.7235
4.63013
4.99878
0.592526
-0.382278
-2.26153
0.160864
-2.91202
0.760076
0.472262
18.2576
0.452259
0.34629
0.0640328
0.335882
1.1413
1.67828
0.697687
-0.860023
0.0238886
-1.21758
0.135754
-2.31864
-0.734508
11.8437
0.977937
8.66749
5.0481
7.66276
-4.98456
-0.0264808
-6.98662
-0.0804353
0.316315
1.78085
1.09968
-3.73352
1.86339
-0.368201
1.51332
-1.37447
0.746165
-1.70332
-0.416271
-1.7421
-4.61891
-1.29789
-5.74359
-1.44844
1.88537
0.00654063
2.05132
-0.998649
-0.0804504
1.17188
-30.0452
-0.407457
1.21049
-2.16085
-0.412549
-224.468
-0.823357
-1.9056
2.52652
-2.05192
0.0394206
10.4459
-4.27723
0.137783
17.436
-0.370754
-0.419521
0.615192
3.68778
0.0146328
-2.03201
0.888372
-0.446433
-1.57488
-0.494448
0.754238
16.1842
-0.533117
-57.7982
-0.18558
-0.411008
-0.416256
-0.240194
-1.81579
0.00817677
-0.834702
0.578576
-0.0284518
-0.85141
7.98094
0.216496
-5.54869
3.82532
-0.827961
6.16889
3.22949
-0.544327
-4.07171
-2.30978
1.28627
-1.68185
-0.357209
8.09411
-0.286832
-1.21999
-0.658954
15.8192
-0.925133
-0.746746
2.45885
-1.32837
-3.45886
0.313773
6.05395
8.95383
0.857684
0.977622
-0.561023
0.537635
-0.623593
0.307842
2.97078
1.78817
0.733923
0.00658398
0.383426
-9.91358
0.723163
-6.18926
0.230116
-0.50007
-4.26791
0.366388
2.07916
0.37476
-1.55166
-0.071517
-96.0884
-0.0668122
-0.0291099
-4.66677
0.0729371
0.69597
1.27232
-0.43206
-3.42158
1.14483
0.818514
-0.0767092
-3.41863
-0.761224
1.21952
-0.830334
1.41739
0.568466
-5.87293
0.728513
-1.18688
-2.23322
1.46052
-2.37052
0.13362
0.79379
-0.48857
-0.0674991
-4.59319
-0.28366
2.52653
-0.198842
5.47619
0.378352
-7.32303
-0.2924
-1.52887
25.9406
16.3979
0.559886
-1.48841
-1.41632
5.25483
-0.634109
-2.37678
0.624597
3.01106
1.60529
-1.67734
1.25244
-0.365834
0.676684
-0.62263
-0.550557
1.454
0.508659
-1.84718
3.1302
-1.64691
25.1192
-0.536447
-2.01008
0.317643
4.20929
1.43489
-0.256085
1.58491
-0.670571
6.20809
5.6834
0.477941
1.46356
0.992795
-0.972168
-1.38461
-0.197451
0.91741
0.56027
8.03776
0.174492
0.111963
-1.39589
2.93967
0.330554
-69.6858
1.11924
-0.344756
0.0117184
-4.47352
-0.840289
0.122405
6.73201
0.811704
-2.59278
-0.586331
0.944336
-0.355153
-9.13876
3.97819
-0.216418
-2.20855
12.0145
2.78082
4.52387
-0.347457
-0.0178094
0.942121
0.125733
0.553447
0.751064
3.14679
2.84589
-1.99676
335.371
0.715174
0.734829
0.61218
-0.934693
0.754195
-1.92689
0.348165
-0.9142
-0.193637
2.18205
-1.08398
1.98056
-0.780914
-0.156898
0.0717182
2.24957
1.10603
-29.4852
0.385594
1.3512
0.679262
-0.212609
-0.572256
1.21148
-0.862762
0.797622
-0.582218
-2.21265
0.152385
0.507172
11.7235
-23.006
1.01162
-0.503677
-3.45714
-1.38641
-0.208164
0.332215
0.675238
-1.47896
0.386207
4.77736
-0.535528
0.0553034
-0.169763
0.393139
20.8006
1.54907
-1.34012
-1.11674
0.168594
-0.232272
-1.12946
1.13408
0.433466
0.803941
-2.54516
-0.495993
-0.615071
0.950377
6.555
1.08611
1.27403
2.71752
0.334302
0.692227
0.901305
-2.05627
2.44086
4.93387
-0.471839
1.7538
-0.749956
0.0546391
0.383993
-0.261458
1.6649
0.199899
-0.0279133
-2.06223
2.58236
-1.91107
-0.292215
1.09181
0.247672
-2.03815
0.532815
-0.303254
14.2788
-5.14211
-1.32352
5.86605
-1.05583
2.13973
0.511788
6.60472
-0.234353
0.603727
1.41328
0.48281
14.2672
1.59974
0.386451
-0.479584
0.194482
0.419493
3.51269
-1.04373
6.37748
-1.91375
-0.733018
-0.019898
-0.524247
-8.02494
-0.517226
1.31083
-5.47247
-2.36942
0.488097
29.2282
-0.296992
-0.0493653
-1.29209
0.427933
1.52415
-1.44253
0.418361
-0.154192
-0.643256
-34.3891
3.21706
-0.939859
-1.12912
1.85473
0.917467
-0.147443
-0.280385
-0.0306649
1.47747
0.493334
-0.057411
6.99252
0.152257
-0.479084
-2.29566
-1.1662
-2.23918
-2.03531
1.22738
-4.72929
-1.64785
1.43173
0.937517
-1.34374
1.68216
-5.81511
-0.38912
1.92289
4.82238
-1.12748
0.652013
1.12952
0.286679
-2.99934
0.0897235
-3.62762
-2.45341
-0.968179
0.16108
2.38134
-1.18493
-1.08647
1.11838
0.110966
9.48593
-2.20961
1.25946
3.89003
1.38697
0.551145
0.831334
1.72485
5.26441
1.03855
-2.15914
-531.953
-1.09096
0.0493951
45.7533
0.996177
-0.997133
1.2139
2.40634
10.336
-0.604964
-4.61108
1.11385
-0.502299
-0.0579621
0.259321
-1.23602
0.351162
-0.0356439
-0.283943
-0.751598
2.02754
1.31509
0.792515
3.43926
0.748478
1.58121
-1.18944
-0.699852
-50.0686
0.311879
1.89292
1.45836
1.14823
11.3302
4.76247
0.677988
-0.292653
-2.54341
5.0336
0.685404
-0.853102
0.0669068
-1.21902
0.612135
0.86581
-2.30538
-0.867149
1.48344
31.0048
-0.741148
-1.11042
-0.917069
-0.638979
-3.97885
-1.20793
31.0715
1.38566
-1.14951
1.72687
-2.90933
0.656077
0.768578
0.876237
-2.08438
3.99575
0.191322
0.555783
-1.46969
0.423133
-0.43096
2.51676
1.6904
-3.42086
6.44773
-0.877744
-0.195428
0.818158
3.18346
-0.684303
-0.943678
20.1847
22.8187
-5.2983
0.135626
3.19367
-1.51955
2.44965
-1.55067
0.958214
0.672957
-1.97016
0.398745
-0.880466
-4.15792
1.86817
4.60136
-43.6454
0.954391
18.4734
-0.342492
0.660042
-32.4848
-1.73574
7.72565
4.60685
0.403832
-0.657272
-2.13204
-0.882966
0.447718
-0.519085
-74.6149
-7.91821
0.238578
9.24684
-0.19903
-0.588064
0.0542099
-5.62829
18.4278
0.87713
0.494668
-0.109279
-0.809927
5.34358
1.05487
0.299347
2.15201
-0.931223
2.88973
-2.73298
1.33386
-0.279479
0.825581
-4.07158
-1.21238
-1.19515
-0.253201
2.07401
0.150735
-0.466867
-4.26868
-1.33666
1.49608
0.444432
-2.1081
19.8298
-2.52614
-0.837823
-0.122938
3.95088
-1.23779
-1.77187
-2.59664
-5.01035
0.497699
-34.1678
-2.09696
-0.959363
-2.00994
-10.9186
0.541859
0.528304
-1.39286
12.5114
-0.0624398
-9.65254
-0.485733
-0.13393
-0.987869
-0.420866
-1.3193
-7.2448
1.16267
-2.35811
0.363803
2.55036
14.0405
0.096139
-0.300051
-0.953364
0.415914
-3.54653
3.45394
-4.59755
0.494701
2.39031
3.16412
1.59698
1.72622
0.0897637
-3.95614
-1.47534
-1.06698
0.466896
-1.04557
-0.0561625
-0.910085
4.68106
36.1795
0.472789
1.73512
-3.13055
-2.2097
-2.99674
-0.761553
-1.10627
-0.0228968
2.58378
0.404338
1.0281
-0.457047
0.453747
19.8446
6.24141
0.76896
0.536094
-0.537105
1.2381
0.355487
4841.02
4.60772
2.04183
1.50292
2.55985
-0.240466
-9.58009
0.465302
1.08447
0.974122
1.26608
-6.49352
4.23522
1.86072
-0.440693
-0.480952
1.78038
1.04586
-0.939838
-2.56032
2.8629
-0.267706
0.00374577
-0.858597
0.358154
2.88376
-4.12564
2.72245
-1.23736
1.18888
0.216869
1.00785
-1.04996
0.873025
2.11285
-0.490689
-0.521624
0.577243
-0.379934
0.655925
-0.599895
-0.37443
0.0825922
2.32939
1.1788
0.342573
1.21039
0.572948
-15.639
1.04477
0.0224899
0.87755
0.224653
-0.532009
7.64225
-0.219643
0.944349
0.94682
0.470391
-0.704404
1.2158
-0.429179
-12.0929
1.0077
1.92853
0.382241
-0.00280184
0.150165
-0.0264199
-0.33361
-1.29496
-3.33619
-0.389589
0.623727
-0.863096
-0.554837
-1.12918
-5.64537
-0.789734
4.49191
0.213791
-2.82255
0.586482
-0.510041
-0.96881
-0.874142
0.708544
2.2835
-2.5168
-0.820473
0.645763
-0.412572
-0.711388
-0.472703
1.61887
0.484631
-6.21694
0.790381
-3.3432
16.6809
0.392173
-2.3099
1.51263
0.834342
-2.133
0.156031
-0.908361
-0.351151
-9.46498
-0.4134
-0.233621
3.60763
-0.816045
-0.313614
1.63143
0.319123
0.806856
-0.56676
-6.82045
-4.98278
-9.02938
0.282078
-0.903086
-0.0599318
1.6802
3.44027
0.733772
-1.08748
-2.21128
2.30095
0.219997
-1.40214
-2.97534
1.00427
1.54317
2.3158
-3.05869
0.148407
-0.736242
26.9892
-0.72145
-2.6838
-7.0748
0.996053
-0.00542102
-0.879571
-5.2866
-0.391018
3.48804
-2.34762
-2.66805
7.86127
0.224706
22.6197
-1.0356
1.17318
0.921423
0.0684044
15.2994
-0.946852
6.52729
-0.753973
-12.3916
2.92921
1.27458
-8.2786
-0.206915
-0.510229
-0.00620106
0.204633
-1.71628
-2.3511
0.931206
2.6688
8.41708
0.235129
1.03348
-3.22607
-0.218244
0.451575
0.112814
-0.343085
0.485867
-6.78746
-0.817034
-4.47431
-0.404338
0.115457
-0.486976
-0.153945
-0.412311
0.519038
-0.313771
3.78046
1.5128
-1.00303
-1.63066
1.29945
0.724908
3.93462
-1.05136
0.14442
0.718576
1.61709
0.0235091
1.2014
-0.0535015
19.6747
-0.520452
21.0315
-41.5473
-0.574436
-0.831891
-1.26149
-0.0591156
4.02197
-1.77005
-4.42346
0.224316
-1.11431
-0.249349
-0.61018
-0.187626
1.1321
-1.58672
4.39035
5.83282
0.0269593
-2.66689
-8.46446
-0.644076
-0.525745
-3.40505
-0.0242416
2.60641
8.51863
-1.04199
0.341031
4.27071
-0.679967
14.4756
-2.29455
1.96028
-0.185248
-18.5964
-1.29843
2.68307
2.95608
-0.443177
0.102154
-0.120247
1.44462
-2.98883
0.584693
-1.14904
0.189876
0.960025
-1.04864
-2.10159
0.285429
10.6505
-0.529035
0.380145
-0.38275
0.500388
2.27938
0.865179
-0.132001
-0.919367
3.07633
-0.574591
-0.0296095
-3.11879
-5.2201
-0.365803
-62.9828
-0.363716
2.61537
-0.962966
5.68427
-4.02946
-0.479218
-0.386768
2.00313
-0.984902
-1.12966
0.018797
4.01813
-6.26584
-0.131688
1.10942
0.698484
-0.930438
-3.261
-2.7466
-1.56594
1.02862
0.407166
-1.81933
-0.498459
-0.274964
-1.77277
-2.53404
0.19974
3.19799
-0.961085
-3.03224
-0.9439
17.3221
-0.351811
0.121468
0.207599
-0.59286
-0.462037
1.85526
0.563203
77.8076
-0.165813
8.65172
-0.31042
0.0678308
1.60385
1.82444
-1.0804
-0.899346
3.51923
-0.177934
-0.571748
-2.03648
-5.00865
0.581081
-0.547021
-0.619005
-7.20286
5.15644
1.69034
-0.415686
-0.701582
-3.95377
-0.328215
-0.000388962
-0.935875
0.313494
0.161395
-0.462935
-0.211253
-1.14218
-3.43598
-1.34708
-1.14339
-7.58606
-1.72731
23.779
-0.04642
0.425455
-0.417643
-0.499584
0.600491
0.407364
0.0152338
0.572019
-6.14935
-0.462887
-1.4832
0.169949
0.417745
-1.38098
-0.0157994
-0.653627
-0.862121
1.098
-2.72774
0.307306
-0.118718
0.0865486
-2.20724
21.5223
-8.01581
-7.23938
-1.29166
-0.430664
-0.943491
-1.00082
-1.77904
-1.86239
2.32076
5.78158
-0.174133
1.28171
1.5169
-0.931094
-0.637814
-1.69877
0.393918
-0.36776
0.972891
1.31443
-0.0142879
-1.53874
7.37421
0.295003
0.517122
-4.5411
-1.77067
-5.90815
-0.116341
-0.224964
-5.33216
-1.19934
-0.134867
1.93699
-0.551501
-0.251154
1.87314
0.411831
-36.905
0.615949
-3.39221
0.239823
-0.344119
-1.97794
-2.35665
-0.267436
-4.16474
5.43581
-0.385806
-0.569891
1.00586
-1.21403
-0.233203
2.47769
-45.164
-6.9871
0.926728
2.28799
-1.0602
-2.36041
1.20856
-1.07555
-7.01299
-0.328004
-18.1933
0.351706
-0.190723
-2.79753
-1.32077
11.4668
-102.164
0.301364
-0.515043
-1.65609
-0.188962
-5.25674
0.496716
0.180808
1.3376
0.0055769
0.411385
0.110663
0.59557
-0.413495
0.231164
-1.3415
4.9846
-0.145138
0.201122
0.678164
1.69464
1.21962
-0.511796
-0.297495
-0.743439
-4.17512
0.712694
0.762195
1.46379
-0.605971
-6.07878
-0.50182
-0.232657
0.229292
2.95179
-1.02479
1.00625
0.52076
1.58529
0.38615
-0.289582
-1.88505
-2.02518
-7.08673
-1.84594
-6.65344
2.27327
-0.586728
-1.06924
0.879685
-0.289802
-0.51747
-4.92944
-0.00156554
0.376562
1.89397
-35.1344
0.233557
-0.0392435
-0.874624
-0.358633
5.67205
2.39199
0.574287
1.10885
-1.34873
0.127684
-1.43061
-0.287151
-7.63314
-0.355887
-0.331963
0.253292
-0.00454522
0.167973
-0.800021
0.38513
-2.51633
-0.15241
5.49046
0.918167
0.729688
-0.831066
0.333139
0.663539
-0.797019
46.1771
0.0620577
-0.908983
0.652582
6.45373
1.29599
-1.8631
-2.13955
-0.1066
0.121311
-1.99902
-5.75512
0.417002
-0.35949
1.18789
-0.224125
-0.559528
-1.07223
0.18932
1.27182
-0.839259
0.170566
-3.08144
-0.617029
1.27471
0.107525
0.548537
1.47022
-0.939189
0.26194
0.561595
0.510318
-0.73609
0.0716372
0.0806858
12.4709
7.02582
159.981
-0.248983
0.625272
0.064495
-1.97934
5.93316
-2.80323
-2.05063
0.132699
4.41976
0.451606
-0.0979158
0.18376
0.818013
0.174055
0.0250904
-1.29829
8.68662
4.46972
-0.990286
-1.94371
-14.0827
-0.170739
-33.2253
6.26349
-3.72665
4.46934
-0.25755
-1.45484
1.6388
-0.162333
1.20447
39.1323
-1.2212
-0.162049
0.649682
-3.22026
-0.763557
-0.363389
-0.293761
-7.92655
-2.29229
-2.06688
-0.62564
-0.442067
-0.817023
0.0101485
-0.194109
-0.557535
-0.41968
-1.00809
-2.84083
2.60479
-3.1935
0.512664
-0.377556
-0.609511
-1.27827
2.06596
-0.602165
-0.0202187
-0.547111
-6.11367
-1.68526
-3.65765
-1.3352
1.37089
1.41237
-0.783491
-1.3471
-2.53775
1.11376
0.460878
21.4405
-47.9682
-1.91708
-6.4743
-2.04337
0.491284
-1.44772
1.91475
1.04006
-0.689346
0.0504957
0.129485
12.7193
46.1433
0.123832
-0.527974
-0.92615
-2.02708
1.26211
0.17817
0.675773
0.272525
1.35502
0.5638
-4.54088
0.21393
-1.07035
-0.46088
5.65201
-0.138444
-0.503375
-0.178524
0.922966
-0.859177
-3.18534
-2.56512
1.43989
0.921814
0.761793
-2.16273
-1.20767
0.27493
-0.777887
0.787789
2.06594
-0.266312
8.72587
-0.2346
-0.453522
1.44542
-2.79376
-5.07696
-0.910383
-0.722685
3.65028
-7.90218
-1.92755
-0.325547
-0.927802
-6.44567
0.147965
-5.64442
-5.01925
-0.644134
-0.000816578
0.938529
0.565119
5.08963
0.629952
2.1599
-0.756672
3.16243
-0.245988
1.59961
18.0089
-1.41225
0.866253
-1.94595
1.38021
1.0234
-0.98529
1.19134
-1.3815
-0.00178299
1.44451
-0.0631901
0.171437
-3.57655
-2.74306
-0.844943
14.9835
0.247703
-2.85134
-331.114
2.0091
-0.542013
-15.6662
-2.05912
-0.755391
0.0479842
-0.926573
-0.0922319
0.87142
-0.0328961
1.50649
-0.00832802
1.49565
-0.943439
0.567946
-0.116996
1.13984
-0.305407
0.920617
0.0255016
1.47852
-1.21024
10.8192
0.297496
-0.377
2.40173
0.193204
-0.924765
0.428477
-0.0579112
-0.0527244
-24.0405
0.00599834
4.74799
-0.571824
-0.192971
-0.831148
33.8249
-3.43281
2.16435
14.3117
-2.3097
0.329447
-2.5003
-0.889418
-5.28865
28.6264
-0.616716
-0.142273
6.6339
-0.167612
-0.160697
-6.61884
2.65526
-1.53231
-0.602173
-17.2278
0.374145
0.959993
-2.53666
0.376357
-1.14215
-1.10304
0.499069
-3.29054
2.56688
-1.34676
0.334414
-1.1106
-1.27919
0.0155445
0.551499
2.06507
-0.231318
4.98048
-0.243625
-0.0809179
0.534729
0.484548
1.79034
-0.235833
-2.38832
-0.0613851
21.1715
-3.5336
0.744602
0.913368
1.27623
1.1735
0.324642
0.433586
0.221892
-0.101862
-1.61227
-1.30574
3.87434
-1.69982
-0.38474
0.231764
4.30709
-1.05317
-0.33981
-9.11136
941.242
0.433606
-3.86533
-0.959823
-0.510312
-1.94712
1.27316
0.720805
-1.3151
0.179177
-0.114649
0.321843
0.0532825
1.15213
-1.66055
24.5718
-0.684517
37.0867
0.26329
2.06732
-0.246604
-5.89541
-0.0261084
-1.96095
-2.45773
-0.31977
2.78081
3.97153
0.473429
0.933891
-0.748226
-6.8936
-0.384409
-1.14332
-0.128298
-0.939544
-0.253027
-1.34133
-0.676302
0.471386
0.207675
-0.888284
-2.243
4.48428
-0.256769
-1.70008
-5.8353
1.45775
6.26139
-184.791
-2.65632
0.122123
4.05946
0.990769
0.180086
1.38323
-0.899838
0.333386
-0.741167
-0.00927457
2.13998
0.214338
3.35449
-0.0638338
-1.33573
-0.72049
2.76289
-5.26428
8.2233
-0.884879
0.496216
-1.8076
-3.64862
-0.104768
-6.14347
-4.05731
-2.3575
-0.179409
0.174688
0.89626
-4.49505
1.17221
0.316333
0.424162
0.916654
-3.75546
-1.47074
7.84452
-2.08138
-2.31608
0.172922
-1.60207
0.318147
-1.97936
-4.30585
-1.24048
-3.39156
-0.106951
-2.56137
0.195794
0.0554293
-1.68066
0.00387168
-1.81104
-3.82589
2.70611
-1.11356
0.731816
-0.430235
1.73659
0.320506
-0.0930521
-0.444081
0.347121
0.396272
1.73941
-0.00318022
-2.09862
16.3458
-0.93758
-0.542516
1.65186
-0.121877
1.10045
0.455538
2.48957
0.850862
-1.07862
-6.47178
-0.0872482
-6.26906
9.9736
0.215061
92.418
-1.57124
-0.391188
1.04745
8.77553
0.405261
0.129952
3.11114
-0.476174
-0.323768
7.19665
0.430298
-1.42071
20.453
1.22455
-251.521
5.14223
-470.401
-1.42264
4.17223
0.234312
-1.46318
-1.35361
12.2378
0.124143
0.0190855
-1.56822
0.102504
-1.62462
-1.68982
-1.32774
0.0578914
0.129233
0.472494
1.63955
0.737928
-0.310413
3.41771
-7.07107
-1.13399
-0.449541
0.564708
25.5656
-0.470144
-0.844838
-0.508895
0.175215
-0.957523
0.834522
-2.21494
-0.0837298
0.48844
-2.14668
-2.32755
0.822396
-0.692857
1.26254
4.53656
-2.34979
-0.927442
-0.795439
-4.84761
-2.19384
-0.73992
1.48881
-0.561692
2.3583
-0.108704
0.438333
3.84484
13.7322
-0.456054
-3.52044
7.39802
-1.22585
-0.964893
3.82412
-0.156918
5.62454
2.74833
-1.69779
-7.67145
-0.772967
2.05894
-3.06223
0.817137
-3.00618
8.0135
1.85651
2.47629
-1.58839
-1.0586
0.0707809
-1.09627
-0.0119079
1.15021
-0.157421
-1.44992
0.679778
0.662796
-23.6882
-0.488677
0.249584
0.412595
-1.11564
0.449279
0.0868173
-0.465924
1.44212
24.5192
0.938095
-0.217078
-29.758
-0.00929084
-9.43211
-0.603837
3.29367
1.06268
1.45844
-0.448599
-0.0976379
-0.259918
0.160366
37.6379
0.728536
0.52478
2.11627
2.79684
0.756567
-1.09013
-1.63396
0.704106
-1.40139
0.464236
0.360334
-0.168682
1.0585
-2.12703
-0.067278
10.5825
7.24054
144.212
14.3082
1.75154
155.66
-0.324138
2.24669
-0.262932
6.20976
-1.21377
1.65271
1.86796
-10.9219
0.522947
-1.7449
0.523612
0.492472
2.59817
-0.0195214
-0.850532
1.17594
7.42154
1.01421
-0.962137
-0.866612
2.04967
-68.632
1.48433
0.538554
0.44648
0.119296
0.208007
2.20817
-1.59513
-1.4354
3.34396
-0.0505189
1.26866
-2.5851
-1.11711
20.1594
-3.95985
-1.82462
0.81813
0.0186392
-0.44951
1.34338
1.15876
-0.167651
0.949429
-0.782523
0.622492
-4.59899
0.442734
-2.08709
-7.22076
-22.743
0.663341
0.0441235
5.43841
28.0726
-4.36178
23.9166
-1.62077
-0.408546
-0.132449
-1.00138
0.405055
0.734239
-0.456351
-1.62427
4.58638
-0.977497
-0.00657583
0.787839
1.03858
-0.380976
1.02188
-26.5148
0.668393
11.0949
0.554163
63.752
7.59633
5.8734
-0.183348
-0.187031
0.423712
-0.678137
2.26939
-1.6405
2.53273
0.880381
0.953739
0.644435
0.2401
0.575863
-1.78101
1.30783
-0.417575
0.00849649
-0.412173
-0.840489
9.28528
-0.0497653
-0.469492
0.31597
-1.27552
1.96056
2.4926
1.50991
0.181259
0.458993
-2.58511
-4.81979
1.39724
-0.435724
-0.0172856
0.364847
46.901
2.59488
7.23254
67.3318
2.80843
-1.64116
-0.688682
-1.70259
-0.747153
-0.451178
6.32934
1.03386
14.7677
2.79286
3.64463
-6.09321
-1.68598
-1.02766
3.70806
10.6955
-1.53485
5.25323
0.277295
-1056.02
0.0930561
0.940722
-1.07169
0.233923
-2.74397
7.49787
0.736387
0.709337
0.250054
14.91
-0.202891
0.81419
0.453887
2.85619
1.02953
0.310478
0.605809
0.359784
-1.7785
0.917636
-0.773376
1.14762
1.52805
0.789369
-24.9341
-1.16489
-1.59814
1.80564
0.224933
-0.632683
-1.53432
-0.267127
1.24166
0.201579
3.4375
0.237755
0.0376878
-0.207373
-0.207273
3.02713
0.522262
2.09191
0.29026
0.229629
1.05597
-3.30849
-13.7088
0.114316
-0.732565
-0.00964719
-15.8131
0.077148
0.193215
0.658265
0.0964758
4.04694
0.482813
-1.04896
-16.7483
0.176175
-10.0843
-4.27554
-1.02983
-1.74785
4.48239
1.25001
2.27029
-0.559798
1.23496
-1.25342
-0.774564
-0.0468646
1.04393
4.32154
2.99258
-0.450794
1.24258
-0.182192
-1.26981
-0.968871
-2.58802
1.63439
-3.30927
-1.15654
3.07928
0.655214
-1.95868
0.488649
0.0303769
-0.261816
1.72615
-0.340513
7.51982
1.42633
-1.48022
-0.717584
-0.617514
-8.33066
-1.48303
-0.400418
-0.827114
5.60057
-0.525268
-0.263924
-0.78543
0.636903
-1.90199
-1.35072
-1.61168
3.69286
-1.55528
-0.430711
0.594215
-0.771945
-0.118645
0.861405
-3.97941
2.37613
-9.33858
0.52446
0.476273
1.7813
-0.717162
0.277674
-0.676002
0.131388
-0.19243
-2.24381
4.50818
-0.568339
0.114817
0.295553
1.29991
1.42983
-0.213035
-31.4967
-1.07326
-2.79579
-1.16806
-0.193648
0.169512
1.53076
2.13663
1.33722
0.94154
3.50061
2.17629
1.51294
0.641543
-0.996446
48.7475
0.189649
1.82401
0.379209
4.00414
0.203503
0.714056
0.090756
-0.657599
-0.78347
-0.603743
0.590832
7.64496
-1.91407
0.0776355
2.0515
0.220245
8.26522
0.0235628
-0.09633
-1.06476
-0.15838
10.0031
-6.11626
-4.06304
-0.515166
6.14536
1.49632
-0.693111
8.19612
2.24387
0.525657
3.8366
-0.265072
0.586581
-1.02865
12.9339
-3.01733
5.52441
-1.12889
0.873669
2.32947
-0.54928
1.91919
-2.42422
-23.1854
-0.70223
-1.06738
5.14809
-0.820908
-0.652132
-0.121714
-0.0185656
-3.66701
8.30197
-0.887133
-1.9083
-0.19552
0.910879
-0.0750353
-0.179484
-1.2431
-0.662729
1.1271
1.75861
2.32299
0.406908
1.84129
1.65592
1.54611
-0.394394
1.15512
0.849382
-0.10576
1.03491
1.02649
4.64233
-2.15665
-2.07843
0.100241
19.4037
0.598866
-0.119328
-0.797155
-1.32903
-0.68266
9.41146
-1.20406
-1.38346
0.211548
1.02047
-1.14602
-0.636545
1.00999
2.33089
-5.39691
3.27643
-2.83084
-0.907317
1.81082
0.451152
-1.6041
-0.594728
1.45455
0.965653
2.58985
0.907033
1.00331
0.457773
0.00112426
17.4595
5.39261
-2.31349
-0.939473
19.2738
-2.40574
1.35719
0.680041
-0.0287092
-1.82791
-1.00172
0.901923
-2.35299
-0.714304
-0.415896
-5.58109
2.0127
0.469295
-0.466927
-0.565461
-4.05714
-3.10844
-0.595915
0.600973
-1.24757
1.59581
0.848692
30.6973
-0.729002
0.182439
0.346093
0.375682
3.31208
-0.672823
1.92312
-1.74823
0.153898
-1.0506
-0.180536
0.59533
0.131592
0.916911
-2.97273
0.555409
0.00424318
0.0099555
-6.28584
0.655668
-0.524005
1.47156
1.06635
0.0163537
0.597107
0.234189
-34.1101
-2.36944
0.266475
6.46794
0.893553
-0.129628
0.707532
0.852455
0.633648
-1.34393
-1.26978
0.414627
0.407843
-0.635858
-3.93507
-1.1611
2.75496
-1.18064
2.87348
1.10214
-0.447912
-0.792655
-0.332821
2.24716
-1.81145
2.04205
-0.586295
-2.0137
-2.59334
4.93496
0.822414
-1.84178
-1.14872
1.02318
-7.54081
-0.0722203
-0.820396
-3.1839
-1.02295
0.19244
-3.5745
-10.2115
-5.57891
0.569849
-0.712183
-0.240393
-0.861341
1.88626
-0.797291
-2.62895
0.409177
6.26957
0.110243
-1.03955
2.54587
1.78651
0.244879
-13.9544
0.562769
0.739795
0.507365
0.0707812
-3.8219
0.766434
-0.0843998
0.925683
1.2122
1.21611
0.915998
1.2231
-0.340339
0.868561
-36.7103
0.536848
-0.568742
0.439814
-0.483593
3.94405
-0.635747
1.17725
4.42227e-07
1.27426
0.00455894
-1.85661
0.48259
-0.139238
-2.06774
0.655898
0.596938
1.79937
2.36527
1.2755
0.29989
0.288104
1.33122
1.06312
0.0426964
-4.68247
-0.0529732
-0.129409
-0.278628
0.817505
0.272678
-0.198139
0.782992
0.932075
1.5714
0.469938
-0.313048
-8.2286
-1.30008
2.4831
7.93437
-0.834945
-2.21128
-10.0452
-0.00124173
-0.159736
-0.305835
-1.8768
0.898523
-0.219519
2.58712
2.18553
-0.450848
0.51921
0.540851
-2.20562
2.21503
0.00640373
2.73658
0.241559
70.3633
0.456937
16.2942
-1.24358
-3.09233
2.22328
0.439343
0.362028
23.2456
0.723944
-3.51428
0.652667
-0.626865
0.711797
-0.453993
-1.33758
-0.080867
-0.575579
0.0354196
1.83762
0.467478
-3.78144
0.983461
0.214153
4.15736
-32.8852
-1.09953
-5.39257
-0.403022
-0.967014
2.93337
-88.307
1.06924
0.708788
9.16702
-1.50416
-1.8243
7.05544
0.331614
-21.0009
-0.0298774
1.71975
-19.2265
-0.182711
-2.97442
-0.172704
-0.422776
-0.270189
-0.506903
-0.192058
-0.206353
0.071724
-1.39971
1.15832
-0.571906
3.13316
-3.06846
-2.91576
-1.12332
0.271627
-1.16278
0.647473
-3.32239
-0.989769
-0.425289
-0.0121871
0.0591957
-1.11983
-52.6642
0.521972
0.0434836
0.759212
2.39364
5.5581
0.171766
-0.696146
0.641029
5.23737
2.59893
0.136868
0.569124
0.2324
-0.489261
-0.745403
-0.174914
0.154353
0.470304
-0.0961064
-0.424926
-38.7625
-5.28248
-3.76148
-4.6107
-0.0849202
0.416565
-0.625891
-0.0855078
-13.4273
-0.469986
-0.503529
1.73043
-15.0505
0.529566
-18.7396
-2.40026
1.81793
-0.530568
-0.252623
2.1067
-0.867811
26.0764
1.08512
-0.0980444
-0.460899
-0.960603
-0.21739
0.574564
49.9965
-0.89356
0.431295
0.0838737
-1.83346
1.40533
39.2905
0.00863291
-0.841693
7.9324
-0.518248
0.623269
-2.83545
-0.327339
-1.05553
-0.190268
1.48704
-4.39944
0.542283
0.541978
-0.6628
-0.407987
0.130541
-1.24042
-1.29744
0.935981
7.71506
-0.45713
0.0939498
-8.14905
-0.548887
-1.51546
-2.29184
0.759643
0.779845
-0.231152
-0.0549969
-0.92239
1.16632
-1.44015
0.0751989
-0.271483
0.180688
-1.01924
-0.182294
-0.767414
-0.485907
-0.282655
0.840585
-3.78936
-0.194323
-21.7924
-26.8223
6.46436
-0.0328641
0.374143
12.7915
0.851967
16.2798
-1.17545
-3.75044
-1.05917
-0.726612
8.74852
-0.639276
0.618892
0.114515
-2.06077
0.033294
0.335134
1.48829
10.7222
0.240281
0.471983
-0.243641
-0.341996
10.4743
5.09459
0.73153
-0.0363424
2.68513
0.952791
4.8017
-1.42553
0.610287
2.68049
1.18275
-2.5875
-1.53273
-0.220817
-21.3683
0.244418
5.04376
0.106467
0.191116
-0.858194
3.32843
-0.941625
-7.97385
-6.43186
-3.05328
-0.701374
509.784
-3.82667
-1.32159
1.54739
1.18271
-1.07966
-16.2789
10.208
0.757931
-0.366775
1.62514
2.82148
-4.42099
2.93285
1.17947
-0.57998
0.992974
7.99191
0.00358631
-2.17858
-42.6344
0.216172
0.76407
0.913354
1.48108
-101.653
-1.00492
-1.08051
-0.302921
-1.48739
-4.54741
0.239998
0.698936
0.439432
-0.109609
-0.672779
0.476945
0.0801015
0.967768
0.533335
0.248493
0.195883
1.29954
0.818993
1.43175
-2.5972
0.814288
5.69168
-5.58614
0.404135
2.29299
1.53813
0.331443
-2.22092
-4.53064
-1.78435
-0.396477
0.814515
-0.503363
-2.38427
-0.0429221
0.900953
1.07034
-5.226
3.06057
-0.13334
-0.730776
1.42672
3.12963
-0.575502
-1.38626
-0.728734
-0.025023
0.605879
-49.303
1.0933
-0.927412
-0.265925
-0.00221287
0.784548
1.9208
-0.0590743
-0.422091
-0.365397
2.00847
-2.18401
-0.141677
0.00153229
-24.123
1.58981
1.50339
2.09862
0.312501
-62.5142
-0.957793
2.04341
-1.2345
1.95346
-0.978427
-0.682379
-5.20875
-2.65426
-0.582078
-0.83695
-0.835704
0.977183
0.520523
-1.37057
-110.685
79.8969
0.228367
1.68608
-0.076832
10.1814
0.844006
-0.927101
-0.856951
1.1402
1.8702
-23.7313
-0.584441
4.07438
0.0478894
-2.16604
-9.39869
0.259942
-2185.17
-0.80806
0.604835
-0.875921
-0.311157
6.59147
0.116189
0.0465365
-1.38068
0.0487184
-1.08266
-0.41621
7.23408
-25.5818
-0.421191
-0.419051
-0.894745
3.25268
1.78094
-0.210938
-1.68964
-0.874958
-0.197604
2.65886
-0.0828876
-1.1098
1.69941
-0.0684669
0.560114
-1.49376
-0.439604
6.25756
-1.54127
0.243713
-1.13449
0.955185
0.202153
-0.453582
3.4157
288.107
6.14433
0.757751
0.048768
-0.535915
28.5105
-0.104513
0.01039
-1.84629
2.11785
1.29241
28.0154
3.04
-9.9935
2.4413
4.65507
-0.76248
1.21683
-2.62039
-1.19276
-1.09858
-2.83942
0.801898
-1.88311
2.47529
0.115463
10.0856
9.27545
-1.45028
1.04958
-1.2245
-0.31759
0.674215
-0.191227
4.61106
-0.995055
2.57186
-2.92245
-0.344886
0.287319
0.048153
-0.855926
8.62985
-3.27976
-19.7434
-1.52453
0.0414145
0.976954
-1.37174
1.01151
1.38159
1.39766
-0.336507
0.409526
-0.30063
-0.366081
-0.429676
-1.84839
2.11166
-0.231663
-0.107809
1.12614
-0.16762
3.15185
0.216805
1.08339
0.262174
-0.362278
4.18112
3.30693
-2.56456
1.203
-0.0298182
-0.467241
1.88293
0.407167
-3.24976
23.4622
-1.67428
0.102238
-6.10468
0.0853271
1.09601
-0.875335
0.0703664
1.95232
-0.0144504
-0.1533
-1.15181
-0.149516
-1.91862
25.6082
0.293579
8.70532
0.0303365
0.746962
25.8483
-0.089912
0.055749
-1.11659
71.8497
-1.07102
-0.136391
1.19523
1.61229
0.585323
-0.648095
6.87792
-0.2955
-0.30391
7.0828
2.66522
-4.76806
1.13284
1.30092
-0.460917
0.0525654
0.762608
-0.967897
-84.1741
2.58232
2.82346
-0.543957
1.25462
0.341604
0.971548
-0.219271
0.194556
-0.839317
0.0874416
11.3327
21.92
7.47319
-0.525642
0.893892
5.07904
-0.0635981
0.209535
-0.589498
0.611983
-0.68822
-2.20375
2.2418
0.0147001
-0.0336862
52.9969
-0.150665
-0.902296
6.20698
0.623976
0.877409
-0.639488
-1.32503
3.48177
3.5488
-3.2987
0.961187
-2.97793
-0.820101
4.10577
10.4369
-7.59876
17.0873
-5.55241
3.24409
-0.148765
-1.08327
0.0500285
-0.349017
-0.11544
0.345542
4.76271
-0.276048
1.91155
0.076393
-0.595695
-11.5818
0.630033
1.89875
0.256127
-3.59613
0.0641675
0.622355
-1.13248
-0.0513052
-3.51609
-1.82192
-5.71422
-1.57165
-0.394613
9.13337
83.9259
0.603224
-0.0177695
0.763607
-0.736551
2.39982
0.0985836
0.306812
2.63313
0.434587
0.195883
-0.014597
-32.3078
0.076884
1.28995
0.653572
-6.69712
-0.178006
42.5074
-54.4621
1.122
-1.5456
-3.20624
0.0590596
0.169417
-0.415251
-2.3866
1.09608
-0.245553
-0.695062
-8.42854
-0.235885
-1.98355
1.72604
0.523385
-3.6896
-1.97953
0.251456
-2.31129
-1.64005
1.22907
2.1383
5.24594
-2.60078
-0.481752
3.39372
0.138586
10.0244
0.390599
2.64048
0.929173
0.563797
-1.83376
10.4675
0.764651
0.384669
-0.350265
-0.197972
1.82275
-0.128689
0.735382
1.54975
-0.141642
-1.26844
-0.154153
-5.01529
-2.17775
-0.520738
-0.0815689
-0.866262
2.0535
-0.0598699
-3.71792
-1.22766
2.93664
0.598946
1.57222
0.0880992
-0.640268
1.91766
-0.219345
2.73465
-4.24859
-0.024815
-0.206977
0.576649
-6.22916
-11.8073
-1.06145
5.34916
0.0467057
-0.526096
4.22294
1.47539
0.555396
-2.10357
-2.17894
5.72121
-1.00496
-2.02929
0.405842
-0.242284
1.32815
-0.329135
0.75782
-0.100636
-0.402819
4.7568
-2.17167
0.00550799
0.132406
0.632213
0.0223487
0.807066
-0.722035
-0.11337
-9.68859
0.450141
0.673512
-0.979975
0.077865
-6.56221
-1.33692
0.0369773
3.58988
0.552095
15.6917
-0.702759
15.6291
-2.43489
-2.46854
-1.58077
-1.40565
0.0320442
1.14855
-0.979436
-2.68174
0.140079
0.228599
2.92152
0.811565
-0.46183
0.12311
-0.793331
0.549956
-0.555683
3.07275
-7.67484
0.888205
23.3887
-0.765623
2.26231
0.446202
0.0841713
62.9036
0.789751
4.29601
2.96975
128.292
0.521017
-1.21869
1.15662
-0.106414
-0.315119
0.110535
6.41672
-3.07918
2.46534
-0.588376
2.8312
2.58074
7.29883
0.567771
1.05443
-0.217193
357.842
3.17751
20.1499
-0.433337
0.121558
-0.559321
-0.207295
1.34473
-0.361993
-0.735425
-6.62496
0.83731
-5.96722
-0.139558
0.467089
-0.715983
0.168531
-0.716391
0.866123
3.42924
2.88269
-0.157745
-4.99234
1.14411
2.42772
0.253033
13.7521
-0.12274
-0.0161396
4.62312
-0.663638
-11.4348
0.657507
1.72272
-45.6143
-0.226667
0.41145
-1.93765
-0.468821
-0.0747469
2.65366
0.53847
-504.495
2.89072
-0.062056
14.7399
-1.15905
-0.0893279
1.06602
-0.763073
0.496504
-0.391092
0.374897
-1.20649
0.474662
0.522391
7.7614
-0.0863517
-0.651694
0.654395
-3.15834
2.09448
0.248737
2.5329
43.2153
0.360875
-1.37647
2.72331
1.76527
-0.0696235
-0.161381
-0.594676
-0.114912
1.82564
-0.733771
2.42561
3.18844
-0.325203
2.46235
-0.697362
-49.2718
1.3583
0.146172
-0.828512
-1.31791
0.646419
-0.442618
0.0479297
-3.09908
-0.515879
0.0247817
13.6693
-0.348854
2.19429
1.97367
0.413314
0.125776
21.4297
0.268275
-0.188134
-0.553325
2.2094
0.336308
-0.707258
-2.05458
-1.49447
-0.557349
7.77696
12.183
-1.61336
2.46255
4.63212
-0.212168
-0.19835
0.819772
-0.829949
-0.223469
-0.153814
0.182315
-3.63392
-0.385589
-0.82453
-0.398096
0.0835895
1.51906
-0.495044
-0.0288706
0.141079
5.97222
1.28692
-2.61895
2.00771
-0.329382
-0.030899
-0.594432
-19.1532
0.14972
-0.191202
-1.22568
-0.0380324
1.75514
1.24404
-0.228089
2.5296
-1.15804
1.85181
-1.61296
-1.45058
-0.842469
0.362693
-0.122727
5.39094
0.453564
-0.422285
1.16799
0.201231
0.152756
-3.59408
0.849847
0.751431
0.868863
0.658974
-0.94249
-5.43792
-2.44474
1.24098
-0.629422
-3.46904
-1.58965
-0.658866
-0.940081
-0.503171
0.0450313
-25.1387
0.598443
0.808878
0.305553
-6.09062
1.0341
0.939587
0.27238
-0.70881
0.0256032
-0.410235
-0.116933
0.701596
22.9729
-4.40671
-0.0213504
-7.71442
-0.652843
-1.87878
-0.0700167
-9.10482
-3.67274
-3.14685
-0.79837
0.708387
-0.42972
1.70875
21.2371
-0.661729
-1.16582
0.93526
-4.86123
1.35515
0.353704
-2.92512
-1.86019
-0.183078
0.816266
3.43532
1.73141
4.29981
1.21302
-3.99208
1.05854
-0.957564
0.990855
0.573733
3.79416
-1.71208
-0.14976
2.10772
0.392118
8.603
-2.12405
0.17016
-0.171808
0.833245
-0.572964
-0.436897
-0.374535
2.02927
24.4106
0.972
0.0425534
-4.98222
0.813767
-0.135572
1.18473
0.951141
1.04988
0.533079
3.94487
-2.50688
-7.35577
3.3905
-0.0870657
4.84567
-0.629934
-0.137003
12.6996
0.523815
2.74438
6.30707
-0.786509
-0.387098
12.2551
0.0126409
-4.91629
-0.0237011
-0.944614
-11.2777
-31.1606
0.178549
-0.751643
-1.04659
-1.1913
-8.18261
0.347617
-0.0830339
0.0111541
-2.79349
-2.8065
-0.678864
0.771897
-0.653553
14.351
-1.98744
-0.639299
-0.263957
0.341547
0.599742
21.0161
-1.93109
-0.551602
0.236093
-0.334556
-0.477789
1.8681
3.13942
1.89248
-3.14072
16.3587
0.26228
5.25151
0.668309
-0.112038
3.27313
-0.218805
-0.350977
1.23893
-2.58309
0.0389431
-0.660988
0.270044
0.211476
0.823389
0.209774
0.454228
2.16516
-3.61289
-0.0664053
-0.312564
0.535674
1.87157
-13.3625
-0.143331
1.26604
-2.7165
3.4691
-0.265068
0.00146144
1.79328
0.789538
-2.15638
0.685545
-3.67534
0.0955341
0.267128
-0.16521
1.51405
-1.78924
0.458554
2.10824
-0.953309
-1.48688
-0.109718
0.849103
2.14683
0.754818
0.678744
-5.00283
0.701906
-1.1282
0.46451
4.18603
-0.546006
29.6099
-460.161
0.316866
-0.788244
0.58247
3.88896
-0.277621
-0.662663
0.452494
0.537214
-0.0406036
-0.162812
0.847122
-0.491134
4.67077
-1.03404
0.730073
0.928637
-2.07251
-0.864255
-0.0524896
29.9129
2.57381
15.2596
0.0780875
0.0340026
138.987
-2.02478
2.45211
-3.70969
-1.08636
0.754844
-0.0493796
2.56205
-0.443848
-0.444637
-0.00723555
0.733519
-0.0456441
-0.887666
-0.583632
2.70034
-0.984866
-0.194842
-0.524036
-0.392906
-7.04638
-0.187693
3.86136
-1.42888
-0.054638
1.02505
-0.710388
0.00851234
-1.16751
-58.2304
-3.3852
-1.21888
8.68316
-1.85428
-1.33225
0.0648133
-2.59094
0.513617
0.142163
-1.35421
-1.60023
-0.621958
-3.95627
-0.200706
0.0722462
-2.30552
-3.54688
-0.89995
-0.47259
-0.00234969
-0.412215
-4.76302
-2.74217
0.30406
-0.894138
1.08347
-0.0610729
-0.750029
-7.56628
-5.40339
-0.77921
4.73712
1.27301
2.9917
0.835212
-8.94757
0.226512
-15.6008
-1.69815
-1.51485
-0.121205
27.5036
5.31692
1.64124
5.31816
-0.556623
-1.34513
7.13117
-0.809106
1.3623
-7.54934
3.62206
0.527981
1.14064
-1.07574
0.551395
-1.12167
-0.986789
0.118062
-2.37008
19.8211
0.0673136
-8.1994
-2.39184
-1.22611
0.384814
0.442375
-0.0181296
0.213871
3.92949
21.0976
0.9867
3.7864
0.260766
1.59187
-0.468011
15.3223
1.08957
2.06505
-0.119499
-3.36807
-1.16588
0.176281
0.645986
-0.248065
-9.94043
0.505764
1.13098
-3.63808
0.403515
0.345902
0.0114362
0.505916
-1.88943
1.29301
-3.93184
-0.676254
-0.939556
-0.404721
-0.338518
0.176584
0.335039
0.354668
1.14238
0.442351
-2.00007
0.228654
1.03419
0.934241
-1.21358
-4.03824
2.16811
-2.06852
-0.388432
0.507216
2.11489
4.74802
-16.6544
1.05131
0.292713
0.503411
0.922621
-0.497939
41.7494
8.10112
-2.23272
0.719793
0.545491
1.03668
-0.72457
1.42695
-0.414559
0.108714
0.479098
-1.04602
-5.50877
9.30951
1.12613
-10.7165
-2.10632
0.091566
0.633126
-1.4585
-1.25481
-1.0583
0.789553
5.82637
-10.5131
0.0937238
-0.543746
0.288866
0.517952
0.164844
-5.09916
0.13196
0.227545
-5.54993
0.0895801
-0.842638
-2.689
-1.13662
0.0443113
-1.21142
-5.13778
2.02969
0.0888911
-4.93978
0.0251402
-4.23259
2.51291
4.79772
-0.988459
-0.266802
-0.407218
-2.07832
-1.04366
-2.30776
3.68099
0.07907
0.859734
3.11657
-42.1369
-1.20176
1.67292
-2.2899
-0.199395
-3.23344
-1.03272
-0.381947
-0.672527
-4.05407
-0.334572
0.843237
-0.692205
0.645298
-0.275652
-5.92967
0.382982
-7.4191
2.65348
5.80426
-1.72134
-9.53814
0.352293
-6.24806
-3.23032
-0.97961
-0.678163
-0.458394
-6.13723
-0.19576
0.328419
1.90455
-0.0441822
-0.0506981
3.6759
-1.90134
-0.08737
2.00757
-6.14869
-0.627924
-2.28548
1.16625
-0.249539
0.148386
0.608231
2.46065
1.93932
1.94276
0.580835
-0.0213545
-0.364204
7.09984
-0.197955
0.263723
-0.0110415
0.451634
0.263552
-1.08497
-0.52394
1.16428
-15.0514
6.79484
0.168956
0.179252
0.405541
0.320729
0.129334
-0.56248
-0.420116
0.0574168
-0.346602
-1.7993
0.513067
-0.407971
-2.66735
-2.47346
0.57374
-29.3553
0.347617
0.0760546
-0.482287
-0.95497
-0.0171172
7.10057
0.125479
-1.37879
-0.0618424
-0.932542
1.30989
2.42435
-1.15507
-0.602301
-13.7689
0.319985
-10.4654
0.0557989
0.331406
0.281599
-0.838592
0.041299
12.2511
0.354441
0.0989943
0.675428
5.11994
-0.670925
-0.80348
0.284639
0.108103
0.570364
-45.9302
-13.1173
-0.540576
-0.495642
0.825046
-13.6104
1.75413
1.72739
-5.43263
0.938064
4.67952
-0.341691
-14.0472
-1.05016
-1.19019
-0.327365
-15.549
3.79108
-0.826387
-3.33517
-0.30421
1.53673
-2.74114
1.56118
10.6348
-0.679434
-1.73292
-3.858
-0.0637609
1.55741
0.450846
2.59206
0.90496
-1.09811
-0.55538
1.12732
-0.0644131
0.347125
-2.7087
0.767025
0.491083
8.22973
-0.147207
-0.530584
0.768983
1.51612
-13.5235
-1.43506
0.452563
0.796437
0.17568
353.874
0.169861
0.0257752
0.0965926
2.71157
-4.47218
0.208275
-1.22678
-23.5383
27.454
0.846992
1.1383
-3.71366
0.987173
-1.12218
-1.25511
3.19789
0.414906
-0.340876
31.4201
-0.662422
2.29802
-0.358564
0.93276
0.0087239
-0.256096
0.581103
5.38869
-42.6707
-0.392705
0.367909
0.4481
-123.666
1.11551
-15.403
0.867583
-1.60352
-0.460305
-2.50144
0.995353
-19.9692
-1.81501
-2.94224
7.91127
0.850475
1.12603
3.59222
-0.104603
-2.18579
-1.4814
-32.9028
-0.825099
0.788348
8.28734
0.484108
0.0179847
1.00555
0.475884
-0.42484
1.40064
1.08566
-0.264818
0.832836
-0.373086
-0.823945
-0.824887
-1.81765
0.15703
0.280673
-0.949982
-2.40271
2.14332
0.686953
0.496479
-58.002
1.44195
0.35362
0.421099
-0.970955
-1.23507
-0.469632
0.908277
-1.00555
0.491528
9.99043
0.233597
-3.84849
-0.709107
0.487955
2.09026
-0.576826
-0.903989
-0.461974
7.69859
-0.181469
-3.18793
1.12532
-0.643037
1.08861
-1.01416
-2.9801
1.73832
0.599388
31.1466
0.0511597
-2.59265
0.911154
-1.45001
2.14614
2.4944
-0.00723103
0.402056
0.934361
3.51732
2.15354
-0.0901153
-1.05394
0.720503
0.670474
1.13757
-4.52934
-0.00634853
1.75278
0.596869
4.26865
1.52943
1.48378
0.520205
-5.69209
3.26881
-2.91126
4.0883
17.6942
12.7893
-4.04197
5.647
-13.4292
-2.13611
-10.6539
8.31325
-2.26388
-0.416649
3.58489
-1.7963
1.13387
-0.450674
2.17907
-0.833373
-0.861582
-0.0661065
5.04073
2.98676
-0.103004
0.257599
4.03329
0.934365
0.556813
-0.549526
-1.17128
-0.812532
-1.08062
2.42891
0.679453
-0.143438
0.633884
0.00128285
-2.88867
-0.616698
3.78127
-0.595612
-4.5288
-0.0694508
1.56933
-0.513193
-0.0981357
-6.83602
-2.51031
0.532212
-1.18768
0.601025
-0.011022
1.57418
-1.52874
2.3865
-0.65937
-1.18213
0.0988323
-559.66
2.88676
0.235655
-6.92058
0.500889
-0.958648
0.187463
-2.14662
-1.11295
-0.922183
-20.7562
-0.0671438
-0.411817
-0.807882
-3.61602
-0.329809
-0.445043
-0.594884
10.1225
1.39853
6.74121
0.0480152
1.01723
18.6858
-0.0438395
-0.172277
-0.436616
1.37895
-11.4821
5.03988
1.63876
8.09178
-0.954745
-0.468432
0.635733
-101.735
-248.108
-0.895937
-1.99472
-1.22862
0.186291
-0.481297
-2.84627
1.31535
0.175702
22.096
-0.101173
1.22177
8.199
-1.1002
0.139327
-5.89488
-1.56791
0.283186
6.38457
0.958831
-1.3193
-1.02714
-2.25748
0.511742
3.93526
3.90861
1.46999
1.39161
-2.08282
0.637626
0.498875
3.49889
-0.0370264
3.76784
-0.0354853
-4.42706
1.10382
5.42774
0.0757312
1.50882
0.318756
-1.62409
0.00753514
0.160702
0.421112
-1.8554
7.49931
-4.45539
2.15766
-4.06231e-05
-1.06838
-0.347049
1020.64
-0.357853
0.49086
0.661576
5.42077
-0.821179
1.50778
4.12266
0.05493
3.40812
0.1819
-2.06203
1.24217
0.307633
0.67312
8.17387
-7.32986
-0.91199
-0.205285
-2.31565
-0.647917
1.20652
-0.32086
1.39841
1.09905
-1.06856
-0.59477
-1.78841
0.0118792
1.51775
-7.95478
5.16327
-0.187756
-1.0676
-40.5377
-1.63196
1.49959
3.01982
-1.57619
9.4714
-0.240913
2.16849
-1.09078
-3.31469
3.91733
-5.18416
-1.09277
-0.132483
3.81339
1.31187
-0.615232
-2.48092
-0.242032
-1.48034
-0.0352957
0.479322
2.02021
-1.61289
0.0184027
-9.27778
0.12941
0.761772
0.480428
0.00391109
-0.367504
-0.481724
-2.31992
8.91904
162.754
-1.07443
-3.44187
0.427538
-4.18107
0.597857
-1.6736
0.734638
-1.99927
1.25532
-0.42382
-0.470147
-5.29244
-0.614659
0.801939
0.756625
-0.00801413
6.42287
13.2698
1.01504
-1.78407
0.878772
0.583148
1.12221
-1.94768
4.94432
-2.29566
-1.9148
-1.49488
-0.216721
0.490299
-5.3558
0.69548
1.6493
-1.78509
-0.950966
-0.375388
-0.470097
0.00832323
-0.830562
0.363885
-1.27743
0.281094
1.28243
-9.29565
0.944245
8.82763
0.0833901
-4.29021
-1.84837
-1.68106
1.31795
1.11336
0.668216
0.604649
16.6911
-0.178691
1.90011
3.2539
-0.12422
97.3486
0.427461
-0.650333
0.640746
-0.503997
7.54953
0.443701
1.40772
0.287257
5.30643
1.20201
-3.21616
0.54572
6.42536
0.202956
-0.112977
-0.861102
2.0082
1.21789
0.893314
-0.859042
0.942513
0.476259
3.23681
0.072138
11.546
1.63036
0.837055
-0.0927917
0.1845
0.870374
-13.3982
0.888311
0.0112609
1.93086
7.78318
-1.3182
1.60459
22.8413
-1.44348
0.413263
2.2952
-6.36821
-2.52534
-0.16511
0.985711
2.99852
0.780232
0.00688086
-1.12471
-0.659699
-0.244192
-0.358557
0.458311
0.208601
2.87233
-1.75529
-1.60475
-0.243598
1.53293
-2.05529
0.632956
17.4277
-2.80771
3.28259
0.265805
-0.87886
-0.691013
0.00347338
1.62972
-5.13037
2.40282
-0.876003
-0.5804
0.383437
0.301806
1.27465
-3.67106
1.42015
1.25025
-0.617745
-1.45775
0.314773
-0.278794
1.02873
-18.2424
-1.55902
0.332565
-0.223053
0.455924
0.830002
-0.16524
-1.10592
73.5157
-0.593866
-1.00337
-2.79725
-0.765016
-1.56284
30.4423
54.1594
-1.31836
0.937964
8.42592
2.28233
0.742465
5.45563
-20.609
0.0357816
1.17978
1.16724
-0.911669
0.0574767
42.3768
0.541174
-0.938458
-0.707154
0.409799
-1.79559
1.4475
-0.155831
-1.54555
6.66975
0.886031
-0.561233
-0.0919577
0.841152
-0.272968
6.65385
2.48877
-0.780364
-0.387923
6.17754
0.367851
-2.50593
-0.344503
0.637659
-3.32282
-8.16904
0.368136
1.8792
-1.84861
-0.519507
9.36129
0.93651
-0.274564
1.13308
0.42163
1.22832
1.34752
146.842
-1.94286
-3.82921
-0.0083034
-0.969357
0.848345
0.825711
0.179775
-0.443512
-1.11506
2.99833
2.15618
-1.82876
-0.565744
-0.558367
0.00117255
29.638
0.583595
0.872095
1.29167
3.682
-0.616006
-2.2084
3.09427
-0.527657
1.71407
0.966718
-0.550485
-0.0119269
2.53495
0.409905
-3.12826
-0.658113
-2.17385
38.0843
0.189045
1.24369
-1.48259
0.0100487
-0.794437
16.4569
-1.51756
0.364254
-3.79833
9.92123
-0.434339
1.64541
0.316307
1.63063
0.0881928
1.08693
-0.122223
-0.439071
-0.565823
-0.963178
13.9231
-0.077809
0.113416
0.0709047
-0.347043
-0.345857
-0.476541
0.213247
-1.6051
-1.29291
-2.45365
-0.900385
-1.35028
-0.176489
-3.24164
1.92428
1.47217
2.18541
-0.30349
0.396256
7.41107
-1.55587
2.79105
-0.719001
-3.34751
1.74738
-1.42522
-3.64611
23.7326
3.72703
0.213379
0.258704
5.26933
-1.64857
0.313897
-0.0567886
0.749807
1.16461
4.89446
-0.864653
-2.37176
-0.896002
1.38113
0.211612
-4.23872
-10.2004
1.03514
2.10256
0.552115
-0.625034
-6.77481
8.93702
-0.253138
0.829006
-0.575103
-0.655862
0.293269
0.405852
1.2809
1.41201
0.239357
-2.48218
-0.490867
0.418261
-2.08855
0.0681222
-0.483209
-20.2582
-37.3941
-0.0945949
-1.07786
-0.48735
-9.12303
-16.2528
1.69806
-3.53647
1.00985
1.05775
-1.66386
3.57431
-1.09984
38.578
-1.89122
0.227684
0.0104475
-1.24797
-3.03264
-0.157636
0.513918
-8.44882
-0.647008
0.971741
1.20806
0.519983
0.981947
-0.594457
1.67419
2.49356
844.65
-1.81952
0.839868
-2.61903
-9.4071
-7.05076
1.63569
0.107223
-0.163693
-0.972659
0.168029
-0.131662
-20.8051
0.178991
0.332372
0.612543
0.858395
-1.43636
2.24454
-1.92269
-0.18637
12.6655
2.07384
0.485048
-2.39137
5.37336
-1.44017
0.094905
2.15519
1.12872
0.724191
2.16798
1.90361
2.73163
0.254374
-0.230579
-0.90344
0.726442
-2.33407
-13.0364
-1.92088
-0.455612
-1.02354
-0.996912
-1.15885
1.81403
-1.46213
-1.90841
1.25718
0.766526
-0.25366
-0.843284
-0.423588
-0.246886
-2.91442
-0.762081
0.797051
0.76623
8.94625
-0.121577
-0.141128
0.144682
0.325433
-0.335411
3.05092
0.87726
-6.97234
3.11453
1.3019
2.42232
0.131805
-4.54516
-0.113311
0.789469
0.344016
-0.728382
0.675074
-1.42519
7.31977
-0.776374
10.3367
2.78876
-0.779329
1.51963
-16.5239
0.726976
1.79641
0.790056
-0.204548
-0.359115
-0.0546392
-0.901196
1.19064
-0.0895421
1.66357
19.7453
-3.49228
-3.78481
-2.53822
-0.657874
0.577623
0.923363
-14.8651
-2.63272
-0.228167
0.246346
-3.02854
0.0612991
-0.318495
1.13887
0.867238
1.59293
0.148524
-2.24107
-1.04677
0.124467
-1.23438
0.993597
-2.67698
-0.391079
-2.25887
-0.0489226
-1.77586
-0.162674
-0.615842
0.609153
-7.28212
3.78813
1.0926
-0.288259
1.20019
-1.96496
1.47356
-0.796914
-0.807294
-3.77489
0.532599
-5.85888
0.314864
0.499361
1.61066
0.68364
-0.126175
1.39588
-0.957178
-0.0692113
-0.570658
0.382949
-0.2565
0.121804
-6.7674
1.43759
-0.573474
-1.07405
1.75999
-0.717309
-0.510613
-1.18704
-1.74601
-60.7459
-0.055479
-2.07035
0.78338
2.67237
0.455591
0.516718
0.776258
-1.54391
0.376665
1.36012
-3.33476
-0.0302378
15.4797
-4.57845
1.12078
3.40207
0.621283
-0.971358
-0.665512
-1.3303
1.66481
4.98659
-1.08698
-0.0565151
-0.924656
-15.2195
-5.704
-0.507689
-6.21392
-0.497269
0.471094
1.23258
-0.540997
4.87257
-0.132256
25.9497
1.24655
2.48968
1.18235
0.589302
0.242135
-1.1648
0.276519
-0.432419
40.16
0.250663
0.422249
1.37384
-2.9584
1.21415
10.4403
0.0442517
0.97368
-0.418587
0.104464
0.281623
-0.719198
-0.125484
0.923358
0.678452
-0.315475
-1.70155
12.8915
-1.02491
-6.95573
-0.0528558
0.708671
0.235811
3.93616
-1.59993
0.608086
0.64546
-4.56751
0.712447
-3.2674
-0.0563674
1.07922
1.03554
-0.146943
-0.787625
2.47832
-2.44143
0.842925
2.27075
-0.86644
1.00247
0.835565
0.546391
-0.606764
-8.32511
-0.789668
-1.06553
41.6456
0.575637
0.296757
0.354519
1.7555
0.20621
0.509913
-8.7857
4.22678
-0.325339
-0.65402
0.537354
-0.00653646
0.201756
2.9095
2.61736
-0.689717
0.399076
0.220404
-0.279403
0.48342
4.82879
-15.0666
0.743026
-0.131733
-0.613083
2.1622
-0.527431
-1.16564
-0.711251
3.23852
-0.51746
-0.984888
1.0695
-1.28032
1.07018
4.62006
-0.919663
12.8372
0.689506
0.236612
-1.04899
1.96295
-0.201157
7.65199
-1.17638
2.39185
0.233987
1.91008
0.365073
-0.153025
-7.9009
-4.13893
-1.05004
-0.970269
112.686
-0.126927
-1.32504
-0.958853
5.38996
-1.13646
0.271414
-0.377797
14.2792
1.24358
0.399836
-0.788481
-3.86677
-0.338305
-0.281297
-1.71113
-105.395
-0.632857
-1.55251
3.3476
-1.12752
-0.172741
0.673373
-1.48351
-0.58552
0.181209
1.04978
-0.951192
-0.0835255
-2.91275
3.73221
-10.0312
-2.451
-0.169805
-0.000495413
2.18006
0.640375
0.853374
-78.8595
0.328603
3.6244
-0.234887
-0.398064
-3.83941
-16.7363
0.509205
-0.0231797
0.187596
0.345482
-0.479663
-0.241499
-0.183995
-0.661191
-6.41477
-432.216
-0.26722
1.12618
-0.635601
-0.079439
-0.726061
25.5671
0.0641869
0.255261
1.00153
0.509337
0.151452
1.13567
16.8449
4.19675
0.0266079
41.2123
-0.761022
-0.246827
-0.228513
-0.107436
0.734147
2.59884
-0.609986
0.118829
1.85309
0.0390416
-0.144148
-2.28268
-3.32563
-4.37395
0.909807
0.983974
0.226951
0.37873
1.24414
-0.219476
0.299788
250.247
-1.5408
13.085
0.791756
-1.14919
0.0298838
2.39579
-0.890807
5.16211
0.724412
8.56417
1.98303
5.42431
2.18073
-0.485849
1.23075
-1.89341
2.97017
0.617151
-4.89566
1.07777
-0.171583
1.32422
-16.1353
-2.85052
-3.82741
-3.57809
3.0718
-0.250176
7.24878
8.68323
-0.0952555
-1.84618
13.619
1.83632
0.626021
-1.86446
-0.647038
-14.914
-0.19666
0.442568
-0.588563
-0.255503
8.65364
0.276003
-1.27477
-3.23033
-1.20204
11.5063
0.817243
-4.3463
1.67544
-1.2062
3.76154
0.667029
0.437108
-0.0441835
-0.442419
-0.73847
0.679961
-13.7343
-0.167934
-1.21032
-0.583127
1.51315
-0.342245
-0.880561
0.616583
-1.02148
-0.626819
0.590973
-0.0616669
0.688023
-4.50031
0.527162
2.13843
-0.25603
4.71598
-4.16977
0.203529
1.14948
15.3038
-2.54498
-0.334669
1.2737
3.65826
0.149394
1.08784
4.30096
-1.66489
3.79366
-0.559456
-1.02707
-0.424443
11.1837
-0.588257
-0.456601
-0.186859
0.196064
0.379299
0.25831
0.311677
0.612488
-0.0544702
0.348634
-0.589677
-0.234623
1.2511
-9.3139
-1.30497
29.8978
-0.545929
0.544511
0.886685
-0.0664382
5.4207
-5.72949
0.141092
0.271796
-0.887284
-0.399202
7.42753
-1.68622
-1.1409
-0.803005
0.895047
0.144214
-0.0312248
-1.69807
-1.77903
2.59391
0.763265
-0.430541
-0.521033
0.874653
0.541774
-1.2267
0.132706
-0.97741
-1.13204
-0.0192728
-1.71188
0.608323
0.195461
62.2579
-1.2763
0.520123
-3.99572
-0.584168
-3.492
-1.84891
-0.569526
0.586243
-2.75498
0.573203
0.702374
0.941953
2.53566
-0.197395
2.88776
-2.8073
-0.221059
-40.5119
-2.28384
-3.55853
-0.298011
1.70948
0.221548
-0.48554
-2.08743
3.05487
-2.0491
2.16942
0.702972
1.62403
-4.13338
0.840867
0.600939
1.972
-2.50719
-0.422721
0.935646
-0.377292
-1.24751
0.157273
-0.664394
-1.42123
-0.647005
0.833161
-1.8392
-0.156479
-1.03434
1.59222
0.265115
-0.678383
0.356277
2.24845
0.0971767
-1.03227
1.28782
-0.353205
1.05912
0.337068
0.310569
5.35774
0.467032
1.49273
-0.400462
-1.89715
-0.39952
-2.85154
684.026
-0.375465
0.236419
-37.5136
1.77098
0.088352
-0.126869
2.49038
0.520645
0.788316
-0.153719
0.702392
-11.2359
-2.33492
-0.550673
0.993775
-0.882085
-4.33527
0.965377
-7.59705
0.738477
0.476914
0.76172
0.944694
10.7431
0.473465
-1.81614
0.0616887
0.0817497
18.6888
1.56016
-0.624596
3.08568
1.61471
-2.38428
0.185253
-0.546927
0.0995034
-0.067927
-2.01455
3.08093
-1.78246
-0.283321
-0.00557732
1.61793
-0.995598
0.617085
0.941913
-0.73797
-0.377743
0.202569
-0.491997
-1.61978
-1.27676
-0.151957
-2.91672
1.83833
-0.644167
-83.2501
0.521248
-1.0348
-1.15082
3.55155
1.44579
-0.159763
-10.6368
-14.4833
2.88465
1.9208
0.378761
2.20481
-0.499559
-0.379759
-0.0296592
1.16114
0.0794275
-0.873071
-0.739949
-0.848334
63.7753
0.293007
-1.08593
1.35413
-4.97334
2.79011
0.294623
-0.915548
-0.116151
-0.0193223
0.513964
0.553161
0.462542
0.322783
-1.08111
0.715815
-2.31194
5.11034
1.6235
-3.84847
2.32851
0.524941
-3.84114
-0.441745
-92.6606
0.884367
-0.495016
2.52665
-0.0904075
-0.37621
0.0640699
-0.883126
-1.32421
-2.06808
0.194807
-19.9852
-5.02547
0.476317
-0.208725
0.521254
1.29731
-0.998149
-0.126266
10.6015
1.21949
-0.43843
0.68727
0.00321745
1.35153
0.114518
-1.15132
0.397941
0.453938
1.02907
-2.03413
0.658004
2.55308
52.3106
-1.41922
-0.392625
0.964604
0.973171
-0.376476
0.125796
0.00725006
-1.55452
0.565265
-0.602656
1.52223
-0.303977
1.92286
0.201821
-13.9734
1.00802
0.728872
0.642545
-0.717723
1.63554
-2.01371
2.31775
-0.550733
0.60047
0.573184
-0.382524
-0.0820887
0.282623
-1.40684
-0.0344278
-4.75134
0.514868
-2.18478
0.434106
-0.701824
-2.30724
0.618385
-3.56649
1.36079
-0.107669
-0.949649
0.689526
0.645297
-4.36904
0.521586
2.305
-0.821603
-1.00586
-1.07994
0.264057
-2.91848
3.31742
-0.926962
0.700005
0.225093
3.82287
-0.968674
-2.73911
-0.966787
0.357849
-0.900347
-1.69415
0.388661
-0.478834
0.0758102
-0.0423095
-0.17649
-0.48791
2.02058
-0.420043
-0.906773
0.68923
-5.136
-0.230466
1.23425
0.537771
0.769469
-2.09751
1.19658
5.37994
-1.89123
0.956106
-0.173621
-0.248416
-0.322037
-0.235435
0.337227
1.82169
-0.54695
-1.70966
228.153
-1.03657
0.306964
-0.215907
-1.28391
-0.701099
0.25085
0.610256
-0.211607
-0.81235
-2.39564
-0.144996
2.05897
-0.345059
2.47786
-5.84619
-0.400117
0.308103
-0.720916
-0.300862
0.392996
-0.0310322
-0.118114
-3.1718
0.948592
1.37971
1.37285
-0.548236
-8.55347
-3.00988
1.47796
0.730053
1.58489
-0.506904
11.0034
-18.0216
4.55897
-11.7624
0.260556
-2.42973
-0.313645
1.34476
0.0420627
1.08326
-0.855015
-1.95189
3.54112
0.0820213
0.860029
0.108993
0.909605
-0.292771
-0.234348
-4.13726
1.40613
-2.9854
0.0143483
0.32005
9.18282
-0.41473
2.6097
-1.49861
0.133628
-4.54937
-1.81614
1.18962
-7.88351
0.884585
3.89672
-0.118531
-27.593
0.339632
1.71547
0.547809
-0.0734578
1.15847
0.113517
-0.346095
-3.23245
0.183668
1.44814
-0.934621
0.328551
0.23329
1.45006
0.726495
0.235266
-121.775
-0.437337
-1.30851
-0.00575689
21.7484
0.30148
4.07208
0.291771
2.84503
0.935951
-1.51496
-0.830769
-0.539253
0.317151
326.546
-0.270686
5.28581
3.44941
-18.4924
0.1014
-1.05039
1.70361
-0.45371
-0.181193
0.281362
-1.39901
0.627642
-0.150195
-3.23834
2.07274
-0.600377
-1.16113
-25.5955
-0.507171
-2.36285
-0.170629
-0.418593
-0.254044
-3.38764
1.96632
0.1051
-0.172814
1.06881
-0.260592
1.05038
-10.3974
0.452771
0.323289
-6.32004
-2.87146
2.96934
10.3177
1.97825
-0.405242
-0.946453
1.57418
-0.514999
-0.276778
0.995226
1.00691
-6.38993
-0.723047
3.29745
-0.954531
-5.14094
-0.16829
1.08737
2.73518
-2.98227
-0.0664538
0.762323
-1.61096
-1.69379
1.11115
-1.89356
-0.527948
1.31803
-0.397538
-2.07002
0.238753
0.546063
5.06042
-0.215034
-9.25452
-0.474471
-3.22639
-0.0500639
1.81875
11.3581
2.99281
-4.73612
-0.6161
0.126228
-1.55964
6.55313
-0.699894
1.3126
-2.16479
0.011416
-0.851712
8.29294
-2.29609
5.13455
-3.19876
0.285622
0.129058
2.60649
1.88177
-0.554642
0.596482
-0.327226
0.880958
-1.10188
-0.510449
-0.00898959
-3.00919
0.283694
6.83484
-0.81944
0.0068089
0.0591583
-1.82921
-0.382835
-0.967691
2.79389
-0.525292
-0.672859
-0.121386
-3.08225
-6.05768
2.43018
-0.549852
1.44451
0.159171
-0.537696
0.228602
2.75436
-1.25493
6.81763
0.296845
-377.207
12.6326
-1.49246
-3.4062
0.448117
23.912
-0.0480381
1.69019
0.159334
1.31337
0.116507
-12.4786
-0.195796
-0.316385
0.519999
0.0913083
-0.803648
-20.0691
-0.433549
44.2541
-3.73319
0.947682
1.08223
0.300016
3.47266
-0.285977
0.752372
0.275279
0.476576
-0.642623
1.2716
2.77765
-0.192703
-1.78047
-28.829
-0.446068
-0.596327
-0.698748
-0.17445
0.10872
14.6614
-0.816032
-0.526647
-0.715703
-1.48765
-0.968018
-0.454925
-3.73461
0.0803206
-1.94859
-0.393106
-0.387149
0.121434
1.96797
0.625684
-0.413292
5.98041
0.790483
-1.60842
-0.767049
17.6112
-1.00384
0.482881
1.14252
3.75859
0.927983
-0.35847
1.08913
-8.49731
1.73977
0.835667
0.396992
-0.0802777
2.2885
-0.340908
-0.721963
-0.086911
3.20243
-1.21333
-0.499902
-0.238284
-1.1683
-31.3031
0.112699
-1.9291
-13.23
-0.615282
-0.351664
-0.860337
-0.624552
1.12025
0.94371
0.384513
0.659487
-2.17858
-15.6377
1.52852
-1.77068
0.0249864
-0.151122
-0.739199
-0.651319
-0.493347
-0.287465
0.105461
-5.36963
4.07599
1.68293
-60.6548
9.4711
0.255013
0.556939
-1.78164
-1.07829
-1.89418
0.597433
0.143882
0.535313
-0.286079
0.936637
0.246247
-0.622998
-1.0555
-0.563007
-4.1303
10.3419
1.26324
-0.168867
5.20875
-0.340042
-0.622749
-0.449707
-0.192415
-0.094278
1.32288
0.379487
-1.08548
-6.49351
-2.15158
1.45483
2.51146
-0.831695
-0.394253
2.52531
1.04103
0.0587511
1.07298
-1.29642
1.22286
-0.268008
-1.32254
-0.117104
-3.53015
0.183468
1.01061
5.39158
4.65146
0.483451
-15.4491
0.427444
-1.34462
1.40745
-0.147056
-1.09349
0.0525613
0.169027
-0.752451
-12.8667
-2.21729
-0.140659
14.0412
0.137974
14.6311
0.0405894
-0.310285
0.0260032
-0.248394
-0.180882
-2.34335
-1.17037
1.29617
-0.735823
2.66369
-1.08352
1.39234
-0.0898999
0.657822
1.0502
0.18587
0.534655
-0.139744
-1.42411
-2.20007
-21.0471
0.14031
-0.903383
0.00110136
3.61501
0.85006
1.48926
-0.113365
13.2833
2.24584
-0.484242
0.26714
0.649733
-1.2962
-1.12065
0.0974926
19.2741
-0.660719
-2.81449
-1.61595
0.531874
-0.335931
0.464935
3.5167
-0.907178
-17.5841
-1.76637
0.883563
-3.59709
-0.958277
-1.4057
-1.44932
-1.39998
-0.69859
0.324256
-1.41394
0.143398
1.16002
-18.5323
-0.427144
-0.613001
-0.674747
5.08055
0.683272
-0.161144
-4.88196
1.42713
1.42189
-0.161514
-0.798694
5.10897
-1.60343
-0.569284
0.0814816
2.8206
0.937526
-0.029337
-0.450577
0.114339
-0.991473
0.0701474
11.4279
0.111653
-23.3591
-4.96766
-5.70526
-0.499979
3.31534
-1.7984
-66.3891
1.75689
0.423766
1.24041
5.40706
-27.911
0.189687
-0.059157
-4.26786
1.70163
36.6231
-0.981882
