2.07191
1.90923
0.267471
3.15483
-0.524468
-1.58849
0.204426
0.291444
-0.495579
-0.414312
-2.0636
0.914921
12.557
-0.313725
-3.76786
46.6882
0.0178475
1.33367
1.47631
1.02719
0.23349
0.309552
0.212043
0.503782
0.231149
0.9553
-12.9309
-1.42746
1.74829
4.3618
2.08791
-26.1441
-39.8715
0.829444
-2.0554
-1.43868
0.00140056
-4.159
1.816
-0.437808
4.88783
6.19582
-0.174106
-2.63083
-3.019
0.0382234
0.288924
0.178319
1.29591
-5.82272
-0.394274
-0.704983
-11.7871
2.18949
-0.47803
1.4662
2.37695
0.714691
-6.34205
-16.2027
-0.605216
0.0820963
-6.85598
1.19781
-0.251335
-1.36265
-0.352438
-5.45827
1.14173
0.352133
-2.99407
-0.386112
-1.57077
-2.34825
-0.260187
-1.04713
-0.952615
1.4464
-0.0550213
-0.789087
1.09262
-1.14505
-0.643023
0.256356
0.292088
-1.01334
-0.411419
1.33145
4.37534
-7.31786
-0.708124
0.964571
-0.484208
4.63468
1.87068
3.93092
11.5411
12.7813
1.17806
-11.4461
15.8984
-0.780622
0.411786
0.0776845
1.17574
0.380721
0.851882
-1.27412
-1.98803
-1.5882
0.993117
-15.2327
-1.27667
1.55821
1.566
-0.11381
-4.5279
0.777109
-0.295267
7.17747
0.603438
-1.18597
0.120564
-1.29072
-0.813366
3.41428
0.797328
0.122972
18.8253
1.52143
1.17893
0.454776
0.361291
0.581169
2.41364
3.59862
4.3945
0.495634
36.2847
1.05056
1.14795
0.364364
-0.0889076
-16.0292
0.547909
2.25936
-1.03987
-1.68775
-0.899739
1.49969
-0.267373
1.7779
-32.6061
-2.60226
0.196866
4.67063
-0.307145
0.842381
1.08083
-1.51503
0.582391
0.490699
-6.25309
-7.16956
0.799137
0.573085
2.18757
-2.84269
-17.6952
22.2512
2.01873
-1.82629
-78.3144
-21.7544
0.728322
11.9689
-2.87292
-0.180052
0.998102
0.964266
4.97804
-0.709972
3.00588
1.84244
-19.7728
5.73183
-7.53494
-0.615354
-0.0617397
-1.2432
-0.475577
0.0179632
-2.42357
-0.720368
-10.4159
-3.90741
-0.878915
5.48962
-0.384918
0.211049
0.499235
-5.73055
0.215647
0.027756
0.662136
0.114219
1.20352
-0.0108129
0.781798
0.985447
-1.32736
0.40285
-4.73956
1.47375
-1.31033
-2.94911
17.7165
-0.209002
4.94721
-0.755476
-0.237386
-2.65986
0.798904
3.37428
-0.739072
1.35517
-0.973959
-0.271259
-0.593229
0.243614
-0.042927
-2.60758
5.83115
0.549152
-5.17613
-0.17695
-4.22308
0.454323
1.23845
5.66496
0.221198
-7.62213
6.9023
8.54129
2.54392
-1.31814
-1.04049
-2.83661
1.36385
-0.401542
-3.03916
-6.90714
0.653096
-20.2304
2.43436
3.47896
-0.935104
0.295852
-2.80104
-3.40095
5.67707
0.442793
0.871842
1.45665
-1.3139
0.0854298
-5.34314
-0.546457
-1.95222
-6.30771
-0.283708
7.11335
2.09099
2.94954
-0.5923
-0.113097
3.05535
3.65292
-1.67822
-1.08681
-1.15991
-7.39323
-1.04343
0.579797
-1.51706
-1.4756
3.10485
-87.7829
-0.656426
-0.662796
-0.398318
1.61094
1.179
-0.20738
-0.589977
0.314943
0.436827
0.141609
-0.926515
0.763679
1.41039
0.735958
-1.60391
0.774944
-0.432318
-4.87833
0.807137
0.673466
0.0103241
-1.16231
-0.79825
-0.755775
-14.2929
-2.97692
-1.49021
-2.15278
-1.22077
-0.223776
3.35774
-0.927716
7.14803
-4.59644
0.595972
0.152891
1.96611
-1.74546
0.611479
-0.734602
0.595949
-18.773
0.750146
0.493799
0.0674837
0.230821
-0.84508
-0.228026
-0.15392
2.88212
0.725605
9.36783
-1.16182
-0.80521
0.340799
0.782403
0.00558342
-0.0812467
0.278467
-4.34778
-0.703666
-60.4067
0.22755
0.744645
-0.827731
0.0127718
0.0150077
15.2551
-2.41663
-1.03606
-0.718511
-0.669845
-1.70265
-0.595849
-4.22274
0.73537
3.26282
-1.881
1.38331
-1.98598
0.237112
0.550183
0.138453
-0.383055
-1.22539
0.523447
-1.72554
-1.55379
3.36488
0.348177
-0.48793
-0.19403
-6.17232
-0.720888
1.10641
-0.476951
3.08665
3.65046
-0.132264
1.12503
17.3573
1.34929
0.892587
4.60938
-10.9481
-0.101062
-0.0101196
2.40377
-2.11705
0.299032
2.27927
-10.656
-0.0773049
1.26446
0.190117
0.828401
-0.803206
0.252165
-0.413639
-12.1644
0.0636427
-0.315033
1.87528
-1.28129
-3.30317
1.25336
-0.208627
1.19702
-2.59339
-0.683632
5.55839
3.2193
-1.70363
156.111
-1.01905
5.94537
-0.577675
-1.98053
-1.68497
-1.42447
-1.33728
4.20332
0.646915
-1.38358
95.7312
-1.44883
-8.33101
-2.4595
1.70508
-23.177
-1.78607
0.19208
2.49631
-2.16064
-0.413472
1.3245
-0.368287
0.221682
-0.525606
5.97984
0.421814
-1.62003
1.68267
4.39437
2.76943
1.53835
1.50073
20.4474
1.42467
-2.32037
-0.133487
0.211053
-11.2345
0.113355
-3.27771
-1.94059
0.339168
-0.12522
2.28772
-0.0337829
-0.851623
5.12751
-0.22643
-0.194601
-0.873476
0.0458399
-0.067699
-0.15789
0.0335113
-0.808556
-0.538798
1.10783
-3.55785
-1.04971
33.5449
-1.57399
1.0241
-1.74078
0.144735
0.628635
-0.824889
0.929156
-11.4768
4.54742
-1.01528
0.931871
-2.54578
1.02229
4.8963
-0.506547
0.288554
-3.92451
-1.39577
0.952657
-0.339811
4.05309
251.966
-1.37018
-2.65924
0.224596
-0.0218178
-0.264173
2.08612
-0.877195
-0.709841
-0.00381965
7.8842
-24.3606
-0.578685
-6.66189
0.244439
-0.136354
1.28563
4.17268
-2.18428
-2.08329
0.419863
2.76759
-0.120825
1.77083
-0.167948
2.70097
0.325562
-0.347526
0.616563
0.337945
-0.264679
4.20748
0.705594
-0.827628
-0.753825
1.3453
3.0501
0.214474
-0.942656
-10.8484
5.15624
1.80595
0.171265
5.55052
1.29013
0.608133
-0.632726
-0.215041
-0.328013
2.0517
13.8057
-4.98659
6.62735
-0.980547
-0.0800024
-4.47178
0.219692
-1.43214
1.562
-2.39471
0.664689
1.90802
-20.4523
-1.16738
-1.02869
-3.72116
3.06104
-0.483793
6.82985
0.5845
7.57622
-0.117838
0.789088
0.347188
0.193988
1.31221
0.207779
-0.115668
-0.868102
-0.826979
0.474172
5.49011
0.792814
0.22687
284.499
0.451752
-0.444935
-1.33248
0.0054709
-2.19525
-1.21668
-0.32911
-0.174075
0.29622
-1.57771
0.523603
-1.61257
2.13541
-0.720338
-0.361997
-0.546983
-2.76753
-4.46236
-4.41227
17.9243
-3.56824
1.47199
0.764109
-167.143
-1.52642
-1.11557
-0.357877
-3.94166
-6.51668
-0.921888
2.10344
-1.72384
-1.54106
2.69055
0.847129
1.66603
-2.42424
3.97483
0.122045
0.35018
-1.52845
-11.8313
-1.09875
1.06392
0.8973
-0.173453
-19.0916
0.0979622
-2.70496
-0.476087
16.2046
-1.00487
-0.458279
-2.2315
-0.857085
-1.81375
0.681742
-0.423704
-0.00288414
3.50146
3.7283
-44.2164
7.74017
1.31934
2.2601
-0.286424
3.38425
-0.303115
4.0336
1.12181
-0.429618
0.153556
-4.7788
-47.5624
-2.3606
1.30103
0.111627
-2.82022
-0.893729
3.72931
0.301325
0.29082
0.0330068
-0.0719487
2.76426
0.514157
-0.340879
0.120066
3.95639
5.40752
10.5928
-5.1825
-0.177
-0.635426
1.32228
-4.09519
2.96657
0.972845
-2.00148
0.435175
0.182004
3.92632
1.9879
5.85061
-30.282
-1.18994
-0.883063
2.07607
-0.151634
-2.96292
-6.19382
0.0442191
0.0379089
-2.76965
0.437457
1.9438
1.20481
1.67869
-1.32411
-1.47756
0.336364
2.55498
-0.652644
0.802995
0.875363
0.471569
-2.46588
-0.0545207
-0.848125
-1.0651
4.22618
2.23945
-1.00351
-0.476173
1.08381
-1.68829
1.04545
-28.9281
0.0276901
0.830539
-0.8881
-0.239718
1.94554
-0.550083
0.0588918
-1.25701
0.333542
-4.30642
0.314921
-0.51489
0.565975
-0.0233593
0.0616332
0.772423
-26.2623
3.07086
24.5921
-0.0207624
-0.6144
0.71894
0.016837
-0.914102
0.615987
0.0636581
1.01122
-1.98619
-0.752427
3.85711
1.91561
0.150455
1.29321
-0.639239
18.9428
1.05039
1.54236
-0.00357846
0.0951266
-0.920327
0.606982
0.631026
-0.717232
2.25689
-0.167978
3.75468
1.35173
1.08635
1.22683
0.518706
-0.0704721
-1.16407
-0.523611
1.35956
-0.835234
1.00951
3.70954
4.73192
-1.16325
0.389681
0.0897784
-3.69406
-4.14088
0.525506
-1.10869
0.428565
-1.63988
0.645676
0.707483
0.100024
-6.03028
-5.86855
-1.02782
3.61086
0.0461452
0.972634
-11.9579
0.171766
0.668509
0.00336818
0.348109
-0.618313
-2.71101
5.96427
-0.16094
-0.245487
-1.68581
-0.140361
-0.403259
0.466702
-11.2559
1.64596
-6.46475
9.04384
-0.305689
-2.68089
-1.97902
-0.0793313
-1.19641
-12.3474
-0.152954
0.824023
-1.82165
-0.236326
-0.714237
-0.55106
-1.99952
0.973805
0.442091
0.916374
3.93941
1.83742
1.64539
-0.313801
0.154387
-0.0887432
2.13122
3.34834
-0.373557
-1.29231
-8.74274
0.695268
-1.6386
0.458588
-4.65326
0.111682
-1.75848
0.162041
0.437854
-1.61966
-0.0421838
2.98442
-0.375285
1.82364
-0.0313462
-0.655942
0.636708
-1.06158
5.1569
4.98564
-14.3362
1.43342
-6.81545
-0.0381097
-39.1115
2.49752
3.33973
0.0371954
-4.7259
-1.29181
-1.71002
-0.509245
6.00586
0.0852137
-0.0170297
-3.8997
-0.73962
31.2184
1.23273
-0.431571
0.156749
-0.451345
-4.16122
-1.98265
0.266852
0.514502
6.36674
0.00636154
0.237803
-0.539643
-0.0267895
-0.513817
-0.497353
-0.320673
-0.0350844
-2.82289
-2.40868
-0.139702
3.01986
-0.121108
-2.27858
1.46251
-2.90198
2.6532
0.689303
4.40368
0.393834
-65.12
-2.24239
-0.397626
-0.232175
-4.63558
4.21909
-0.23099
0.168494
1.38592
0.341531
-1219.78
-1.65696
0.782429
12.0363
0.008669
-0.943851
-3.95765
-0.461662
0.685193
-0.221646
-4.66824
1.49914
-0.361892
-8.30641
6.32538
222.101
15.1168
-0.501381
0.370697
-1.11049
-11.3304
-1.79816
0.257057
-0.129277
-4.50518
-0.912551
-1.43833
-1.23701
-6.40625
3.34291
-0.799374
-0.584299
-1.53519
-1.19453
2.26889
-1.49517
-3.50889
-0.57315
-3.58276
-1.22917
1.07249
-1.38076
-5.69281
8.48867
-0.880808
-0.814367
-1.20025
1.47502
1.93087
-4.19068
2.9985
1.05445
-4.03676
1.65813
-14.6249
0.718424
8.79396
5.75611
2.69752
0.564126
1.00956
-1.11662
0.299091
-0.076179
0.235656
0.222112
-1.51802
-1.60263
-0.594261
3.57374
0.836565
1.4031
0.496439
-0.17613
65.1647
-12.697
-0.725403
1.69723
-2.65156
1.0966
5.2734
-1148
-0.250261
0.4678
-0.853803
0.393289
-0.0904555
1.14513
-5.01887
-0.245483
-2.53926
1.64455
-0.791041
0.306846
-0.471807
2.01907
1.2696
-0.660926
0.774064
4.34141
-0.63374
0.372346
-0.0335074
0.443721
-3.26892
0.140661
-0.983615
-5.16659
-1.03458
-1.04672
-0.978506
-0.384122
-8.22265
-3.25192
-1.97154
0.186654
-1.08986
-1.39394
0.384195
-112.817
-9.06361
-1.80553
3.97209
-2.31302
0.777339
-0.82511
-0.21932
-4.54837
3.68781
1.62557
53.1659
-0.0232013
-2.15437
4.09586
-0.073969
1.0859
-3.06252
1.54383
-1.70519
-3.09457
0.636449
1.28831
0.39625
0.808297
1.47101
7.42133
-0.0832546
0.369597
0.0499137
-1.96727
-0.245252
2.4515
-0.405541
-0.775139
1.01728
-0.526782
-0.175789
-1.17347
0.390763
-1.12442
-0.0110507
-12.3004
6.19566
2.75032
0.628443
-0.0516145
-0.511741
0.00211537
0.187959
0.552556
6.97702
-2.42719
0.830646
4.08101
-1.68854
-0.811804
-1.54298
-1.76254
-0.0301799
2.2545
0.631216
-0.458938
7.85442
3.38096
1.2264
2.213
-7.3027
95.223
-3.42571
0.153861
-0.857869
8.65652
13.3296
0.261778
0.182697
-32.6306
-7.86249
-0.0117081
0.0586717
0.609293
-4.26314
-0.485609
-1.527
1.27746
-3.74668
1.89377
-6.08639
0.0479061
-1.42654
-1.59873
2.0149
-1.53287
1.77803
-1.41712
-2.56646
10.2208
-0.329591
-1.25552
0.339249
-0.579104
0.348572
0.632433
1.27222
-0.470829
-1.31007
-3.82688
0.0607962
0.960558
0.863984
0.556455
-4.15181
0.832664
-0.726314
0.813783
-4.88236
-4.57682
5.32626
-0.244199
0.362073
0.523119
4.35998
-13.0485
-0.279848
1.10408
35.0925
-2.90131
0.468975
-0.821877
2.96525
0.650098
-4.30878
-23.9068
0.756749
0.0848236
0.547578
-0.471888
-4.16979
-0.526012
-0.270465
-2.96434
0.660021
-0.477752
2.01117
1.28428
-0.898499
-0.320287
0.236381
-0.954451
0.230233
-0.0376151
-0.0357677
0.864041
0.806306
0.0317586
2.18446
-0.540035
3.00895
-0.28965
0.60581
1.16929
-0.610715
-1.85388
0.719477
-0.354217
0.786875
-0.845504
-4.20181
-0.230244
1.43158
-0.143164
-1.84279
0.0468137
-1.37145
-0.945077
1.69796
-0.644027
0.265495
0.0934299
-0.590041
0.563723
1.56477
-16.2536
-0.0401691
-6.20887
-0.0350722
1.15545
0.776717
-0.544003
0.565934
-0.671478
1.49892
2.63993
-7.65464
0.746803
-0.628841
0.938868
2.14073
0.922916
2.85192
0.111205
74.9862
-0.37084
0.324709
0.750743
0.759575
-1.96962
0.0627754
3.18678
-0.592467
-1.20587
-1.40454
0.67025
-0.629999
0.27559
0.327405
2.5428
-0.910305
-0.4646
-45.6846
-0.076656
-0.333142
-0.970845
1.60052
0.497672
-0.366525
-1.29605
-2.04122
-8.65836
-849.088
3.869
-3.25562
-107.329
-0.686941
12.9374
8.62143
-0.519107
1.00546
-0.84301
-0.942844
1.23007
-3.15445
-0.214348
16.5255
0.315121
0.287347
0.706571
-1.59659
-0.363229
1.29641
-2.09776
-1.13375
-0.346683
0.186491
16.2476
-0.319442
0.016404
0.55355
-0.746708
-2.60453
-8.63015
-6.62459
20.7602
6.15149
-4.26318
-1.035
-3.30211
-0.476073
1.39393
-13.2754
0.537213
1.98956
-0.40674
-1.23932
1.54982
0.220816
-1.07756
25.4369
0.0580183
-0.801295
-4.77074
3.05144
0.231183
-1.90327
0.179476
-0.292318
1.69013
-0.313103
-4.44882
2.96744
0.12325
4.60192
1.81332
-0.357759
4.34713
6.6201
-0.701108
0.134335
1.1601
3.04114
-0.713924
-2.42351
1.36783
3.91977
-1.80976
1.09777
-108.401
-2.55636
-0.0605075
0.519503
1.11748
0.280231
-1.05549
-1.32241
0.353453
0.552402
0.0392147
1.58053
0.954863
3.99098
-1.16527
-2.7456
-29.2539
-0.684064
0.437592
-522.294
-3.21383
0.86761
-2.07802
-0.057436
0.845032
-1.89859
-0.275901
3.2103
0.749538
10.1979
-2.20156
-3.45631
-0.184166
13.6671
-0.338901
-0.883057
-0.497987
7.3742
-0.545112
-0.0934489
-7.21325
2.06525
-12.16
-3.15196
2.821
-1.1015
0.716464
1.36234
2.04001
-0.798964
-0.38637
-1.4993
2.33031
-0.814592
7.64992
-0.395023
0.389456
0.38425
-2.00812
0.965868
0.196812
-0.257351
-8.10086
-0.655064
0.180948
34.2787
-0.0312751
-1.22252
0.0693068
-0.0678117
-9.28221
-0.493849
1.63575
1.39158
0.159273
-0.327938
3.25958
0.390999
4.15575
-1.0127
3.04451
2.70441
-0.546305
2.7082
-2.80485
-1.19893
0.136427
0.321925
-1.58104
-3.23289
-2.9436
-0.744717
3.21793
0.65176
0.128638
-0.754734
0.554085
1.88918
0.58409
-1.54863
0.475642
0.485912
9.25042
-2.10971
-7.12406
0.213777
8.11252
0.122263
-0.307468
1.13421
-0.75862
41.5517
11.419
0.0319729
0.081361
-1.1484
-1.12729
-1.03852
-0.0106056
-20.6629
-0.0762463
-0.486591
5.49183
28.5298
-1.33954
-7.09811
2.49913
1.43941
0.537447
0.886638
-2.37836
-3.3655
1.70916
-0.74538
-2.282
-2.25554
19.7224
3.7864
0.177716
-1.08998
-0.918894
-0.184753
-0.372711
-0.22515
-111.12
1.31851
1.41385
-0.616988
0.479226
-0.930127
1.67603
-2.1652
1.28723
-0.317365
-1.39258
-1.93687
0.0390612
0.168854
-0.476134
1.74316
0.122353
-0.154307
0.0950012
0.947784
0.530668
0.86337
4.641
0.759728
0.380342
-0.598792
-1.13828
-5.80174
3.00074
-3.42124
-4.41625
0.0102027
-0.222015
12.8515
0.807127
-35.097
-0.0404799
1.10519
-0.741799
2.02874
-1.56922
1.07947
1.35023
-6.00118
-0.190884
0.214109
-0.498073
-2.12543
-0.762166
2.93622
-0.740056
-0.19863
-0.304904
-1.18673
-3.35004
-1.19714
-0.664463
0.579854
-0.201502
0.088937
-3.6357
0.114485
-4.55032
2.28197
-0.54986
-3.58074
-1.75256
-1.72608
2.14103
-2.21945
0.23231
0.555781
-0.623596
-2.64957
49.4192
-0.173667
-1.00667
-0.394242
-0.298666
0.413235
5.27436
-0.863518
1.93585
1.11438
0.992361
-0.951067
-0.0976259
-400.563
-1.45802
-0.0119594
0.534914
-10.4876
-1.00069
5.60405
4.85634
1.09338
-0.910719
-1.58664
-20.0627
-0.753851
-1.98661
-0.313667
0.107072
4.72209
-1.09045
-1.46236
-0.999787
0.99329
-0.765928
-0.246364
1.20416
-5.64515
-2.25004
0.377365
1.72017
0.148682
-0.221215
3.05557
0.840979
-2.08391
2.14842
2.53592
-0.620647
0.871167
0.653913
1.31867
0.0316506
-0.187124
-0.300376
-0.397288
0.66532
-6.14205
1.56744
3.48355
-0.143574
-0.424323
-260.888
2.14371
1.40125
5.22043
-1.27134
2.90807
-0.689846
2.00349
-0.804024
0.670711
3.31746
0.16468
-0.588771
-0.276788
1.09152
10.4845
-2.3229
0.240329
2.06343
0.380856
0.056093
-0.603027
0.883742
-0.210093
-0.738316
-0.636529
-1.30783
-0.75694
-0.338567
0.817537
4.41821
-0.42138
0.645123
0.161087
0.539008
-0.392248
-0.128239
0.842783
0.0999178
-1.72104
0.794883
-0.550493
1.41415
-0.213394
2.30327
0.541377
4.41253
-0.522254
13.7369
3.33313
0.481331
-0.535425
0.293451
-0.815786
-2.57002
-1.32819
-2.90243
-10.0788
0.733796
-0.534626
0.786452
-4.71767
2.52621
-0.377061
1.85148
-2.31545
-17.8039
-16.8645
2.88758
-1.08723
-1.3982
-23.2049
1.38326
3.77159
-0.132865
-2.07191
3.09474
0.927436
7.32009
-14.1562
0.384254
0.934258
0.327432
0.329039
0.0382981
0.334203
1.53936
-1.65121
-7.11937
-0.337886
8.20685
-0.304685
-0.684621
1.05724
0.784117
0.264528
-0.779139
0.149686
-0.357553
-1.93161
39.3273
0.465991
0.368094
10.3752
-0.243486
-1.13602
-8.62664
-0.175985
-9.50277
0.439359
-3.00452
0.931591
0.046062
1.05684
-1.28604
0.102563
0.894122
1.83681
0.308218
-0.176033
-0.570305
2.39673
6.94263
-0.484336
-1.57945
-1.36981
-0.454901
-0.203829
0.219255
-6.28303
1.15253
-0.729587
0.317168
-1.13943
-4.33809
-0.835115
-0.0888743
-18.8861
-0.466768
2.82069
-0.845595
0.857406
-0.498924
-2.7751
-10.6959
-1.49541
-8.65659
-5.31427
-200.134
-2.71947
0.617651
4.63551
-61.6897
2.38568
7.718
-0.19151
-0.824196
0.900939
1.08413
-1.5285
1.9367
0.0184145
0.662673
1.97954
-0.193769
1.04513
1.92275
-0.426859
1.39282
-0.487189
-0.0806625
0.71694
1.42508
1.38298
0.666789
1.88094
-4.25638
0.0593099
0.432395
2.52423
-3.42757
1.28213
-0.0680722
0.112947
-0.318613
-1.24841
5.66823
-44.8051
-0.234751
3.43515
0.182558
0.843093
13.4657
-2.05114
-0.141943
-0.761151
-0.486149
-0.121986
-0.481937
0.414254
-1.42808
-1.10113
-0.618162
1.37601
4.45169
1.48756
-0.311739
0.402639
-3.07188
0.789334
0.808663
1.42711
0.665462
-0.0718774
-2.66292
-1.01981
0.594897
-273.166
-0.359783
-1.02089
2.32506
-0.29666
0.0224752
-0.304488
-0.418554
2.42137
-0.224988
-0.545556
0.716379
0.211874
1.07055
-1.74896
1.21305
-1.35252
-0.762386
-0.145822
0.568955
1.76451
-0.779681
3.66027
3.45349
1.03994
0.316064
-0.310395
0.416017
-6.08304
-1.01178
1.28091
-1.36918
-0.205684
-0.694558
-40.2029
-1.83571
1.22688
-0.11568
-0.262607
-5.67477
1.89839
0.371281
-1.17266
-1.11691
0.507767
0.413039
3.35127
-2.07031
-0.545811
-77.4178
0.46009
-0.702184
-0.029931
-1.56621
-0.785046
-0.398392
-0.85085
-0.0401171
0.470108
-0.314278
-0.185633
106.928
0.861051
-0.42397
3.77829
0.805792
0.0544251
1.8632
-4.37262
0.402163
-0.318615
-0.443973
0.569401
11.2938
1.0634
2.6452
-5.14621
-0.680312
-0.452555
0.636442
0.10572
4.71394
0.266314
0.325074
-0.00931427
-0.253678
-2.76323
-0.861436
-0.288992
-1.70147
1.69899
4.03342
-1.52639
-1.86479
1.46575
14.0896
1.11958
0.37684
2.01495
3.03581
0.128009
0.914193
-0.477771
-3.01773
-3.08037
1.28695
0.381999
0.704187
-0.527687
0.652306
-1.17354
0.445096
0.905947
-0.35839
0.143242
1.76524
0.781764
-0.338848
0.54816
6.4836
-0.317599
0.040526
-0.339881
1.07464
-2.56143
-5.79856
8.8221
0.124959
-3.26312
-0.49883
0.313088
-1.88045
-1.13739
-1.03818
-0.901969
5.06493
1.66431
2.19488
19.0051
-1.36741
-0.19718
-3.90285
0.998697
-1.0026
0.361381
0.143579
0.100996
10.0277
-0.7323
8.48317
-2.10872
1.3433
-0.0642504
4.82686
-1.3134
-1.30052
-2.6185
1.29056
44.3471
-2.11169
-0.264047
-1.65778
1.33755
11.0717
2.64229
9.27699
0.824055
-1.93245
0.174054
-0.167124
-0.0462408
0.866869
-4.60811
-1.08004
0.668098
2.66489
-0.072928
1.81764
12.0165
-0.102644
-2.44482
2.70381
0.189547
0.511824
0.684449
6.23765
-0.0261568
-4.01408
4.26231
0.415142
0.822784
-0.168407
-3.06129
-0.113297
-5.22913
-0.398188
-0.83691
1.1284
0.0596452
1.77912
-0.880378
0.17912
0.488511
-0.291842
0.771969
0.256584
-25.7593
1.23271
1.13709
-4.2358
-0.422522
-0.353918
5.20543
-0.0652879
4.5367
-1.99962
0.206396
0.750366
34.2856
-0.262121
1.9603
-0.258246
1.76627
-6.6754
-2.71962
-2.86529
-1.75097
-0.646938
-0.311667
7.21895
-3.52527
1.04446
1.32281
0.399829
-0.25015
0.416808
0.569814
-0.376664
-0.53364
0.243295
1.01976
0.992977
-9.58396
1.72075
0.557101
494.695
-1.19165
-0.414856
-1.21918
-4.78348
0.125899
-2.58269
-0.355495
-0.223226
-0.377968
-1.78701
0.38764
-0.30182
-1.2895
-5.6878
6.38195
5.70491
-0.549164
-1.14395
0.462463
-54.884
-3.88818
-0.483004
-1.32924
0.508257
-0.797535
2.5514
-104.084
0.107921
0.36345
-0.796528
-0.289671
51.1331
0.183678
4.83527
0.0634646
-1.10658
-0.23615
-0.153232
0.307186
-0.134801
-9.24049
-4.37686
2.34151
1.62823
-1.72261
-0.9636
5.58797
1.79774
0.289171
3.83813
-0.567197
-0.194008
0.785496
2.09547
-4.10918
-0.363732
-0.232385
-0.347944
5.97115
0.247623
1.76982
-0.924947
-0.621209
0.385471
41.5198
-0.136675
-2.18837
1.43118
-1.04896
-1.07277
10.4974
-0.13744
2.89231
2.52539
1.68196
1.45411
0.0663658
2.87136
-0.6425
-0.13571
1.75926
-0.373421
-2.96874
0.691161
-1.54236
-0.0665836
-0.758931
1.19474
8.3562
-1.02094
-1.12388
3.20286
-0.493754
1.22094
0.874711
-0.40449
-0.374543
1.40172
-6.61653
0.980743
3.92733
0.999299
-2.6916
-0.448023
-3.5334
0.844731
-0.271305
4.9322
-83.022
-1.83009
0.328431
-0.406046
-0.208474
1.14973
-0.332001
0.888488
0.267272
0.457646
1.27415
-5.84985
-3.41389
22.0708
-1.02732
0.0830898
-0.911762
-6.25896
1.20822
7.70949
-0.207246
-83.9154
0.247111
-0.785558
1.33422
0.173253
-7.82595
0.73424
-2.91103
-1.49178
-0.334737
1.07222
0.0860477
4.24685
0.936774
-0.465115
-3.98829
-0.18085
-0.276122
-1.2965
0.055329
-0.233732
-0.012599
1.13532
0.734854
0.399141
0.649799
0.817466
-11.1901
-0.87632
28.7418
0.404053
1.13994
-3.49752
0.189507
-1.48926
0.911865
15.6192
1.70858
-0.419648
1.60958
-0.235611
0.187901
0.70542
-4.21336
1.49217
-0.64014
-1.43174
0.746042
-0.342671
5.38118
-0.987447
0.398087
1.71836
-0.0277903
-0.473229
1.45762
-1.559
-0.933513
0.664091
-2.07497
-2.56179
-0.146864
1.25383
-2.06372
0.12542
1.65083
-18.2742
0.102794
-5.15343
3.38596
-0.75399
3.57411
-4.67204
0.0410063
0.560374
0.869976
1.53689
-6.97429
4.41799
-0.0522932
0.327021
-5.9167
1.90248
2.24209
-2.45836
1.28887
-20.242
1.61591
-4.56823
1.72137
0.691509
0.912367
13.5954
-1.56929
-1.76851
-0.29912
1.31854
0.549636
-1.02352
0.665402
1.30918
-1.73986
0.181288
3.25485
0.68764
-0.0594759
32.0724
1.78555
0.0356941
7.68992
-4.09468
1.53291
0.658252
0.402802
-1.20237
49.5793
1.96541
-0.586314
0.0190581
3.26964
1.11342
2.02199
-10.3954
56.9215
-0.691411
1.79167
-2.09955
0.383284
0.277996
-2.54139
-0.291473
3.05644
-3.10829
-1.57948
-0.555533
-5.90976
0.4201
0.885899
1.38532
-3.71717
5.40661
0.852648
-1.37477
16.3876
0.0186236
42.9531
6.18725
-0.0925219
-0.398117
0.259331
0.325736
0.293246
0.356835
1.49837
2.27419
-0.204614
0.785071
-5.99955
-1.56946
-3.34806
-1.09163
-15.827
-0.333092
-1.08442
9.6853
0.850063
-0.0178754
-1.46579
1.2648
-2.333
12.3438
0.52428
0.885301
-3.81166
1.94046
1.01908
1.38908
4.07066
0.172608
-1.31037
-3.00626
-2.51794
-0.934461
1.2242
0.281871
-1.10973
0.0655997
-1.40199
0.15515
0.00845574
1.09329
-0.0190861
-0.329972
-3.06518
-1.25857
-0.443835
-2.03798
0.262265
0.0352324
-4.15762
5.74426
-1.23082
0.064447
1.49934
-0.00677315
-1.03033
-0.20856
0.280113
3.1107
-3.38655
-0.0317155
-0.0696819
-1.23533
1.13873
0.697563
-0.283864
-1.16029
-0.0859084
0.546437
1.32305
1.87939
0.392426
1.25152
4.20239
-0.707948
-1.64297
-0.487232
-0.0211809
16.7625
-0.0837443
0.825957
1.05811
5.43005
-0.257896
-4.3359
-0.613805
3.28216
0.320703
0.34986
-0.765594
-3.92863
-2.24541
0.743585
0.0650229
-0.145183
0.34395
16.7365
-2.67515
-4.22065
0.101275
2.72521
-1.51807
0.354698
0.514923
-7.80105
-1.10644
-0.670438
-0.0515782
2.88862
-5.93154
-1.27491
0.962286
0.208862
-0.540528
4.50786
-2.33826
0.723484
-222.547
0.338816
-0.244367
-6.64968
0.0465322
-3.63934
0.749961
0.287173
1.15122
-1.15075
1.79186
0.246903
-4.02587
0.61074
5.85447
-2.20665
-0.103554
-0.232029
-0.0112391
-0.319687
-5.72937
1.17909
4.98388
-0.601987
-0.918605
0.969435
2.20214
-1.16817
-0.720054
-1.86246
-2.39817
3.44868
-0.063739
3.56848
1.39852
4.38488
2.41358
-1.04342
-0.740064
-0.186145
1.0903
-0.318395
-1.5646
-1.43033
-1.85866
-2.39218
-3.14569
-0.880743
1.08579
-3.82658
-0.139185
-0.640024
1.23692
-2.45463
-0.254984
1.78314
5.01492
-0.440368
0.929768
14.7967
6.05383
-2.75913
3.41217
1.6535
1.34149
-0.364113
2.40988
0.382438
-1.72191
13.3596
-0.653546
-1.09928
0.276513
-0.571851
-1.00874
0.385763
-0.560445
-4.95539
1.62418
4.47701
-0.701924
-0.775611
0.531153
-1.11438
-3.62926
-0.0451198
-7.64242
-0.748936
-0.791037
-2.32272
-6.32974
1.27125
-0.612617
-2.96184
0.390608
0.775986
-17.2892
-0.764797
0.0439136
0.0364481
-0.643443
1.63536
1.60318
0.2745
4.14386
3.57523
0.449357
0.459108
0.185479
-1.17635
0.0755996
-0.312621
-1.61859
1.17382
-2.06916
-0.93298
-0.442826
0.848068
-0.352506
-6.58499
1.40753
0.0841321
-0.491308
-73.1707
-0.0891686
0.0457275
0.713765
-1.01387
-0.163751
-3.69094
-0.169611
-0.347047
-1.61377
34.009
-0.034889
1.1135
0.921093
1.29445
-6.5522
8.60879
-2.4438
-1.13316
1.51104
-4.62982
0.0127063
0.28777
1.2625
-1.00391
-1.04968
-2.00443
-0.591167
-1.53007
1.03641
-0.714014
-0.634984
0.926183
0.90956
-0.553129
-0.545845
3.59277
0.637717
-0.710751
0.153088
0.577908
-1.91437
-0.401702
-0.624719
8.20343
1.10197
2.23116
-5.30629
-11.8403
0.0601866
-0.0663764
0.844529
0.363888
1.47135
-0.318828
0.0918601
1.29928
2.99126
9.68568
5.75083
0.522604
0.843692
-0.43564
0.905447
2.5009
1.04896
-1.09078
-2.30297
3.51447
-0.357133
1.42137
-3.10233
1.91701
-0.968424
0.279794
-1.00173
-3.36951
12.7139
-203.618
1.37914
0.682716
-0.0355051
-0.402603
-0.673495
-2.35931
-0.228608
5.3555
1.57907
0.505848
-0.124964
-0.892808
0.970533
0.0212742
0.554388
104.257
0.52074
-6.50002
1.49235
-0.242678
2.71311
2.44591
-0.679183
-0.898207
-1.78984
-4.46602
0.623442
-5.39079
-3.88181
2.10243
1.61864
-33.8037
0.329776
-0.193149
0.368248
1.22644
3.92287
0.530232
-1.21203
-1.18518
-0.112169
-0.220514
0.352144
0.581988
0.718799
-0.26206
-0.159295
-0.262751
0.196224
-1.17721
1.46304
0.141853
-2.13268
-3.58695
0.910244
-8.86159
0.690479
5.08425
-0.674449
-11.7245
-1.05802
-4.66426
1.71066
0.558138
59.4848
2.39363
0.0780508
-2.18969
-2.29336
10.217
-0.202017
-49.9845
2.7161
0.41352
-2.25065
3.84202
-1.31022
-0.714563
1.08046
-1.01052
3.25582
4.09264
-1.30371
1.44725
-0.677139
0.672919
-1.35824
0.39211
0.595679
0.215688
0.0720259
-0.687139
-0.617732
-0.75311
-3.69376
2.22399
0.0613441
-1.57201
0.48891
-0.55721
1.04713
-0.204433
-1.24194
-1.00843
-3.83853
-4.78613
-3.85912
0.732714
-0.505096
-1.81189
0.179051
-1.45177
0.419118
0.25346
1.31592
-1.37469
-4.7667
3.2857
-0.489984
-4.47769
0.453902
-0.87451
-0.395034
-2.13674
-8.30314
0.0356868
-0.348652
-1.77716
11.1878
2.30204
-6.29967
0.14381
-3.60509
-1.42968
1.80617
0.273578
1.74132
3.08683
-1.39178
0.108162
2.02292
-2.54272
-0.294249
0.272013
-0.524816
0.960005
0.916904
3.44685
0.870992
0.771429
2.5275
-1.00064
-2.88719
4.01209
1.97665
0.635929
0.160402
-0.299295
-1.84088
1.14734
-1.54894
0.685205
0.456793
0.0469975
-0.505737
6.61329
1.72072
-1.20799
-0.550543
-0.505964
-0.123318
-1.85976
-0.628595
0.521145
0.80802
-0.511502
1.4185
-0.241888
0.0928923
-0.311618
-1.73605
0.792385
0.45406
18.4828
6.9239
1.64459
5.21698
0.189369
-0.779807
0.70785
-0.168776
-2.43281
0.827844
0.512404
-0.0757789
0.406378
5.56128
-1.41118
-1.06524
-0.429356
2.29211
-0.00906805
0.691122
-0.805874
1.78422
1.33328
-2.00658
1.98
0.600821
4.73607
1.85089
-0.0869534
0.744361
3.18232
-0.0842558
-1.05352
-0.591232
-32.5723
0.737476
21.0251
-2.12348
0.1691
-0.125706
-0.7533
-0.23646
-2.05488
0.731395
1.42788
-6.66759
-0.318824
1.55995
-7.01052
-0.817906
-0.191987
-0.956871
5.62812
-1.42327
0.304668
0.376067
0.20059
-6.56233
0.822668
-0.136188
-0.179091
0.0791533
1.74915
-0.540347
-0.147504
6.30395
-8.68398
-0.152432
2.31919
-0.832918
-0.419013
1.67534
-13.0533
-0.00203022
-2.29045
0.718002
0.129211
0.306768
2.20731
5.90286
-0.150902
2.5406
-0.239027
-1.02927
3.1121
0.301454
1.77002
-2.34233
-11.4721
-0.360336
1.46424
0.864432
1.26754
-0.46956
0.737445
0.711715
0.350388
23.1517
-2.05578
-0.310333
-2.56014
-0.249395
0.131834
0.249104
0.80146
24.6597
-3.00355
-10.3101
-0.220388
1.06314
0.15298
-3.416
-2.6759
24.5067
0.360213
-0.494207
1.23572
1.05456
-0.399343
-2.4639
-0.645262
0.665032
2.04861
0.988864
1.23052
37.5826
0.403569
-1.33208
-2.98268
-0.324584
2.06959
0.278682
1.00704
0.893841
4.05964
-1.73643
-0.186968
-0.388257
0.293883
-0.708129
2.13444
-0.894255
0.466058
-23.2883
0.734165
-0.285129
2.45312
-3.09775
-0.279666
11.1784
12.2971
1.45848
0.250026
-0.252777
3.90881
25.6184
0.651707
-1.15398
0.121995
0.912261
-2.36611
13.6862
0.299379
0.309939
-2.32679
0.368209
-1.92094
-1.0643
16.3346
0.319548
-0.510643
0.483011
-0.862433
1760.89
-3.07521
-0.641548
-0.0262549
0.533674
12.6205
-0.737835
0.964033
8.73223
-1.06014
-0.692913
-0.562817
0.268374
0.605057
-0.6053
-0.621821
2.93623
-1.44342
1.55735
6.74315
2.94565
1.09627
-0.984049
-0.262705
1.5575
1.30641
-10.7162
-0.0322495
3.60109
-0.0743256
6.78661
1.15551
-0.306047
-2.93017
-0.822403
0.00371214
0.919497
-0.570158
-0.204548
-0.795342
2.19121
-0.260577
-0.69537
2.71981
0.0445479
-0.72639
-0.558189
34.7049
-2.53922
2.13706
-0.0815973
-0.109592
-0.326078
-0.192567
0.246128
-2.41813
-2.07687
2.00434
1.44524
-11.0005
0.609875
13.3444
0.276503
2.47364
1.39799
1.09405
-0.482497
-0.259045
-0.127944
-120.566
12.2332
-2.37989
-0.687924
-0.291685
0.511949
-0.564337
0.431255
-0.470188
0.689257
-1.93894
-0.216727
0.958438
-2.07156
-8.63286
0.653383
-0.791465
-0.133607
-0.519624
-0.24597
-0.0186039
-1.04184
-0.392758
2.68589
0.811149
0.941295
0.103436
-0.466905
0.198939
0.69836
-0.0889789
0.36207
-4.75392
0.791685
10.7592
0.683854
1.27079
339.738
2.23821
0.315936
-0.146831
0.960668
0.508859
0.191122
-0.792047
-1.14358
-0.621939
-4.27275
1.69034
-1.25691
-1.04788
3.76783
-0.376169
-11.6437
0.489673
-1.23512
21.12
0.0637019
1.24404
-1.58033
-0.576666
-1.17335
9.07544
-1.13918
0.0869966
-0.189529
-4.81695
0.448174
-3.31365
0.686481
0.255265
0.793814
-1.96132
7.65955
-0.538467
-0.16321
-0.756992
-21.7502
2.07486
2.98638
-7.81615
-5.83582
-0.207705
-3.88574
-2.23399
1.86117
-1.04847
1.53076
0.153515
-3.84232
-1.89843
-0.575499
-0.986201
0.538845
0.821674
1.54085
-4.01821
-11.5965
1.89862
0.476151
0.82824
0.747851
104.672
0.211902
-0.431379
-0.34253
-0.256094
0.102371
0.618801
10.0357
0.171735
2.26707
2.95298
-0.123902
0.368341
0.301121
-2.84355
-8.514
1.11183
3.09185
-1.61871
2.20816
0.323305
-0.603282
0.441295
0.0764218
-0.414611
0.213969
-0.586643
1.91365
6.65382
-0.381403
13.8508
-0.562428
-1.32662
-0.0466349
-1.36002
-0.121953
2.36541
-167.484
0.35421
12.8954
0.373774
-0.686484
-0.731257
0.457458
1.97373
0.110224
0.694867
-0.344559
-0.577401
0.212096
-1.58779
-6.29013
96.1686
-6.21059
-0.492629
0.295528
-1.41078
11.7285
-0.0120885
-0.733876
-1.3441
13.2617
0.671005
2.51529
0.042294
-1.14848
3.87162
-0.716254
-1.47878
-0.404135
-0.326813
-1.25948
0.303752
2.2714
1.10735
-1.2655
0.650182
-0.322087
-0.684164
0.254882
0.942059
-0.26248
8.99476
5.77267
-0.203017
2.05559
0.474217
-3.55298
12.9265
1.02797
2.87773
-0.0706554
6.23071
-3.21635
-0.151478
-7.2968
-0.904938
0.620066
-0.761334
-1.25281
4.46629
-2.17732
1.37278
-0.556278
-8.45653
-0.212428
3.30006
2.92887
0.703309
1.57898
0.535463
-3.73109
72.7508
-1.3958
3.23979
3.84096
1.58593
-5.68787
1.30484
-2.01495
-0.000242547
2.43115
-2.32927
0.295098
-1.99614
-0.554005
-2.93388
-0.889425
-0.684185
1.58445
-2.71233
0.583201
0.28517
1.71902
-0.935387
0.749675
2.24996
14.5184
1.25649
0.438134
-0.198257
0.736209
-0.229719
-1.67975
0.439951
-0.705001
1.19975
0.262581
-1.74394
0.578462
-1.61786
2.04143
3.97803
75.2514
2.63819
-1.70933
0.137335
0.421162
0.145064
-3.19488
-0.547671
1.87655
-4.52961
-284.11
4.18782
-0.594445
1.34797
-0.211018
1.91986
-0.353967
-0.867265
-6.57292
-2.04839
-7.28865
15.0455
-0.0645432
-1.81742
0.943732
-0.326819
-0.211891
-0.271347
0.772566
-1.27148
-1.18224
3.72218
6.32644
-1.64081
8.77211
-0.103353
-1.74272
0.509041
0.050838
-0.101498
-1.10812
0.975896
1.80013
1.31113
-0.208521
3.17053
0.923362
-0.219228
-0.2491
0.977195
0.628367
-1.48351
1.95474
0.535266
-0.437682
11.7043
-1.15551
6.98581
0.821511
0.810141
1.06412
6.08123
0.917444
-0.356007
0.384554
1.47848
-12.2566
0.292058
-0.256472
13.6592
-14.4873
-2.0017
0.357852
0.247977
-2.15941
-0.600926
0.693307
-0.774648
0.393829
0.482761
-5.4392
0.829955
1.37818
-0.378542
-0.546805
2.08632
5.95064
0.517308
-0.753175
-0.164833
1.84701
0.931337
-0.588824
3.89812
-0.65439
0.0998022
1.70972
0.19171
0.840912
0.600941
0.0242553
1.91415
-0.765891
-1.61559
4.27994
-1.27582
2.27853
0.66962
-2.04937
-1.67823
0.28162
-2.41393
5.7227
0.629065
-0.137333
7.46903
0.363074
-0.336306
-0.154777
-0.402078
0.681279
-2.55306
-256.89
0.241226
-5.87148
-4.07714
-0.744056
-0.71096
0.0054184
0.0678147
-2.69124
0.797766
-2.3661
0.174152
-2.04657
0.0522447
-2.51096
-1.60718
-4.74433
-0.37224
2.35
-0.32856
-2.24035
-2.58338
-0.178878
10.5747
0.417647
-0.0412062
2.14359
-2.11286
-1.53162
-21.1711
-1.16813
-1.10742
1.02051
-11.3904
-1.31692
2.09824
5.05546
-2.85905
-0.586892
-1.25591
1.31736
-10.354
-0.150139
0.278506
32.9474
-1.50943
0.559478
-30.9898
-0.887853
-0.150217
-2.54887
0.202778
0.414354
4.6464
-0.167467
-1.30172
0.550211
8.99742
-0.122319
0.720993
0.720249
-0.349711
0.177051
-2.63717
-1.59573
-2.22475
-2.28524
0.738265
-8.73142
-2.59504
-0.811444
17.1242
-0.288215
0.680572
0.0878736
54.9077
-0.332527
-0.0584122
-9.6626
0.806433
-2.6923
-1.072
-0.220623
1.60988
-0.890201
1.07845
-2.12016
-1.0563
-0.731979
-3.82627
1.78838
1.04596
1.06787
1.07309
16.0431
-0.180579
0.4117
-0.653013
0.802956
-0.33412
-1.88715
1.52856
0.697353
0.758689
-0.357827
1.61703
10.1814
1.78353
-0.348091
-0.304887
8.56543
2.83825
64.5936
-3.09751
1.96919
-35.8247
0.0461059
0.0927195
1.63879
0.192219
0.431179
2.43883
0.61196
-1.77958
0.0316353
8.50108
-0.753534
12.9609
0.323483
0.184225
-0.417718
0.788494
-0.0940767
-1.96608
9.43021
-2.04992
-5.28423
-0.678977
13.789
-6.03665
0.0261495
-1.62855
20.056
15.0546
0.0210548
-0.836769
-0.390402
0.526162
63.0391
-0.116037
-1.44859
1.97366
-3.2394
-0.221962
-1.20829
-0.77332
-4.47397
-0.47411
0.115033
-1.1408
1.75803
0.18686
0.436155
-0.216089
-23.4017
5.33882
0.105702
0.0180272
-0.161059
-1.23167
0.290016
-0.534394
3.21672
0.319559
-1.3823
1.14852
1.2857
0.367883
-1.19147
0.227056
1.09386
0.18522
-4.79804
-1.14189
-22.1813
-0.50622
3.58292
0.313721
-0.41278
0.351503
-1.31759
-3.31939
1.01615
0.523523
-1.7366
-0.782578
0.484535
1.22283
-5.50445
1.03671
1.84848
1.60922
0.236594
0.274578
1.63891
-1.53877
-1.81642
-0.953359
7.90542
1.10378
0.18288
-0.781974
-0.94658
1.1346
1.20324
6.29232
0.461377
0.00317177
-6.22807
0.868515
0.283726
-0.272289
-1.11015
-1.15416
-15.7699
2.28842
0.265878
2.33239
-0.910575
0.932386
-5.38524
0.83013
0.528395
0.738017
0.790465
-0.323648
0.315239
2.46552
3.47842
-1.23084
6.77174
-0.539538
-0.44237
-1.08746
0.659561
-0.304656
1.42748
-5.65532
0.46979
-0.566843
-0.0918437
-0.987748
0.269953
2.30544
-0.0407942
-1.65545
-1.18339
0.445563
1.19001
-0.289483
-3.81964
-0.498994
3.05931
3.75425
-0.63138
4.38957
-2.98159
0.755601
-0.294323
3.308
9.21831
2.30502
-0.227334
-0.684457
1.34481
-6.05138
-0.36461
-1.0965
0.80786
-0.152199
0.890861
-1.07614
0.16563
-98.0736
-1.8392
2.81602
0.217991
-1.3545
-17.4575
0.904707
-0.397943
0.320343
-10.4799
-0.452625
-14.9526
0.797851
-3.32206
0.112412
4.72249
0.554049
-0.0305698
2.05751
0.145151
0.431275
-0.58924
-0.372154
-4.28248
0.456367
-2.76917
-5.06869
-2.07184
0.27466
-0.109286
-0.542643
-0.18519
0.233342
-0.00517748
-36.8243
-0.42894
3.50774
-0.85909
1.62747
-2.96677
0.352709
12.4786
-9.03245
-0.0430619
-0.372302
-17.4141
1.03741
0.250287
-1.23969
1.60042
-0.966393
-1.56448
0.617841
-1.42669
-0.530054
-2.74207
-1.99194
-0.39866
6.26905
1.28435
-0.000698791
1.20218
-0.129853
0.395527
-0.607258
-3.56236
0.273208
18.4788
-0.222095
2.76901
-1.9815
1.58732
1.24005
-0.780984
0.909106
0.168308
0.566642
-0.955531
-9.2398
0.0737705
0.170553
-0.709269
-2.29553
-2.07909
-0.355236
117.764
1.0059
1.16506
1.10949
0.107039
1.25978
-0.0114114
-0.896224
-2.55124
0.16418
3.54888
2.71013
0.333546
-1.00456
-1.0743
-0.472217
-0.576115
-15.2637
0.686088
3.81155
0.674935
0.213329
2.00551
-0.0577579
1.00236
0.472285
-0.57451
8.30343
0.248781
4.08027
-9.47678
0.279306
0.606745
-0.469165
-0.0851032
0.0651468
0.762133
7.43535
5.69887
2.49086
0.911649
0.0229201
0.176674
0.0631288
-14.9263
-0.993591
0.220911
-33.1631
1.04737
1.42971
1.57614
-0.137126
-0.310188
1.42842
-0.0155503
0.602354
-0.1695
2.62053
0.295415
-3.89703
-1.00901
0.291867
-1.32742
-0.271136
-0.150919
1.43722
-0.488498
0.607148
5.35369
0.415217
-14.8958
-0.684718
-1.75352
0.409691
2.10408
-3.5334
1.36584
-1.27318
-0.736417
-6.10189
-3.98352
2.69849
-0.778308
0.203741
1.72235
-5.08753
-0.352539
-0.826643
-3.73307
0.549964
0.0054602
-0.4026
0.31897
-16.5252
0.223934
-0.46948
-0.770811
-0.980948
-0.287703
0.569249
1.37323
-0.929344
1.45912
5.0413
0.261585
1.06512
-0.884107
0.0550746
1.24735
-70.2879
-0.10886
0.199203
0.146241
-0.321722
-2.01409
6.40561
-1.32376
0.615713
1.83752
-0.598393
-0.116363
-0.201131
0.143182
4.61926
-0.250647
0.250406
0.59567
-1.24691
5.76977
-0.523427
2.31205
0.786345
0.986619
0.547046
0.885511
0.694531
-1.90474
0.839
0.0724354
-1.27605
0.121939
3.75019
-0.0977678
-1.12771
2.03252
11.424
-0.148275
-0.548431
33.5425
-0.45726
-0.787511
-0.242534
-0.145224
0.610233
0.746905
0.37997
-0.1007
2.91063
3.08004
-0.0719526
-2.18047
-0.0639917
-0.334688
-0.594995
0.700356
0.56093
-0.030705
0.551682
-0.242774
2.30584
-4.17484
63.8333
1.59416
12.4881
-6.57943
-2.20818
0.226879
5.94162
-1.73222
-0.153175
0.0485386
-1.86932
-0.992883
-2.85198
-0.414324
-0.502398
-2.30641
-1.8268
-0.336514
3.85222
1.1117
-1.17897
-3.71384
-11.9249
-4.92531
1.0431
6.11853
1.86138
0.804075
-0.870747
-1.83621
-0.879062
2.35428
-1.70143
-1.51665
0.1304
-1.5415
0.305275
-0.0264209
0.0382338
-0.95204
80.7773
-0.442727
-4.29056
1.82619
-3.20534
0.254853
0.0352484
-0.356905
-0.600396
0.607345
-0.50689
-1.81022
-1.49104
-0.131233
-1.82181
1.19902
0.0417464
0.0985262
-0.895458
-1.60022
0.280205
-0.815395
-0.836958
0.681063
0.402956
20.7545
0.333268
-0.0912359
9.27188
-0.424297
0.294753
-0.594334
-0.725901
0.45962
-10.1403
-0.693436
-5.54725
3.66751
0.306805
2.19615
2.37233
-0.23834
-0.521363
0.892015
-3.13766
-2.27965
2.61477
3.89361
-1.28768
-0.057322
-6.83575
0.415745
2.78386
-1.002
-1.04019
1.49793
8.48542
-0.423104
-0.0806301
-0.690443
1.15168
1.33534
2.19999
-0.220916
-2.47495
0.15755
0.512739
4.26507
-3.34619
-2.517
0.815774
-0.104595
-39.3668
-0.506852
2.83878
-2.24569
-1.44787
1.23634
0.255136
-0.0554078
1.7704
-20.9631
0.758143
0.939877
-1.7488
-0.198992
0.387313
-4.02044
-0.25703
-1.19923
0.169278
1.92887
1.34172
-11.7522
-3.21178
3.44362
-97.3935
-5.96159
-1.75771
-1.02789
1.01775
0.874652
3.17214
-0.428291
1.16549
16.3362
-7.61926
-0.516165
0.772641
0.395118
0.959074
5.04928
0.797536
-1.48591
-0.00754712
0.709218
-3.94836
-0.97449
-2.09954
-2.93061
1.23927
1.71076
-4.44684
0.271868
-1.5701
1.21143
-1.95352
0.28724
1.07377
0.662493
-1.90701
0.377774
-0.791543
-0.976845
2.29127
1.65771
2.48529
-10.3496
1.97304
-0.639181
1.10342
0.0558896
-0.242483
-3.86435
-0.698121
3.05288
-0.973376
6.03126
-1.12703
0.672445
-0.871216
3.78072
-0.102713
-7.74345
-0.469509
-1.69278
1.73874
-1.60338
-1.63495
-0.301935
-0.48749
1.41585
1.39609
-0.874296
-0.56745
-0.572903
1.08862
-1.38362
22.5954
2.0452
2.34071
2.40009
-644.053
0.18653
-8.21973
-0.926561
2.39378
0.630217
0.65336
-0.4471
-0.285838
0.0671041
3.43137
1.30899
0.976796
0.140397
1.14544
0.507176
21.1836
2.55251
-0.816677
3.51414
-0.0192431
-0.138094
570.698
-0.93687
-2.7948
-5.99715
6.50654
-5.44004
2.37386
-0.764867
1.06473
-2.92671
0.170023
-0.564816
2.58842
-2.0316
-0.143843
-1.67413
-13.1068
1.76372
0.224968
-7.47508
-1.22424
0.744352
0.324366
0.73194
4.83937
11.0527
-0.57038
0.862685
0.558533
352.49
0.237316
-0.952732
0.920486
0.968935
-0.164437
1.06111
0.00192937
-5.11117
-0.212605
-1.85795
0.584328
-0.243264
2.77483
0.0920003
-0.657804
-0.462488
0.0147192
-4.54776
1.25181
-0.237709
21.4962
-0.111586
-31.7417
-0.973788
-0.201827
0.588913
0.151564
0.454752
2.03269
0.276709
-0.981124
0.794023
-2.31537
-0.3805
0.771927
-1.10728
-0.528943
-12.0113
-2.18268
-1.70531
-0.11131
2.17109
-0.285429
-1.95847
0.132392
5.25562
-1.04254
0.261047
0.513863
1.12341
1.39175
0.0464429
0.515859
1.10675
0.49099
3.79848
-3.14538
0.471936
0.179084
0.0753219
0.00723013
-0.758804
-0.722119
-3.40042
-1.60453
0.0610515
-1.36564
-28.1117
7.05681
3.27953
-0.455501
-0.261678
0.355098
0.616228
-0.0774413
-0.450615
1.46504
2.9885
1.53446
-0.922506
1.23106
-0.0971122
1.79049
3.82727
0.555787
-1.74996
-0.801021
-3.52364
0.584151
1.49211
-0.0517274
-26.3048
3.5796
-1.44507
0.492832
2.261
-0.067754
-0.398892
1.56694
0.748945
1.03748
-11.4944
-0.387338
-2.07085
3.67151
-0.505522
4.28848
2.65414
-2.97508
-5.18701
2.96542
0.209552
-0.333356
5.89251
0.061189
-0.198353
-0.0520291
-1.49956
-0.56152
5.8748
-0.183478
0.589652
-0.357141
2.37917
0.195987
-0.434249
-6.34999
0.672375
11.7927
-12.8454
-2.49739
3.87378
0.0122732
-0.185901
-0.359576
-0.305728
1.16265
1.67237
0.0705742
-1.90009
-0.975293
12.7303
0.0252619
0.153072
-0.44083
6.16278
-1.39929
1.07578
0.276069
-1.8299
0.72993
0.741696
-0.580597
2.05932
0.102188
-1.20885
5.89586
0.477379
-0.17881
-1.39352
-1.80128
-2.39357
1.57738
-0.163654
-13.1897
2.01589
0.415158
4.01164
0.695539
3.80808
0.400758
-1.83794
-2.98412
0.107162
-13.7142
0.189055
-1.46079
-5.16805
-1.4836
-0.165714
-0.0217245
-0.319048
0.0155858
9.45657
-1.40161
-0.0471284
2.23197
-0.0391153
0.0141948
-3.11777
1.32517
1.22025
-0.288993
-0.886975
0.232435
-0.242644
0.120837
-0.379701
0.315165
0.908203
-1.93631
0.219984
-0.16553
-1.85687
-0.150196
0.392269
-0.624906
0.163641
-0.228067
-4.45878
-0.618391
2.97681
1.81663
0.782687
0.0851157
0.452144
-0.55291
0.286012
40.7467
-0.74605
0.947135
1.61601
1.168
2.35264
2.78685
-1.0296
-2.35774
-0.119606
-0.847242
-0.978416
-5.02496
0.0858372
0.454009
0.532928
-2.74273
0.0942573
-0.128425
-0.684749
1.89265
1.16972
-1.75481
0.968566
0.33289
0.145705
-2.04693
-0.417201
0.211875
-0.882507
-3.24858
-0.642654
-0.669806
-1.89461
0.860398
-0.184115
0.0437745
-3.38077
0.290827
-0.240082
0.279871
1.06904
1.39687
-1.62365
10.1498
-0.322053
0.788943
1.09175
-0.0848183
3.01351
-0.11906
0.615882
-0.882889
3.0624
-1.19431
0.305614
2.68725
0.226264
-0.6838
2.13813
0.557899
-0.459417
-0.156336
-0.688123
0.358098
0.476516
-64.9919
0.333136
0.775921
-0.398279
-5.07208
2.8466
0.270389
-0.578384
-0.149162
1.42167
-4.45051
0.551839
-0.789852
-0.363656
-0.128756
14.3587
-0.278631
-0.472404
5.77325
4.51211
0.984958
0.0473689
-1.24488
-338.653
-0.165235
0.757101
-1.53505
2.54287
2.93788
-1.30303
-1.61426
-0.898486
-1.74477
0.709707
-0.450368
-1.34077
-1.41795
0.0179518
5.03411
0.590062
0.904352
-0.52313
0.130187
2.08232
0.116983
-0.266742
3.0733
-5.10176
2.62767
-0.0457575
-4.39918
1.14345
2.55905
15.1796
0.722048
-1.82968
-0.541926
-0.877165
-1.202
0.157899
-0.787001
1.26632
0.127606
2.70856
-17.3881
2.93688
4.10681
3.58512
2.32704
0.917667
0.553351
-0.0473772
20.5671
-0.0340303
-1.20113
1.38518
-0.175209
0.957803
-0.347643
-2.23644
-1.1218
-0.635052
1.34252
-3.41725
-2.66952
-0.154194
-0.420729
0.407942
-5.19131
0.540112
0.584119
0.921537
-7.0682
-13.2203
1.3771
-1.67573
5.22275
-3.37512
0.929419
-0.0312533
1.27683
-1.17835
-1.49688
-0.747883
21.1178
2.21747
1.86583
-0.836446
0.661315
1.96655
0.269936
-21.0556
-2.76128
0.829871
-0.0793487
0.946878
0.226042
1.23048
0.852818
-8.10735
-0.552386
-1.80375
1.89398
-1.99691
-0.872551
1.73536
-0.000965373
0.993909
7.29318
-9.49066
0.54367
0.585836
-2.87836
-1.57288
0.609147
0.0641939
0.527976
0.318033
-1.31372
-6.62007
-0.265239
-1.16624
1.39593
-1.01839
-3.58978
-0.517362
1.1671
0.347377
0.499264
-0.64032
1.63187
-0.372132
-2.97216
79.8769
-0.650141
-2.12061
0.543224
-0.711823
-0.17159
0.0312555
-14.3104
2.47514
-2.54327
1.43043
-0.253753
-0.989371
-3.66064
2.17775
-0.965637
-0.776429
10.3015
1.69972
0.444742
-0.629902
-1.55891
-5.04112
2.74726
0.240057
4.51269
-0.231961
-8.25907
-3.43139
1.25577
-1.89313
0.380046
-0.197772
1.91972
-0.163367
-3.68753
-1.20177
0.386399
1.20808
-0.644863
-0.858328
0.695509
-3.40723
0.696254
20.7109
0.1252
-14.5073
0.769364
4.14096
-0.283108
-1.03348
-9.1339
1.71594
2.85133
-1.3859
-0.148548
-1.79857
2.89887
-1.30585
-1.66414
1.7517
0.644503
0.798775
-1.58179
0.556572
-2.17665
-0.332213
-0.481291
-0.0924655
-0.0612519
1.28769
0.444339
2.16599
-0.133494
0.662246
-0.320948
1.19875
-0.834836
-2.52813
-4.11136
-3.10456
0.999109
1.88646
-2.05704
0.508277
-3.94669
0.251751
-3.99429
-1.68094
-8.95357
0.547295
-12.3515
2.16691
0.475779
-0.662699
1.39889
0.316252
1.01167
-6.87495
-0.0814183
-0.849409
1.04695
-5.90149
-0.147432
0.886922
0.279535
-2.56605
-0.842538
-4.70818
0.156117
1.04977
3.55013
1.22691
0.638709
-0.874427
-3.08001
-0.223022
-0.212982
-7.37928
0.949881
-0.293897
5.53983
0.204673
-10.844
0.958785
-1.7727
-0.136894
0.463391
7.11081
3.18967
1.9425
0.198437
2.59915
0.739877
1.18594
0.86166
-0.27919
0.0854228
0.347522
0.0651912
-6.84552
-1.71055
-0.470926
2.70621
-2.07534
-3.38453
-2.87968
0.00889339
0.0883654
-0.830709
-0.298272
-0.883323
-3.25562
-0.971262
0.0226013
-0.819357
-0.477168
1.29142
1.63905
-1.58477
-4.50088
-3.00838
-15.4004
0.0568456
7.87749
7.94379
-6.35613
-0.322687
-0.258544
0.338024
2.51359
-1.44745
-1.16784
-0.764363
1.3267
5.46338
-0.7724
-0.686432
5.07433
-1.57032
-0.0625681
-1.02728
-1.37996
-0.526016
-0.857944
2.83214
2.14895
2.21718
4.10712
-0.217065
-1.34274
0.189598
-0.362557
-2.57825
0.210871
0.439325
2.70914
18.8132
0.628384
-0.724727
0.885837
-0.426129
-16.6536
1.18918
0.123313
-7.27284
0.299483
-0.894428
0.704359
-0.313854
0.673874
-0.0499019
0.889052
-2.56019
-3.85263
0.486991
-0.609688
-0.0461053
0.10825
0.675399
0.313152
0.204324
-0.917357
-0.505785
-0.63787
-1.11841
-0.949846
-0.523712
-2.77399
-4.06164
-0.157305
0.175556
1.11597
0.0634875
-0.615998
0.0847032
-0.124722
-0.323425
-1.78266
-0.822084
1.30404
-0.238764
-8196.43
1.42492
0.937837
6.54341
0.0582316
0.188806
-5.31172
0.0731975
-2.39558
-0.548785
-1.06435
-0.83465
-10.3522
-0.172564
-0.302413
0.438775
-0.0174298
-0.437641
-1.05208
-0.137369
-0.629336
-2.21992
-0.80668
1.26267
-3.9635
-13.5268
-0.22217
-0.152964
2.02676
-0.0473376
-0.779041
-0.171041
0.336626
1.5982
-1.16008
-1.88517
-0.122135
17.2038
-0.366442
-0.127378
3.13881
0.799263
7.24987
1.24958
0.07732
0.366951
0.506607
-13.5538
2.85534
0.758516
-0.465885
-3.26026
0.0631733
2.02638
0.313393
-0.466295
-77.4613
0.772507
-1.13567
1.02888
0.107943
-3.03698
-0.39074
-3.18258
0.76074
-110.608
3.08563
-13.7237
0.315489
0.344364
0.959754
-2.12836
-0.759077
-1.02604
-0.472442
0.265192
-2.30652
3.87567
-11.9731
3.2292
0.702936
-0.498228
0.40798
-0.754379
-1.33719
-1.32469
-4.44285
0.0277201
-1.72845
0.373764
3.81479
-0.834035
1.56221
-0.270201
-3.23542
-0.33878
-1.48511
-1.09704
0.968712
0.61058
3.37233
-0.296805
-1.01697
-0.459951
-0.000105409
0.724863
0.656625
6.4243
-0.777453
0.190986
-0.74919
-8.30751
-1.03864
0.463218
-1.13496
-8.15539
-1.01809
11.2995
-0.339643
-0.0381368
2.2746
-0.839004
-0.230674
65.4966
-0.689104
0.967373
-1.44954
-1.52581
0.463084
0.0104204
-0.899702
113.279
-1.72502
-0.224251
1.16047
0.244554
-0.476863
-1.21727
-0.147041
1.00199
-1.62977
0.409152
-1.15832
-0.848537
42.6332
1.11634
-0.276807
0.579967
-3.99098
-1.75653
-0.555624
-132.445
0.720773
0.52889
-7.87413
-0.116384
1.28632
1.19163
2.68498
-2.68351
-0.337272
0.653127
-1.69698
0.398916
2.04638
2.56227
0.723804
0.402788
-6.85498
-0.690815
-0.442641
-3.29689
-0.0325411
1.6502
-0.481985
-8.81814
-0.540772
0.0625706
-0.107473
28.8635
7.01215
227.19
1.46054
0.239471
0.585629
-25.1009
-0.980292
-0.567237
-0.0472768
2.53392
-1.47921
-0.0413646
5.9194
0.251862
-0.283406
1.11493
0.920624
-2.94625
0.256954
-0.930225
-3.19971
0.0114572
0.803233
-0.971495
-0.203342
4.85918
0.467738
-3.62606
1.1953
-1.86809
2.30335
-13.5207
-0.178779
0.19708
0.364933
0.872005
1.41852
3.26044
1.10139
0.703683
-0.270184
0.555124
-1.17973
-1.45885
-0.945443
0.241499
0.906931
-0.515486
-0.491306
-0.352628
0.741148
0.408932
-0.163954
-5.3635
0.426247
-0.0205655
0.843272
0.22762
1.10218
0.223181
0.559725
2.94402
-0.168419
2.62171
-1.86501
0.548935
-0.182889
-0.479482
3.25511
1.27298
2.38237
-0.288265
1.77513
0.290397
0.157762
0.393805
1.87507
0.020599
-0.294804
0.255048
-0.269527
1.38678
2.06187
-1.12629
1.41791
-0.101949
1.16089
-3.08762
0.191473
1.22609
0.633719
2.3879
0.55562
0.289554
0.164055
-1.92366
-3.02161
-3.89188
-4.22326
-0.024845
-1.32312
-0.988758
1.38643
123.075
0.745665
0.0160989
1.2219
-2.69962
1.29402
-1.78634
-11.7908
-2.00182
0.599764
0.543592
-0.395285
0.820131
0.861705
-0.0777735
-4.30304
0.30077
-0.521826
-0.933586
-3.94578
-0.294058
-1.61851
-0.684604
1.25901
-0.190526
0.238728
1.26016
0.113442
2.85557
-1.79833
-2.41115
-0.468481
-4.6369
0.220869
0.92972
-3.26583
0.412378
0.47318
-0.507222
1.27325
-46.0522
0.76058
-2.64488
0.389422
-2.16503
-2.24385
-0.0542578
3.04695
-0.686831
0.61033
-57.1663
-2.9485
-1.41762
0.385294
4.45893
-4.57678
2.12731
-0.750867
-0.872429
-0.0594891
0.117768
-0.882506
1.72167
-0.573489
-1.29338
-5.3299
-3.04013
0.0892496
0.738256
-1.05011
2.28295
-0.837456
0.143592
-12.9
-0.0183109
-0.745497
-0.0488228
3.85507
-0.248902
-0.159935
-0.428904
-0.394903
-0.133238
1.21628
-0.713746
-2.10321
-2.61727
-1.0169
3.28309
1.06704
-0.603619
0.855282
5.61175
-11.3533
-1154.91
-23.1434
-3.2418
-3.70494
0.129399
-0.52255
0.908849
0.816356
0.726437
0.35517
-0.228294
-1.91039
4.07131
-2.07127
-0.421944
100.02
-1.66073
2.48341
0.246943
1.0776
1.27353
-2.09523
-0.874274
-1.10391
-1.59583
1.94246
1.59848
1.18058
-1.65179
1.84044
-1.19529
0.128581
6.10751
4.70907
99.5919
1.46304
-2.46309
-0.879446
-0.0302913
-0.863253
0.0387865
-0.268646
0.534792
-0.818008
-0.177964
-2.59902
0.0570171
-0.127413
2.97092
-2.35136
11.6631
-153.786
1.10445
1.79326
1.56118
-3.49087
5.09962
-0.1178
-0.534569
1.23356
1.35997
-1.45112
0.55222
0.777992
2.16349
0.592883
-1.79231
4.42245
-0.249128
-0.859652
-1.20828
2.31369
-0.41059
1.62175
-2.52102
1.26519
1.77249
0.620674
-1.00748
-0.627413
-0.0909276
-0.173309
-7.09511
0.169371
0.431151
-10.5996
-0.176288
-0.264994
-0.735101
-2.5218
-0.54842
0.164692
1.45184
-0.74685
-0.950155
-1.31529
7.21454
-1.74828
0.383277
-2.78442
-1.70518
0.20731
0.172045
0.533417
0.749311
0.0832062
-1.02008
-0.0124242
-1.47073
-1.20187
-0.298499
4.72563
3.29084
2.33764
-0.2251
-0.993367
-1.04538
0.33403
-0.00190893
0.00190131
-0.234524
2.34626
-0.0400229
7.92942
1.71049
-1.93013
-2.41131
-46.7465
-3.92159
1.07779
-1.00073
0.126307
-0.515131
-0.121822
0.216972
1.03726
-3.14584
1.18074
-1.30465
-3.71749
-0.710033
0.827787
-0.347774
-11.8949
-12.2337
1.78242
1.38451
-2.82609
1.45594
-0.101694
-0.323794
0.798715
0.0982805
0.0350356
1.23416
0.75704
4.51549
-0.0876233
2.94979
-0.0970632
-2.26891
7.8321
1.70011
-2.1276
3.1297
-0.217667
-0.286797
-0.223466
-4.71215
15.4905
-1.03267
-0.0528445
0.201352
0.31865
2.14511
2.07899
-0.535806
-0.730023
-2.86255
-0.333258
0.714677
0.80506
-1.08087
-0.726491
15.8018
0.243597
-0.342592
-9.827
-0.162154
2.91185
0.288724
0.607276
3.21659
-2.67411
-31.2237
2.40814
-0.972513
-0.129643
0.127498
-0.627164
-0.282559
-0.672085
1.49995
-0.186015
-0.939489
-12.1502
0.511126
-0.9109
-2.42035
-0.137891
-0.840487
1.0544
-7.33398
-0.0619772
-3.84319
0.371996
1.96315
-1.28107
1.36716
-0.647609
-4.02359
4.53404
0.568932
27.3741
0.138322
-1.2456
39.5279
-2.33362
1.33704
-0.196307
0.387857
-0.266572
-7.09308
-131.259
-20.4546
0.739494
-1.75263
-0.0296343
-0.176587
0.641599
0.291522
1.59505
-0.98768
9.66278
0.717725
-0.00447085
0.201823
-2.12728
-0.85375
-5.30163
5.44966
0.887222
-1.4328
-0.0259843
0.652267
3.17312
-0.595161
0.054591
3.31283
-0.469621
-2.18328
-0.266211
-0.660577
2.92178
-3.03507
0.766994
2.62843
-8.10139
-1.94844
2.73392
-0.383081
0.640713
2.73496
0.129597
-0.907978
3.67791
-19.6688
-2.62468
-0.0779897
3.80532
1.30973
0.262858
3.24498
0.579314
1.27392
-0.178896
0.0749237
0.587417
2.34861
53.4244
0.569851
-3.02171
0.588069
8.59324
-1.18767
-9.92471
-0.560213
-0.895191
-1.0866
0.285213
-0.183752
2.31058
0.698264
0.617491
33.9951
0.802376
1.72603
0.743698
1.18958
-0.118687
-0.837173
4.08362
-0.175642
2.5443
-0.468001
1.47383
-59.5695
1.02027
1.07349
4.02275
-1.38579
0.59798
0.492996
2.33749
11.2077
-0.158056
0.714075
2.29159
-1.80457
3.11811
1.72587
-0.94695
-1.86823
-0.709626
-0.810862
0.105252
0.999768
2.10801
-3.33212
1.50244
-5.78182
3.23046
-2.42351
233.506
-0.1081
-0.51336
0.598619
11.5183
-0.175335
2.0343
0.267712
-1.14169
3.60072
1.1486
0.310189
-1.43031
1.17535
3.73299
2.08655
0.0252452
2.41617
0.501367
-1.19968
8.31987
19.5165
1.13949
1.98683
0.629016
1.30793
7.47305
-0.648686
2.81994
-0.632954
2.34154
-0.700977
0.30173
-0.675518
-0.588545
16.3014
-0.116182
-5.06932
-0.672752
-0.798578
1.96097
-0.148497
-229.348
-0.132266
-1.99024
2.4224
-0.946712
0.90584
46.2502
0.168339
-0.274233
-2.36649
0.499189
0.0546267
14.6957
-0.685442
-1.29202
-1.86876
2.40275
0.0127954
-3.2745
3.28072
-0.113812
0.75141
0.214348
0.254078
-0.316532
-6.69149
-0.740102
-0.61576
-0.648921
-1.42673
-1.08419
0.931747
3.3422
0.0679383
2.26435
-1.76873
1.23047
-0.0109305
-0.336902
0.775193
-3.13919
0.14624
-4.78429
6.04652
-3.89719
9.95823
-0.677945
1.83767
-0.224712
-2.42333
1.00177
-0.238785
-0.542382
-0.870421
-0.716558
0.501663
-3.74473
-0.0937012
-0.651714
-0.294698
-0.0118541
1.04095
-2.38796
-1.44975
-0.622654
-0.183715
2.06844
-1.26185
1.3382
1.51978
-0.198755
-2.79712
-1.27037
5.39555
0.333571
0.761726
-0.232718
1.10795
1.19822
0.529364
1.03244
-2.18258
0.141877
0.586272
3.6203
-0.131741
-0.801418
-0.635166
-0.687455
-1.83514
1.58446
3.75236
0.120086
-0.030852
4.54681
-0.461244
-1.43399
1.01554
128.402
-0.866696
0.540829
-4.14552
-0.478257
-0.0174227
4.26152
-0.0801682
0.563695
-0.75873
0.762753
-0.0770618
1.73002
-4.26075
0.265839
0.228422
-0.421543
0.457104
-1.36037
-0.738882
1.92837
1.87404
1.40379
2.91471
-1.2158
22.2359
-0.983998
3.38454
-1.7794
1.80234
1.23467
1.9835
-7.67569
0.69403
-0.836804
0.183475
4.70431
2.01136
-0.444697
0.195901
5.69966
0.20853
0.0661504
-12.4674
0.710732
0.112076
-1.62436
7.06167
-0.668241
0.203745
-4.86189
-0.758645
-35.9872
-8.51795
0.0140353
9.93387
-0.662396
-2.25214
-57.3306
0.288699
-1.8858
0.528344
-0.263434
0.692972
0.594925
-3.94093
-0.0579924
0.338406
-12.1358
-0.440602
-0.298408
-3.76395
-0.980437
-0.182867
0.0474576
0.629391
-0.241984
-0.0736403
0.249954
1.11704
2.55255
1.37596
-0.0927145
0.911972
0.547026
-0.251174
1.93229
-0.177499
-3.00328
-0.208997
0.549161
0.228786
-0.256751
-0.204644
0.88855
-0.226533
-2.52839
-1.26569
1.26954
-0.559684
-35.397
1.49362
-0.430956
0.305985
10.012
2.2268
-0.291312
0.958968
-0.138585
0.338307
2.35422
-4.37177
0.00294606
-0.264595
0.363609
-6.1902
-0.673531
0.351817
-1.32173
-2.15716
-1.60666
17.9758
-130.209
-2.4382
0.542903
-1.76675
7.29538
-21.2897
-11.076
-2.98558
-2.28793
-0.125598
0.260248
0.114576
-0.918341
0.265695
1.48491
1.6968
-11.9717
-0.592747
-0.436678
-0.77382
0.418029
-4.8725
1.55498
10.5445
-1.20793
1.57211
-0.321659
-0.0569781
0.0504782
-0.560167
0.993879
2.11402
1.24249
1.39581
-1.64549
-1.76438
-7.94869
-0.0609293
1.57562
-1.49383
0.00741127
-1.36509
-54.299
-1.20637
0.344944
-1.70489
-1.9341
1.48866
-1.07553
2.75867
-1.39053
0.380043
4.44454
-0.200075
2.31302
-23.3769
2.09951
-0.0544036
-1.25362
0.808887
-1.92301
-4.65961
-1.07104
-0.702302
-1.5695
0.173485
-0.341352
-0.467106
0.15206
4.05898
-3.88282
-1.11348
-0.281189
-2.29079
-2.71789
0.250384
11.2123
0.133458
4.3005
0.529227
0.0625487
-1.52394
-0.177783
0.341138
-31.5293
18.9438
1.75589
-1.68874
-1.59656
-153.533
-0.146317
-0.250241
0.001604
-1.11587
-2.10849
0.544606
1.22946
1.635
0.951258
-9.06731
-24.0551
1.67497
2.76375
-0.822439
-3.51291
2.95077
0.347219
0.836792
0.423014
0.287714
-4.14158
0.788024
2.73796
0.211762
9.15669
-0.179744
-1.80461
-0.0496957
-1.2217
-0.625343
-5.45015
0.41035
-0.018797
0.2982
-0.0627001
-2.58991
7.20153
0.337135
-0.787938
-1.4967
1.67249
15.1412
-0.604206
0.0716964
-3.07604
1.44999
-2.02926
-4.00518
0.360858
-0.0104896
1.92629
0.55102
-2.41405
4.69479
-4.93194
1.19706
-0.513718
1.30523
-84.9546
0.241986
-0.508508
0.655151
-1.65481
-1.77412
-1.52756
-0.441138
-7.54992
3.72918
-0.724914
-0.476881
2.12615
0.208711
-2.82908
1.46398
-1.13903
-0.712264
0.594768
-1.93753
0.378434
5.49804
-0.0724214
0.0856284
1.62649
1.82577
-0.515561
-0.506051
-1.05144
-0.982197
-0.191599
0.0638781
0.231698
-109.107
-3.21193
-1.53291
0.18396
4.07523
-1.90034
112.929
-0.870282
1.94202
-0.229824
0.637037
-0.0156565
-2.96432
6.3124
0.0205385
-0.36004
1.4163
1.37674
2.59
0.911032
0.550407
-0.253208
-1.11313
-2.73122
0.254259
0.765451
-0.228067
0.124145
14.685
-1.12239
0.232385
-12.0768
1.26058
-1.33282
3.8019
0.933339
6.71213
5.89449
-0.627339
-2.83733
-1.00325
13.5465
1.62903
4.82052
-3.68762
1.54061
0.334818
0.234949
-7.99459
1.85712
-1.77411
-0.0157493
-0.0165459
0.73799
-2.75901
0.00655269
-1.12268
-0.144227
0.0309708
-0.862636
-0.0270037
-0.167509
0.0121261
-1.69999
11.8465
10.1954
-0.873926
2.21122
0.340482
-0.66063
-2.46525
1.32406
-0.382172
-1.28932
-0.303836
-0.505783
0.0848107
1.24632
5.00874
-0.847335
-0.106487
0.048321
-2.38168
-5.44971
0.184677
0.111515
-0.27991
-2.53953
-0.510982
0.0160664
0.257241
1.64203
0.242351
-0.791632
0.0211388
1.20769
0.940316
0.941596
-8.15037
-0.0253521
1.57091
18.4602
-185.487
0.436357
-1.40702
-1.55475
6.93838
1.78391
0.534333
0.528401
0.692478
4.37098
-1.04948
-3.65553
-2.1486
0.794678
0.585482
-0.388622
0.278819
1.15409
-3.51924
-2.04858
-2.47903
1.50499
-0.0170159
1.03196
-0.595368
-0.253507
-2.83667
0.112695
-2.82445
-3.03371
-8.56554
-103.479
-0.542335
-1.46024
-0.083583
1.12076
0.0228099
0.27306
1.62793
0.621932
0.232892
0.380771
-0.449557
-2.93183
-5.70505
-0.492624
-0.104855
-0.729511
0.112293
1.98429
0.538652
-0.0415474
0.680694
-1.232
-1.30444
0.672574
-15.5602
-0.0696898
0.272384
0.541692
-1.249
-32746.5
1.0276
6.35233
-1.48369
0.826406
-0.663932
0.636907
6.40706
0.291672
0.127638
-0.732891
-0.0680676
7.02785
-2.10371
-0.881047
-6.76764
0.105184
2.35574
-3.21094
2.13301
-0.216412
0.118956
-1.87975
2.21323
-0.563259
1.58779
2.09314
0.345703
0.934121
1.17766
-0.447567
2.12137
-0.27429
3.06221
2.45741
6.40337
0.718074
-0.604941
-0.506658
7.77529
-118.486
0.255545
1.28145
1.64361
-4.74222
-0.936408
-3.51561
-2.83345
0.364743
0.394046
39.6252
0.567839
1.54272
0.0445904
0.157897
-0.190507
-3.78656
-0.798756
-0.542188
-2.75737
1.45379
-0.295126
-1.59141
-6.09083
-0.682693
-0.696677
-9.58309
-2.38055
0.972672
0.179015
-0.412749
-1.46897
-0.452819
1.0403
3.05673
17.2487
1.5112
1.29347
-2.63569
-0.705773
1.30146
0.902482
8.80063
0.551324
-2.88438
0.133485
-0.366083
1.428
-5.11194
0.456598
2.04755
0.137758
-1.05664
-0.102741
0.391194
-0.0357999
-0.778963
-1.03779
3.02672
-0.600299
2.3062
-12.2068
-0.354745
-1.18151
-1.20157
-0.618545
0.785439
0.43335
0.000991573
0.29082
0.12116
-0.539114
0.994723
-0.91238
-0.918883
-1.46168
1.29698
5.98437
-0.490221
0.310463
-0.153824
-0.599396
0.328095
-0.510582
-0.0176652
0.010176
0.969178
-0.0575275
-0.58072
0.587433
-2.05663
6.7997
0.15467
-0.552744
1.15215
1.35601
0.057256
0.231303
-0.339316
1.38111
0.776134
0.605804
3.17849
0.368229
-2.17352
-0.284425
0.0154695
-2.51076
0.466923
-0.603133
-1.22823
2.47176
-0.0513123
-0.229014
-4.49035
0.271823
-0.688919
-1.15797
0.769577
-0.634738
-9.90631
-25.1419
127.126
1.3968
-10.581
-0.239402
-1.23995
-5.72005
0.452935
0.520187
0.13122
0.225584
-5.38654
-0.49696
2.44858
0.2542
-6.46124
0.106306
-3.61545
1.46207
-2.29688
0.666802
0.519191
0.35323
-15.0626
-45.6987
4.30628
0.881677
-0.356001
1.57343
-0.830663
4.29888
2.6232
0.712865
-4.02013
-0.947383
0.13481
-0.348995
5.49943
-2.37614
0.396481
0.27206
5.00218
-6.52906
1.39681
1.72355
-0.0348191
1.25395
0.0320392
0.240871
0.171824
-8.46233
-3.04578
-3.25369
0.106201
-1.17427
3.87303
0.0820944
29.0436
-3.0033
-0.0405647
0.364098
4.43666
0.272664
-0.364987
0.588802
-0.290866
-7.60054
9.16945
-0.437123
-1.77706
-0.020665
0.086044
0.169931
0.292783
-0.300922
20.8484
-0.762022
0.0101797
1.38777
-0.539846
2.01314
2.03499
-3.03391
0.767403
-0.670721
-1.12322
0.453794
-0.294331
-3.36491
2.37308
3.15619
-0.172912
-0.933905
-0.895531
0.204376
0.18567
1.78627
-2.58886
-0.987517
0.437682
-2.94173
-2.22179
-1.28285
-0.440617
-9.46023
-6.97296
-5.40453
-0.0278514
-2.65278
0.0920069
-2.86366
1.1476
1.13977
0.904979
14.4644
0.581614
-0.590022
6.14301
0.045869
-0.377056
-4.3475
0.00669128
0.723648
2.65291
-7.42075
0.0514581
-0.976596
0.730261
-10.8648
5.66939
0.345903
-3.49817
-2.53243
1.12456
-2.97263
-1.21932
-4.844
-0.00169378
0.115702
0.95806
0.0235307
-0.381818
0.849954
-2.24164
2.08667
1.31324
1.51608
-3.69514
0.841965
0.383885
-0.111223
-41.7452
0.162307
-0.300079
-0.198133
-0.137081
0.490798
-1.35714
1.87959
1.73389
1.90864
-5.89536
1.34954
0.599499
-1.58573
0.492944
-1.17873
-3.64632
4.3379
0.164441
0.00296737
0.0262248
0.22787
-0.466706
3.8586
-0.651474
0.386
2.72522
-1.45636
-2.43208
0.769742
-4.54446
0.0473402
-3.45006
-8.4359
0.0398893
-0.311894
-0.138601
-2.22791
0.234403
0.469971
-1.59791
-1.09063
-24.2621
-0.167055
0.132968
-0.867791
-0.241361
0.346803
-57.1463
0.764523
-0.710995
0.725389
-1.27284
1.47303
-0.33444
-0.978501
-1.06993
-3.8165
1.14759
-1.36703
-2.84818
0.737861
1.07276
0.524376
0.171527
2.48088
-0.820958
1.55992
-0.782675
-54.7812
0.253488
-3.05461
-0.892203
-1.64442
-2.15779
-0.349632
0.639991
-0.928835
-0.944233
138.627
-0.467959
0.379413
-2.08441
16.4105
0.0995482
-0.0771551
-4.03774
1.45129
17.892
-4.40915
-0.170657
1.41168
-3.20107
-0.0981835
-13.7851
-7.30245
0.0734129
-4.50495
-0.55252
-10.9809
1.04312
0.104534
-0.437009
0.158283
2.09597
3.20517
0.609945
0.589202
-5.87223
-4.04486
4.30999
0.00815108
2.82809
0.529036
-0.546781
-0.977718
0.682663
14.893
-1.50913
1.79125
10.4431
1.41119
1.31691
-3.86577
0.298383
-0.246827
1.54389
2.84105
5.29759
2.84748
-7.52352
5.02415
2.22731
-0.319273
244.008
1.7005
0.604702
-0.27398
0.251522
-15.8733
-1.89408
-0.828024
-0.825035
-1.22916
1.00202
-1.70867
1.19682
3.13617
2.76529
-1.54326
-3.66994
0.874546
-2.29269
-0.208116
-1.49238
0.58882
-0.0597036
-3.39452
-0.0350922
3.13916
2.84007
1.9299
-1.4643
1.31869
0.503831
0.613362
-0.240839
0.0354394
-0.832642
0.217829
0.896611
1.79771
0.351732
2.55071
-0.315788
-1.60227
0.0799476
-1.64839
2.08303
0.953893
0.0434074
1.20569
-38.1336
1.03189
-1.96969
0.182516
-0.710792
-3.12784
-2.35897
0.882194
-4.65187
-0.414664
-3.87622
0.621657
-0.131983
-8.75903
-2.73042
1.54716
-0.468606
-1.48876
-0.647466
0.0868132
0.596042
-0.65312
-0.365077
-1.28382
-1.4848
1.84198
-7.7588
1.66527
-2.18958
-0.0441494
2.87865
-8.51177
0.360442
1.67895
0.0210219
1.63281
-3.08405
0.127392
-2.55631
-0.221574
-0.322367
-0.00394404
2.80819
0.0258942
0.631468
-7.59745
4.09352
-1.23919
-0.207466
-2.95744
1.11799
-1.53873
-2.03638
0.588661
-8.96823
-0.114483
-3.06242
0.0992472
-0.388888
-4.12522
5.33585
-1.19013
0.937968
-0.474001
-7.05362
15.3895
6.05222
-0.092648
-0.285969
0.860031
0.565867
0.110684
7.70072
0.627955
0.640849
5.28753
-0.599423
0.979185
-12.4645
-0.00521009
0.873273
2.55881
-27.2901
1.74745
0.503776
-0.631016
-5.87919
0.150724
0.501339
0.260267
-2.27286
-0.422274
0.801519
0.762881
0.100808
-0.627321
1.3572
0.125802
0.148099
-0.627728
0.677387
-2.7444
0.391817
-25.6801
2.17113
-0.608873
0.892606
3.32202
-2.6807
-0.561717
-9.23416
-2.1342
0.137939
0.10838
7.32219
2.03543
-0.362454
2.95903
-0.412349
-0.97593
-1.4009
-0.697672
1.02319
0.273159
-0.715342
3.1266
1.68541
-2.4391
0.234821
3.02354
-1.31299
-0.305208
-0.657282
7.74861
0.322991
-0.786291
-60.6474
-0.871033
0.177155
-0.311213
0.0971259
0.655036
-0.41708
0.902597
1.04853
0.205239
-0.502211
0.0146953
-1.04
-0.726096
0.786415
0.714458
0.33918
6
2.66216
0.716454
-2.04188
-0.295715
-0.26262
1.22569
0.545967
0.513081
-0.0762302
-0.583974
-2.91931
0.146443
1.28133
-0.315391
0.914026
0.830336
0.419603
-0.795584
-0.267858
-0.264181
4.14449
0.228823
-4.90161
1.9009
-1.46469
1.04509
-0.492427
3.34061
-0.338072
1.60466
0.793062
-0.077999
-1.83628
1.51599
-0.639424
-2.39582
1.63398
8.11766
-0.818356
5.01462
2.58661
0.668293
2.93652
-0.520676
0.639796
-2.05144
0.307574
-0.339104
0.186297
0.0275477
2.0802
0.760453
-1.35102
-0.758793
0.337093
-1.40302
-5.00857
-0.76131
-0.926732
0.238103
-0.119766
0.866131
-0.0704828
1.09901
-30.1472
-2.35591
-1.67867
-1.80759
-0.301633
-0.680412
0.122821
-0.374498
-0.136363
-2.16268
-0.125607
0.0301754
0.381422
-0.8524
-0.445208
-15.4181
0.20589
1.27973
0.651932
-2.4999
-0.865883
-0.719037
0.486252
-0.33603
1.455
-6.78142
0.187524
-41.9591
-1.31113
-6.3764
0.684031
1.53244
-0.76277
1.6694
1.54425
-0.375727
-29.2125
-0.50631
-0.456023
0.775011
2.92832
-3.65989
2.02998
0.0899607
-0.0896588
0.307784
1.84732
-0.549675
-1.92592
-3.68543
-2.31288
-1.8314
0.558976
0.725171
4.96708
-0.418596
17.8235
5.81311
-91.3572
-0.48092
2.02427
-0.61161
0.553972
-1.50818
2.00383
0.442275
0.155215
-6.49304
24.6597
1.31612
0.622414
-0.681961
-0.194336
0.627244
-9.26927
1.38705
0.478012
-0.104396
-0.613852
3.5733
0.786337
0.103273
-0.910741
1.83959
-1.56221
1.88772
-5.21959
0.0356093
-2.10618
-1.75667
2.4096
118.91
2.86139
-0.427239
-0.214774
-0.822232
-1.35669
0.151855
0.380531
0.37834
-36.6913
-0.538501
-0.894171
1.1418
-0.445875
1.47729
1.08404
-9.33329
0.690439
1.2359
-0.399454
-0.251479
0.00133327
-0.427947
-2.17845
-0.081919
-1.17219
0.940713
-1.78448
-3.45403
-0.0199959
-6.30367
-0.17098
-0.00889069
-0.665629
3.14417
1.24904
-0.678983
-1.5402
0.344338
0.265211
-1.13491
2.62943
3.88218
0.156525
0.0617651
1.58393
-0.0391315
2.55562
1.68974
0.0371795
-13.067
3.96411
-0.686925
-7.83358
-0.68359
-19.1832
0.0618202
-0.732251
0.147629
-2.0303
32.3715
4.03851
7.51638
0.93372
0.858669
1.47308
0.793463
0.043145
-2.57722
-1.31913
-1.48129
0.691056
0.827184
-0.299278
0.0318988
0.208143
-2.94617
1.03085
-0.490685
0.0576518
0.0376201
1.10648
33.7844
0.851753
-6.85892
0.600285
3.06549
-1.9521
-0.573455
0.282159
-0.301913
0.255391
0.0771239
-0.502665
-0.301847
-6.22193
0.392272
-0.702875
4.29671
0.0302226
-2.58986
1.52504
3.11192
8.58115
2.01121
2.10948
-3.75836
-0.89915
-1.9658
1.00923
-0.944877
-3.05453
-1.24248
-0.662556
-45.6928
-2.6171
-0.906875
-0.375376
-0.837921
0.394832
-0.854188
-0.595035
-0.744287
-0.699633
-2.34212
-1.21881
-1.88123
0.0460364
0.687882
7.33887
1.11607
-2.10628
0.630942
-13.9757
1.80511
0.604676
3.16831
0.528636
-0.242163
1.41921
2.48712
-0.925675
9.17861
-1.07219
-0.898555
1.01165
7.68342
-0.10695
-0.359166
0.691821
0.0880793
-1.41611
0.00439443
0.151732
1.04818
-5.42246
10.5219
4.56394
1.09987
-1.61959
0.0396803
-1.56293
1.20783
-0.467739
0.387989
0.0578548
1.14401
0.339709
0.854704
0.663981
-0.951517
-1.7902
-0.156904
4.73524
0.0232762
-0.495928
-0.579538
-1.11889
2.51808
2.70529
17.358
-1.28904
10.6021
-0.437581
0.961235
-2.16355
0.929954
-1.89353
3.33267
-2.87748
0.358848
-0.512061
-0.0546335
-0.104183
0.248244
-0.710265
0.590178
-0.675102
0.312637
8.72427
-0.090979
0.998396
0.0370993
-0.195844
1.341
-2.73966
0.495347
0.384845
-0.836341
-0.352591
0.307334
-0.744955
-12.096
-4.17015
-8.07139
5.29823
1.57899
0.339075
-2.46027
1.40927
-0.382219
-0.305866
1.39018
-0.102678
-0.093375
0.478829
0.113808
0.423585
-0.549499
-11.5772
0.154338
1.35928
1.59174
1.15014
-0.121188
0.652161
0.0800227
-3.13667
-0.903072
-43.2468
-0.183061
-32.3361
-3.15582
-0.25806
-5.74913
7.85877
0.155018
0.463032
-0.785641
-0.33697
1.15626
-0.477678
0.39355
-3.15601
-2.81047
-0.645204
-0.172036
-0.0165564
-2.09889
0.250523
-0.76523
0.263802
-0.596923
-1.26922
-1.64952
11.8513
0.256468
1.34793
0.842706
-16.2282
-1.46092
-0.376194
-0.788343
-1.003
-0.0746254
-1.34192
2.91059
0.359107
0.253943
-0.148044
0.357455
-0.415744
-0.942435
-0.0713162
-0.359467
0.69868
-1.94941
-0.0730944
-0.7084
-0.0238491
-0.958583
-4.56139
4.11499
0.525019
0.191186
0.720426
-1.0963
-1.8462
-0.298458
-1.0799
-0.342229
-0.531218
-0.512389
-1.91034
0.137108
9.21344
-2.03067
0.384232
0.553641
0.438669
0.690468
-3.76952
-0.379697
-0.835777
-1.8715
-0.918565
0.731067
0.190073
1.80012
2.78638
-0.221305
1.51222
-0.594709
7.39871
-1.04435
0.048048
2.89603
1205.8
2.17204
0.246614
0.153369
-1.02965
-0.883385
-5.01815
0.758064
-2.57708
-13.3339
-19.6427
1.67839
0.928708
-3.17475
-2.17335
-0.335192
-0.468778
-1.05639
0.150056
1.50142
-6.21533
8.0828
1.21387
-4.86931
0.962505
-1.23608
1.88305
-0.311217
-0.177862
0.462509
5.69435
-0.199877
0.995423
-0.540463
2.26101
0.134241
0.501195
173.608
0.145142
-0.986284
9.82578
0.130685
-0.327908
5.82211
1.29093
0.459865
-6.55693
1.04942
-0.759452
-0.358517
-0.0360039
-0.810912
0.458368
-1.17307
-1.32509
-0.248292
-0.00609552
2.25993
1.66067
-0.675575
-1.16589
0.360484
3.26295
-11.0633
0.211034
-0.205291
-0.958313
-10.0893
-0.784908
0.572536
4.58955
-0.593046
0.458639
0.778382
0.0985201
2.82092
0.16688
-0.032964
3.96496
1.659
-5.53674
-1.51833
9.89387
1.37194
0.669846
0.22198
0.716281
0.670523
-0.156265
1.7298
0.575151
-5.17963
0.764661
-0.472029
-0.00283581
0.144868
-0.111674
1.40426
0.644777
-1.53154
-1.92708
-0.513316
-2.64169
-1.71841
0.606704
-0.472238
-12.4137
-1.50093
0.357586
-0.274061
1.73399
0.441789
-0.950042
3.61875
-0.939482
126.156
-0.0233671
-1.45804
17.3626
-3.50713
2.26281
0.939744
-0.166443
-20.4777
1.13538
-4.53569
0.250664
2.82498
-1.72745
0.92932
-14.1718
0.553168
-0.0860974
-0.177443
-2.65708
1.22124
-1.47703
1.7499
-2.46352
-0.264059
3.04044
-3.27605
2.20934
0.832188
0.0823926
-2.55182
0.524911
-0.693213
0.301239
-2.16001
0.0100949
0.192788
2.14433
-0.368433
0.918971
1.10462
2.68621
-0.740533
1.73752
1.84143
2.20476
-0.808993
-0.472705
-2.664
-1.5263
-1.03429
-0.226658
-0.951024
6.01513
-3.49699
-0.643778
0.239626
0.514144
-1.5527
-4.43168
-0.912892
-5.76822
0.638434
-1.40375
0.0787346
0.00687707
0.304394
0.790307
-0.730894
-12.1877
0.192355
-0.350127
-1.8306
3.32936
-0.097178
-2.57056
-1.67233
0.248334
-0.678462
-1.72454
0.884591
-0.0138983
-0.292669
-0.270403
-27.2747
-363.912
-0.21078
0.157264
0.656762
1.55782
1.71294
0.757891
-1.12177
-5.31457
-0.371135
-1.19294
0.575103
-7.08271
1.40734
-2.06591
4.82465
-0.409075
0.292209
-2.57979
3.33596
1.11165
-0.777182
0.30618
0.870098
-1.25243
-0.0499565
-4.41418
7.90849
-0.55106
0.902047
-0.58413
5.69465
3.46472
0.0774997
-0.403481
-0.349966
-0.0493892
0.136434
0.978528
-0.805791
0.275892
-0.805936
-1.3275
1.1834
-0.020648
0.364761
-10.2841
10.2688
0.435431
0.275554
-2.50412
-1.69349
-0.807281
-0.217423
0.877215
1.87958
1.81762
0.0243939
0.522395
-0.864794
2.89249
-0.300364
5.99614
0.0645711
1.14419
-0.616358
0.447138
0.195655
5.59097
-1.11238
-0.820084
-0.164027
5.42163
-0.37342
1.74355
-8.84986
5.4127
5.50759
-0.908207
-2.56314e-05
-1.38377
0.894798
1.4965
0.0436764
2.45135
-0.809728
-0.156522
-0.215277
-0.969638
-1.63453
-0.740617
6.79103
0.113556
0.139221
0.623634
-0.464769
1.14507
-5.65248
0.454348
3.85879
-0.498523
-0.163355
2.335
-0.619959
-0.970523
0.265002
0.339869
0.877786
-50.1831
1.81112
8.3556
32.7618
-2.63974
0.490478
-2.50545
-0.625047
-1.84492
-1.61325
1.68204
0.531005
-0.0966996
-6.01142
1.93791
0.342986
-0.879106
0.0857427
2244.26
-5.96139
3.23755
1.26149
1.20779
2.80007
-1.24172
-1.23173
-2.5618
0.144999
0.171057
2.53318
0.185443
-1.62102
-0.13673
3.5376
0.755657
1.43104
-1.77006
-0.652345
-0.123934
1.28716
0.602382
-0.141261
-0.00109016
-0.672437
-25.3677
-1.40799
0.775363
0.327004
2.28168
2.18748
-0.0597423
-0.311735
-0.900926
1.10482
0.840117
-1.72267
0.183118
-0.116293
0.255209
0.264886
0.310474
0.0192276
-0.738503
0.247778
-0.964583
-2.60229
0.0320607
-1.25377
1.52722
-0.0548148
-1.99569
0.12061
1.96074
-1.26006
-0.949007
-0.859059
0.0921495
0.0923435
-0.51821
0.689255
-1.27723
-3.27937
-1.87782
4.88653
-1.47304
-0.12794
0.909178
-0.700087
-0.212479
0.647207
-34.4707
2.61875
-0.444721
-1.63492
-0.347359
-1.08398
0.949286
-0.160247
1.24472
0.891188
-8.11925
-0.996634
-1.4876
-0.00497876
3.43366
-1.14139
-7.66351
-3.23674
-0.63193
0.598342
4.41949
15.6239
2.04989
2.17478
-0.435861
0.463942
-1.20391
0.135514
-0.670552
0.568178
12.8763
-0.707967
-1.41524
-1.35804
-0.651735
0.455468
0.534878
54.8647
-0.666237
-0.52496
-2.43107
-1.46935
0.783814
0.253486
-1.28961
-1.03996
-0.418461
-0.657507
2.48434
-0.0662718
-0.100959
0.33503
-0.942369
2.2708
0.319249
0.0915965
3.73009
-0.801959
-1.43795
0.0488657
-0.840059
3.05515
-0.901086
1.68997
0.176186
-0.291171
0.155618
-0.498612
-0.512022
-1.2511
-1.24675
2.16486
0.0423141
-0.0879013
-0.143633
-1.55977
0.410902
-0.648542
-0.0945662
-3.18966
-1.14444
0.746256
-0.00676595
-0.0460631
0.571412
0.52588
-0.755902
0.985318
0.763863
-0.487542
-0.112487
-2.8294
-0.245884
-1.7732
-19.0713
31.3618
-0.842093
0.102867
1.24064
0.966814
-0.976538
-0.302231
1.63048
-4.3071
1.05146
0.749989
1.05143
0.967296
34.6208
0.00828559
7.09721
-0.421961
-5.31248
-0.281723
-0.793598
-0.219385
3.4078
-0.819403
0.151329
-0.276143
0.608395
0.267288
2.38833
-0.65563
0.166634
-0.948573
0.266207
-4.36804
-0.303577
0.8271
-0.617264
7.70483
2.50672
-1.28812
1.42679
0.863422
1.31898
-8.08475
-0.583182
-1.69779
0.511866
-0.42464
12.9773
3.37996
-0.190456
-0.132742
-0.944516
-0.754716
0.400981
0.965449
1.11708
-1.36371
-2.87964
-1.04557
-0.162172
0.345211
-6.84978
0.0558254
0.438416
-0.327441
-1.33494
4.01446
4.6709
9.83285
1.77155
3.08784
11.9633
1.73604
1.31919
1.33382
2.86008
0.835867
-10.4151
-0.301795
9.5521
1.31917
2.82366
2.24685
0.285426
-0.679287
1.08788
0.735122
-1.38806
-0.0265501
-0.0461348
1.36894
0.757658
0.639276
-1.59749
-0.0833406
-13.0946
0.377264
-1.70237
2.83746
0.487823
-12.307
0.676476
0.396435
0.4116
0.491876
-0.020372
0.792698
0.18538
1.02064
0.656131
-0.153802
0.405933
-2.11964
0.0689908
7.89483
0.0710026
-3.14847
-0.258286
0.703923
-2.23798
-0.477734
3.8793
0.561202
-0.200957
0.126559
0.121617
2.30903
1.67894
-0.114736
3.82688
2.68086
-2.60555
0.112688
-5.19163
-1.0014
-0.456941
-0.00260723
2.15462
0.135266
-1.11254
0.321945
0.319359
1.11127
-0.36717
18.8987
-0.15786
0.254686
1.78282
-0.609652
0.151239
-4.04421
2.87307
2.35189
-0.557584
0.799076
-0.524938
-0.40531
1.48992
-0.641156
-0.126435
-25.3601
1.4885
0.0951385
-2.66367
0.427228
-0.849305
2.57308
-0.424531
0.924903
-1.35473
-1.21851
-1.30817
0.589795
-1.7403
-2.60891
0.927072
0.438404
-0.131134
1.24506
-0.275023
0.864457
-2.11013
-0.0783266
-0.0143044
-0.808901
-0.643986
1.46334
0.600233
-2.14227
-0.236937
1.94191
1.7506
-1.13888
0.427957
-12.7872
-0.0756287
-0.639705
1.21645
3.52459
10.7277
1.87441
251.37
-1.563
2.56275
0.0657485
-0.940451
0.263191
-0.0460878
0.196634
0.928261
-2.29285
-0.510155
0.680578
-0.171632
0.0445445
-0.0262762
-3.8334
-0.934141
-1.93495
-0.989262
-0.639849
-0.660497
1.2366
-2.34177
-0.562865
0.152052
-1.36662
0.465342
-6.16465
-0.446821
-0.259742
0.115148
-2.18987
-0.809851
-1.7092
-4.09327
1.38434
-4.53934
-0.031569
-0.796774
0.262702
1.91238
-0.201401
-0.856033
-1.76434
1.18333
-1.18539
-0.720037
7.73653
-1.8125
-0.507438
-1.51224
0.127944
0.478149
0.415092
13.191
-2.00807
1.14496
-1.96545
-1.44107
0.945325
0.800367
0.617189
-7.23942
-1.90137
-0.838298
-1.29203
1.15461
0.664657
-16.5475
4.71721
-0.878622
63.7718
-9.40932
-1.02719
0.913992
12.0465
-1.24513
0.561536
3.06947
-1.12511
-21.3688
-6.14649
-1.32868
1.39109
-11.1271
-0.718305
4.93312
-15.1573
-1.1141
0.506281
0.705783
30.0115
5.04928
-1.87711
-1.86874
-2.51218
-0.364209
-4.97734
-0.677532
-1.24381
-0.055963
-0.618709
-0.694411
0.854334
0.665611
0.140843
0.965377
5.73029
0.333065
1.73082
1.33003
0.308973
-1.18001
-2.11275
-1.70993
-0.332057
0.191299
1.90712
0.642681
-0.80765
-0.878514
0.457727
-0.275106
0.609675
-0.545828
-0.480012
0.326528
1.10004
-0.224639
0.513713
-0.0324888
-0.105753
-0.846805
0.58928
2.99332
-0.508919
-0.396625
-3.20463
-2.88907
1.21793
0.293206
0.514005
-2.16514
1.28812
-1.93546
-0.228711
0.89344
0.34092
0.126946
-0.127403
11.1637
-0.206702
-0.391408
1.87856
-0.182968
0.0224348
4.75905
0.143921
-0.487089
-1.01919
1.01013
0.24331
0.0479051
-3.72064
3.11575
0.392498
-0.0852834
0.882344
0.155724
0.0596864
0.0537466
-1.41954
-1.43239
1.14667
-0.983873
-1.54999
-0.404041
-0.936421
-0.790377
5.9056
-1.00873
-3.29571
0.928122
2.24145
2.95678
1.96506
-0.397488
0.4283
-0.167011
20.4727
3.31611
0.073899
0.679748
1.12114
0.115639
0.769646
-2.27402
1.78484
14.6464
-2.08312
0.608223
-2.02637
0.431189
0.401469
-1.10484
0.971287
-0.0284545
0.328906
1.70401
2.72443
0.583882
6.15671
-0.00155085
-1.36631
7.38698
3.75814
2.77368
0.162033
10.1933
0.113466
-0.970423
0.23742
0.455224
2.96771
-0.418652
-0.621352
2.51835
-2.79099
-2.74942
1.85938
-0.597278
0.238036
-8.54749
0.531455
-0.862781
1.07701
0.715706
2.86724
0.537727
2.03124
-0.600116
-1.24648
13.8351
0.0234749
-9.23907
-19.3412
0.748503
-6.88175
0.447554
1.28785
-0.215929
0.267034
0.529838
-0.556014
1.47043
-0.0468571
6.65643
0.769564
0.271649
-14.9012
-1.47178
1.52571
-1.02264
1.78216
-4.02072
-2.80007
-0.0221573
-2.24915
0.221069
-0.592241
0.838906
0.0701868
1.35453
146.468
0.120312
19.6559
1.09708
0.653017
1.61972
-0.0238801
0.797537
1.59284
-0.861066
-9.16102
0.843557
0.65781
2.56508
-0.0532825
-0.979461
-5.78458
9.06143
0.299819
-0.617713
0.269372
0.178795
-1.9929
0.00285277
17.0598
-0.199442
0.40373
4.54854
3.52531
9.01123
2.18143
-0.750722
-1.09688
-0.662377
-0.49204
-0.419582
-0.95827
0.401787
-0.0304792
-0.230525
-0.224922
0.21771
0.885739
0.0114289
9.72363
-0.00844075
-2.29748
-0.682252
2.17731
1.66291
-0.166878
-3.75313
-1.94842
-1.17855
4.03995
1.25721
0.424229
0.373592
0.757797
-0.46689
-0.28452
-18.257
-1.22947
10.1237
-0.693257
0.710215
0.0492296
0.509071
-7.65515
-3.20097
-0.366322
1.17584
-0.0816173
1.4086
-0.467109
0.446636
1.3916
-2.80015
-0.391227
1.29398
3.28352
0.6312
-0.002311
-12.3731
-1.80622
2.89764
-14.5737
0.104658
-1.6709
-0.236081
108.361
1.64837
1.68495
0.612893
-0.349344
0.309753
-0.0418125
2.52803
-1.06127
-0.031346
0.991786
-0.0157076
-0.0848978
1.81534
-1.42672
-0.563402
0.973863
-0.110475
-0.228623
2.85338
0.583911
-2.70705
-0.335045
0.778238
-0.59851
-0.00873137
-2.94637
-0.796143
0.647701
1.14712
0.443771
0.366388
0.970395
0.364602
-0.0617246
-0.297631
79.3732
1.01488
0.00648631
0.224428
-0.0655708
6.9411
-0.413164
47.4078
2.58475
-0.766531
0.959613
-0.710876
0.00355563
0.701561
-4.6978
0.0961055
0.408738
-0.526378
0.503989
-3.14549
-3.00506
-0.150664
0.614639
0.572472
-2.06111
-12.9323
1.89068
3.2497
-0.698944
-0.283469
-34.3764
-0.780136
-0.50062
-0.230615
-1.10041
-0.147009
1.02721
0.448203
-3.79185
-4.455
0.901193
36.5459
-0.577134
-1.47338
2.11377
0.676994
-0.865946
-0.990175
-0.966583
-4.86883
-1.79414
-1.90288
1.59206
0.852307
-0.549203
0.866327
-2.26717
-2.15103
0.942439
1.18094
1.12017
0.38371
-0.288987
4.06482
1.57183
0.111358
1.75368
-4.86208
0.887595
-1.00609
0.199839
0.332832
-0.235029
0.545299
-0.903309
-0.229755
0.978876
-1.73401
-3.91837
0.492051
-1.85986
0.504797
-4.05661
-0.438915
-5.73624
-0.210646
-0.90095
2.14908
3.90066
0.555709
-0.724676
0.613199
4.00131
-2.10549
3.33226
-5.57072
-0.25055
-8.3733
-0.754419
1.19792
2.30511
0.490037
0.0529465
-1.15449
4.01083
0.325968
0.982705
0.765262
-0.605874
-4.46365
-2.16104
-0.1088
0.77855
-0.144215
0.665612
1.56078
-5594.34
-114.533
0.199645
0.134841
-1.66892
38.2376
5.73463
-0.365373
-34.8243
-1.76403
-154.766
3.25716
1.37277
-0.757287
-1.07345
-2.1764
1.21685
-1.06957
-1.72272
-1.38654
-1.41369
-0.030728
-0.475116
2.23261
0.501594
-1.52771
-4.56352
2.8951
-0.994906
-0.350203
-0.574951
1.07881
0.897074
1.38804
-1.09894
0.0702186
3.27439
-0.950548
-0.657385
-0.288711
-1.56518
-0.197629
-2.2322
0.655639
0.133956
-0.465437
0.498593
1.67676
-1.81417
-0.0318201
-1.01663
0.0851465
-0.304803
-0.674506
-0.267698
0.460635
13.0171
-3.34942
-0.169015
-3.41133
-0.630203
-0.0675226
0.301994
0.75406
-2.99561
1.31392
-2.33685
-6.543
-0.739342
0.000739165
0.450122
-1.06989
-1.17603
0.785524
1.30745
-3.12434
0.653447
-0.0196287
-0.354308
-0.686791
-0.214772
-13.757
0.0216281
-0.202637
5.84
-0.18745
0.47317
-1.15203
-0.857428
-1.21577
1.36611
2.1749
1.65638
-2.10655
2.20524
-2.45768
3.5148
0.254769
-23.9305
-3.9477
0.330243
-3.59067
-4.83463
-0.698329
3.26829
8.06069
2.83275
0.417709
-0.165144
0.0734648
0.42405
2.08936
-0.0651919
0.621256
-0.535138
-0.766612
0.774861
0.538112
-66.4909
-0.399586
1.47538
0.815135
-1.13612
-6.97777
0.909306
-6.8015
14.5724
1.30135
-0.83436
0.357263
2.79359
-0.780996
0.726431
-1.17636
-0.465093
0.724086
-4.21338
-0.162391
-5.35987
-6.75739
-0.680146
-1.83854
0.959916
-0.425897
-0.414606
-1.01802
-0.489672
2.34295
-0.660689
-0.871225
0.278761
-0.0212737
-2.25285
55.3881
-0.81106
-0.318462
12.2224
-1.7056
0.759667
-0.00226468
-0.225253
-1.82262
1.21073
-0.593313
1.60165
-0.0260665
-3.34553
-0.851392
-0.90667
-2.13287
-0.640379
-1.17998
4.5157
5.7045
0.920862
1.96618
1.76165
257.046
0.706248
-0.301097
-1.45063
-0.376296
-0.985334
0.148544
-0.0554807
-5.34426
1.11812
-2.98545
-2.42571
2.74401
1.44701
-0.618676
5.00068
-0.888541
0.214819
-2.66637
-12.3786
-58.0726
-0.0322328
13.8993
-0.29373
0.624558
-1.1281
0.835877
-0.708535
2.77969
0.374668
-0.357394
0.553356
-0.647472
-9.47993
-0.270612
-1.38565
-0.927012
-1.99488
1.25305
-0.783856
0.446957
51.6105
-0.449552
1.41803
-0.894712
0.660867
-1.5164
-3.24104
-1.70952
2.24868
0.382872
1.26267
-0.377446
0.861553
0.181983
1.94152
-1.99389
2.0155
0.821188
-0.953561
1.01114
-0.500664
-0.337681
-0.922217
-36.4454
-0.609904
0.710561
0.32467
0.55014
0.203286
-0.64853
-1.30423
-0.680501
1.43357
0.781436
-0.52847
0.623933
-9.45254
0.317831
3.84812
0.176562
-0.669715
-2.33619
0.710572
3.99943
-1.28706
-2.09763
0.769991
2.26371
0.656391
1.52236
-0.315953
2.42644
-24.8859
-2.57608
1.29896
-0.118985
-0.00531247
-4.03032
-0.173794
1.99393
1.06064
-4.39548
1.12656
0.50032
-44.3884
-1.6824
1.11244
3.76039
-1.06304
-0.753481
-22.9983
0.416389
0.113168
0.29543
2.91659
-0.123089
-0.302201
-2.51222
-2.93048
-1.03466
5.78844
-0.235573
2.68187
-0.686952
-1.28106
2.40606
0.33701
6.95795
-2.40129
-3.52486
11.1526
0.103247
-0.197224
1.0919
-0.649047
2.27176
-0.247729
17.7588
-3.48277
0.37495
-2.71326
-1.27787
-3.19062
0.372463
-3.59611
-1.12064
0.355276
0.140667
-0.392216
-0.485632
0.745071
2.3381
0.343296
-0.624284
0.511054
0.288024
-0.0320569
-0.117846
-0.434667
-2.42075
1.03403
1.64707
1.09082
-0.954789
-0.096851
0.619498
2.34634
-0.111542
-0.707976
-3.63997
0.642656
-5.76253
-0.164363
-0.632635
-2.33294
-1.05774
-1.34433
-1.30473
3.18615
-0.317299
-0.867487
-0.184178
-0.124916
-1.87353
-10.5076
-0.369911
-0.299773
1.23317
0.946283
-14.4353
-0.17733
0.787494
-0.978578
-0.605798
-0.207236
-0.310294
6.78513
-0.775349
-2.35281
1.22156
-3.07406
0.44214
-1.22199
-0.194128
3.97766
0.065109
-0.165647
-0.537854
0.660361
0.979939
0.479462
-0.542339
0.215234
0.00863274
-0.120928
-0.519605
1.0363
-0.486305
-0.115502
0.00942226
1.29419
0.121566
0.52637
-1.00608
0.37593
0.930267
0.593681
-0.182961
0.198474
-0.846938
-2.10412
-8.622
-0.123016
-0.938257
1.97336
-1.14318
-0.861334
1.62006
1.68465
0.643053
3.86114
-0.541091
-0.297434
-0.465254
-25.9552
83.4686
-132.201
-1.81184
-0.0512229
0.319891
-1.01686
1.74284
-5.90915
0.0966697
40.5886
-1.51909
-3.42023
-3.99747
-0.56049
-19.873
-3.37442
0.360199
-6.33473
0.210745
-1.22821
5.31259
13.7305
-0.0849918
0.455627
1.07948
-2.68053
0.908861
0.64064
-1.06535
0.0758939
41.5966
-0.0937933
-0.296058
-0.768686
21.9566
0.320074
-24.143
-22.1435
-0.256602
-29.0748
7.34324
-0.531428
-0.87827
-2.13864
-34.852
1.42551
23.9479
-1.33974
2.55099
-0.607973
-0.202299
2.30024
-0.131212
4.16394
0.393384
0.220317
0.00745588
6.69242
2.24562
2.59719
2.04299
-0.560089
1.82123
-0.650257
0.466369
1.54769
0.344737
0.284283
3.49593
-0.177248
-2.37083
0.996726
-2.4349
0.432343
-0.430101
0.529646
-0.030505
-0.463019
-1.3323
2.23185
0.177659
-0.293504
-25.0829
1.14124
0.289985
-63.0427
-1.59204
1.63137
-2.39595
1.95961
-1.23531
6.13855
0.557123
-1.33237
-0.844494
0.55651
-2.36225
-0.418123
0.780508
-0.425845
-2.18219
0.623047
1.11612
-0.0969177
0.705486
0.723317
0.952862
1.52974
-2.98113
15.2449
1.46958
2.17357
1.90244
-1.60432
-2.31955
-3.46942
1.02197
-9.51936
-5.90422
0.0949163
-5.36981
54.951
-0.307625
0.700719
-2.13964
-1.98086
-0.433086
-0.300517
9.71962
-4.03301
-0.0425013
-1.40062
-0.394977
-3.41407
-8.36464
1.85735
1.75503
22.4269
-1.07687
0.683341
0.18345
-0.0181555
5.42014
-5.04155
-2.05173
0.273557
15.98
6.2183
-0.734576
-0.38678
0.161983
-0.969625
-5.08361
-5.06978
0.617749
0.122981
-1.52112
0.0745944
0.739425
0.18775
-0.204455
9.68555
0.545014
-0.885713
0.189532
-0.0887746
1.31504
-0.491859
-5.81315
-0.441754
3.32145
-1.23834
-4.27453
2.99706
-1.0661
0.838312
3.52395
0.874121
1.65749
0.623758
-17.0976
-4.71351
1.16121
-0.738745
-6.37112
1.43625
-0.00379878
-2.69511
0.983543
4.98138
1.05169
-0.417214
-0.591837
-1.04913
0.179199
0.281347
4.90844
-1.13544
-0.042678
5.75972
-0.384723
-6.53318
-2.7239
1.60576
0.344242
-1.21952
-1.6918
-0.874554
-0.273661
-0.33953
-2.20049
0.635372
-1.53015
-4.68664
1.02645
-7.20224
-0.213171
1.48372
0.254138
-3.49999
1.05318
-0.92449
1.89851
3.00252
-1.64778
-1.25183
-0.0548855
-5.28328
0.638561
0.271474
-0.868033
-1.17495
6.37776
1.33816
-6.43723
21.3755
0.164415
-1.24103
0.149957
9.82614
-3.37652
0.845293
1.56457
2.24289
-0.552587
0.894428
0.338664
7.77678
0.126319
-0.368257
-0.280626
0.231929
-16.7451
-0.918727
1.28922
-3.60407
-0.5372
1.34585
2.95785
0.0229372
-0.703328
0.506906
-2.73714
0.38915
-0.54173
0.626992
1.28087
-61.8404
-0.975564
-2.08026
-193.038
0.685433
3.51913
-1.13795
-3.87324
0.457672
-0.497482
0.59796
-0.858394
-4.01657
0.0496721
-0.446775
1.87018
4.30154
0.800109
0.14251
-11.0289
0.000336317
-0.401812
-1.0184
-0.673439
1.58489
-0.813087
2.02237
1.96183
1.35524
8.04272
0.945913
-2.7643
0.356477
2.65773
0.295773
-0.683299
0.0605759
-13.3652
2.73646
0.0067724
1.70566
0.544082
-1.03046
3.27891
0.413418
0.567903
-0.159793
-1.2697
-0.033498
1.43382
-0.251598
-1.14068
1.21794
0.392079
0.42909
-0.215312
-1.42138
3.00137
0.481544
-1.98995
-0.439265
0.613565
-65.506
-4.00564
-0.550346
-8.15471
-0.268256
-0.17834
-0.966941
4.63709
-2.00959
-0.689164
0.87035
-0.721542
0.0458707
2.4065
-3.15432
2.37081
10.4044
0.728413
-60.8258
0.133447
-22.6483
-6.43765
-0.768249
0.0367606
-0.923978
0.256113
-0.327875
1.31781
-0.425559
0.905514
1.22426
0.562656
2.30219
-0.253418
-0.939515
0.0718101
0.280179
-14.1867
-5.37723
-2.89618
0.432142
2.2829
-0.58147
4.95641
-0.80324
3.30933
-1.72949
-1.80616
0.493871
-58.2126
-0.687851
-0.53968
3.65327
0.0308264
10.6187
-239.031
-6.01566
-0.19682
-0.248123
-5.52038
0.263454
0.344335
0.262054
0.474519
3.05246
0.714032
0.408655
-4.1131
-0.403259
3.21357
-0.664276
-1.83153
-0.560101
2.02258
0.529683
-1.50545
3.53426
0.334814
-0.452322
-0.0419061
68.3616
0.577877
-4.14597
-1.18245
0.763011
-0.782419
0.073765
-1.92278
0.921199
0.51603
-1.72255
12.3495
-0.252125
-3.92455
-0.310533
-0.576201
-0.881877
-0.0437414
-0.161677
3.20545
2.2469
1.05932
0.533739
-0.0796267
-0.49254
0.489138
0.173
-0.542647
-2.83616
5.72712
0.345107
-1.70895
4.18328
-0.0137804
0.203277
0.866522
-0.40098
-0.61886
-0.617497
-0.123311
0.668947
0.144015
-4.19968
-1.81865
64.8646
2.79994
0.342835
0.46089
17.1707
-0.323991
0.0405118
1.43476
1.29835
0.196664
-5.98152
-0.638634
-7.72754
-0.0719589
-1.7189
-11.36
-7.00272
-0.297406
4.50129
-5.55142
-1.42012
3.05631
-4.89493
0.824781
-3.1199
-3.16494
0.0619095
0.367703
-5.97898
-3.12396
-0.928739
0.514734
1.50724
0.477777
-1.47115
-1.51319
1.34301
6.24601
-1.60944
30.9123
0.446139
0.609101
-0.319919
0.752032
-0.531946
-0.95616
-2.33539
0.694911
2.84023
-101.283
-5.15598
-1.44032
-0.539734
1.35328
0.134932
-0.414872
1.63021
0.264778
-0.517707
-0.375647
-9.73867
-3.75245
-1.03872
1.26819
-0.191859
-3.17961
0.879225
0.640289
-4.06224
-0.539788
0.817099
0.225453
0.0368325
-2.46766
-0.366786
2.61662
0.722403
0.381943
0.472616
5.08778
4.07334
-5.97903
0.643324
1.15709
2.1543
-1.47909
1.01979
0.0322663
-0.140264
1.4341
1.12978
-0.0294675
-6.26542
-907.2
2.85836
-2.40775
0.0591523
0.488884
-1.30936
-0.254612
0.635924
-0.516257
-1.30525
0.582397
1.40617
-0.270909
-2.68904
2.47337
1.57194
-0.383961
0.350565
-0.556897
-44.2962
-0.887011
0.572673
0.844203
-0.15277
-2.16734
-0.794877
1.00174
-0.664883
0.379245
4.65522
-6.66581
10.1355
-7.55991
-0.283136
2.7114
3.30061
2.79074
-0.00415678
0.387789
-1.21204
-0.985217
0.544453
-4.78425
-9.74902
7.1819
-0.343124
-0.031916
-0.94093
4.54111
0.253927
-2.80277
-2.6498
-0.968801
-1.22018
0.511502
24.6678
-10.8454
-1.02713
0.430365
0.815924
-3.7993
-0.0921842
0.200466
-0.111702
-0.575232
1.49559
0.691959
-2.43756
-9.38976
0.0360322
0.808904
-3.13482
2.74513
-4.29576
0.484724
-3.35531
-0.817077
2.15472
-0.767585
0.474226
-0.354332
6.53658
0.949623
-4.98222
3.27619
2.20447
1.40803
0.0256609
-2.49518
1.87032
-0.941455
0.363139
-0.783728
0.39492
-1.24797
57.7324
1.59907
1.96037
5.39966
60.6655
-11.6208
1.34396
1.57659
-0.682441
1.08307
-3.2036
-0.0131812
0.184182
4.64384
-0.714722
0.837131
-1.27498
5.91482
-0.212859
-2.08381
0.651264
1.25379
2.89116
9.43725
0.531171
-7.35588
-1.47285
0.491406
1.17135
0.581882
-1.40671
-3.14449
0.540133
0.464232
-0.211072
0.157745
-0.26691
152.222
2.40644
1.09384
-0.744469
-0.206852
-0.287271
-0.132117
-0.970141
0.227509
0.68899
-2.29071
0.513373
0.262878
-13.0242
-10.828
-0.238745
-13.6984
1.09541
141.136
-2.49543
-0.032213
3.25508
-4.29473
0.841607
-4.73202
3.82617
0.14345
-0.813907
1.37343
-0.453067
-0.404823
-1.16616
-0.343781
-1.3082
-0.584848
0.622024
-0.457152
-1.59275
-1.30669
5.2059
0.0497049
-1.41425
-0.541092
0.0271489
-0.84724
-1.41583
-0.094755
-0.58882
0.00902432
-0.15745
0.330842
-1.33989
-5.13619
-3.10647
-0.554944
0.624819
-0.986082
-0.885047
-0.287011
2.19637
-16.2999
0.446857
-1.83933
0.0679859
-0.569671
-1.66334
52.594
5.26687
-0.825132
2.10652
-0.426239
0.24874
-7.20607
15.299
-0.062537
-0.925707
-0.315109
3.27283
-1.58564
2.42804
4.20619
2.02106
0.394996
0.037793
0.446638
-0.0356949
2.01941
1.12579
0.0841805
-0.624215
0.751304
1.63712
-0.482693
-0.0202379
-2.39302
-0.346479
-0.78942
0.662884
6.21006
-1.25249
1.14128
-0.264676
11.6871
-3.32167
0.292628
0.54552
-0.284335
0.0174935
-0.378674
-1.8521
3.48563
-121.389
1.60163
-1.41207
1.80066
0.319525
0.952317
-1.98046
7.55032
-0.439278
-0.140813
-2.6726
0.820223
-0.00470338
0.274329
-1.65723
-12.0619
-5.126
-0.663176
-0.259115
-1.13442
-0.185633
-0.287685
-1.43647
0.562548
-2.98863
0.737242
0.0238767
1.64219
-1.97081
0.104033
0.432849
-7.01816
-0.519536
-3.58401
50.1454
0.399196
-0.728291
-0.980689
-0.570684
-0.154792
1.22718
1.62599
5.53686
-0.416613
-5.07946
-1.29227
2.96795
0.850218
5.10555
4.81121
0.48148
-0.102743
0.404367
0.535111
0.944088
-15.2835
-3.14994
0.412523
0.113674
-0.427338
25.48
-3.26312
15.0861
1.53018
-0.295263
6.966
0.977914
-0.517325
-5.70222
-1.64215
-5.5815
-3.19387
0.221639
0.796461
-0.139488
-0.842744
-0.433098
-0.114079
-0.371364
-0.901705
0.177867
2.33424
0.815855
-0.483142
1.77502
-0.644025
0.747005
0.15974
1.20598
-0.827979
2.4172
-0.350731
-1.31272
0.102693
-1.05801
0.32498
0.118828
1.77646
-6.30492
6.63638
-0.322971
-1.59918
-0.725206
1.20104
4.83809
18.5471
-0.519216
29.4732
2.51543
-0.293692
0.687024
0.495446
-0.366049
-1.68536
1.77245
1.16605
4.98156
-0.422235
-1.68711
6.76912
0.0822163
0.196095
0.716916
0.299199
-1.90315
0.011362
-0.270664
0.184234
0.714917
3.01398
-0.260431
-0.419316
-0.355577
29.2069
-7.85042
-123.876
0.0495788
0.430511
-43.3938
0.158584
-2.12074
-0.241844
2.41063
-0.03005
3.91008
-0.24904
-1.78926
12.4736
0.191856
