-10.9183
-0.060605
-4.52196
2.27571
-0.57373
-3.68016
-0.197663
-3.39743
-1.43188
0.908003
-0.0524518
5.68283
0.726898
-0.724384
-0.761931
-3.27586
63.4364
0.210541
2.24809
17.3501
-1.18029
0.511118
4.40523
1.85735
-0.486265
2.39907
0.334873
-0.473693
-1.02006
1.54722
-4.2269
-0.217703
1.4162
1.44297
2.0132
-4.44917
0.427584
0.263568
1.06673
2.80914
43.5495
-0.427909
-1.05067
-1.25764
0.0930235
-2.25647
-2.02116
-0.991631
-0.0178718
-1.45138
0.202628
-0.383165
10.0139
-13.1894
2.12776
-41.7307
2.34539
-0.25528
0.039999
7.41541
-1.92453
1.23516
2.26884
18.5291
-16.7038
1.28666
-0.192211
-0.806543
0.265024
-1.73632
2.19386
0.285555
1.19091
1.57127
-2.36724
1.1225
4.37653
-5.18004
-1.51401
-0.048298
1.63588
-1.69736
0.300788
2.04972
0.643331
-8.24224
-0.985304
0.460745
1.80155
-2.13125
3.56511
3.55823
0.254774
0.178695
0.077498
1.17894
4.42166
-0.629154
-4.47195
-30.241
1.3784
1.4222
35.0097
-1.01557
-0.499284
-0.344252
1.6387
0.329173
5.05513
-1.31958
-1.63178
-0.88214
-0.0258985
-4.14671
0.375655
-3.17419
0.964529
0.191179
0.58219
0.270911
-2.69881
-1.28267
-0.117107
-0.524264
0.501914
1.78084
-1.54858
0.014658
2.93828
-14.2167
4.55547
-46.2817
-6.88507
0.406946
-2.2513
-0.442797
-1.09663
-0.00588625
-3.98202
1.57769
-0.442813
-1.29656
0.916887
-0.40632
-0.631068
4.69737
-0.156022
1.22365
3.56841
-0.582035
0.458899
2.01975
-0.0519018
0.3914
-3.26043
-1.27299
-0.104625
0.199386
-5.49118
2.41023
1.59017
0.630433
0.296913
0.841014
0.637267
-0.546211
-0.098211
-0.637026
-3.23336
-5.47022
-2.57146
-3.65231
-1.11219
0.559887
1.27279
-0.687946
3.10675
0.513429
0.0817645
61.1394
1.07805
-0.285159
-3.22248
-7.41541
-2.78192
0.297326
-0.155261
0.908427
0.220595
-0.538487
2.52354
-7.30326
0.288416
0.635747
-0.189324
0.924027
-3.08086
0.782427
1.38718
1.25225
-1.45345
8.33942
-2.87506
-6.96759
-1.4196
0.165067
18.5286
0.905086
-16.7766
-0.132652
-0.714843
0.590558
-2.57367
0.347418
1.61471
1.18429
7.81642
-7.92224
-0.626047
1.93258
-0.505246
3.01854
-0.576476
-5.72778
0.000463412
-0.141333
-2.46712
-1.38545
-1.67308
7.42482
62.3905
-1.42827
1.47089
0.00170764
0.230471
1.19116
71.4265
0.693619
-2.05276
4.67964
-3.1404
-0.537794
0.819351
-11.5785
-0.00370289
3.60427
2.52407
-1.99672
-1.02908
34.1254
-3.73173
0.43641
0.0284069
-0.0070982
-0.0264342
-0.825505
0.76978
3.50121
14.8796
-0.938514
0.602224
-1.29285
-0.276287
-1.81694
0.724691
1.37159
1.91932
-1.18383
2.8959
-1.72283
0.74987
-1.15648
0.451938
-0.0283098
0.41744
-26.1834
0.160189
7.39944
-7.35221
-1.94582
2.18962
-11.2823
-2.24055
0.976841
-0.0725257
-0.338583
-0.969685
2.00501
0.562012
2.3371
-0.0591946
0.0510927
0.866836
5.57604
-0.469929
3.84507
0.038842
-0.939648
0.0173951
0.41581
-2.83124
1.07642
-2.07334
-0.256467
0.461815
0.835704
-1.15382
0.881484
-0.0470991
-0.243895
-1.02285
-2.44963
1.69732
0.881162
-0.584553
2.46545
2.19586
-0.875959
1.28373
-2.88364
0.126475
0.03281
0.60187
-0.180104
-1.03415
-0.26523
0.0260568
1.115
-1.07211
66.5139
1.38027
9.66094
-1.0122
-0.309545
-0.251871
-1.09349
-5.03957
4.21126
0.04389
2.66892
0.0545012
0.00716702
-18.9395
-1.57697
0.830223
-2.93286
-0.210454
-1.73975
2.83092
0.554196
8.63805
-24.4964
0.656008
1.33016
0.331658
1.7498
-0.488518
-2.78389
-0.525663
-0.00404442
0.49696
-0.889593
-3.03216
-0.295393
1.04082
0.337375
-0.244242
1.0271
-0.990247
0.0119904
0.740881
-1.1982
-0.710225
-0.634775
3.50656
0.51813
-2.96215
-10.8354
0.102962
0.510018
1.72492
-0.31439
1.24983
0.398075
-6.73642
3.80783
1.09054
-1.0688
1.95981
-1.8698
0.359659
1.84545
0.815288
4.50255
-0.582272
0.850663
-0.533106
2.62195
-0.351597
1.96215
-0.427256
1.39976
0.612363
6.57145
-0.404937
-0.393449
7.23246
0.0799395
18.3399
0.666612
-0.0236501
0.729665
-0.170706
-4.51613
1.83159
-0.0321093
0.389974
0.939374
0.108322
-0.328821
0.379588
1.27385
0.847535
3.01454
-3.64996
2.05772
-0.29743
0.947405
-0.227415
-1.16951
-0.447394
0.429941
1.95255
0.168055
-0.286151
-1.33593
0.289371
-154.631
-3.79394
2.43445
-1.127
-65.5152
-0.365198
-0.1276
-0.266843
-0.305081
0.889544
-2.27462
2.33124
-1.19061
0.358997
0.656492
-4.20468
1.1261
-1.09434
0.250327
-0.0891728
-0.385766
0.605069
1.17945
0.230184
-0.00495568
0.386442
2.26612
1.48151
-0.689443
-0.216577
-0.141746
0.136359
1.0194
0.201116
-0.684838
-10.5542
-3.43754
5.60738
-0.841513
1.31208
1.12423
0.0317705
-0.170921
-1.43142
2.2675
-0.180551
0.117006
0.397297
1.71717
-0.9662
-7.81773
-2.37504
0.988213
-0.554788
-4.33286
3.72783
3.23524
-3.44154
-0.165457
0.0580087
2.50243
-1.11082
9.42323
-9.8902
2.81889
-0.143517
-0.34092
-0.695014
0.587809
9.49378
-1.96192
-0.253455
0.199051
-2.51483
-1.85334
-0.584223
-1.86343
0.646178
3.08291
-5.50355
-2.54213
2.84789
-2.33689
-0.914202
0.0834267
3.8789
-1.07993
0.411731
-0.285616
1.7727
1.34295
1.44417
1.16978
0.850032
-1.17442
-0.0664478
1.39013
-10.7703
-2.76318
-1.68314
0.0763293
1.2723
-1.85544
-0.370071
0.625551
1.7338
-0.975423
1.57837
21.5322
0.35396
0.556772
-8.94164
0.384007
0.693471
1.45707
-0.00221362
-4.65933
0.602189
0.648868
-0.663642
-1.4587
-0.14016
-0.627375
0.0755919
0.463385
0.571621
-0.404357
-0.4262
-0.219925
-1.23684
-0.879811
-0.500411
4.5544
0.723503
3.06801
-0.152618
4.36622
0.657325
-0.243322
-0.236679
-3.01542
0.223709
-3.46129
-0.0306192
0.301977
-4.02342
0.345137
-0.79301
4.61969
-9.61978
-5.38116
-0.0117367
-5.39378
0.0947074
1.99081
8.83331
0.648344
-2.91417
0.603448
0.737193
0.879371
-8.48536
10.441
0.470464
-3.18505
-0.359798
4.90293
-0.0376712
-0.0376468
3.60444
-0.0179732
0.265837
0.145767
-0.240118
-0.886386
-3.9545
-8.27102
1.19823
-7.24741
-0.480274
-0.581076
-5.92304
0.682739
-19.6341
3.29962
-4.94763
-4.37767
-0.684562
-2.24798
1.56237
2.87415
-0.316163
-3.64662
-7.07033
-16.4143
-0.646086
0.312856
-0.379143
-1.20249
3.85448
-0.593517
-0.33098
2.24998
1.67642
-3.66586
12.6389
0.130712
0.388529
-3.13742
-0.8372
-3.88111
-1.85241
0.213278
1.8143
-14.7693
-0.0446246
-2.02669
3.82155
7.83864
-4.95141
0.544238
0.963834
1.34901
1.23471
1.08117
1.0596
-0.380419
0.329757
1.48773
-0.0612485
0.133927
-1.86913
0.553796
-3.27477
7.36076
-1.03081
0.511568
-0.312201
5.21906
0.0673806
0.0467051
-1.03302
0.146311
-0.805471
-0.129732
32.1588
-7.05268
0.848708
-2.08753
-0.974775
-1.15601
-0.0195893
1.50805
-0.255177
0.166102
10.924
-0.551385
-2.85986
0.396792
-3.93778
-0.443651
-1.51761
7.83701
-8.87086
-0.455634
-0.0845793
0.434552
2.84918
1.19901
0.801653
0.425461
-1.08139
-5.02162
11.2896
0.263772
4.09882
1.32611
-10.0511
0.963543
-1.43573
0.518795
8.49338
1.02411
-4.85655
-0.0816513
-0.238855
-1.60087
-0.529033
-2.01739
2.08638
-0.671531
-2.02582
0.219734
-1.88868
-1.06605
-0.962128
-0.222091
7.57663
0.474824
-1.00605
-6.9912
-1.69067
-0.558698
0.664929
22.3973
1.51536
-4.12138
-0.776449
1.05568
2.08384
0.0941335
-0.194003
-0.922201
-2.82487
-11.8093
2.45522
-0.853661
1.49537
14.0843
13.4009
0.734279
-5.13329
0.0301887
-0.182659
1.83802
0.432948
-0.744632
1.53964
-0.321718
-0.458429
-4.59001
0.499946
0.0116946
0.848836
1.43112
0.7219
-0.201935
0.420161
-3.072
-5.26563
-0.415712
-1.74333
0.623221
0.0731704
1.65946
-0.457101
0.248538
-2.92258
-6.52779
0.153572
15.8877
-4.96506
-1.96475
-0.0446414
-1.71304
-0.763337
-1.75022
2.40036
0.41605
-0.145693
1.38978
-0.595326
1.02844
0.793192
-2.44999
-0.110639
-1.27496
-0.154246
3.52575
-1.37579
-0.507022
1.49924
5.22825
2.93119
1.09207
-0.107239
3.20836
-0.167137
-0.260797
-0.209217
-0.939737
6.53989
-0.41286
-0.430507
0.726461
-5.70432
0.267275
-2.12395
0.0452765
0.36691
0.969012
-3.8982
0.261336
1.07858
0.954959
1.3933
-1.16233
-6.2891
0.378413
3.25352
0.688266
0.728471
0.26487
-0.102798
-0.112816
0.568637
-2.87261
0.638011
-1.44962
0.198101
-0.0534215
-0.00228053
-0.167658
-2.34357
6.65731
0.575248
-5.06445
-0.793244
1.67558
25.3616
-0.755861
-0.111381
0.434883
-1.2154
0.160485
-0.877964
0.795896
-0.206183
4.13924
-2.04891
-0.346885
-1.03845
-0.848988
-2.9139
-6.54896
0.821273
-2.84953
-1.30331
-1.38201
-0.281961
11.3375
1.71992
-5.29957
-0.634742
0.536757
-0.287498
0.116718
-1.83777
2.64626
0.866711
-1.41849
1.71894
1.19007
-0.360648
-1.90373
-0.170268
1.54941
0.337441
-0.239961
0.945731
0.187143
2.07972
0.635485
-0.674308
1.59356
0.476514
4.88412
-0.0735741
0.382712
1.52773
-1.94811
-1.63048
0.124963
0.940984
-1.1247
0.940938
2.5797
1.33232
-0.229564
4.82402
-1.43175
-0.348323
0.423458
-2.9152
0.141593
-2.58809
0.0636083
1.61851
-1.16297
-3.56783
-2.0325
2.75386
-2.21614
-1.57349
1.3775
-6.7632
0.261462
-1.18405
1.42236
-0.717653
1.08312
1.11058
-2.47589
-1.48287
0.493115
0.207432
-0.660337
2.22012
0.00339851
-0.404592
1.78003
-0.33237
1.67147
-1.32381
-1.81608
-2.85395
3.83409
0.282634
0.75239
-0.552784
1.31736
-5.06906
-3.22315
0.0909762
1.07371
-0.241916
0.772068
4.19006
-0.548132
2.73933
-12.2439
1.8886
1.21239
1.14403
1.08882
1.5535
4.72455
1.56959
-0.76244
-0.00478649
0.787623
1.32167
-0.618606
0.7432
2.48884
-0.224502
-0.479651
-0.165931
-0.311791
-0.363754
2.87892
-0.538221
-2.00538
-0.624481
2.62191
-1.15357
-3.5628
0.543884
-0.219562
-0.345824
2.02158
-1.08011
-1.23905
-0.810567
1.40801
-0.305071
0.519686
-39.689
-0.413365
0.667346
-0.950911
0.255339
12.4292
0.528737
-1.10314
-1.3898
-2.4494
-2.78287
1.00006
-0.0600317
-2.46857
-1.42576
3.66532
21.1436
8.7874
0.16359
5.646
3.29917
0.934723
-2.02905
-0.0167446
-0.685083
-0.804634
2.31655
0.625611
1.05032
-0.713989
0.158679
0.889919
0.846649
0.775593
-0.121514
1.9037
0.402831
-0.183226
21.5302
-2.12915
2.09558
-0.0977301
0.030023
-0.87471
0.966691
-0.977023
-1.36502
0.651504
0.524287
-0.306872
1.07241
11.8754
-0.827307
1.06602
1.21996
-0.428217
-0.421032
0.47021
1.60503
1.7683
1.49153
0.0752488
1.64576
0.966782
-0.375189
2.56364
16.7701
0.60974
-1.96497
-0.307261
0.552302
-0.872042
0.846549
-0.378952
0.151608
0.709592
-0.336088
-0.0956898
0.208083
0.446928
-0.282591
0.178302
0.865232
-0.437588
-0.763723
-7.01255
0.0968006
3.55061
0.239902
-1.28097
-56.3171
0.615314
1.66816
4.18654
-9.06488
0.616872
-0.682941
-0.0760253
-4.56085
1.20578
-2.18813
0.846584
1.88908
8.17124
-0.554813
-0.544343
-1.08576
-3.92567
0.523476
-0.419266
1.83716
-1.84649
-0.201349
2.16958
-0.22973
0.574988
0.1742
1.2065
2.23171
1.27589
0.411048
-39.2035
0.47842
-1.59375
-0.109723
0.377509
0.303789
-1.5068
-2.11607
-1.84824
10.0898
-5.66009
-0.188031
-0.894111
-0.228737
-4.12102
-1.48366
-1.00924
-2.5405
-1.4706
-1.16153
5.02994
-0.25955
-7.00673
-0.148555
0.217864
-0.0531075
13.5741
1.23834
2.4711
-1.3404
4.07195
-0.359242
-1.38141
0.745548
1.07613
-3.1917
1.26995
12.4407
-6.06526
-0.752134
-2.78233
1.23554
0.681566
-1.02706
-0.493035
-0.112847
-0.136548
-2.17859
2.84291
0.756242
6.60555
1.06188
5.17262
8.21817
3.75988
-1.63183
-1.91563
0.28466
-0.242181
-1.08111
-0.264245
-0.532351
4.82742
-0.550874
0.152656
-0.508324
0.801394
-1.01609
-1.77057
-2.12738
0.325936
-0.347436
-0.0997425
3.54008
0.337792
-0.0155973
-1.53677
0.348834
-0.481039
2.16878
-0.423163
3.59487
2.53764
-0.890765
-0.324653
1.83511
0.580151
0.948098
1.13445
7.00969
0.270817
-1.89063
-3.79053
3.27276
0.227101
12.0952
1.96665
-0.453127
0.462971
-9.93206
-0.239899
17.9494
-1.9812
0.739029
1.07866
-0.0368829
2.63527
-0.586546
-0.835336
0.15539
2.50671
-0.737618
0.127757
0.00511259
0.0586145
0.242344
-14.0866
0.253902
2.97191
-1.89996
0.645978
0.979871
3.83765
-1.45784
0.300467
1.09285
-2.00645
-0.907654
-0.427119
0.297421
2.4692
0.294317
0.525041
1.06822
-0.184012
0.219599
-0.513727
1.52468
-1.14201
0.102931
3.91149
-0.127233
-0.287308
-4.76326
-0.203865
0.032559
2.4417
0.999607
0.423901
-0.819451
-0.499695
0.80043
0.73919
0.0556439
-1.23404
2.08796
-1.95666
-0.0294606
19.9132
-3.16668
-0.798712
-0.405729
9.16949
0.095243
1.13048
0.117917
-3.46863
2.09341
2.02644
1.43355
-0.406748
6.54172
0.281646
-0.253361
-4.82469
3.8191
0.857164
0.718254
2.24897
0.134545
0.298256
-4.04466
-0.450228
-0.117095
0.424411
0.505608
-10.8073
7.40008
2.31406
1.274
1.89111
0.723499
-2.75673
-158.06
-5.61956
-0.484948
9.2848
0.386212
-165.847
-0.349595
0.34927
-0.256418
0.161305
6.5295
-0.352818
2.2363
-2.6349
-1.65684
-2.13531
15.4423
0.968389
1.63763
-0.790849
0.175944
-0.79259
0.370488
0.629254
1.26479
-2.81511
-14.1023
-1.20314
4.43931
-0.416537
-3.62553
-1.98419
-2.47833
-0.456566
3.67685
-1.97203
19.724
1.69992
-0.361904
-3.94429
-3.07522
2.83028
1.87827
0.0575656
-18.9625
-0.206689
-1.96904
3.40558
2.14288
0.138333
-11.0897
0.0421483
-1.34543
4.24091
41.1968
5.00143
-0.823767
1.88394
1.02512
-0.12303
-1.42791
0.104516
-0.0233092
3.90789
-1.32887
0.32473
1.70044
-0.409763
0.922215
-0.311508
2.9327
-0.629167
-1.28739
3.01782
-0.601411
0.547226
-0.632577
4.71673
0.360239
-1.3319
2.54726
0.0405154
0.24784
5.38473
1.86937
31.5083
-0.0680906
1.2299
0.391307
0.741353
-0.137183
-4.00482
-0.689816
-8.27598
1.5325
0.341118
10.2514
-0.285374
5.18822
-0.776984
0.0984466
-1.76581
-1.15361
-0.319822
-0.0835709
2.16277
4.07301
-0.141967
2.73113
53.47
-1.43247
0.236392
-7.00776
0.175979
-0.591459
0.150522
-4.39111
0.0520953
-0.202768
-0.58812
2.26423
0.560098
-0.0693108
-1.18185
2.44148
1.36979
-6.48079
-0.0763962
1.54666
1.54806
0.882837
0.184802
-26.6266
0.345833
-0.296301
1.84763
-0.293892
-0.688103
-0.276497
4.44027
4.62416
3.5129
2.07187
-0.409229
-0.908596
0.573615
-20.6012
-6.17995
0.688544
-0.651364
-1.86797
2.31215
-2.81255
0.518573
0.4914
-1.91626
1.64836
-0.486373
0.818426
-0.549353
-0.834533
0.496581
1.21983
-0.670606
-0.974647
0.797084
0.343296
-5.48182
1.13314
-0.224252
-0.820532
4.35603
-1.35206
-0.58936
-0.691328
-1.17583
1.34093
-0.44437
0.593631
-0.498672
-1.83174
-0.300091
-0.766989
-0.726771
2.43576
30.762
0.743643
0.558525
1.84666
-0.653774
-0.616118
12.4147
-0.179626
13.1132
-1.39579
0.261416
-1.38508
-0.324012
0.212221
1.30016
16.0367
0.086353
-2.08704
0.177651
-0.236179
0.638041
-0.173353
-0.261464
0.603899
-1.99305
-4.02225
11.2716
-27.9252
-0.146593
-0.749363
0.217052
0.301881
1.54898
1.01242
0.0758272
1.39
1.30093
1.17466
0.200358
-0.319793
0.210342
-6.48009
0.904049
-3.3512
5.27149
-5.28696
0.172803
0.2335
-0.171981
-1.49124
0.375475
0.953754
0.385278
1.36238
-0.373334
-1.97069
3.14731
-1.35964
-0.0517611
-0.677267
-1.34772
2.09013
-2.84398
-26.1714
0.132119
0.64606
4.33389
-1.24443
1.79933
1.66977
-2.21414
0.632275
-0.720908
1.42123
3.52581
3.94183
-0.281301
-0.689805
-5.05559
0.423902
-27.8842
0.398921
-8.14291
-2.08435
-0.141411
7.99573
-2.56559
-2.2177
-0.458637
0.429703
7.29501
-3.98236
4.12073
-0.52671
-0.852669
0.505399
-0.887111
0.385626
3.65872
0.56753
2.85829
0.0725644
-120.822
0.627869
0.414479
1.18021
-0.0940308
1.97807
-2.20802
-0.226669
0.598145
-1.31441
-0.0941234
-3.38758
-0.562393
3.25786
0.361447
-11.2708
0.349468
0.43785
0.138953
-95.8743
-0.356744
0.907244
1.86802
-1.08418
1.27414
-1.1882
-1.0404
-0.530257
1.55436
-1.09511
-1.30672
0.405558
-1.39672
-2.73905
15.0341
0.157822
-0.281257
0.571585
-2.97144
2.35814
1.56941
1.33627
4.14165
-2.18664
-12.7794
-8.77678
-9.36484
-8.01027
-0.808649
-1.66671
-1.64908
-0.115136
-1.89253
0.107951
0.269749
0.194558
-1.79389
-3.34967
-0.796168
1.06164
0.71103
8.21958
-0.763452
-6.41587
3.44679
-0.188474
-1.07396
-0.234744
1.70799
-1.3715
-0.235742
2.05129
-0.128571
0.916398
1.14694
0.38429
-4.7706
0.744867
0.51394
-0.288648
-0.141034
-0.951585
-2.22469
-3.79579
-0.248686
-60.1827
0.329216
-0.573609
-2.00116
0.700111
-1.14143
-0.738024
1.18361
-0.960129
-0.517657
-0.625593
4.12857
-0.654487
-1.91754
2.11452
-0.539143
1.24919
1.10658
1.40672
-0.00210535
0.583796
-2.11833
-1.90732
-0.693894
0.625118
1.36828
-0.421294
0.962384
1.33841
3.09891
-0.719417
0.366647
-0.374562
0.405349
159.4
-1.69703
16.2517
-0.483835
-0.413015
2.67899
-0.49089
0.756753
63.3775
-5.44436
-33.3454
1.21207
2.78268
0.0789038
0.619211
1.16431
1.23753
-1.06764
9.01198
-0.597381
0.215287
3.75552
1.10825
0.565339
-0.282795
0.0683457
0.111864
12.4853
-0.422721
1.59779
-5.05478
-3.7374
2.07126
1.08491
2.03186
1.82473
1.64557
2.89895
0.985227
-0.900155
-3.29305
0.317712
2.09517
4.27242
0.282907
-0.481081
-0.00432635
0.0911894
5.89109
1.46771
-1.68682
-1.05655
-0.65937
1.62715
-0.979559
0.814633
0.746311
-0.507994
0.0237467
-0.613108
1.30434
-0.880174
-58.9752
0.204871
0.0478117
-28.3381
0.36148
-1.59826
-0.555441
-2.00369
0.400266
4.77059
0.171501
0.937043
0.710196
0.266993
-0.0468532
0.529479
0.633063
12.0998
7.99325
0.345671
-0.197738
1.66182
4.13453
-1.90467
-0.56549
-1.86049
0.16723
-0.264274
-0.124082
1.62204
0.927114
0.882373
-1.29088
-1.13107
-0.655431
19.1227
-0.432845
0.431272
2.87312
3.34855
-0.757294
-5.59808
0.541983
-13.7377
-0.744522
-0.46128
-18.7921
0.0276976
2.75641
-0.494415
-0.15691
0.878907
9.54334
0.0584095
-0.195446
0.565948
0.201952
-0.55016
1.67052
12.989
-0.730367
0.660414
0.0341075
10.1149
-2.31295
-0.898386
1.16728
-1.67101
0.0618908
0.534869
-1.36613
1.28999
0.521762
2.13522
-0.0852347
1.14167
1.40958
5.08473
7.39074
0.835483
-0.0752535
0.526026
-0.204804
-0.245744
-0.190097
0.568661
1.90847
-1.52002
-0.870981
-1.18374
-0.310741
1.18422
0.064501
3.1489
9.94204
-1.53503
-2.57199
-0.644139
-13.9246
4.41373
-1.98397
-0.481323
-2.12779
-1.37486
0.306016
2.85263
-0.787664
0.0822571
-1.61396
-0.0597583
2.06737
-1.02666
3.27186
-8.63376
1.10959
0.0304908
-0.118112
11.6531
0.0743227
-5.4811
-12.9867
1.38156
0.305102
0.0420411
0.520186
0.641706
8.51777
-0.183669
2.15834
4.03144
-1.06211
3.31909
-0.0443894
3.3181
-1.44811
1.14259
-0.133023
-0.147754
-6.21512
-0.03519
0.405673
-3.19767
-0.062758
0.40144
-1.40311
-0.836811
0.198152
1.66824
108.284
5.67965
0.589872
0.213367
-6.67272
0.123796
0.294684
-0.977957
0.688667
2.68137
1.2172
-2.61158
1.59754
6.92354
-3.24454
-0.0254573
-0.557551
44.572
2.61958
1.39259
-0.10952
-8.81029
1.45192
6.95252
-8.73934
-0.923439
-1.037
-0.279228
-0.464392
-1.31078
0.504371
0.601508
1.40487
-0.665142
0.968422
-0.381032
0.582164
1.55551
3.18619
2.51138
0.127023
-0.0952896
0.255164
-0.623287
0.587594
-5.52653
-1.57461
-1.03602
0.0847265
-0.97796
-1.2122
0.696443
-1.84064
1.09508
-2.1333
1.00858
-0.203523
-0.89544
0.529428
0.502459
1.808
-2.07667
70.4889
-1.14652
2.39019
-0.0589375
3.37988
-265.557
1.00969
-0.450418
1.30362
0.0764485
-0.182833
3.60084
1.60562
-0.478684
0.837577
-3.75618
-0.155375
-0.56987
-0.606595
0.802079
-2.48662
-0.364324
1.76984
1.69319
0.316412
0.623438
-0.315286
0.495873
0.968968
-0.981942
4.94166
-0.591562
-1.90691
-28.4195
2.39008
7.56915
-0.140954
-1.69768
-2.12251
0.703354
0.771089
-30.2053
-0.242502
0.577141
0.830676
-2.16005
-0.379792
0.0946499
0.564292
18.985
3.10645
-1.13705
2.26488
1.44353
42.9054
4.47265
-2.06021
5.115
0.0514568
0.395883
0.0347583
-0.0269665
-0.915084
-0.399722
0.695694
-0.710849
0.244427
1.35523
-0.971232
-0.562911
-3.49322
0.145674
0.915262
-0.792293
0.878818
0.257341
0.576261
0.450254
0.268488
16.0365
1.48587
2.87764
0.950132
3.51486
0.0851238
-0.805949
1.02008
0.742607
0.281151
0.275196
1.32107
0.096759
-0.502399
-0.316041
-1.63819
0.736825
0.474976
0.295036
-0.723225
-9.01707
-1.51227
-3.63839
0.742851
-0.643392
-17.0555
2.22043
-0.953716
-0.519378
0.60636
-0.665418
-1.3218
0.112489
0.201773
0.698206
-2.88768
0.247146
-0.327202
-40.8769
-0.663123
-1.69152
-15.0546
6.53855
-2.38759
-0.819848
0.0158564
-1.08239
-1.38691
6.4993
3.75298
-80.2017
-0.508416
-2.40286
0.249732
0.220001
-0.40135
0.031319
-1.31513
-0.938672
-332.402
5.27943
1.50623
0.222273
0.118154
-0.955314
0.730033
-0.420071
-0.14927
-1.58436
-0.153725
-0.136095
-0.407904
-1.72329
-0.933931
-3.41397
0.811804
1.15069
-0.0460938
2.97643
-0.0464158
-0.13969
1.15718
0.996175
-0.159681
-0.394448
0.489991
6.36201
-1.10168
-1.85575
2.81392
-0.244604
-0.0536066
-6.75235
0.522253
-1.70294
0.715121
0.330817
0.174687
0.820308
2.55466
-1.01807
1.03231
1.79358
0.290377
1.27522
-0.819503
-1.25934
0.0589489
-0.556404
0.0675539
-0.436668
-1.09459
0.545868
-1.13443
0.167125
-1.5548
-0.305132
4.19765
1.80922
0.176382
-0.884238
-7.80543
-1.52234
-1.42414
0.0261238
0.692306
0.644043
-3.90511
2.10729
-0.172671
1.01577
0.217128
-0.621086
4.12283
0.073073
18.7228
1.55729
0.529188
-2.37889
0.594749
-1.49878
52.7542
-1.73172
-2.06354
0.180616
0.0462638
-3.30509
-0.233969
0.123955
0.821008
0.87806
-1.16165
-0.895593
-0.193125
0.66577
-9.41694
1.05007
1.39979
4.07177
1.26808
0.290523
-2.60427
-1.68208
-1.33147
-0.325757
0.167953
-0.0403644
-0.306669
-1.65445
26.0536
0.585637
4.991
1.77205
2.36332
1.10082
1.71446
-2.2198
-0.00498779
-0.179767
1.35515
-0.785518
0.0714844
-0.203777
-1.69189
-0.25272
-2.4069
1.61705
0.936129
-0.958875
0.553943
-0.366939
-4.35536
-4.89946
-1.62613
1.20886
-0.202283
-0.478474
0.519396
0.970237
8.64648
-0.565901
-0.475757
-1.9868
-2.06919
0.161018
-1.90582
-7.98818
-0.777017
1.42416
-2.24218
0.0104395
-3.95042
1.10597
-0.090412
0.106463
1.25515
-0.79069
1.66035
0.626767
-0.578299
4.66149
-1.45079
0.680522
1.13118
0.70939
0.0920253
4.84014
-0.742985
-0.311097
-3.48455
1.29333
-0.131099
1.34164
1.03618
1.22852
0.376624
1.21035
-0.734363
0.736602
-0.677754
1.89256
2.81861
-0.186415
0.566314
-2.28526
1.15024
1.32147
-0.371521
-2.03414
-0.316032
7.88319
0.169309
0.386182
-118.868
1239.69
0.939446
-0.0456944
1.60624
13.6306
0.498643
0.0230044
-15.2109
-10.0255
1.62324
-0.048249
0.0439998
-2.26169
0.37126
0.314176
0.586036
0.936928
4.39773
1.74573
-1.37595
-2.31316
42.7627
-13.2728
-2.05461
0.401295
0.456479
-0.196174
-0.862396
-0.185011
-0.751411
-0.0535492
1.57735
-0.0623597
-0.711845
-0.156117
2.4401
0.584602
0.378539
1.79081
-0.563476
-1.13333
0.203075
-1.26086
1.02165
0.134515
1.17252
-2.24997
9.48682
1.98757
2.10787
-3.38304
2.54852
0.268175
26.3189
-98.3231
-0.971581
-0.0195292
23.7125
-1.31748
2.2381
-0.330005
-6.9845
-0.0598505
4.46544
0.859656
0.618027
-4.48024
-2.47318
0.450514
-10.6611
-1.34289
-3.36338
5.05588
-1.49683
-2.72513
1.52937
0.246526
0.155716
-17.1428
0.592735
2.7011
4.57268
-2.71024
0.281744
-0.339635
-0.0165802
21.6744
-1.86184
-0.335766
-2.62996
0.0876879
-6.6164
-7.26802
-0.622075
1.19917
0.369681
-1.3733
-0.282557
0.810051
-7.18691
1.36203
2.13076
-0.0362529
6.00264
4.79685
0.511364
-4.83381
0.736735
-0.134319
0.442831
1.55143
-0.086221
-0.813793
0.0972933
-38.9756
-1.05528
-1.59903
0.808393
0.637425
0.871425
-0.918039
-0.451343
6.76646
0.201001
9.44928
-2.66853
-1.40002
0.265149
0.600806
1.78212
-3.13836
0.366755
1.55229
0.524272
-3.49454
0.345886
0.572631
1.28948
-1.96445
0.0349092
0.00376639
-0.289204
-0.10159
0.816139
-0.00292651
-9.48801
5.35367
-0.089641
64.6068
0.519903
-10.0976
-2.87372
-0.287562
-1.60666
5.83285
-0.0838239
0.226321
-0.674299
0.506846
-0.244878
0.526452
-0.0410623
0.689848
0.83647
0.0775412
11.2474
-0.50276
-0.997339
0.629466
1.08653
-4.19313
2.42656
0.182893
-0.355669
0.804132
1.81527
-0.126037
-1.03571
0.204112
-6.29604
1.41925
0.116118
0.506521
-2.33155
14.024
0.104301
-0.644634
0.299836
0.0366158
-1.97504
0.241496
-11.2642
1.82036
0.143432
-1.52132
0.440061
-0.466129
1.67782
-24.9781
16.6354
-4.98956
-0.049838
0.37551
-0.323272
-0.170385
0.49413
0.176363
1.36283
28.5526
1.76236
-0.138138
-0.586898
2.87075
-0.86141
-0.984632
1.12137
-0.467572
-0.361739
0.579046
4.2371
-2.26015
0.486391
-0.385334
-9.2796
0.132534
-0.818416
3.40129
-0.320813
1.5538
-2.32041
0.442562
-0.984978
2.63029
-5.08487
-6.3033
-3.06707
-0.344027
-1.03051
0.579095
0.0591376
-1.02632
1.23432
0.197357
0.666246
-0.657496
2.45016
-2.95772
0.226061
0.531982
-2.60073
1.53679
-2.85543
3.20635
-10.6129
2.58948
-0.925651
-2.35171
-0.0377652
-0.830485
-0.609831
2.33833
-2.90563
-8.98567
-0.668812
0.413596
-1.08323
0.343152
1.77484
-0.0798053
0.70645
1.99195
-0.604385
-1.73536
1.41886
0.423534
5.99038
-0.602045
3.26964
-0.165868
-3.27554
-3.42369
4.9334
-1.00269
1.75153
2.10967
-1.41095
0.863805
-1.90632
-0.126496
3.73036
-1.11474
-0.40716
-0.253968
1.02414
0.970068
0.462825
0.392737
1.59116
2.609
1.03605
-7.61575
-0.398501
-0.0890245
-0.365299
3.01418
1.34297
0.465631
1.753
1.70791
3.2059
6.06325
-0.529218
-0.108738
-0.479296
0.157031
-0.672293
-9.36119
-2.39371
1.90221
-1.30697
-0.588799
0.815793
0.565469
0.466751
0.862795
-0.860472
-0.240727
-0.41845
-0.0240248
-2.2686
-0.696353
0.855983
-1.68775
29.4645
2.6651
-2.02873
-1.07772
-0.873279
-0.947282
-0.30935
1.4341
1.76751
-2.40841
-1.24547
0.291282
0.383974
1.7637
0.63743
3.15158
-0.581073
2.70001
-0.258954
3.12011
2.45944
2.18278
0.976596
1.9191
0.0158838
-0.669145
1.1302
0.316503
-0.216031
0.16036
1.15984
-3.31117
10.0135
2.72355
1.0336
-4.3943
1.35417
-0.910579
-0.0649883
0.990395
0.0822367
1.32763
3.95094
0.830484
-2.71408
-1.36099
-0.1151
1.51751
-0.739654
0.512951
0.805484
-2.13809
0.520471
7.04099
-0.632139
-4.08166
-0.4536
0.544692
0.383368
-0.148049
-0.445171
22.2012
0.0782831
0.465004
5.87651
-2.04094
0.0794118
1.44023
-0.213021
25.0576
-3.46782
-2.79608
-3.30362
0.00764168
-0.192825
102.188
1.88621
-1.93016
131.547
-0.206483
3.35126
0.0915288
-0.340407
-0.966548
-23.5009
-0.573611
-0.293473
-0.388227
-0.806355
-1.74132
0.665046
-1.56883
-0.324938
-2.7428
0.465576
0.57503
-1.60469
0.445032
-0.497073
1.53867
-1.73556
0.970686
3.3767
0.891814
-0.35296
9.08062
5.81858
2.54727
2.00311
-7.70351
2.38093
-1.57797
2.89196
5.44174
0.206056
-2.09701
-4.11228
-2.95293
3.98578
1.84806
0.502367
-0.244822
-1.69943
5.38773
-0.974938
62.7976
-1.02329
0.0202088
14.0787
-4.07093
-1.77518
2.34939
-0.503194
-0.79962
0.68655
-0.783566
-0.170525
0.0167753
-0.98608
0.303311
0.510369
0.0280298
-0.42348
0.520882
-0.896909
1.1846
0.239616
1.45515
0.131991
0.0420187
-4.58232
-3.7583
-1.12328
-0.521377
-2.83667
-0.411549
-0.5281
0.77235
-0.364783
-0.333699
-1.79432
-0.381367
-0.533145
0.262192
-2.00287
-1.22009
0.790664
0.820281
2.77411
-0.030278
-1.03866
0.16809
0.572746
3.89777
3.23157
-3.64656
1.04226
1.61433
-0.124008
1.59771
-2.20138
-0.342223
1.34679
0.806936
0.455612
0.376655
1.80288
-8.31025
-1.18865
1.13412
-0.146825
4.01593
-0.0537906
-3.58399
-1.51482
1.68149
6.85925
-0.131796
-1.34732
0.576531
-0.315408
1.1282
-0.645659
1.47706
0.623932
1.38023
-0.174877
1.14503
-1.02085
-1.25956
-0.405387
0.954169
-7.39655
0.333146
-1.13793
1.1888
0.875242
-2.90714
-0.229616
1.77568
-73.3802
0.232052
0.37289
-0.169331
-4.66319
1.17558
-0.645093
-1.28493
1.96829
0.539236
1.263
3.78322
-1.98613
-2.77764
1.55358
-0.0317928
-0.977933
-0.854514
11.5665
0.0243534
-1.24354
2.08178
-8.337
0.194029
-0.526488
-0.167751
-3.00495
-1.78498
-3.92465
-0.564485
-2.79393
-0.0946481
1.53383
1.6984
-0.920192
0.178078
2.016
0.125476
-2.02555
-0.0911106
-9.74383
0.49362
3.87473
1.79059
-1.27321
0.462972
-0.0739542
-1.18123
-1.50349
0.0155977
3.32641
-11.0064
-1.67004
2.56036
-1.94603
-2.17947
-0.117495
-2.18019
-1.3704
-4.76996
-0.334197
3.08214
0.831892
2.19752
-1.14701
-24.8354
-0.137545
-0.0184496
-10.7997
-0.316298
-0.769992
5.6039
-0.9979
2.28219
-0.606867
1.46371
-8.62319
-0.86707
1.93197
0.294106
4.76365
-2.39366
0.146416
-0.171413
-3.36787
-4.77122
2.09537
0.45484
0.272996
-1.26638
1.35858
-0.266905
10.4746
3.15292
-2.0704
0.362634
0.694882
1.2137
-0.531385
0.321932
-0.0946853
1.06433
-12.585
23.2071
-1.03087
1.59738
-0.196058
0.585429
2.17543
-1.75243
0.989107
0.176606
-5.9295
0.656117
0.0123772
0.653106
2.0964
-0.81879
-1.67213
9.59732
-2.69186
23.7399
-3.33016
-0.637903
-3.12381
-0.328642
0.921492
-0.309139
19.3128
-0.237396
0.370625
0.951903
-1.63967
1.55373
0.773925
-0.261744
-1.49601
-0.0233005
1.69999
-2.04494
-1.76743
-2.19882
0.688389
3.16184
0.471015
-4.02735
-2.00887
3.88562
0.710158
4.40866
-0.287043
-1.20661
-3.17711
14.9078
0.495073
-0.0425964
0.122159
1.74649
1.20953
-0.0611843
0.426656
-0.689736
3.87192
1.09419
0.744024
-10.5687
-1.11677
7.94731
-2.65583
1.3227
0.550012
-0.745788
-3.66344
-2.71335
-0.593324
0.616588
1.11329
23.2037
-9.52221
-17.4958
0.369598
-0.417518
0.478927
-2.93496
0.594864
-0.489349
1.57331
0.6373
4.79551
-0.0670172
3.25992
-6.11585
-0.501848
-0.768966
-0.585132
3.62396
0.3898
0.108577
-0.17133
0.583849
-0.44192
-76.2758
-3.019
6.01623
2.51029
0.211429
2.65704
0.383966
3.87097
-0.644814
-0.513984
10.8682
1.70268
-0.371513
-2.68432
-0.380104
-0.025906
-0.449644
-1.27077
-1.97028
-0.948764
2.2053
0.118664
0.975153
0.0333777
-1.53407
1.08569
-0.796316
3.69185
0.297079
0.339916
-0.416236
-10.9184
-1.34468
1.2719
-2.32902
-0.519907
6.46141
0.307229
0.325019
-0.210132
0.469016
-0.527039
-0.578343
-1.12514
0.250251
0.698266
-0.643232
-1.60356
1.20984
-3.14997
-4.89788
-1.0173
-1.1687
-0.582609
-7.0298
0.0959119
-1.65333
-0.279827
-0.965227
-0.101328
-13.6914
1.38259
-2.45964
-0.46659
0.785451
-1.03716
0.0385207
-0.866548
-2.1322
-2.09284
-4.30795
4.87803
0.391905
1.19855
0.557307
1.2616
1.7879
-0.676404
-3.25767
0.959683
-0.600665
2.1874
7.21152
1.83183
4.65277
0.363707
0.828092
-0.530903
-0.912159
-1.35297
3.88796
-0.132275
0.495453
-0.307087
0.350956
-1.05255
0.0830157
-0.600298
1.93516
2.13069
2.14831
-3.19674
-0.0304778
1.1719
-0.129567
-0.533363
6.66943
-413.339
1.14542
-0.374396
-0.868235
-7.83575
-2.24863
-0.170532
-1.88128
0.392578
4.71878
1.3915
-0.87578
1.70551
0.82189
-1.27375
0.103185
1.57247
0.799288
0.0062759
0.35692
0.33888
1.05469
0.571359
-0.307788
-1.64398
-2.12088
-0.500019
1.03622
-0.104219
-0.560926
-2.62233
-4.03121
-0.527751
-2.13786
-0.852548
-1.2507
-1.45239
-1.89924
1.13946
-1.14965
-1.07247
-1.48983
2.38163
-0.460671
-0.998443
-0.0323092
-2.56339
5.56421
0.601968
-0.496304
-0.603406
-0.210809
2.34218
-4.34442
-3.49273
-0.30712
0.235543
0.89324
0.205106
0.530992
-2.38511
1.85586
20.5511
-1.19386
0.717366
-0.76749
0.748661
0.0912841
-9.92684
0.395632
-1.5034
-0.283466
2.36265
-2.85543
1.17741
-0.923772
0.641935
0.551977
0.448603
-9.42612
1.07036
161.492
0.755464
-0.510198
-0.333104
-2.51696
-4.16475
-0.115843
-1.91544
0.196757
0.276424
-0.737171
3.33184
-0.28005
-3.32234
-0.619759
1.2035
0.353353
-1.30856
0.0114502
0.133412
-0.102738
3.32915
-5.45688
0.489287
30.1872
2.42832
-0.830761
-0.118437
2.59485
5.56718
-1.88396
2.80298
1.70959
-0.0306834
-12.7231
3.14495
19.9695
-1.55497
-13.5967
-1.60268
-1.80014
3.29713
0.15975
-0.193638
1.15525
-0.850081
0.0242591
0.291743
4.78164
0.204171
0.144234
-0.776775
1.20787
-0.176868
-5.02614
-4.44112
-0.128937
-0.344447
-1.38607
0.412268
1.50726
-2.132
0.216649
-0.438694
-1.19593
84.9961
8.93084
3.37924
0.353758
-0.0429377
1.34372
0.0650963
-2.86422
-3.49252
-0.0710629
-0.908016
-0.430893
-0.015728
0.0857771
1.97145
-16.0872
-1.09111
0.387827
2.20644
-1.17959
-6.48529
-0.679345
-0.0258465
3.20666
1.9049
0.842989
-0.584612
0.164473
0.563809
2.43454
-0.204545
-1.83644
-0.184498
6.12164
-1.55128
-1.06416
-14.7408
-1.39777
-2.99406
-0.137948
-1.30977
1.18656
-0.827457
1.53072
-0.832171
-1.39378
-0.207143
6.99551
1.43868
0.619785
-0.649058
-0.0419783
-2.02623
-2.86074
0.0501561
3.49027
-0.0798767
3.28064
-0.645502
-4.0169
0.939458
-0.10545
0.775277
0.692792
-0.379999
-0.0973434
-1.71561
2.24456
-1.25
1.24601
-0.603514
-1.50153
-0.798637
-1.21329
-1.74567
-0.644807
-1.82545
1.78983
1.48872
0.355509
-0.268548
-2.78778
0.305639
0.796416
1.1649
0.39928
-0.149314
0.76265
0.68475
0.29879
-0.62082
0.671935
1.54137
5.94996
0.394527
-0.426392
-1.85205
-1.70876
-0.23472
0.516169
-0.61449
0.699927
0.0612077
0.443874
0.889873
-3.72324
1.69989
-2.48935
-2.81435
0.73972
-0.0642422
-4.68523
-1.35864
-1.65695
16.6863
6.03879
-14.5142
-0.646333
1.01383
0.304144
0.0366069
2.04955
0.10722
-0.201917
-728.083
0.263759
1.86073
0.625115
-0.681414
-0.848173
-4.26809
-0.417917
2.49363
-3.87048
-0.457642
4.03326
1.19391
0.308259
1.92351
5.93454
13.9098
-0.23836
-0.305986
-4.57335
0.895082
-0.229128
0.102577
0.199562
-0.110124
-0.332829
-0.186301
-0.375826
59.1968
-0.212797
-17.8037
0.216563
-0.0163578
0.891425
0.970434
-0.106459
-7.85477
-6.88721
-1.25147
2.20191
-2.75818
0.162629
-0.553545
-0.269412
3.83991
-0.454053
2.73685
-0.242025
4.56785
-0.149649
-0.119968
-0.178512
-0.166252
-1.55841
0.0494351
0.749668
0.342403
-1.0877
0.199592
1.92273
0.627225
-1.73104
-1.7895
7.52512
-8.27823
-0.783297
1.52911
-0.318471
0.465935
-1.42886
-0.372914
-0.181077
-0.32898
0.349995
-1.81311
-2.06944
-0.524383
1.60415
-1.74783
0.107658
2.80865
-0.0559916
2.2115
0.163684
-3.24208
3.8613
1.8867
0.871689
-0.700167
1.56918
0.363749
-2.2611
-17.324
-0.199073
-2.73135
0.159086
-0.544497
-2.64831
-2.90187
-0.335142
3.94008
-0.559202
35.1979
-0.480113
0.73745
-4.01154
-1.26737
-1.06401
-0.365298
0.552311
2.22438
-7.45897
9.56755
3.09991
0.361146
0.813071
-1.70712
0.979265
0.0617905
0.444607
-1.1283
-1.5807
11.0444
-1.20887
1.63439
0.34153
-1.32525
1.31805
0.0750343
-0.0589856
0.57421
-6.42264
0.577245
-0.225636
0.90842
-1.20838
410.297
0.190166
30.6307
-0.369171
6.02276
-0.904687
0.289079
5.21186
2.99412
-1.19956
3.56526
0.589577
-0.533044
1.62909
-5.02075
0.00983566
-0.813779
1.77045
-0.48712
-0.503421
0.735028
-0.179512
-0.270427
-3.94855
0.167885
0.00862836
20.0128
-4.0039
-5.44061
-1.3984
-4.77545
-0.175084
0.85066
2.03319
0.0994762
-1.01493
4.96102
-1.81908
1.28367
2.47421
-0.0396992
0.0650667
0.48161
14.7741
3.80918
1.45491
7.27405
5.47295
-8.40807
-1.11831
-1.05283
-0.0956448
-0.0607794
0.260968
1.23624
-1.59147
0.635405
0.247768
-0.249345
1.08499
-2.63226
0.266694
0.36334
0.660104
-1.32092
-0.307789
2.1682
3.16351
0.813547
-0.203588
-1.33186
0.351348
-7.07747
2.46578
1.08735
-0.0227389
-1.02624
-0.811046
-3.79021
0.0438403
-1.5144
-1.68557
-0.682102
0.528615
0.55809
4.92576
2.07348
0.642185
2.50623
1.6081
0.526021
-0.390592
-2.16885
-1.62331
0.374516
-0.861079
-2.92392
0.903024
-0.231797
-0.772047
0.118474
-1.40859
-0.713591
-0.268585
1.55437
1.4549
1.12142
1.1881
-1.60799
-1.34654
-1.88338
-1.61849
9.49074
-0.985363
2.49303
0.200608
1.97394
-1.89681
-2.32102
-0.213433
-0.811327
0.0475628
-2.97668
0.491724
-2.20167
0.523652
-0.422256
0.527258
1.95005
2.53941
0.0967684
0.490195
10.0852
32.9457
0.786185
0.210079
-0.20902
0.760662
-2.53577
0.160547
-0.0153756
-0.594232
-1.75176
0.833302
0.351413
-0.656513
-0.523041
2.1865
-1.43161
-6.68884
-0.0740032
10.6105
0.403345
0.0774842
-0.397879
-2.1346
-0.860261
-1.21852
0.619304
1.63946
-4.19868
1.81071
1.15117
4.49469
-0.537866
-0.99538
0.564746
0.874586
-0.563635
-0.823851
0.657341
-2.46528
-0.495499
0.570088
1.4763
-1.27491
1.07377
2.2908
0.41788
0.616224
1.56697
-10.9559
0.300897
8.01207
0.553464
1.02952
0.814675
1.05061
-0.70305
-8.80606
-1.04183
1.16874
-5.25063
83.7721
-0.0427638
-0.824834
-1.45367
0.895853
-0.235394
-0.233987
-1.2029
26.2895
-1.62465
1.71203
0.796571
2.91987
5.1088
-0.259558
5.53549
0.110778
0.262513
-41.0698
-0.878433
0.172468
-0.218812
0.469312
0.457
0.251802
-0.276805
-2.08194
-36.782
0.590205
-1.83657
3.70635
-1.73686
0.212047
-1.59578
-0.202684
0.645361
6.27709
0.97117
-0.0989839
-0.0827792
-0.074905
0.265494
-0.055002
1.23913
1.60735
17.0674
-0.935609
10.0363
-0.0542201
-0.0984907
-1.44556
6.01553
0.177885
0.465464
-1.01024
0.702842
-0.842064
-0.912104
-2.51893
0.428644
0.068087
-0.673987
0.0912684
-0.864153
-9.67993
8.28202
-1.54218
-5.66334
0.370436
-0.833375
-0.372867
0.362319
-16.4232
0.380146
1.23499
-0.148941
1.4515
-0.344778
-1.0888
-0.359069
2.25045
-0.434262
-0.604984
0.132354
2.57345
52.5679
-0.0944194
-0.591492
-0.0730742
-153.253
-2.11869
-0.673391
-0.89144
1.71084
-1.42736
-1.23597
0.263076
122.914
1.27034
-4.95612
-4.68297
-8.73367
2.39545
0.7886
7.02785
-2.12581
1.2382
0.892357
-1.34679
-3.33365
2.2755
4.98941
-0.90562
0.439291
0.761738
-0.0783699
0.900052
1.90546
2.27811
1.5681
0.276318
0.901536
0.785494
0.129237
-0.73462
0.0932877
-1.10841
-1.16088
0.135105
4.42432
-0.202372
-0.303465
0.87212
1.52729
-1.17347
2.19084
-2.4769
0.374146
-0.670788
-1.47776
1.31288
2.77771
-2.20547
6.26929
-2.56686
-0.7016
-0.888295
-0.565614
-3.04133
0.162959
-0.613989
0.561905
-1.11266
-0.40321
1.84105
0.254054
-1.95628
-0.585375
-2.05232
-0.455474
1.61705
-0.623238
0.601388
-1.68096
0.0708297
0.47121
1.11549
0.287666
-0.733371
0.0839582
-0.282809
-0.36231
-1.1416
4.80183
3.61044
1.56746
-1.79835
0.257256
-14.3439
-0.639895
-1.33352
3.46321
-0.0758744
-15.5247
0.749723
-2.95442
-0.0915579
3.14688
6.36077
0.813682
-8.08678
7.84368
-0.509209
-3.02655
1.72571
-0.895796
-0.626352
-1.3985
-0.69983
-0.764178
0.464828
1.75602
1.23113
-0.595996
-0.0932996
-1.99148
-0.281489
-0.241405
2.28102
-1.17847
-0.0287182
0.546563
4.40931
0.347563
-1.94318
-1.98667
-0.387148
1.10933
3.6061
0.459526
1.94415
-1.82583
-3.75202
-6.30288
0.00520891
23.6778
-0.0405837
2.26321
-0.385661
-0.849115
0.172432
0.69011
-2.77996
-0.316468
-1.26479
2.42663
-1.21593
0.558874
0.364875
0.222556
2.65077
-16.4543
-1.97647
-4.26001
-0.931561
0.478215
1.47729
1.79172
-1.57597
-0.527573
-0.753752
-272.235
-0.130923
0.186408
4.46866
1.53198
0.159011
4.58838
2.38542
1.83369
1.23574
-1.3605
0.248022
-0.929915
4.62192
-0.209527
-15.5008
-1.33329
-0.477649
-0.959873
0.718635
-0.25276
-0.0995933
-1.36502
2.10946
-1.42584
0.8792
1.18563
16.9439
1.99689
17.2193
-0.387135
19.6627
0.926116
-0.76375
0.645614
-1.79636
-16.5759
-3.18241
0.1985
-0.558716
-1.43122
2.14128
-0.83953
-1.17
0.563675
-23.5898
3.75972
-0.0325045
-1.08048
-0.362674
1.34007
0.0242334
5.82476
4.06361
2.91731
-0.685854
-28.1026
1.81574
9.33583
0.707153
-0.45561
-3.95801
-0.262429
-8.23815
0.173832
-1.37452
0.33399
0.850365
-0.188075
0.0314294
0.36988
1.12888
0.0201379
0.506298
-1.21068
0.229834
-1.47832
-0.365764
-5.61034
-0.687768
-3.99289
2.31131
0.583921
7.34834
-0.516494
-7.85933
0.167478
-0.162891
-0.708093
0.0412654
1.34058
4.47936
-0.350023
0.3546
-0.220333
0.459137
0.196184
1.4397
-2.26671
-0.447602
-0.642421
-0.462455
-0.457906
-8.04168
-0.43738
-0.651275
0.307338
-0.495173
-1.40694
0.530516
0.782229
-60.8582
-0.156598
1.9881
-1.19746
-0.0490187
0.0249527
0.106039
-0.350506
4.49945
-3.7577
0.0750786
4.07323
-8.03618
-1.04337
31.7966
-0.866935
0.0571366
0.761657
6.19581
-0.917251
-4.18201
1.23
2.26956
-3.98777
-0.194093
1.5823
0.331254
-0.947388
-0.306947
0.146009
-0.277506
1.7687
-0.365854
-2.16989
-0.650728
-1.36222
-0.0413963
-0.265834
-0.0695514
1.74856
0.137443
-12.2848
4.9479
0.0373248
-1.401
5.38222
-0.459851
-2.84814
-0.263369
-1.23329
-2.67389
0.345586
0.0481664
-0.741128
-0.628382
-0.181289
-2.63119
1.26819
-0.970595
1.30771
-3.14675
-8.09207
0.739503
3.65559
17.1877
-0.267668
0.377581
-1.474
1.04378
0.391582
0.975065
5.13867
0.521097
3.68829
0.137923
0.591124
1.72188
0.606625
-13.262
1.94721
0.0239808
-10.4333
2.42273
1.59518
-0.102558
-3.33676
0.106445
-192.074
0.0350691
0.0581926
-0.0928084
5.2907
1.18769
2.04748
-0.201471
-0.325001
-0.119236
-0.00209466
3.21749
-7.90411
3.91257
0.48069
-0.169707
1.85907
0.458299
-4.03062
-0.711939
2.72834
-4.72193
-1.19107
2.22589
0.316494
1.69641
-1.06962
-0.581447
-4.76821
-0.922139
0.352527
-0.879207
0.307403
1.37022
-13.2554
-0.596234
-6.38997
-1.37666
33.1968
1.88425
-1.97736
-3.10134
9.49489
0.270755
-0.648383
2.39888
-0.177407
-0.465782
-1.38006
-0.61811
1.53056
1.17559
-0.0726647
-1.9515
-0.306778
1.49628
-3.99704
0.938499
0.0761876
0.145332
-0.251231
-1.1864
4.14037
0.674776
1.34938
-0.621044
0.0399898
-1.12694
0.00961618
11.3367
0.693733
3.31358
2.18261
-1.47018
-1.30673
0.918665
0.895493
-1.17952
1.83615
-0.385787
0.37456
-0.221577
2.01039
0.199066
-86.5163
3.2455
0.0374577
-0.942621
-4.049
-0.562773
0.299296
13.8519
-0.551822
-3.21207
-1.32202
1.18032
-0.496296
-9.81647
1.68771
-0.560008
-1.79658
22.2213
3.17698
1.30349
0.0764802
-0.00508076
2.09353
0.194009
0.271249
0.827962
6.61597
6.56812
-3.81648
671.13
1.10853
0.956442
0.885572
-1.91047
0.947339
0.0277033
2.54344
3.32591
0.381636
4.10386
-4.24771
-0.0144035
-2.21618
1.25886
0.389852
3.95108
2.87898
-58.635
1.36632
2.08096
0.670255
-0.751034
1.71576
0.685883
-1.09799
1.50699
-1.44401
0.71521
0.443725
-0.0155637
-0.240723
1.76508
-0.239703
-0.673855
-6.01667
-1.76525
0.469827
-1.30404
0.786134
-0.475512
0.583114
7.81588
-2.53039
-0.56545
-0.510813
0.623692
42.0576
-0.109198
-2.23414
-1.16284
0.124116
-0.451403
0.642766
-0.850791
0.477934
1.19022
1.18743
-1.04169
-0.555456
0.0367058
3.62551
2.15875
0.890198
5.80471
-0.228117
0.377832
4.67831
-3.68982
0.119412
1.27073
-1.71106
0.549919
-1.80327
-0.436308
0.521531
-0.863687
2.59839
0.159035
-0.470558
-5.20488
4.41891
-5.03595
-0.746048
2.65692
0.0679528
-3.28292
-0.316004
0.139778
-0.0608396
-10.0995
0.727864
13.2443
-0.190309
1.08475
1.30608
11.6792
0.137586
1.30563
-0.534817
-0.397876
26.9239
3.00131
0.545111
-0.845384
-0.802184
0.282399
8.99443
-2.15059
0.322024
-3.69015
0.083794
-0.131819
-7.25812
-3.59006
-1.30699
1.71455
-0.801017
-6.33936
0.301665
59.2957
-0.560926
-1.16159
-0.767466
1.37842
3.22218
-1.31695
0.115166
0.458352
-2.10158
-1.30717
0.729325
-0.879382
-1.34832
1.89721
1.84966
0.356288
-0.18255
0.461036
3.09685
-0.400671
0.436494
13.4715
0.53594
-1.32893
-4.81053
1.54401
-4.02535
-3.36553
4.35968
1.55745
-1.80062
1.25559
1.14769
-1.54312
3.05725
-11.6364
-0.0374332
5.03945
-0.0856428
-1.68774
0.455434
2.88772
-0.71735
-1.68512
-0.0252083
-9.17311
-4.90626
-0.223443
0.678105
0.209845
-0.737921
-0.0238122
1.55419
-0.403181
0.778656
-3.90608
1.86392
-1.85954
1.45399
-0.112649
0.843826
2.75457
7.90243
0.575836
-3.9134
-1064.77
0.064446
-0.0912038
-0.733891
2.37744
-2.44173
1.04068
3.95927
19.9317
1.10351
-2.44957
0.719786
-0.324851
1.32384
-0.622573
-1.68115
2.57252
-0.249498
-0.100668
-2.06531
-0.58186
2.59563
0.0916645
4.18626
1.7034
1.84515
-3.18399
0.702057
-100.781
-1.52101
3.55582
2.19378
7.47164
1.37455
-1.90705
1.4204
0.132274
-0.111709
9.40059
1.45289
-1.92076
-0.104348
-1.06151
0.466201
1.9256
-4.88581
-2.58588
0.181727
65.0683
-0.300875
-1.20037
-1.66284
-1.27367
-8.05695
-2.84458
69.0631
1.60549
0.312334
4.10923
-5.29406
0.290576
1.50962
1.12235
-0.0842137
6.75102
-0.102555
0.959492
-0.846305
0.0627396
-0.467819
-1.40583
-0.118086
-6.00919
12.9841
-2.15052
0.120734
0.680876
3.27842
-0.593825
-0.0489145
0.516051
0.674665
-10.0386
-0.0372733
-1.86706
-1.90199
3.60745
-0.675968
1.49556
3.17391
-2.94802
0.554454
-1.32538
-7.75654
2.52331
-0.192284
5.33926
1.18195
37.857
-1.2028
2.30558
-64.1677
-2.83895
1.8599
1.00562
-0.020158
-0.407153
-0.0969488
-3.58853
1.26161
0.312382
30.9937
-0.422272
-0.169718
17.4843
-2.29035
0.0325223
0.987041
-11.1438
-2.12306
0.37677
-0.179168
-0.136005
-0.290251
10.6597
0.810717
0.912398
3.64983
-0.436664
5.2552
-1.68377
1.57742
0.245631
-0.489182
-5.27307
-2.1702
-1.70717
-0.761636
2.9298
1.27981
-0.0721396
-6.38838
-2.62264
6.26145
2.83692
-8.51812
-0.347419
-9.03957
-0.942214
-0.611587
6.44981
-1.37155
0.380579
-1.47946
3.12766
0.825184
-68.2732
1.25308
-3.02552
-2.79232
0.379823
0.222197
0.0349693
-0.434152
24.296
0.229347
0.161063
-1.36255
0.0531007
-1.93007
-0.15484
0.244208
-13.8565
-0.515747
-3.73621
0.0542092
0.300276
-0.206532
-0.905211
-0.108189
-0.0962541
1.48995
-8.30764
-3.23944
-1.28158
1.77062
2.86277
5.61409
2.29325
0.835037
-0.122159
0.875799
-0.229853
-2.74239
0.469771
0.798124
-1.03309
-0.142034
0.530883
72.7459
0.907202
1.33449
-5.52542
-4.47546
-7.42542
-3.54867
-2.34566
0.191226
5.79012
0.58545
0.786703
-0.134984
0.842508
40.1639
5.29972
1.00833
-1.05049
-1.03128
2.14117
1.52657
9681.44
9.59038
-0.154925
-0.28377
-0.471197
-0.803479
-19.2103
0.667846
0.884432
2.5987
-0.125375
-14.143
4.22149
-0.599584
-0.262157
-2.89851
-0.159204
2.07528
1.02226
-3.16204
5.79345
-0.955541
-0.330676
-0.995883
0.179999
5.91646
-7.67713
2.06684
-0.204958
2.44589
0.493914
2.58264
-2.00173
-0.432148
-0.733023
-1.71931
-1.30954
0.0596352
-0.424373
0.147891
-0.00859064
-1.00865
0.0104442
1.09669
1.36272
0.617364
-0.429157
0.170608
-1.46591
2.35904
1.14387
0.925746
0.160216
0.509291
15.6291
0.884474
3.07534
-0.030749
2.8306
-0.738004
1.8079
-1.13493
5.08648
5.88967
1.50388
0.404828
-0.936275
1.50335
-0.16104
-0.353014
-2.02367
-0.280049
0.771338
2.98797
-1.28806
-2.47585
-3.08455
-14.4498
-0.642921
1.04081
0.640668
-0.289568
0.948467
-2.62128
-2.57544
0.558506
0.121826
2.17805
0.0346604
0.354245
0.515308
0.315285
-0.940852
-0.822681
0.795025
-0.000228262
0.668675
0.706149
-5.31992
-0.28712
0.638794
-4.72558
4.06195
0.762593
-3.97986
0.204574
-0.582945
1.96029
-5.68003
-1.04262
0.585221
9.13411
-1.02491
-1.01842
-0.293814
-0.584123
1.84976
3.5804
-14.307
-2.24918
-0.272205
2.9414
0.0724049
-0.503001
0.730517
3.80631
0.604974
-1.77324
-3.54863
-0.827092
-0.630359
0.759614
-5.69952
0.869197
2.34987
0.284463
-0.712727
1.49855
-0.384151
61.5332
1.4375
-0.510245
-0.861593
1.20438
0.170343
-3.21382
-2.1097
-0.374283
-1.44116
-0.912572
0.633493
18.187
-0.537783
45.1255
-1.45688
0.584429
1.37939
-0.389426
0.626628
-2.44742
-0.348381
-1.20013
-23.6796
0.212216
0.817331
-14.4116
-1.55703
-0.362358
0.0123604
-0.09276
-3.95731
-0.573868
1.91588
3.93256
2.21542
0.26409
-5.64262
-7.08171
-0.454166
0.393048
-0.50096
-0.963061
5.51845e-05
-1.02263
-1.74691
-12.858
-0.932578
0.336572
-0.89492
0.725904
-1.47493
0.222669
-0.0404092
7.50432
2.59003
-0.27565
-1.02307
-0.0219798
0.000805005
-5.50637
0.563614
-4.5869
1.1455
1.49416
-0.123716
0.134921
-0.024538
15.1479
-0.24291
42.2763
-83.0233
-1.98666
0.513548
0.140338
0.505538
0.296543
-0.572988
-8.61693
0.693135
0.320643
-0.628852
-2.37868
0.750548
-2.25629
-1.4736
7.84544
2.80996
0.590426
-3.63128
-16.1355
-0.428619
0.284882
-5.12701
-0.845933
2.77959
14.6896
-1.81116
-1.01939
7.86573
-1.09954
26.3722
-3.50978
3.84509
-0.702713
-37.788
-0.547609
3.33407
6.90694
-0.643984
-0.211239
-1.04945
3.91361
-2.38028
0.256455
-1.419
-0.628155
0.718661
-1.76354
0.528852
-1.51995
24.6991
-0.974856
0.596635
-0.103796
0.794008
-0.537061
-0.410835
-0.243095
-2.44057
5.94771
-0.909259
0.785487
-1.67205
-1.71477
-0.542481
-4.34405
-0.440306
1.91485
-2.84789
13.2451
-8.16969
-0.268757
2.96464
-3.25032
-1.11374
-3.98805
0.138751
7.99609
-13.3329
-0.274418
2.54852
0.651302
-0.170797
-5.39948
-6.51706
-2.98682
1.46458
0.0983524
-2.49739
-1.20172
0.436303
2.43513
-8.81508
-0.695012
4.61038
-1.45443
-0.6612
0.068376
-2.20468
0.701324
0.230301
-0.180387
-0.67156
-0.258564
-0.671417
-0.516906
-28.3655
-1.59064
17.8904
0.423447
-0.228341
3.00418
1.42743
-1.41035
-2.14773
5.47375
-0.474375
-0.894389
-1.99079
0.178801
-0.303463
-0.479543
0.009519
-13.0778
9.81273
2.71695
-1.41035
0.640869
-2.41189
-0.980203
0.384238
-0.387962
0.159626
0.84476
-0.821794
0.154228
-0.989741
-7.65567
-3.37123
-0.275977
0.0906407
-3.38233
2.19007
0.257247
0.434477
-0.00191785
-0.472966
0.00632954
-2.9225
0.107311
0.250728
-13.2237
-0.563625
-1.59747
0.122656
0.246845
-0.93361
0.90045
-0.73059
-1.83882
0.995286
1.68652
-0.143672
0.783084
0.535807
-1.35215
2.08706
-16.9044
-13.4572
-2.78314
1.38969
0.890677
-0.237189
0.996381
-0.301853
0.498599
8.27602
0.166111
-0.130201
2.04298
2.34553
0.784227
-0.213369
2.26019
-0.82043
1.55475
6.67351
-0.503707
-5.32236
10.1363
-0.255891
0.261602
-0.810695
-1.23947
-4.70403
-1.16209
-0.694353
0.850276
-1.85213
0.292782
3.75305
-0.00065659
0.329186
4.35023
0.247934
-4.90054
0.721663
5.223
-1.02394
4.84949
-0.821454
-3.87951
1.10361
-0.796825
10.4953
1.2447
-0.681417
0.484679
1.48747
-1.10177
2.66932
-88.7624
-14.4706
1.23083
-0.383355
-1.23404
-3.74564
0.506019
-1.86133
-12.7803
5.07516
-35.6114
0.473929
0.346664
0.0748144
-3.45917
22.8595
-203.081
-0.384203
-0.353689
-1.29201
-0.796429
0.330164
0.52534
1.98541
2.02942
1.43113
0.61758
0.429008
0.670844
-0.0842835
0.398101
-3.76247
10.5171
-0.792426
3.33491
0.747232
3.55212
1.23585
-0.636343
0.125933
-1.66031
-8.73086
-0.192184
1.06785
0.776136
0.363233
-11.3544
-1.45778
-0.098308
0.12952
-0.101367
-0.756424
0.925748
0.202903
2.71887
0.289655
0.206887
-0.48112
-3.76413
-14.1316
-3.46365
-13.8007
1.93784
-1.02464
-1.83561
0.172883
1.94417
-0.572277
-3.11383
0.110235
0.436828
3.18732
-70.4365
1.43522
3.33376
-2.20257
-0.270138
-0.505162
0.819555
0.758702
1.00629
-2.30802
0.327346
-3.27354
-0.481776
-2.58504
-0.446396
-0.857342
0.169631
-0.851271
0.404521
-0.795285
0.0890892
0.784944
0.466634
0.572963
-0.129945
1.06795
0.671534
-1.09376
0.840557
-1.13893
-0.099057
-1.02106
0.2047
0.179558
0.898065
-0.477511
-3.45329
-2.5969
0.924714
-0.137304
6.20446
-0.248754
0.428038
1.35759
0.259605
-0.138799
-0.379839
-0.0936582
-0.393321
2.65738
-0.228915
0.577029
0.569862
-0.347892
0.104803
1.07035
1.31495
2.35746
-2.29294
0.631434
-0.636576
0.831402
0.494261
0.189342
0.123988
25.5402
11.0765
-1.48124
-0.748194
0.334966
0.725237
-1.24719
-0.265108
-0.188089
-1.10953
0.395583
0.524869
-0.146002
-0.378662
-0.156574
-0.0941756
0.405123
0.278154
-0.73363
0.246516
8.3357
-0.595018
0.0601079
0.178766
-0.600654
5.61961
0.652055
-0.14875
-0.920849
-0.531919
-0.949066
0.718805
0.429756
1.93971
78.09
-1.10666
-0.926197
0.706163
-7.42491
-1.36536
-0.334209
-0.406448
-1.05197
-4.72218
-2.96352
-0.341162
0.449005
0.143324
-0.0929073
0.230156
0.479073
-1.40381
1.28591
0.0610245
4.69213
-5.92559
-0.086842
-0.34624
-0.147269
-1.96348
6.00935
0.152355
0.410576
-0.593888
-0.835653
-1.38455
-1.46153
-1.58835
0.969178
0.879514
0.845244
-0.0830004
-2.30723
0.938619
-1.00437
39.179
6.8995
-0.104085
-13.2167
-4.63475
-0.328919
0.672823
3.94363
1.00033
-1.76926
0.875482
-0.196097
4.85666
93.3059
0.653344
1.51263
-0.552783
-2.12624
-0.051474
-1.06596
0.619636
-0.201912
3.22267
0.583643
3.68102
-0.567814
-1.86704
-1.34752
12.1964
0.131011
-1.84831
0.218495
0.84866
0.152054
-2.75411
0.48209
0.606717
1.37823
0.0129099
0.186301
-1.46356
0.853133
-1.92892
-0.508097
0.466304
-0.420145
-0.35044
0.516947
-0.780492
3.8251
-5.5956
-0.22806
-0.403177
0.981414
-0.597222
-1.06066
-1.60019
-0.360372
-2.52745
-11.76
-0.175653
-9.15777
-5.24142
3.23606
-2.6573
2.1005
0.915495
11.7106
0.36825
4.3425
-0.778181
0.385727
0.475897
3.20116
36.3125
-0.714357
1.59763
-0.745878
3.40617
-0.50778
-7.16704
0.0362461
-0.785407
0.681025
3.18884
-0.215213
1.05399
-3.97571
-3.63719
1.15552
29.745
1.17872
-4.54123
6.57132
3.29067
-1.58641
-29.3413
0.869118
-3.58414
-0.355459
-1.54186
-0.57579
-0.140891
-1.10515
1.67659
-0.475007
2.84445
0.650528
1.39819
-2.64132
2.36167
-1.14673
2.18851
0.904223
1.03208
-2.13454
34.7434
0.897859
1.79547
-2.02638
0.263096
-0.743905
1.35455
0.0179116
3.38432
-26.481
0.410443
9.55162
0.693786
-0.709569
0.634326
0.356978
-1.65405
-0.703866
32.4564
-5.24381
0.0705463
-0.274917
-0.379981
-4.17415
61.7661
-0.844163
0.356152
13.4151
0.542302
-0.236469
-12.831
5.50093
-3.62771
-0.540232
-34.047
0.467665
2.34791
-1.87112
0.628525
-1.54576
-0.546959
0.983445
-6.70017
4.76203
-0.670598
-0.0706743
-1.04227
-2.82597
-0.754174
-0.718413
2.98254
0.707103
11.1055
-0.00658146
-0.653676
0.670383
-0.514579
1.06056
0.219242
-3.23501
-0.23026
2.78124
-3.28835
1.04191
1.18151
1.919
5.8951
-0.243842
2.09832
-0.433058
-0.704015
-2.45526
-0.0123718
5.40101
-0.500492
-0.849261
-0.607403
-0.624848
-1.92743
0.252854
0.402032
-0.339801
0.439172
-2.28932
-0.540119
0.243987
-0.76613
1.39834
1.25127
0.0355135
1.09315
-0.574862
0.725116
-0.598762
1.64268
-1.76332
-1.10944
-1.78152
76.7511
-0.0879557
0.260125
-1.25512
-0.616076
-0.226703
0.708167
-4.62283
-0.0105209
-1.91461
5.25233
0.0904245
2.259
-0.482419
-10.5162
0.757477
0.126603
-1.57289
-1.86464
0.306728
-2.68956
-1.35208
0.454281
2.74544
-1.3151
-2.41298
8.90202
-0.827773
-0.367111
-2.6753
0.493844
11.4028
0.36798
-0.724374
0.519265
0.559015
1.36589
-0.23385
2.79592
0.851899
0.532141
-2.29387
0.128654
1.87564
-0.425753
2.15971
0.442128
1.80204
-0.74868
3.95841
0.871492
3.62461
-1.26902
0.382597
-4.01303
-3.32015
-0.527029
-12.9656
-2.65244
-5.3118
0.675513
-0.487286
0.54788
-1.78919
1.34769
-0.299397
0.711293
1.59502
0.475246
-2.93702
-3.24362
-4.16977
0.551341
0.377128
-2.2008
0.0283262
0.35901
-9.24907
-1.23601
-0.628877
-0.565802
-2.26428
0.326521
0.990889
-3.38206
-1.94951
0.236451
0.353104
0.00975245
-1.99536
2.59145
-1.44476
1.54603
2.51293
1.50779
-0.926651
0.108645
0.778897
1.26181
-0.42617
-6.00704
0.153915
1.67359
-0.811699
-0.207001
-0.777356
1.29625
0.703565
4.02376
1.15273
0.646841
-7.32649
-0.712549
0.882325
20.5742
0.33002
1.06457
0.891372
-0.685128
0.461014
-0.6602
0.353813
-0.842596
2.06773
-0.0723727
-0.501145
15.2036
2.53387
-1.12468
20.7673
2.54528
-515.633
7.87534
-0.386304
0.159719
6.54649
-0.20898
0.17879
-4.67276
5.49776
-0.0406858
-0.42783
-0.0569158
0.687442
-0.0730481
-1.31915
-1.41082
0.750951
-1.66827
0.124975
0.419791
0.135903
-1.77507
6.81093
-15.3189
-0.659351
-0.23332
0.175387
1.33965
-2.08316
-1.92635
-0.734364
-0.929548
1.86399
-0.146742
-1.34132
-3.12141
0.192852
-3.81712
10.3235
-0.130583
0.317816
1.02066
7.63321
-6.02789
-1.47212
-1.23986
-4.71958
-3.29186
-0.13728
0.564734
-0.165602
-0.100257
-0.821321
0.400838
0.340121
27.2131
-0.491694
3.77558
1.60401
-2.77087
-2.34264
2.10551
-0.150786
11.5354
3.8354
-1.16733
-14.9736
-2.36959
3.17414
-1.33145
0.609423
1.69229
-0.996295
2.55248
4.68077
-0.953477
-2.23055
-0.34559
-0.905807
0.0484807
2.06358
-0.355635
-0.126549
1.46684
1.83385
2.61886
-0.77119
0.48484
0.867584
-2.35211
-0.0714803
-0.282521
-0.678731
0.492389
-0.268172
-0.96617
0.21709
-60.1373
0.690658
0.135017
0.0721551
-0.0734594
1.89697
2.02549
-1.67355
-1.59072
-0.31832
1.61884
-1.12456
1.77673
0.501321
0.808072
5.73576
1.11941
-2.0018
-3.13541
0.644221
-1.30323
-0.0282508
-0.070631
0.26889
0.339054
-0.882158
-0.860492
29.3995
15.1187
1.11903
28.3986
2.80192
310.505
-0.463868
5.55729
-1.89923
1.94427
-2.43752
-0.163367
0.998935
0.123093
0.389733
1.19012
0.920116
1.06604
-0.387587
1.44124
-1.05676
3.13126
-3.56683
0.687425
-1.67594
-0.503802
2.26086
-0.175378
3.46729
0.706718
1.52714
1.24967
0.902905
4.74323
-2.3672
-2.43114
-1.53386
-0.609064
3.00078
-5.72319
-1.86584
39.6528
-5.89078
-1.25262
4.54805
2.48564
-0.261461
2.59045
2.81367
-1.30975
-0.320876
-1.47332
-1.58873
-9.77932
-0.736523
-0.755084
-15.6731
-46.0226
0.752632
-0.318522
10.9185
61.6732
-10.1932
48.0928
1.54159
0.438511
0.316583
-2.42228
-0.403786
-0.138269
-0.592282
-1.69292
6.80037
0.895098
0.0624097
2.38328
0.526098
0.232855
0.550253
-3.96737
-0.473937
-0.0394241
1.78396
128.7
0.141486
10.6692
0.634038
-0.344274
0.847852
-1.04635
-0.509932
0.141392
0.934599
1.14656
0.235819
-0.552641
0.522126
0.621683
-1.36586
-0.319635
-0.0783899
0.505267
-0.790287
0.266348
-0.0946974
-0.0333816
-1.50161
0.751981
-0.781224
2.97969
0.543816
3.74991
0.570772
0.362889
-0.120438
0.0942934
3.7129
0.101158
-0.157739
0.74395
93.7397
5.15669
0.48437
1.90159
-0.549508
-0.27826
-0.84246
-3.24277
-1.08467
0.313331
-0.64813
1.01595
24.881
-0.365212
-0.207408
-10.5297
0.222324
0.790239
4.85667
20.5555
-4.237
-0.125913
0.415749
-2111.79
0.441332
0.873794
-2.50103
0.687595
-3.12577
15.6525
0.261979
0.297397
-1.28257
-1.17108
-0.455698
-0.0245091
-0.0466811
2.15762
0.290465
1.398
0.256146
-0.851874
-2.56586
1.36575
-0.423851
1.61217
3.54424
-2.39329
-0.0229363
-0.630305
-0.731766
-0.258795
0.168903
0.489082
-2.901
-0.264653
1.57073
0.221245
-1.63648
-0.223413
0.19806
-0.135918
-1.06948
0.0857303
1.73744
3.74035
0.552918
-0.625165
3.48573
-6.40825
-24.6929
0.767396
-2.00746
-0.343701
-30.8378
-0.247509
-0.085068
-1.35628
1.13873
1.38082
-0.760235
-2.17025
3.17471
0.284713
-20.7062
-7.25154
-0.273283
-1.5282
7.69104
2.44586
4.64689
-1.66969
2.54423
-0.231259
-1.21572
0.0354655
2.22296
7.06941
-0.0186522
-0.918445
1.53968
-0.558757
0.114079
-1.33405
-0.742754
2.29853
-4.64587
-1.32945
6.72553
-0.66604
-0.293331
0.921756
-0.848092
-0.595108
3.11459
-0.404426
4.41581
2.98641
-4.00672
0.626329
-0.349602
1.90409
-3.32337
-0.931819
-1.71384
-2.71008
-0.380373
0.0575694
-0.849417
1.85696
-4.4045
1.14008
-0.724134
7.18176
-4.04083
-0.912572
0.804213
-0.795937
-0.0911884
2.18535
0.913636
3.84478
-22.0039
1.47001
-0.204222
1.86817
-0.277908
-0.258594
-0.388391
0.0984501
-0.91559
-4.08555
0.0402448
0.204374
-1.57739
-0.333341
0.050453
4.29171
-2.96534
4.60506
-0.182176
-3.834
-0.80629
-0.923042
1.36304
-0.202773
3.80178
2.5168
2.09211
-0.551246
5.90476
0.669429
-0.188495
-1.40127
98.4343
0.0673192
2.85858
1.90884
8.91634
0.0899365
0.0561699
1.32813
-1.15608
1.32972
-1.422
-0.176733
15.7077
-4.3243
-0.217713
3.85675
0.671207
18.5667
0.285405
0.35796
-2.00044
0.190001
0.0672868
-5.9453
-2.07338
-0.00537205
-0.386223
-0.872638
-1.36277
16.0297
1.59952
-1.62315
-0.230398
-0.190909
-0.585269
-1.8336
3.80797
-2.11888
12.0214
-0.0120655
0.945528
4.09352
-1.06691
0.570716
15.9979
-46.3039
-0.851905
-1.32047
1.68884
-1.50827
-1.21867
-1.06119
-1.08989
-0.62755
2.8346
-0.942773
-4.12137
-0.11738
0.290462
-0.693053
-0.461103
-0.0284614
-1.32632
-1.68168
-0.0669315
0.459516
-0.199764
0.705612
3.8332
0.989113
-0.646133
1.85818
0.123026
0.577136
1.44436
0.351279
1.4359
0.290255
0.714512
-0.280337
-8.35986
1.20638
0.186662
-3.08797
-2.47268
-0.0481329
18.9679
-2.41152
0.812664
-0.168625
2.12523
-3.34548
-0.280298
2.06706
4.22091
-1.17361
2.06579
-2.40923
-0.571387
3.12691
-0.609286
-0.545248
-0.0439985
2.4534
0.994765
1.18457
2.06652
-0.76185
0.547487
-0.656565
-4.08446
-2.81489
-4.05371
-1.82319
37.5393
-5.13004
1.49733
0.724989
7.02147
1.16486
-1.54406
2.8598
-3.45183
-2.25467
0.436233
-8.53089
1.09577
0.136329
-1.04802
-0.750832
-12.776
-1.47365
0.52104
1.82908
-1.19262
3.56785
-0.576202
70.4297
0.263959
1.56921
1.02166
-1.22225
7.20201
-1.03294
-0.309463
-0.633522
-0.0152084
-1.50502
-1.50729
1.12686
-0.0249972
1.59839
-2.11488
-0.158031
-2.29702
-1.13577
-12.2718
1.02444
-0.370754
4.67948
0.879718
-0.498219
1.60056
-0.398234
-67.5925
0.124738
0.0376016
13.7029
0.078972
-0.0350645
1.99068
1.38602
1.01814
-0.655384
-0.0528798
0.300178
0.352828
-0.776737
-3.87817
-1.79734
-0.212563
-3.69245
-1.05464
1.50413
-1.016
-0.286101
-1.16147
3.81441
1.18428
4.25179
1.21314
-1.06908
-0.941041
1.05563
1.31401
-2.2672
0.0460053
0.118969
-13.9092
-1.05596
-0.911288
-0.79671
0.486179
1.41216
-1.28537
-8.03353
1.88686
-1.56411
1.85819
0.219527
-1.15023
0.90262
-0.0314715
-4.92951
-0.998114
0.5452
0.283719
-1.94984
-0.160448
3.25502
0.58894
-2.75214
0.68729
1.23565
-5.16601
0.561191
-1.45359
-0.356479
1.22624
-1.56368
0.12813
-0.110174
0.469345
0.804541
-0.0455325
1.24016
-71.9427
0.628284
0.756756
0.897037
-0.883134
0.214496
-0.608785
-1.96237
-0.0687791
0.290962
-0.316355
-4.2123
-2.745
0.197275
-2.12767
0.0164077
0.106694
4.96681
-4.95606
1.37388
-3.63041
-0.53256
3.08106
1.53763
-0.676051
-0.00462202
-0.300924
-0.225788
-0.633499
1.88883
2.74116
0.079029
1.17866
1.50304
0.500188
-2.97529
-0.0252144
-7.48671
-2.82812
0.305584
-2.09162
-0.165549
2.0736
-19.9495
-4.59193
-0.0174217
-0.541273
-3.88592
0.643074
0.140901
-0.0853381
2.38865
-0.166284
0.500132
2.1758
-1.17078
5.6963
0.467552
7.4262
-0.411647
142.634
3.69573
1.2816
-4.11536
-0.443351
1.02145
0.333678
0.814366
46.8355
0.111753
-3.41776
0.414861
-0.798414
1.06639
-0.0472102
-2.52598
-0.158591
-1.45352
-1.04925
-0.0779714
-0.530109
-13.4817
0.220637
-0.39727
2.11898
-0.253816
0.0835032
-12.1153
-0.693034
-0.677723
7.58451
-0.178807
1.59658
1.23153
18.9031
-1.4965
-0.952782
13.7561
-0.75268
-39.6596
0.23935
1.47533
-34.0905
0.369004
-1.2859
-0.230915
-0.691156
-2.14669
-0.242867
0.876692
0.347428
-0.136203
-2.76055
1.94944
0.0316524
3.75546
-4.3994
6.68862
-0.84704
0.55083
-1.08305
-1.24948
-7.10259
-2.83214
1.79411
-0.506046
0.208681
1.00769
-102.61
0.210885
0.615496
1.98757
1.31731
-0.773864
-0.950321
-1.62017
-1.91749
0.206862
4.66366
-0.400361
1.15948
-0.157436
-1.23163
-1.9551
-0.464526
-0.633745
-0.323414
0.998635
-0.701181
-0.289509
2.38887
-8.93232
-1.1462
-0.037015
-1.85882
0.382902
-0.238591
-25.9233
-0.446598
-1.09394
0.599557
0.493656
-0.460646
-42.358
-0.331265
-0.013858
-0.609577
0.403693
0.839516
5.06807
51.5367
-2.15796
-0.580814
-0.305149
-0.672788
-0.0707106
0.784872
100.319
0.87633
-1.05269
0.712503
-0.846887
2.90514
9.28842
2.20339
-2.1827
16.3122
-0.234471
0.901845
-3.66773
-0.363094
-2.4189
-0.810306
1.5867
-4.13556
0.173174
1.12691
-0.0601797
-1.10821
-0.389725
-0.561716
-0.316465
0.276926
-2.05811
-0.238182
1.28665
-16.8768
0.301897
-0.175219
-2.16587
1.43642
-0.745413
0.881988
1.26423
-1.75213
0.354696
-0.949217
-0.0799776
-0.394993
0.488646
-2.50921
-1.00911
-1.01134
-0.491326
-1.0371
0.371727
-4.17777
-0.596039
-0.49747
-0.864811
11.9409
-0.166438
0.564851
-0.547652
0.747727
31.9621
-0.707217
-0.403511
1.35636
-0.615122
6.40848
-2.16836
-1.35664
1.3005
0.611408
-0.435817
-1.36508
3.11572
-0.0341663
0.195413
1.82437
-0.121669
0.293486
20.1874
0.345728
1.00981
1.26885
3.06872
0.320346
-0.465675
-2.97999
-0.686604
5.62936
1.4879
-5.92271
-3.12172
0.640498
0.237341
0.270248
9.06448
2.39113
0.346872
-1.76347
9.00408
-1.54684
-16.0948
-12.6118
-3.99145
0.489658
1039.13
-7.98773
0.470135
3.11119
0.293783
-1.12393
-31.9905
0.36194
-0.0966545
-0.293833
-0.511234
-0.722189
-0.658344
3.62482
2.3235
-0.360817
3.18456
15.4819
-0.239643
0.410668
0.112813
0.650526
1.39535
0.622927
3.91408
-202.145
0.32117
-1.98823
-2.4255
5.01816
-9.08722
0.73599
0.804655
-1.10757
0.233794
0.310067
0.762725
0.512447
0.821929
-0.57732
-0.234239
-0.702801
2.1588
0.67077
3.98767
-5.03152
0.0865107
1.78439
-12.4848
-0.0757482
3.33635
1.99228
0.694707
-0.935837
-9.32092
-0.826858
0.893601
1.36313
-0.100791
-4.39013
0.117144
0.574891
2.19147
0.254945
6.83645
0.609009
-0.815736
2.7539
2.59448
-0.272256
0.386379
-1.31932
0.970047
1.47006
-98.0322
0.181567
-0.248358
0.473678
0.22028
0.106624
1.32164
0.235647
-0.292683
-0.573676
-0.0573944
0.508765
-2.17319
1.73626
4.35638
0.984837
2.67997
4.66678
-0.272774
-124.753
-2.31512
4.07659
-1.97377
0.632454
-1.53553
-2.66039
-12.7969
-0.0379336
1.07326
-0.12576
-1.51342
1.73494
-0.174929
-0.213227
-221.353
159.67
-0.175047
2.60844
0.233363
0.930941
0.0305332
-2.36362
-0.35882
-0.722254
-0.48154
-48.3436
-0.97574
-0.568371
-0.0263358
-1.80791
-3.9033
0.786295
1.18172
-0.961745
0.753968
0.840166
0.422841
-0.28758
-0.664031
0.567337
-1.42797
0.192579
0.282721
-0.730696
-0.323214
-50.8404
-1.16818
-1.62735
-1.36231
2.67048
3.63263
-0.683281
5.10988
1.49937
-0.325838
-1.24451
-2.03506
-0.250812
1.00625
1.21577
0.647248
-4.65078
-0.149165
11.144
0.20031
-0.27706
-0.217064
2.24361
-0.578598
-1.80399
0.467602
-28.488
-0.374163
0.497068
-0.704928
0.257304
-4.93536
0.222831
-0.0604714
-0.531197
3.91165
0.234803
56.2525
4.73408
-21.1502
4.74476
-0.257682
-0.378666
0.316696
-3.28099
-1.42422
-0.0890144
-5.47117
-0.794328
-0.0164909
1.43802
0.00538443
20.1702
16.276
-1.33864
1.67746
-0.226962
-7.78898
-0.708503
0.58141
10.2281
0.481239
5.09345
-6.99393
-0.134811
-0.285821
-1.03259
-1.89779
-0.164483
-6.2647
-39.7761
-3.63391
-0.210136
0.863152
-1.15424
2.80414
2.27441
0.10149
-0.31541
1.95269
-1.28543
0.477675
0.093274
-0.745424
0.959148
-0.806193
-0.755577
2.73474
-0.336458
-2.10146
-0.116272
0.596142
-0.612086
-0.732537
8.06367
1.4811
-0.0614515
-0.487613
0.399465
-0.446165
3.88915
1.57436
-2.70535
7.94333
-3.28871
-0.321494
-12.265
0.834628
2.04222
-0.641405
0.370586
-0.449604
-0.225711
-1.03861
-1.61064
1.19101
-3.28472
50.06
0.318684
9.95505
1.40056
0.283597
50.2022
1.10596
-0.00219565
1.34419
140.697
-2.54838
-0.447423
1.2401
0.550352
-0.446673
0.961146
13.783
-0.155228
-0.505257
10.2197
1.097
-0.448245
0.946889
2.32559
-1.8831
0.407845
-0.242129
-1.73173
-168.267
5.85361
-0.53418
0.00909629
3.69955
3.9025
0.490045
-0.400913
-0.0400298
-0.25482
-0.00948014
0.719383
4.14458
0.325464
-0.134717
-1.43191
0.920864
-0.223462
0.98942
-0.13574
0.223972
-0.796416
-0.681398
1.65188
1.5641
0.229909
109.844
2.37116
-2.34199
2.38906
1.31412
0.816085
-0.308242
0.448624
-0.341536
5.04684
-0.155843
1.84636
-5.82576
-0.787935
1.87408
0.868062
-14.8358
33.883
-1.63314
7.33592
-0.0587039
1.74829
-0.928409
-0.65265
-0.596152
1.54976
-0.126777
-0.403083
0.565218
0.272695
0.640389
-2.02529
-0.445865
-0.328403
-1.03573
-1.79746
0.411516
2.708
-1.7161
-4.19873
1.15884
-0.701297
-11.1256
-1.79174
-0.609298
0.19365
169.066
1.32417
0.148281
0.948989
-1.59118
-0.58149
-0.154832
-0.374517
1.97721
-0.131086
0.269999
-1.06129
1.03797
-0.247461
-0.139803
0.985909
-13.471
-1.33573
83.4771
-103.714
2.2868
-4.00274
2.92175
-0.2353
0.590861
0.236751
-1.39454
2.74335
0.151207
-0.581889
-13.4706
0.113579
-5.0247
1.72965
1.1235
-5.89781
-2.04559
0.0128393
0.588141
0.365593
2.4965
-1.46084
-3.59011
-1.09076
-0.968793
-0.0375659
-0.397014
1.89223
0.028573
3.71403
0.93478
0.697513
-1.77463
-0.171638
1.86083
-0.0935124
-0.359357
-0.502668
0.749512
1.24733
1.49864
2.94533
0.261333
-0.75629
-0.469052
1.67184
-0.694853
-1.36757
-0.739744
-1.37482
3.80169
-0.403287
-8.0683
-0.07167
5.62514
1.92443
2.48668
-0.153042
-1.21862
2.29232
-1.13266
5.19129
0.300033
-0.425089
0.0743878
1.05105
-0.308742
13.2504
-0.521794
12.9283
-3.77719
-0.54138
10.8237
4.14131
0.945346
-3.19464
2.17285
11.3671
-2.04882
-4.47963
-0.667316
0.115936
2.99918
-3.36126
1.23894
-0.516219
-1.09141
-3.55292
-2.81489
-0.194402
-0.812285
0.77955
-2.02577
2.11449
-2.2118
-0.894182
-19.3019
0.371574
0.51934
-1.82328
0.107338
1.37049
-0.676733
0.31567
6.27266
-0.137206
32.0315
1.62674
0.417129
-3.00918
-4.81283
0.304894
1.04832
-0.140749
0.558589
-2.15067
1.055
-0.545958
-0.152311
-0.409043
-0.228494
-0.939578
1.90683
0.322233
0.0608655
0.418541
8.74749
-0.4029
1.54808
-1.88291
-1.11628
4.76067
-0.47447
-0.318729
123.317
0.796853
2.94597
4.72342
257.441
-0.275498
-1.14288
-2.12561
-3.45763
-1.43734
0.0810427
-1.80305
-5.34317
-0.645049
-1.05491
4.78477
4.31655
16.1904
1.04547
1.92343
0.273158
0.120204
-0.489788
39.4483
-2.26391
3.23566
0.503069
0.0306504
1.39544
-0.524635
-3.88757
-14.1142
1.53826
-0.257253
0.363265
0.464746
-5.42575
-0.744543
-1.2789
0.0877882
3.60241
-1.28396
-0.846383
0.187987
-1.75803
-0.814399
0.259118
27.3613
-0.807589
-0.166517
2.72486
0.697575
-22.9088
0.958474
1.77514
6.11766
0.286293
0.683292
-1.24937
-1.20138
-0.104195
-21.7641
-1.03617
-1005.39
5.72558
-0.180936
31.2416
-2.2549
0.0524115
1.70603
0.032644
0.576513
-0.523349
-0.512681
2.33299
0.692355
0.846204
13.4875
0.437473
-1.57432
2.18364
-6.85413
4.27939
-0.778698
4.17567
-3.87219
1.09657
-1.75911
0.367029
0.548648
0.485149
0.681924
-1.21578
0.213925
-2.42744
-1.28527
0.00188437
6.46554
-0.132444
0.700678
-1.21616
0.993461
3.04172
-0.500589
0.979264
-2.75015
1.48491
-1.56517
0.272616
-4.40693
-1.44193
-0.183329
-1.70945
-1.35624
0.874206
0.187157
1.63062
0.00831499
47.1163
-0.244119
-0.999428
-0.99164
3.93435
0.374905
-0.417648
-3.99768
-1.86729
0.00706999
15.56
26.6647
-0.292539
1.03183
5.47309
0.273972
-0.249323
-1.24693
-0.123777
-1.10899
0.618116
0.532641
-2.13275
-0.314523
-0.164949
-0.324309
-0.733072
4.9779
-0.57009
-0.727799
-0.429411
-0.0389233
2.27976
-5.08569
1.04886
2.12613
-0.601056
-0.258207
-37.3597
0.018856
-0.403615
-2.18838
0.697242
3.50036
0.482556
-0.562691
1.74987
-2.55036
1.76818
-1.8758
-0.935088
-2.35959
0.19025
-1.37843
1.06054
-0.283457
-0.332372
1.4654
-0.368268
-0.708756
-0.282541
0.393231
1.47425
-0.0774365
0.571197
-0.311614
-9.65358
-0.868855
2.53317
0.743954
-0.332864
-2.28632
2.19985
-1.18736
-1.30141
1.69364
1.39151
-0.026705
1.98761
1.47826
-7.13353
1.23728
1.21422
-0.658878
0.027656
1.23676
-1.11493
0.251306
-0.718745
47.2483
-7.61919
1.64925
0.673164
-0.424542
-0.267195
-0.69896
-12.6258
-1.35564
-5.65587
-2.95304
1.10223
0.59135
-0.148593
46.3082
-1.72779
-1.85164
1.20733
-7.47678
1.45309
0.918355
-1.42867
-1.07091
0.112549
2.01489
7.10096
2.19834
7.86065
0.742773
-1.34801
2.12329
-2.6998
-0.825233
1.17611
4.94745
-0.355438
0.318923
4.39515
0.53345
-0.345939
-4.21295
-0.61338
-1.07979
1.20003
0.212915
-1.82601
-0.601246
1.00872
-5.13968
1.3054
-0.0884977
-0.708422
-0.0221339
0.983087
0.123209
1.59745
0.743295
-0.135189
1.71102
-1.61196
-17.2872
0.347768
-2.30933
3.77376
-0.183963
-0.149677
-0.289809
0.656074
7.83367
22.3659
-0.0699202
-0.129765
5.12095
-0.748385
-0.932043
1.08154
-2.44007
-24.2339
-62.2452
-0.212595
-1.24648
-1.42284
-2.86187
-3.63084
0.0736303
0.0472827
1.80247
2.42059
0.694399
-2.24457
0.706396
0.675103
27.6522
-2.81809
0.378754
-0.428753
-2.31163
0.825315
1.43816
-2.83497
-1.59549
0.213289
-0.205892
0.277956
-0.14439
1.53991
3.19334
-7.53627
32.5918
-0.130549
9.68492
1.54636
0.00167289
5.47191
-0.200559
0.137125
-0.436944
-5.20966
0.715652
0.209058
0.471344
-0.177398
1.33874
0.871686
0.0362565
0.133525
-0.582366
-2.19221
-0.6644
-0.172598
3.24297
-28.129
-0.0829606
-0.230485
-0.538798
-0.944937
-0.135006
0.219849
-0.0845184
2.2043
-1.66646
-0.604417
0.570789
0.902254
1.74543
-0.228423
2.78039
-3.14614
1.26176
5.37615
0.138367
-3.14038
-0.951107
3.06477
1.12891
0.574583
0.193876
-0.527076
0.0799423
-0.632601
0.810411
-1.82881
-2.09956
63.3029
-920.232
0.122469
0.328326
0.0441306
-0.332204
0.00488327
-0.745017
1.76013
-0.0961393
-0.86857
-0.0115995
0.618517
0.353163
4.20425
-0.876714
0.463281
-1.49389
-1.97016
-2.75482
-0.155289
0.302128
-0.00682548
30.0652
-0.153256
0.407806
278.768
-2.91914
3.58514
-0.953018
-0.0427779
-6.51369
-0.526026
-0.800302
0.0670571
0.456213
-0.396143
1.19995
-0.878727
-1.92287
-0.48086
3.64145
-1.28568
-1.04698
-1.06441
-2.42902
-14.2995
-1.39716
7.5763
-4.20574
0.146053
2.44448
1.49668
-0.112898
-1.7937
-115.495
-6.41973
-2.20563
-0.119374
-3.69761
-1.175
-0.0518227
0.281012
0.680422
-0.077775
0.570058
-3.59187
-0.5631
-0.659797
0.298614
0.615118
0.799608
-4.78533
-1.29727
1.03379
0.0242763
0.184837
-9.08113
-5.26213
0.127668
-1.41402
-0.0719737
-0.721367
-0.00336947
-16.7336
2.96822
-1.60265
9.45565
2.42525
4.04166
0.370947
-20.1192
-0.634196
-32.783
0.304246
-3.04383
-0.484104
0.847906
-0.0886843
-0.0295504
0.476259
1.05048
-3.15214
19.8173
-0.896662
-1.80888
0.538346
-1.90283
0.938201
1.19438
0.225921
2.08276
-0.884775
-0.348462
-0.593994
-0.966316
39.787
0.198708
0.435825
-3.61334
-1.08311
0.454696
0.651844
-0.218525
-0.121146
7.32245
-6.48747
0.844044
8.34804
0.88816
2.51391
-1.18505
30.6444
0.188324
5.01644
0.875957
-0.401786
-2.47211
-1.06487
0.944105
-0.689915
-19.6165
0.805065
1.73994
-0.656459
-1.18254
0.877163
-0.0660065
-1.62153
-1.23056
1.89269
-6.02831
1.12588
-1.48772
0.723341
-0.838609
0.134271
-0.366717
-0.549301
1.86957
0.733615
-3.97426
3.56852
-0.209005
0.873965
-3.76
-6.21211
4.04446
-0.467326
-0.2295
1.80104
8.26075
0.45352
-4.28694
0.834489
0.819492
-2.41624
-1.29304
-1.21567
83.9848
12.9221
-2.17557
1.57274
-0.0630456
2.29775
-1.42558
3.61105
-0.492099
0.0813441
0.982837
-2.09522
-9.80783
2.10149
0.813114
-20.689
-1.08569
-0.299249
0.525671
-1.4861
-1.56971
-1.8119
1.7143
-1.08693
-3.81921
-0.377084
-0.428687
-0.646527
1.07385
0.270236
2.35457
0.242431
0.205888
-1.44117
0.18051
0.573
-0.533895
-2.11428
-0.30003
-1.00103
1.00751
2.57365
-0.748345
1.94861
0.253574
-10.8366
0.313449
3.29285
-0.349991
-1.45565
-0.84834
-0.215523
-1.40784
-2.0488
5.62238
-2.95289
-0.415409
5.71451
2.30885
-1.64115
0.514824
-2.8279
-0.164597
-4.40557
-0.677632
-0.104713
-2.86719
-7.08692
-0.265351
1.62601
-1.90573
0.902023
-0.795906
-12.1478
0.156683
-18.5497
4.55576
0.186297
-3.06016
-16.5327
1.01012
-0.723253
-4.73465
0.44498
-1.54964
0.122328
0.587799
-0.211965
0.197389
2.23188
0.00829966
-0.546154
6.84849
-3.82661
-0.601025
3.44935
-1.74339
0.761771
-0.994154
0.345942
0.773499
-1.06327
1.17466
4.79105
5.44729
1.0347
0.819204
1.35862
-2.28332
14.9131
-0.0464659
5.26137
0.668083
-0.171694
0.69936
1.93626
-0.707798
2.22006
0.486125
15.7936
-1.00857
-0.722568
0.374557
0.643647
0.15198
-0.760271
-0.0226021
0.585639
-0.696483
0.111659
0.848303
-0.24245
3.16201
-1.19185
-4.91867
-0.319717
-0.698354
0.665238
-2.08972
-0.401877
-0.970858
-0.171584
-0.647728
1.87351
0.116742
-0.896127
1.56839
1.19736
-2.54774
-0.395733
0.610687
0.707594
-0.465938
-0.189224
-0.332008
-0.654015
-4.88199
-0.410338
6.8128
0.881247
0.286825
0.828209
10.2153
-0.201901
1.28234
0.181767
0.719061
-3.04568
-82.7539
0.700865
0.868288
-0.267404
1.90853
-1.5909
3.4317
4.60733
-8.69385
1.14982
0.0875945
-1.31808
-21.0363
0.0320925
-1.65162
-1.67816
0.27558
6.53642
-0.57222
-6.25852
-0.625468
-1.04099
-1.50513
0.843618
28.1803
0.38053
0.239886
2.53106
0.779449
-0.249497
0.654456
2.02793
-2.11827
-0.519472
-0.368496
-0.0577498
-0.473592
2.9074
1.07838
2.31301
1.0612
1.14122
1.13941
-0.210486
0.495569
-0.767227
0.315945
-4.62973
1.41644
-0.274489
0.425769
1.61458
1.11299
0.0857405
0.230746
7.91812
-8.55598
0.321771
0.797596
0.882805
53.7722
1.59112
1.29051
1.16836
0.912855
-0.522816
-0.0709419
-0.0375193
0.294387
-1.01073
62.6449
-1.16423
0.172423
-0.650826
1.38685
0.819429
-0.425864
1.43884
2.6636
0.190152
0.107425
1.07068
0.487627
-2.16647
3.38597
-22.6874
1.70997
2.37695
-0.946706
0.023776
0.257703
-2.18372
-0.362632
-13.0792
20.2912
0.755242
-1.79224
8.52896
-1.11522
-2.19786
-2.46588
-0.88794
1.28548
3.2906
17.4749
-2.12744
0.366607
0.786031
0.689112
0.399988
2.9586
1.13279
-0.458542
0.774491
-0.516714
-0.00291086
1.04958
-3.68941
-0.110817
-0.148106
0.358575
-4.09031
1.62584
2.16924
0.0223262
-115.459
2.38924
0.544348
0.267118
-0.0817365
-1.31801
-0.521222
1.02748
1.3508
1.6249
0.3049
1.0142
-3.45627
-0.422726
3.00679
0.667375
-1.19157
1.87545
-1.32149
-0.363367
-1.31393
0.943185
2.03639
-0.915491
-1.9808
-1.48769
0.66054
3.61332
-0.411088
56.6241
0.830712
-0.959218
2.28544
-2.10654
-1.00846
-0.360395
0.335069
0.764643
0.740525
5.66215
4.07605
0.790146
-1.49187
-1.77413
0.216648
2.27474
-11.3715
-0.142882
-0.138969
0.929748
-1.36571
0.533244
2.15836
-0.740105
-10.6606
1.02316
-3.57819
-0.425131
31.8337
-0.714507
-1.00339
10.8908
-26.9572
-0.813793
-0.672351
17.2532
-2.23589
0.466558
6.92485
-1.0813
2.56981
-1.02518
-0.240596
-0.188162
-1.08625
0.118987
10.055
4.81874
0.193958
0.146267
8.99716
1.57967
-0.517459
0.297611
-0.380531
-0.309596
-1.74904
-0.446183
0.646661
-0.0723686
0.530146
0.505289
1.00505
-0.305445
8.29477
-0.314939
-8.84938
0.130631
-0.151358
-0.0323699
-0.148959
4.31428
-3.17945
0.970554
-1.3496
1.41357
-0.397557
0.549641
-2.66868
3.04664
-3.09497
-0.307059
0.412076
-1119.29
5.11396
-0.166683
-14.0183
1.35982
-1.87879
-0.0201844
-4.8636
-0.0217325
-0.834257
-38.5811
0.261237
-1.83475
-1.83006
-6.83317
-1.39128
-0.491792
-0.945946
0.478153
1.21223
13.7497
0.105013
-0.00651657
0.834081
1.89946
1.22055
-1.25018
0.69991
-22.6207
1.65887
1.42037
17.9495
-0.748874
-0.322315
0.887748
-202.634
-495.385
-3.61071
-1.24655
-2.1132
-0.409456
-1.34574
-5.83929
0.0877642
0.918311
43.1158
0.677656
1.90637
1.21452
8.78723
1.15985
1.50555
-3.42965
1.25132
9.80455
-0.182371
-0.75498
0.231453
-1.17927
0.739815
3.00986
5.99008
-0.801128
0.700033
-0.897336
0.917091
0.504946
7.69559
1.05234
0.590036
0.925667
-8.39487
-0.0429492
7.06165
0.0493001
3.07798
0.869561
-3.505
-0.748568
-0.494344
-0.18181
1.13364
14.1123
-5.20528
3.65822
-0.751419
-0.116586
-0.900766
2040.28
-0.808328
-0.050487
2.39973
10.8176
-2.55356
0.292232
8.5864
-0.129402
7.48139
0.128183
-0.383578
-0.0681757
0.661128
1.70771
0.119724
-13.1845
0.636481
0.382863
9.82716
-1.04367
0.989096
0.998321
2.13873
0.565605
-2.80262
-1.37704
-3.07916
-0.0669611
1.27227
0.241405
9.75012
-0.420277
-0.797074
-82.5909
-2.45163
2.83562
2.91745
-2.8411
12.4172
1.73445
0.0832481
-0.643975
-6.00677
0.583123
-0.265777
-0.894104
0.0523004
-0.0972389
0.267956
0.0320823
-0.329176
-0.504884
-0.373613
-0.731624
0.770709
3.26431
-3.8373
0.622843
-18.0785
0.420045
0.790159
0.381503
0.437139
1.60535
-1.16119
-0.183353
16.1974
324.742
-1.81655
-0.713882
-0.567387
-1.28825
1.28799
3.12718
-0.0963709
-0.430916
-3.56301
-0.954728
-0.396424
-18.4447
-0.456216
0.826026
0.708842
0.051054
9.5044
26.2046
2.5391
-1.33839
2.79411
-0.417876
1.86894
-0.128841
0.622979
-5.85773
-3.31977
-1.46454
-0.104837
0.14286
-10.4265
0.956697
0.217608
-1.84338
0.0411838
0.738912
-0.260177
0.544666
-0.722484
0.335097
-0.741504
2.69607
0.00557639
-17.8348
0.527374
0.2358
0.455942
-8.74557
-0.185455
-3.18073
-0.207008
0.361641
-0.804565
-0.257501
33.5875
1.13371
2.67792
6.70177
-0.41196
-1.44404
0.0643955
0.267692
-0.510019
-2.36166
15.061
0.366495
-0.887629
-1.86819
1.90217
1.83583
1.51672
1.32392
-0.113132
0.181412
0.558621
-0.285282
-0.130309
0.486915
0.749327
-0.0631935
-1.48752
0.256583
5.9413
0.412447
29.2207
0.149719
0.682022
-0.0557802
0.253098
-0.291494
-2.40786
2.029
-0.0313347
1.28549
5.64352
-2.02727
2.95463
44.4289
-3.09992
0.279074
0.733588
-14.3677
-0.650759
-1.19558
-0.941989
-0.257131
-0.0504705
-1.71918
0.283171
-1.52707
0.113424
-2.42808
-0.168667
0.00390226
5.55859
0.451686
-1.97766
0.0934885
-0.213587
-3.54386
-0.10482
35.8492
-6.21911
6.03936
0.0148684
1.34823
-1.51817
-1.22108
3.25618
-0.125991
0.598644
0.377218
-0.984996
0.10644
0.285876
-0.158148
-7.10742
1.53337
2.32517
0.836834
-3.12917
0.211684
-0.512117
-0.350989
1.04453
-0.0835145
-0.54414
-0.485263
1.08538
0.38819
-0.317614
-3.78019
-1.68192
-1.67439
-0.470868
-0.220123
-1.84478
-4.15125
-1.00194
0.43324
-2.77205
-0.192596
-0.926068
3.32534
1.80846
3.25572
-0.605126
1.11567
-0.68468
0.78973
-0.17722
-0.280203
0.883487
0.814477
-0.370267
-0.771412
-0.337192
-3.25018
2.66235
-0.908885
-2.47002
14.6305
3.61516
-0.304572
0.545152
1.13324
-1.39789
2.62475
5.77773
-0.434384
0.173757
9.94803
0.229765
-5.14531
-1.43932
0.3637
-0.663808
-0.729225
0.247674
0.408331
-2.8248
-2.10695
17.3394
3.98796
-0.534862
0.188653
-0.502232
1.91
1.55786
-0.36924
0.276018
-7.95589
-1.00965
-2.30674
2.04129
2.476
0.651002
-0.365137
-3.73853
5.96168
0.732475
-2.17925
-1.40023
0.187738
0.967574
0.315732
-0.875497
1.32323
-0.0777178
6.50774
-1.63122
-4.69124
0.00500605
0.444884
2.02012
0.761344
-0.483574
-0.177458
1.87325
0.142397
-3.51962
-1.11318
-1.90608
77.4859
-0.592976
-0.383772
-2.57215
0.453023
-1.21042
1.956
-0.518845
1.04765
-8.63346
20.2582
-0.356489
3.31972
3.64484
3.07386
-1.18493
2.52245
0.0346994
0.34303
-1.56512
-1.54357
27.5483
0.551884
-0.121953
-0.1768
-1.54456
0.299616
1.36782
1.11982
-0.627986
1.49346
-0.184286
0.078271
-1.82829
-0.852233
-7.70351
0.22743
3.1214
0.442244
0.228635
-0.36907
1.18841
-2.89594
3.17865
-2.31144
0.458371
1.78416
-2.2042
-3.57353
-0.221748
6.47466
-0.63739
0.0978076
5.93292
-4.44613
0.608434
-0.119205
0.587608
0.100707
4.2123
-1.13306
-2.4814
-7.66331
2.52516
0.0982801
0.234399
-34.716
1.87873
1.13767
-0.128111
-0.669322
-14.2655
-0.816233
-0.323773
0.830027
-0.0239326
-0.32847
-1.6647
0.898562
2.80322
2.21559
0.0150909
-4.87842
-0.271807
0.26259
-4.43722
0.0765409
-0.901672
-1.56419
0.102141
0.102089
-2.0733
-0.265706
-17.6757
-32.6382
3.54277
2.30849
2.70169
2.79845
-4.64573
6.16526
-1.82019
80.554
-3.37714
0.70801
-0.0878081
0.0301977
-0.520225
-0.417486
4.23146
1.39343
0.343928
-0.575356
0.743168
1.83292
1.72984
-1.89102
1.43861
4.82291
-0.482941
0.15707
1.3574
-6.95975
-18.1816
-13.4855
3.10772
-0.264507
-0.202027
1.24058
-0.574991
1.10898
-41.5541
2.76433
-1.06156
1.07425
0.900246
-2.2775
-3.61607
-5.82274
0.0705943
0.481025
2.65367
0.285502
-4.70752
0.823739
-2.26867
-0.201167
3.52285
2.06682
1.31438
3.20741
1.87038
-0.0540216
-1.09081
-2.10687
-1.36593
-0.364212
-0.119602
-23.5603
-1.06802
-0.540232
0.00418859
-0.124954
-1.86676
2.55167
-0.515376
-3.31289
3.08948
1.1785
-0.731304
-0.868178
-0.40864
-1.86372
-5.70571
-0.309194
-1.68172
1.30695
-0.0936727
0.745743
-0.30741
0.0539089
-0.747358
-1.83475
1.87509
-0.729267
1.38416
5.76263
2.28921
4.94269
0.435334
-10.1422
-0.20344
2.44594
1.1318
-1.26947
0.463135
-1.89006
14.6879
-0.626031
18.4373
5.12629
0.225666
2.0835
-32.1656
0.592805
3.01119
1.10562
-0.46908
-0.705441
-0.296599
0.428585
3.7273
0.42649
0.496894
38.829
-2.30576
-1.82854
-4.75611
-4.01409
-1.8755
0.362465
-29.1251
0.42659
3.28826
-0.261112
0.993164
-2.65081
0.493158
-0.623928
3.39906
-5.23815
-1.03295
-0.0340028
-1.38401
0.800759
0.736047
-1.60733
1.1295
1.69972
-5.08472
-0.230281
-3.65351
1.13161
-0.553876
1.21519
0.641175
0.70641
0.216773
0.00305137
0.564468
-3.48844
0.308406
-0.660918
-0.635799
-0.622668
0.890156
-2.13575
0.808906
0.160671
2.54213
1.50179
0.475064
0.472102
-0.922273
-0.753288
1.06263
-0.326058
-0.514518
-0.517196
-0.483118
1.77011
-2.46645
-1.46077
0.0814821
0.695352
-0.771428
-3.0167
-1.62237
-119.782
0.169269
-0.0654483
0.833692
3.00874
0.17499
-0.528793
1.62295
-0.221318
0.451021
1.2436
-5.76325
0.436044
26.9431
-0.674291
1.76103
0.16947
-0.461195
0.535636
0.131052
0.172074
3.0865
10.0835
-2.61106
0.117214
-1.00558
3.72697
-3.9209
-0.276673
0.171506
0.692246
-0.805463
0.0652878
-0.155432
-0.316591
-0.729483
-1.13538
0.620823
1.7625
1.20241
0.0130213
-0.270712
-2.70351
0.670889
0.438748
80.1902
-1.43067
0.998722
2.63785
-5.61296
0.997524
22.2193
-0.526063
1.36007
-0.409997
0.780944
0.478638
-0.177999
0.545436
2.05319
1.68703
0.0362966
-4.74576
13.6004
-1.66495
-10.3682
-1.68839
1.68017
-5.89482
-0.671194
-1.48663
2.20601
1.1224
-0.362675
-0.574772
0.066716
-0.21681
1.01047
10.4442
0.61638
1.0137
-0.0604418
-5.42705
-2.46707
3.21428
-0.279532
3.01681
-0.167412
-0.987271
-0.179652
0.478641
-1.77801
-1.82068
0.272362
0.269249
-0.0734037
0.434061
3.27275
0.780282
0.156314
-17.1962
7.80268
0.0456973
0.406521
0.187986
1.60231
0.144059
2.43262
6.54595
-0.471686
0.789631
-0.403776
0.963905
1.75625
1.50607
-34.556
1.05122
-0.0544144
-0.781843
0.790425
-0.739635
-1.88559
0.710834
5.8507
-0.383261
0.594151
2.88541
0.71943
1.04906
10.483
-0.260087
5.68713
2.86421
0.747213
-4.41896
2.98466
1.06959
-0.423043
-1.68252
4.3917
0.284408
0.39419
0.0129932
0.0930871
-0.484466
1.55059
-0.215223
-1.72992
-0.85804
0.151775
-1.72666
-0.273208
12.7785
-3.22485
0.715769
-1.18568
0.61732
0.257825
-0.437994
0.655408
-7.42648
1.75205
0.299625
-1.55111
-210.08
0.524762
0.715711
-0.895377
-1.0461
0.0778269
-0.340225
-1.97937
0.526586
-0.117914
2.25331
-1.93755
-0.224246
-4.97278
6.92824
-17.2164
-3.27589
-0.353168
-0.145032
-0.266322
-1.4981
1.66185
-157.428
0.0727062
1.91986
-0.0775667
0.132099
-7.27552
-8.38198
-0.888647
2.33597
0.159457
0.556283
-0.410849
-0.960441
-0.0317002
-0.733305
-11.1007
0.349648
0.911558
1.53041
-0.358941
-1.3316
-6.38193
0.282966
0.260739
-0.0692494
-0.60702
0.22904
-0.0733477
1.47806
13.4157
14.2219
-0.334611
2.6628
-0.616017
1.19425
-0.698477
0.14607
-0.372325
1.34966
0.440049
0.603372
2.91121
0.403681
-0.565571
-4.7172
4.64306
-3.80671
-0.563744
1.68952
-5.82327
0.0908966
3.48132
-1.06913
-0.998023
0.60824
-1.44114
0.324361
0.4306
-1.29123
-0.392923
-4.19712
-1.56154
10.3162
1.15122
17.2282
-0.0298539
2.11436
-1.01184
0.1613
1.10799
-0.666103
-0.652819
0.438642
-5.5526
0.00149395
-0.568242
-0.535904
-23.1995
-7.13129
-7.69841
-1.76014
-4.07555
-0.0704014
14.291
-0.169359
-0.187323
-1.47708
10.4481
1.98263
0.638715
-3.10255
-1.08509
0.7169
-0.360944
1.39726
-0.83051
0.811242
0.772936
-0.229912
-2.09894
-1.38334
-2.68659
6.9655
-1.57468
-8.93383
-0.675789
-1.20867
6.03947
0.455259
0.469666
-0.417777
-0.670246
-1.17653
1.53428
-27.4553
-0.236584
-0.0125586
-0.305514
0.884445
0.584757
-2.19248
2.66623
-0.487537
-1.69669
-1.51371
0.57313
0.228098
-7.70403
1.00567
4.4638
-1.32805
4.26155
-6.88871
0.610415
3.24495
30.8322
-0.917858
1.39367
-0.165922
7.36235
-0.915994
0.47807
-0.217737
-0.573313
0.234251
1.10684
0.267303
-0.287514
0.666439
-0.11846
-0.236785
-1.67256
-1.71138
0.928258
0.179601
0.891069
0.101535
-1.2321
-0.920479
-0.277229
-0.284533
1.36754
0.906568
-3.77545
58.6694
-0.161077
0.317495
2.00816
-1.17981
18.4142
-10.1189
1.3339
1.03428
-1.25424
-1.47979
0.970932
-1.77195
-0.561004
-1.52137
1.88172
-0.369909
3.14875
-0.41484
4.0438
3.39621
-0.945163
-1.5796
-0.535876
0.543397
1.73051
-1.43524
-0.238
-2.22029
-3.06376
1.54408
-4.92258
0.912927
0.425936
-1.86464
0.54479
1.28917
-6.10248
-0.198693
15.6169
-0.805341
-0.506275
0.575055
-4.31377
1.15447
-0.750289
1.27394
1.73914
-0.0981663
-0.241341
-3.72215
-0.44904
-81.1795
-0.212513
-7.98545
0.874379
1.96999
-0.623508
-0.171249
-1.26664
3.05156
-1.46049
6.59767
0.933963
-1.544
-10.4516
1.69982
0.044932
-1.06573
-0.35962
-1.48344
0.159546
-2.84034
-0.808958
-0.439476
-1.68047
-0.185382
-1.39857
1.19699
-2.56831
0.983094
0.247017
3.20596
-0.395238
-1.19261
0.502264
0.860427
-0.497271
-1.40954
6.2772
-0.690666
-0.132734
0.576854
-0.193245
1.15213
1.66407
3.54831
0.127693
-0.212967
-1.55233
0.690177
1369.25
-0.72132
0.024501
-74.7537
3.85735
0.84976
0.551171
3.50017
1.7213
-0.342282
0.0196488
-0.263282
-1.45999
-0.0955449
0.832686
2.8313
-2.32056
-7.71342
2.14779
-13.2798
2.3802
0.765373
1.66661
1.54713
0.556255
-0.0545952
-0.560256
0.321756
0.146649
1.19872
0.0573549
0.14164
5.28252
0.83523
-0.998733
0.777079
-0.839057
0.0744328
-0.457433
-5.11973
0.529126
-1.72439
-0.660694
-0.0174842
1.58166
-2.20339
-0.143532
-0.552531
-0.395018
-0.204088
0.0455164
-0.558577
0.268998
0.53337
-0.288922
0.287194
0.194118
-0.744261
-166.293
-0.146353
-0.407199
-2.512
3.40195
3.48653
1.11591
1.10328
-28.5422
-0.477244
4.40333
-0.49274
0.954828
-0.52353
-1.17158
-0.499457
1.40077
-1.0322
-1.59268
-0.278763
-0.335864
-0.612045
0.386644
-0.159282
0.425127
-0.953108
-0.552008
0.624032
-1.93167
0.041767
-1.76522
2.39115
0.818565
0.55689
0.934268
0.286018
0.770977
-5.36927
10.2145
0.17476
-0.740867
3.61249
-0.222993
-8.01325
-0.558041
-1.10172
0.489095
-0.419388
0.37685
0.43608
0.240823
-0.289793
0.159949
-0.0540684
-1.29019
-2.02267
-37.0002
-0.142752
0.346658
-0.980275
-0.748052
2.02012
-0.949263
1.06405
21.0297
1.57346
-1.87367
0.419864
0.628901
1.90246
-0.312014
-0.142271
-0.614555
0.375363
1.09345
-4.10484
-1.33644
0.487101
99.6395
-0.962689
-1.26427
0.96164
-0.487364
-0.907333
0.134781
1.03499
-2.63098
0.162233
-0.351621
0.292992
-0.0211178
-0.968693
1.54977
-7.34537
1.68961
1.57986
-0.557636
-0.41934
-0.312208
-0.22647
-0.252392
-1.81351
0.930338
0.0365639
-0.131509
-0.310656
1.18122
-4.38997
-0.510801
-0.388401
1.21272
-4.75603
-0.646032
-1.0458
-0.563654
0.286622
-5.03804
1.73875
-0.637177
-3.4177
2.56812
1.02246
-1.4578
-0.377625
2.2338
-2.50049
0.0037961
0.637864
1.29335
-5.6866
6.18991
-0.395245
1.58586
-0.488191
2.65907
2.76777
0.502698
-0.416235
0.367987
-1.56693
-1.67713
0.257155
-0.508219
-0.520246
-0.539528
1.31216
-1.03474
3.00315
-0.735773
0.302882
-0.87998
-11.5749
-0.38327
2.95854
-0.289851
0.367015
-1.39973
-1.66998
9.96105
-1.78003
-0.892216
-0.628472
-0.369486
-0.031742
-0.0637778
0.671411
-0.191205
-0.680616
2.25197
-1.37999
-1.88932
0.14533
2.88956
-2.24097
-0.497456
0.188871
1.75387
0.00179719
-1.91845
-5.80426
-0.413838
0.103366
-0.639141
3.06108
-6.92594
-0.85992
1.53093
0.356478
0.377206
1.07019
-0.198086
0.843675
-6.59988
1.28327
2.51886
1.71806
-1.88091
1.04544
-2.59034
-0.0429834
0.150474
0.239335
-0.117091
0.888453
-38.8982
-2.15537
-1.74862
0.0458514
3.5048
-0.493937
3.88425
0.744351
1.31564
-1.29437
-1.88239
7.33889
0.705173
2.55551
-0.100052
-1.45779
-0.308526
-0.420372
-4.77942
2.74949
-1.42145
0.616218
0.292084
18.1116
-1.3825
5.15857
-1.45782
0.205739
-15.2666
0.523597
-1.3137
-1.79339
0.757955
-0.600115
-0.586255
1.52727
0.705722
0.542265
0.414791
0.779938
2.19156
0.629523
-1.02296
0.323231
-0.843731
2.78027
-0.945306
1.02412
1.17209
1.98224
-0.347301
0.714752
-244.057
-1.1052
-2.41963
-0.143142
43.5068
1.65948
4.56243
0.18555
6.72445
-0.0461371
-2.8114
0.19562
-0.628625
0.0377538
640.472
-0.762409
1.0365
-0.0828441
-36.7885
0.319526
-1.99453
4.57755
-0.866323
1.51736
-0.786825
-3.57393
-0.516503
0.765059
-0.761818
1.70123
1.26397
-2.26453
-0.252981
-1.45714
9.33232
-2.13179
-0.376618
0.586903
-8.07761
1.26951
1.23322
-0.148869
-0.407601
-0.363037
1.08565
-24.6823
-0.465041
-0.183868
0.133896
-5.85867
3.322
20.1453
2.87863
-0.590186
0.214404
0.373758
-1.22718
-0.679244
0.335081
3.88232
-0.632338
-1.57497
2.35462
0.194738
0.0325857
-1.50661
3.58958
0.94737
-2.25815
1.39327
-3.53951
-0.653905
-1.81214
0.776329
-2.03774
-0.84164
7.30536
-2.96374
-3.51966
2.17372
1.64224
-0.816482
0.685075
-17.2121
-0.0852612
-6.60456
0.163861
-0.0890156
21.2404
2.72349
-9.41901
-2.00124
-0.141943
-0.202866
12.3671
-1.64928
2.18223
-1.31434
0.0621898
-1.24196
-0.577687
-3.32985
7.39589
-0.370929
-0.38746
0.391931
3.47243
-0.0974497
-0.827676
-0.174029
1.11974
0.69743
-2.23752
-2.78672
0.749257
1.59388
1.57725
0.0137036
-1.63405
1.07963
-0.41388
-4.11455
-1.11568
-0.0670794
8.9432
-1.04067
0.173213
-0.264294
-6.33314
-11.6844
0.0885501
-1.31216
2.23664
-0.41432
-0.859538
2.20381
1.70444
-1.4996
10.6796
-0.96407
-754.933
0.0762475
-0.532374
-5.99534
-1.48938
46.6916
0.727484
3.98493
2.28615
1.42282
-0.511779
-1.40901
-0.072176
-0.0197289
1.47935
1.11858
-1.16657
1.29455
0.500775
-0.193355
-5.85497
0.49054
-0.678805
-0.0415487
1.67581
2.64172
1.91815
0.578997
-0.283212
0.0199956
2.09734
-0.274918
0.792842
-3.42298
0.167173
-0.0893571
-0.535199
-0.583532
-0.840206
0.688164
29.4313
-1.60577
-0.359417
-0.935196
-2.48565
0.202316
1.76164
-4.23283
-1.80296
-1.01577
-0.727611
0.0541408
0.77453
0.83098
-0.710472
-0.363622
12.1778
0.727636
-2.89548
-1.31108
35.8247
-1.48589
1.2464
0.49261
1.20119
0.304723
-0.475126
-0.56445
-13.2491
3.25841
-0.629383
1.27013
-0.235835
-0.294801
-0.155596
0.521833
-0.638898
5.95457
-0.889487
-3.15238
0.626631
-1.34188
-62.532
0.00885147
-2.11417
-25.4949
-0.163431
-1.00029
-1.99712
-1.60073
0.119884
1.67895
1.70908
1.41668
-4.35343
-31.4755
1.06512
0.408924
-0.340911
-0.621837
-1.80944
-0.677262
-0.198961
0.273753
0.919892
-0.804825
8.35693
0.837428
0.704496
18.7281
-0.316586
0.395988
-2.93334
-2.88864
-2.05212
-0.961873
-1.41912
1.52972
0.421113
1.88267
0.865029
-0.359782
-2.38417
-1.03888
-9.89197
-0.633874
0.298167
-0.443753
2.11098
-0.53929
-0.323983
1.75208
0.431871
-0.324035
-0.351424
0.38616
-1.15878
-13.357
-4.5646
3.16217
4.55904
-2.41591
-0.732286
5.06478
0.422337
0.70233
-0.250969
-3.69388
2.68371
-0.326401
-3.12803
1.62164
-5.5758
0.202515
1.26559
10.6815
8.92923
0.113038
-1.32213
1.48628
-0.483277
4.35205
0.523293
-0.185414
0.676645
0.825754
0.155311
-24.6212
-0.363645
0.824859
-4.67462
-1.88769
-1.38668
-0.402122
-1.16385
-0.710171
0.87665
-0.181587
-0.714068
-1.60101
1.65759
-0.175219
5.14617
-1.9086
2.69009
0.0500904
1.43853
1.13222
0.77941
0.069258
-1.38606
-2.73631
-6.5996
-41.5137
-0.273785
-0.655807
-0.265555
5.66602
-0.70328
4.67881
-0.545047
1.16195
1.86256
-0.317764
0.322701
0.929276
-3.21892
-0.469402
0.422106
38.3022
-0.15541
-6.37637
0.589069
-0.0596365
-0.0723208
0.156929
1.4846
-3.31249
-0.830757
-3.66087
0.00182141
-5.44941
0.820826
-2.02394
0.636616
-3.18644
-0.462891
0.583928
-1.97888
-0.645439
0.0932855
-36.881
-0.924878
-0.565261
-0.682404
9.25498
0.326644
0.422847
3.14806
0.262928
0.77262
0.291042
-1.73152
11.0823
0.129365
-0.614839
0.895826
3.75507
0.748697
0.353794
0.142949
-0.072435
-1.97586
-4.6071
-1.25715
-0.540759
-0.352046
-8.65534
-11.8342
-1.46089
3.60411
-3.53679
-136.755
1.19827
1.70835
0.947726
1.85348
-56.629
-0.0814762
-0.58196
-1.8603
0.76721
11.6441
0.0981998
