1.08644
1.0022
0.996091
1.03129
0.861634
1.03495
0.922589
0.995445
1.04916
1.12309
0.897871
0.883184
0.99071
0.92172
1.00333
1.05
1.0739
1.02154
0.772914
1.02096
0.865757
0.945484
0.992588
1.19955
0.983135
0.850876
0.924513
0.95919
0.885795
0.964597
0.81998
0.913544
1.17925
1.02558
0.921146
0.965662
0.846593
0.952722
1.09567
0.87145
0.993469
0.851375
1.14018
0.954875
1.11015
0.955457
0.968867
1.10474
1.03636
0.974721
0.864434
1.0458
1.03738
1.05764
1.00148
0.913518
1.01018
0.93782
1.08617
1.09092
0.985356
1.10062
1.17817
0.963405
1.11122
0.976797
1.10857
0.998039
0.97943
0.97318
1.27558
1.04767
0.837984
1.23236
1.02913
0.998677
1.08223
1.07136
1.00246
1.09094
0.872639
1.12935
1.00563
0.884062
1.04741
0.844854
0.985737
0.866413
0.946337
0.991074
0.92177
1.08532
0.939665
0.927383
0.958163
0.976899
1.14667
1.03624
0.998246
1.06544
1.01585
0.94456
0.968546
0.940843
0.956182
0.998982
0.932098
0.890135
0.991503
0.980516
0.851845
0.947898
1.09782
0.910618
0.832201
1.16498
0.932735
1.13832
1.12069
1.01286
1.06694
1.23292
0.944628
1.0448
0.928597
1.06321
1.01061
1.05202
1.21552
0.915097
0.91301
1.02427
0.971122
1.1212
0.994101
1.0564
0.988161
0.87098
1.10353
1.1115
0.947413
0.878294
0.906363
0.878517
0.857668
0.902887
1.0189
0.89741
0.893668
1.0509
1.01462
1.00782
0.85578
1.15996
0.953075
0.89381
1.10427
0.895294
0.998925
1.03834
1.00329
0.976829
0.848274
1.02364
1.15401
0.901935
1.17191
1.00573
0.992147
1.1557
1.26588
1.00247
1.0665
1.24213
1.13927
0.85688
1.2175
0.971999
0.954146
0.922556
0.98506
1.00787
0.951478
0.957661
1.24273
1.00708
0.991849
0.913893
1.16284
1.05792
1.02068
1.03914
0.827279
0.906621
1.00784
0.914076
0.983402
1.04199
0.717803
0.942764
0.987914
0.930219
0.96508
1.05539
0.873432
1.07193
1.07034
0.813088
0.99482
1.06882
0.946649
0.97118
0.957822
0.969566
0.968114
0.866339
1.02374
1.04666
0.867574
1.06784
1.03492
1.01645
1.10735
1.01503
0.99787
0.904505
0.978732
1.09289
1.12024
0.803833
0.914096
1.01064
0.96529
1.02962
0.936454
0.874045
0.915503
0.891137
0.882909
0.990059
1.08031
0.966403
0.978346
1.02537
1.18615
0.819176
1.03689
0.970771
0.856732
0.884742
1.13905
0.964011
0.89285
0.990543
1.08676
1.20537
0.928708
0.841919
0.951257
0.908392
0.905158
0.647493
0.939266
0.960831
1.04654
1.11179
0.982988
1.13841
1.06492
1.02254
1.08794
1.11159
1.02595
0.890679
1.04322
0.867788
0.885409
1.00524
1.00364
1.08504
1.06247
1.00931
0.963963
0.964654
0.858464
0.859535
0.917741
1.2027
1.05793
1.07467
1.1425
0.901754
0.974236
1.1795
1.24076
0.936566
1.1129
0.947037
1.12583
0.776412
0.882043
1.0961
1.02861
0.910826
0.995702
0.955328
1.09045
0.986897
0.864212
0.929096
0.962265
0.878624
1.15942
1.00511
0.848771
1.12814
0.919917
0.984646
1.13094
1.0829
1.14306
0.987883
1.00871
0.836167
0.873376
0.951163
1.14287
1.00621
0.890012
1.19672
0.997942
1.13306
1.05539
0.945197
0.918001
0.843052
1.01994
0.967196
1.10998
1.11788
1.03513
1.07123
0.914238
1.0519
0.974475
1.08546
0.983042
1.16368
1.01218
0.975709
1.00561
1.15696
0.964578
0.964055
0.976271
0.983775
1.04952
0.904638
0.88014
1.02822
1.04163
0.982428
0.892317
1.01194
0.876826
1.09698
0.992653
1.15437
0.939471
0.946039
1.08456
0.919646
1.0533
0.920827
0.936166
1.07283
0.993977
1.0068
1.14558
0.931477
0.937506
1.07379
0.894663
0.925446
1.01886
0.811084
1.06063
1.13242
1.00239
1.12319
1.06688
1.14392
1.01495
0.822705
1.0925
0.975407
0.904624
1.11156
1.03469
1.03486
1.02694
1.25138
0.815343
0.938984
0.979618
0.962103
0.948639
0.936761
1.14977
1.12762
0.95711
0.996226
1.0879
0.918176
1.18186
0.965331
0.87507
0.89083
1.14823
1.13244
0.92318
1.07418
0.941339
0.966874
1.09601
0.800339
1.03295
1.11139
0.96144
0.920151
0.944046
0.890031
0.866605
0.981688
1.10009
1.09758
1.03999
0.961943
1.15795
1.00825
0.968547
1.11928
0.99217
1.07017
0.891685
1.04623
0.839511
0.914827
0.898767
1.01001
1.10613
0.950968
0.92248
0.925439
0.979973
0.952603
0.96923
1.0177
0.939047
0.921699
1.09413
1.02721
0.943677
0.902014
1.13997
1.02923
0.933909
0.990044
0.793975
1.00387
1.14979
1.05214
0.853203
0.86984
0.953543
0.975358
1.00872
0.905457
0.987638
1.15041
0.975641
1.02954
1.08645
0.847625
0.99341
0.954781
1.03871
0.949872
1.07495
1.15772
0.921977
1.11437
0.816516
1.02583
1.08992
1.09396
1.01197
0.995851
0.996604
1.18976
1.02608
0.997537
0.989172
0.961927
0.899675
1.00656
1.04411
1.19595
1.09678
1.10439
1.05251
0.942947
1.05262
0.985374
1.05117
1.03795
1.09428
1.01397
1.01353
0.845173
0.880357
1.1444
1.11511
1.02363
0.730193
0.906269
1.04253
1.02669
1.2119
0.955647
1.11446
1.0024
1.02357
0.978505
1.01438
1.07313
1.0867
0.926648
1.05132
0.99258
1.04158
0.833987
1.01991
0.907168
1.05855
1.05018
0.977105
0.993845
1.00674
0.888089
1.09805
0.847028
1.02567
0.854741
0.976935
1.02647
1.30608
1.10566
0.948808
1.06277
1.14865
0.915404
0.990016
0.987352
0.954106
1.08599
0.929745
1.2123
1.12282
0.978118
1.11945
0.924332
0.910925
0.931859
1.05422
1.15829
1.09983
1.07416
0.975629
1.07865
1.20651
1.07904
0.935327
0.928449
0.957925
1.16055
1.13857
1.01449
1.04654
1.01567
1.00229
1.14811
1.10509
1.17096
0.952301
1.0104
1.0277
1.12277
1.05124
1.10375
1.162
0.912048
0.948959
1.13606
1.02558
0.879111
0.971427
1.12331
0.990466
1.02796
0.904583
0.948656
0.866337
1.07805
1.00779
1.01139
0.924853
0.94807
1.02742
0.95557
1.01151
0.898076
0.978649
0.90292
0.941838
1.07168
1.1308
1.0698
1.027
1.08298
1.02663
0.957904
0.952744
1.07231
1.11064
1.06986
1.03698
1.1141
0.933442
0.909172
1.10434
1.0043
1.0025
1.20108
1.11639
0.764421
1.03157
0.861759
1.04854
1.03277
1.18002
0.992723
0.905719
1.11421
0.934578
1.13897
1.26861
1.06604
1.09814
0.827241
0.972271
0.914969
1.03867
1.07099
1.03838
0.896111
0.889275
1.1372
1.17046
0.817695
0.876608
0.933714
0.945191
0.980548
0.849512
0.922418
1.11318
1.22505
0.95864
0.94203
1.04136
1.02196
1.10295
1.00782
1.45508
0.963711
0.945302
1.0222
0.889632
0.946699
1.085
0.896168
0.835809
1.01262
1.19217
0.953695
1.1512
1.11829
0.941714
0.888399
0.820327
1.00095
1.11636
0.835612
0.917132
0.89402
0.965096
0.963648
0.97436
0.927047
0.969062
0.990444
1.05974
1.04328
0.927584
0.921153
0.880704
1.15205
0.922457
1.14446
0.901342
1.07364
1.00797
1.05075
1.05938
0.881655
0.947852
1.02667
1.29576
1.07172
0.939071
1.12945
0.962053
1.11186
1.03063
0.971765
0.977491
1.1105
1.05693
0.999787
1.04221
1.11444
1.03326
1.11353
0.958072
0.968087
0.833731
0.927514
1.06296
0.801302
0.888035
1.0668
1.08079
1.01988
0.955741
1.10155
0.964258
0.977387
0.976422
1.08997
0.908502
0.820878
0.961809
0.884562
0.927825
0.984615
0.929126
0.876109
0.930505
1.14142
1.02559
0.947271
0.978689
1.10399
0.822604
1.06152
0.992895
1.01478
1.17507
0.914268
1.00073
1.0769
1.11206
0.905542
1.06146
1.1712
0.969937
1.13195
0.748223
0.885611
1.09157
1.13152
0.885243
0.928653
0.874135
0.952506
0.946721
0.982775
0.956151
1.04007
0.865583
1.01445
1.11573
1.00051
0.955362
1.08523
1.13646
0.982274
1.0189
0.90447
1.14216
0.944268
0.901027
0.882495
0.924284
1.18824
1.07903
1.02293
1.0282
1.0715
0.88424
0.954504
0.978999
1.03835
0.921734
0.910587
1.07758
1.00753
1.02301
1.19624
1.01818
1.04226
1.13676
0.985159
0.8752
0.942594
0.991381
1.08909
1.01833
0.868242
0.896902
0.814693
0.974585
1.05174
1.04723
0.87926
1.05227
1.18717
0.994365
1.18601
0.917892
0.908313
0.995679
1.09567
0.959794
0.956403
0.851494
0.982236
1.00989
1.21425
1.06663
1.09837
0.966006
1.0691
0.875047
0.824556
0.991893
0.983491
0.979763
1.35185
1.08087
0.971169
1.19624
1.0876
0.846177
0.9303
0.971757
0.904439
0.975902
1.02895
1.02173
0.990983
1.14973
0.953188
0.915022
0.985624
1.07674
1.05564
1.06382
0.956733
1.08769
0.902544
1.00596
1.00191
0.938988
0.958843
0.954741
1.02507
0.865856
0.909124
1.04328
0.99987
1.1567
0.975408
1.04867
0.966315
0.900891
1.14768
1.0996
0.951375
0.945256
1.06471
1.02111
0.872208
0.847007
1.03968
1.01836
0.947023
1.14041
1.07773
0.914925
1.07534
1.10383
0.932748
1.1669
1.00044
0.941387
0.964162
1.05152
1.11666
1.03274
1.08543
1.06784
0.971738
0.740486
0.961765
0.979585
1.19054
1.1383
0.859494
0.914274
1.04417
1.12059
1.09381
0.92793
0.835546
1.19935
0.986955
0.930711
1.17342
0.994332
1.01224
0.925616
1.23746
1.15379
1.07087
1.03281
1.05766
0.999564
1.13975
0.903283
1.00537
0.924218
1.11874
1.05137
0.847187
0.827289
1.05758
0.935528
0.97232
1.10285
0.982883
0.911178
1.05227
1.12654
0.990715
1.12331
1.15311
0.954584
0.873819
0.886156
1.01559
1.00111
1.05079
1.03822
0.857945
0.974242
0.912289
1.01456
1.00948
0.981434
0.793273
0.998596
0.955702
0.954004
1.13728
0.945868
0.920147
0.96456
1.10553
1.1043
0.879218
0.931188
1.04091
1.09733
1.01739
1.08575
1.0098
0.903213
1.0142
0.922605
1.07144
0.856077
1.0536
1.05096
1.28666
0.920368
0.943406
1.06831
1.09496
0.893889
1.02967
1.09275
1.08911
0.972172
1.22446
1.03713
0.896412
0.985799
1.03102
0.946129
1.04381
0.972866
1.13416
1.1688
1.01495
1.03267
1.17941
0.938733
0.939792
0.950496
0.95526
1.08059
0.869711
1.14006
1.02666
1.01359
1.12692
0.977102
0.908906
0.929075
1.08473
0.928917
1.12927
1.05912
1.10255
0.949092
0.933201
0.984564
1.0335
0.934102
1.03334
0.985533
0.938361
1.12731
0.960214
0.862903
1.03205
0.947641
0.99877
1.09467
1.05237
0.906452
1.10878
1.23805
1.07397
0.925333
0.747938
0.991578
1.09777
0.963576
0.92187
0.929552
1.0573
0.964395
1.10137
0.991337
0.966502
0.981376
1.04207
0.996277
0.994728
0.839817
0.891677
1.07042
1.00406
1.05469
1.00554
0.98748
0.960411
1.00834
1.01547
0.998491
1.00087
0.96264
0.880346
0.952438
0.96132
1.01259
0.916076
1.06316
1.27505
1.08348
0.944779
1.04646
0.776192
0.921305
0.812211
1.00114
1.06043
0.923683
0.923321
1.01347
0.880683
1.09
0.936755
0.950543
0.956422
0.983711
0.925899
0.955495
0.893892
0.884899
0.920911
0.91368
1.04305
1.16815
1.13033
0.980751
1.27264
1.18023
0.890373
0.986803
0.876207
1.01492
1.08169
0.907265
1.05041
0.889912
0.907322
0.955528
1.0147
0.994714
0.952935
1.10111
1.01266
0.993954
0.930388
0.879308
1.16729
1.05385
1.05689
1.01534
0.913529
0.951354
0.852491
1.09172
0.981287
1.09646
0.983942
0.954987
1.04919
1.08
0.959988
0.958905
0.906396
1.02619
0.968706
1.00834
1.04391
1.0338
1.01817
0.902693
1.12578
0.836379
1.05256
0.927519
0.980191
1.11901
0.963259
1.11671
1.01189
1.01086
1.17743
0.899477
1.08275
0.94102
1.12022
0.918983
1.0785
0.972421
1.08978
1.07899
1.09356
0.892887
0.887436
0.98175
1.01454
0.837709
0.940096
1.10103
1.13452
0.993588
1.10284
0.927787
1.0816
0.90618
0.897712
0.918097
0.770396
1.07786
0.864181
1.03529
0.76104
0.926994
0.995767
0.831211
1.12485
1.02142
0.923425
0.884404
0.979166
1.18519
1.11038
0.977963
1.08845
1.00418
0.956839
0.935624
1.01073
1.18443
0.883802
1.0534
1.03175
0.92984
0.83146
0.86656
1.09051
0.838193
0.749215
0.987125
1.16691
0.839963
0.889981
1.07996
0.989378
1.01481
0.986803
1.13353
0.91953
0.98207
0.879635
1.08092
0.926646
0.993246
0.864059
0.875067
0.927681
0.980132
1.22832
0.995736
0.94775
0.922522
0.933427
0.996932
1.00442
0.944827
0.96322
1.03461
1.23425
0.930296
0.930097
0.941391
1.00178
1.09012
1.02964
0.886939
0.834345
0.946119
0.927094
0.967561
1.26569
0.994278
1.00979
1.08615
1.19314
1.09093
1.07471
1.06766
1.01861
0.976716
1.0501
0.834127
1.03221
0.999413
1.03655
0.985759
0.927898
1.18706
0.93131
0.863462
1.16445
0.783861
1.00762
1.12735
0.951133
0.843944
1.01031
0.78032
0.926975
0.910605
1.02298
0.908674
1.17676
1.06878
1.02738
1.10198
1.14514
1.05797
0.968535
0.956642
1.01473
0.911664
0.966695
1.07289
0.912653
1.00288
1.05477
1.0546
1.11965
1.02114
1.02304
0.926502
1.02085
1.24514
1.09155
0.863571
0.972275
0.968392
1.24331
1.13923
1.09868
1.06666
1.0875
0.91795
0.91589
1.03533
0.920046
1.09689
1.18382
1.02355
0.993685
1.06421
1.11633
0.98877
1.00599
0.993004
0.863996
0.982687
0.999186
0.978028
1.15939
1.10012
1.30285
0.798884
1.2727
1.03216
0.924794
0.863965
1.07679
0.970527
0.939537
0.974093
1.05528
1.18442
1.04314
1.08396
0.937574
1.16935
0.997007
1.09504
1.12351
1.1432
0.931598
0.920191
1.00702
1.04817
0.939967
1.13573
0.875488
1.05857
1.00472
1.06766
0.738825
1.01905
1.13691
1.02296
1.00826
1.00177
1.01555
1.10603
1.03758
0.918875
0.948949
1.06671
1.16789
0.981911
1.11668
1.02655
1.09481
1.04195
0.94597
0.937916
0.796078
1.00773
1.06518
1.04741
1.00244
1.03366
1.06636
1.12651
0.902222
1.01808
1.09517
1.00042
0.816035
0.858189
0.978656
0.982797
1.02187
1.02358
1.07601
1.05255
1.06595
0.990569
0.931593
1.0899
0.896113
1.01118
0.955962
1.05455
1.00309
1.01939
1.11666
0.83919
1.01849
1.01631
0.893044
1.09258
0.923836
0.990752
0.986718
0.91252
1.03612
1.07364
1.09445
1.00106
1.01321
0.798595
1.11343
1.0339
0.945107
0.951925
1.17997
1.11782
0.862498
1.06707
0.966301
0.997158
0.99297
0.941658
0.925342
1.08513
0.926238
0.918317
1.10387
0.949597
0.896772
0.998468
1.05149
0.856044
0.876813
1.14531
1.07413
0.949393
0.773175
0.999125
1.0116
0.974675
0.910633
0.958044
0.858082
1.2127
1.10545
0.831381
0.983823
0.873375
1.02206
1.24546
1.14044
1.24961
0.967721
0.930757
1.11032
0.964299
0.896069
0.939994
1.16108
0.990936
0.884345
1.02044
1.00869
0.925225
0.910338
0.980008
0.992568
1.08292
1.13646
1.00111
0.925953
0.912792
1.03547
1.06829
0.930101
1.0654
0.978519
1.06125
1.04451
1.08411
0.971166
1.14205
0.972677
1.00808
1.06871
1.05146
0.892811
1.00442
1.28306
0.866238
0.995056
1.1383
0.997452
1.04926
0.996357
0.97453
0.965138
0.962227
0.901241
0.84057
1.21427
1.111
1.07926
0.845522
1.07514
0.797872
0.874793
0.914269
1.21885
1.1188
1.07749
1.01053
0.874151
1.26766
0.917698
0.894355
0.726299
0.95725
1.07777
1.04791
1.10542
0.835218
1.02168
1.04499
1.00397
1.06912
0.870888
0.986377
0.97853
1.04932
0.866032
0.946739
1.03001
0.961204
0.989547
1.03094
1.13473
1.14753
1.06241
0.957588
0.982869
0.921317
1.02441
0.879872
0.868951
0.928467
0.896835
1.22246
0.976195
0.988534
1.2906
0.966629
1.04873
0.817019
0.946037
0.856594
1.06917
1.11692
1.06242
0.886964
1.10989
1.1601
0.912177
0.755288
0.939094
1.15322
0.948892
0.882454
0.990013
0.93247
1.05928
0.935487
1.17178
1.04275
0.93301
0.926915
1.04255
0.828048
0.877584
0.910127
0.927363
0.994084
1.13725
1.0372
1.01972
1.15547
0.903153
1.09125
0.878575
0.82511
0.98269
1.05257
0.895095
1.14115
0.864431
1.08598
0.931659
0.863775
0.910824
0.937477
0.89937
1.0565
1.15568
1.03326
1.02692
1.24807
1.16926
0.920498
1.05802
0.964782
0.96607
1.04592
1.08486
0.879054
0.826519
0.811592
0.912343
0.833999
0.989274
0.992299
1.15495
0.932581
1.04964
1.005
0.904213
1.05341
1.03533
1.10833
0.995844
1.04065
1.0867
0.959037
1.08835
1.01198
1.07881
1.02122
1.00992
0.884989
1.08161
0.990574
1.08338
1.0177
1.08932
1.11051
0.946212
1.01062
0.984042
0.986013
1.01106
0.92029
0.965478
0.992617
1.08273
1.02374
0.967013
0.963845
1.15411
0.911534
0.942581
0.962535
0.955662
0.9809
0.98845
0.85119
1.01864
0.996634
0.978552
1.12997
0.879142
1.00043
1.04846
0.907444
0.952666
0.984181
1.01221
0.962551
1.05639
0.845817
1.01945
1.07683
1.05752
1.05597
0.897477
1.13708
0.908554
0.962838
1.12638
0.940974
1.06452
0.9561
0.961582
0.852199
1.10633
1.17584
1.02818
1.32702
0.813482
1.22002
1.11797
1.03456
1.1247
1.02144
1.05798
1.00028
1.05894
0.856622
1.0643
1.06875
1.17283
0.864787
1.00281
1.21804
0.953824
1.05815
0.862057
1.11916
0.901518
1.07837
0.876101
0.86404
0.898091
1.17721
1.05685
1.10846
0.967669
1.01484
0.904945
0.99523
0.984401
0.822963
1.06552
0.885181
1.08007
0.967887
0.918589
1.14187
0.989659
0.93331
1.0143
1.07109
1.09493
0.940889
1.12372
0.804207
0.96437
1.20225
0.928141
0.87948
1.0535
1.17928
1.11613
0.848949
1.06695
0.949802
1.106
0.9955
1.0411
0.995914
0.908885
1.10905
0.989282
1.11697
0.972864
1.13024
1.11089
1.16468
0.931008
0.978928
1.11111
0.927237
0.924508
1.04329
0.994805
0.988116
0.742012
0.876531
1.13285
1.07532
0.969893
0.918908
0.969519
1.05279
1.08729
1.02264
1.04029
0.782322
1.03908
0.876018
1.08049
1.11027
0.767043
0.801293
1.0059
0.930954
1.02696
1.0399
1.01106
0.925015
1.08422
1.12795
0.995829
0.983254
1.07786
0.928908
1.02764
0.999923
0.835426
1.04521
0.920146
0.995969
0.996451
0.964241
0.861175
0.957353
1.014
1.09217
0.832712
1.10052
1.02647
1.03148
0.797002
1.06558
0.975482
1.02936
0.948811
0.919613
0.92518
1.07589
0.920841
0.803239
0.967429
0.93896
1.01354
1.06921
0.952311
0.671536
1.00997
1.01352
1.03914
0.962776
0.874941
1.02233
1.05846
0.958563
1.1578
1.17031
0.830445
0.865633
0.892895
1.02139
0.996001
1.04206
1.11583
0.943038
0.941646
1.04855
0.907438
0.986664
0.895908
1.09177
0.982221
0.857934
0.85508
0.996635
0.955047
1.04071
0.955446
0.971764
0.86355
1.12219
0.939634
1.14748
0.940741
0.933707
1.17909
1.03865
0.987441
1.16279
1.08959
0.872567
1.26985
0.940315
1.00017
1.24394
1.03155
1.03459
1.1911
1.07346
1.01859
1.17953
0.849176
1.0789
1.08809
1.03384
1.04868
0.817969
0.96689
1.02089
1.10657
1.07465
1.11535
1.13889
0.983395
0.833936
1.09682
0.984808
0.97393
0.892196
0.944678
1.06574
0.96616
0.917541
1.26137
1.13259
0.840921
0.931164
0.993238
1.01189
0.836712
0.936744
1.04611
1.25289
0.919092
1.10592
1.02641
0.745098
0.858198
0.92663
1.12217
0.890566
1.03137
0.982458
1.16055
0.946167
0.877819
1.03171
0.895305
1.15218
1.07787
0.975538
0.82041
1.0215
1.06521
1.08938
0.837502
1.01204
0.875066
0.911068
0.901953
1.22519
1.11709
1.05125
1.01028
0.910269
0.924529
0.816821
1.2429
0.999847
0.952624
0.96406
0.982598
0.97876
0.9526
0.956617
0.983943
1.04673
0.975958
0.971665
0.913997
0.990491
1.0693
0.946621
1.07873
1.189
0.922072
0.9619
0.885384
1.08895
0.920406
0.967889
0.996016
1.07169
0.949655
1.15642
0.826924
0.944836
1.01245
0.839912
0.989108
0.976008
0.785266
1.05054
0.947181
1.00954
0.845233
0.927006
1.07795
1.19164
0.896691
0.933597
0.985064
1.11579
1.05065
0.955689
1.00443
0.883138
0.999181
0.966802
1.07258
1.07776
1.09455
1.09411
1.0256
1.034
1.04715
0.964716
1.11922
0.94881
1.1158
0.836869
0.935017
1.10096
1.0589
0.880759
1.08869
1.10179
0.951041
0.857448
1.10956
0.895956
0.970577
0.923385
1.01481
0.953737
1.01723
0.880788
1.1119
1.15069
0.992679
0.866297
0.938846
1.13411
1.01417
1.04507
1.10178
1.10683
1.00284
1.11004
1.03736
1.01736
1.02303
1.06209
0.963722
0.972005
1.16295
1.22209
0.99375
0.862584
0.98305
0.927889
0.80765
0.917767
0.951082
1.02566
0.987105
0.945223
0.942479
0.959474
1.08814
1.0878
1.09177
1.09071
1.1972
0.999247
0.975072
0.80585
1.04956
1.00187
0.944088
0.966214
1.02926
1.15651
1.03207
0.980166
0.982583
1.04196
0.993296
0.917608
0.951693
0.871232
1.23968
0.92919
1.19048
1.10124
1.02511
1.12634
0.797562
0.937051
0.882737
0.98377
0.86388
1.10419
0.953398
0.86391
1.06044
0.940548
1.04481
1.05355
0.975713
0.981351
0.942778
0.957636
1.06173
0.931388
1.11986
1.12478
1.08637
1.0049
0.988318
1.00981
1.04302
1.13596
1.00735
0.96772
0.982623
1.10063
0.938481
0.963666
1.00275
0.877397
1.00126
1.04393
0.911176
1.00547
0.777939
0.993044
1.00155
1.10752
0.799047
1.09379
0.943561
1.05461
1.05929
0.783843
1.05821
1.00284
0.897913
1.01886
1.00694
0.973647
1.00907
1.01651
0.948878
1.03312
0.908528
1.01327
1.13041
0.813992
0.872768
1.08326
0.997701
0.950042
1.02541
0.940797
0.944398
1.03029
1.14985
1.14319
1.08707
1.02269
0.862953
0.996667
1.03106
1.01626
0.914964
1.03267
0.889836
0.948995
0.848635
1.11825
0.947922
1.02886
1.05711
0.974607
1.08778
1.03364
1.03268
0.993277
1.02353
1.02957
0.759876
1.06067
0.941451
1.06797
0.967728
0.897471
1.07229
1.13576
0.933429
0.695502
1.12361
0.888438
0.947071
0.987408
1.12428
1.16891
1.0237
0.887733
1.09638
0.86913
1.16071
1.13243
0.88965
0.926139
1.03808
0.956609
0.812379
1.0237
1.06523
0.94366
0.913879
0.915984
1.13752
0.95741
1.01976
0.951024
0.958863
1.03682
1.08159
1.00782
1.09865
0.953003
0.996472
1.09186
0.961889
1.07998
1.06653
0.86227
0.981843
1.24964
1.09962
1.03628
0.905293
1.04261
1.19465
1.12376
1.03354
0.824605
0.9957
0.946131
1.00297
0.948186
0.978816
1.15698
0.780286
0.950366
0.871144
0.967534
1.10428
0.869421
1.07425
1.07399
0.915208
1.04699
1.05804
1.05178
0.843503
1.17384
1.0509
0.920527
1.04268
0.960119
1.05427
1.15771
1.01647
1.14631
0.977837
0.85866
0.898822
1.07164
1.00507
1.01043
0.937369
1.15033
1.13676
1.01739
0.89131
1.18132
1.22065
0.961306
1.00406
1.0786
1.25669
0.940232
0.905811
0.854801
1.0944
1.02841
1.10309
0.950848
0.909186
1.04297
1.01582
1.0272
1.04695
0.972215
0.872167
1.03783
0.976981
0.894761
0.972256
0.988653
0.859711
0.933748
1.00055
0.852621
0.889065
0.897882
0.981706
1.00527
0.852528
0.845611
0.845261
1.17282
1.0355
0.932209
0.953412
0.914426
1.10097
1.03395
0.847593
0.785058
0.926069
1.16969
0.95458
0.919974
1.02786
1.07217
1.06134
1.08911
1.12138
0.988638
0.992137
1.0868
0.915945
1.13519
0.921074
1.11672
0.930026
1.05082
0.977449
1.00315
1.1035
1.1251
0.961733
0.947028
0.817325
0.911217
1.26936
1.01373
0.88947
1.12327
1.01597
1.21392
0.98326
0.882884
0.82778
0.907222
0.890049
0.890222
1.03059
0.895846
0.875366
0.954313
0.74401
1.03214
0.954165
1.2233
0.97348
1.08968
0.886353
0.803933
0.951141
1.16715
1.08651
1.01196
0.977323
1.02608
0.837688
0.912619
0.961243
0.932732
0.862618
0.982088
1.25815
1.13947
0.977662
1.0109
1.09526
0.799339
1.01053
1.0332
0.908027
0.899659
0.997452
0.967892
1.20131
1.14568
0.943243
0.840791
1.03937
1.05394
1.1029
1.01988
1.02899
0.888265
0.846589
1.04097
0.982843
1.0107
0.904126
1.07565
0.878408
0.958755
1.07738
0.78535
1.09671
0.868949
1.04961
1.17576
0.939707
1.09909
1.04854
1.06544
1.01811
1.0822
1.04154
0.843926
0.981081
1.05242
0.968526
0.815417
0.940365
1.01196
0.865861
0.944437
0.942584
1.03175
1.08689
1.2023
0.970752
1.04339
0.872812
0.95224
1.11653
0.786059
0.948521
1.01996
0.777332
0.999639
1.02192
0.895279
0.93644
1.0689
0.965233
0.889272
0.900407
0.962779
1.05759
0.976889
0.848478
0.971348
1.0114
0.868254
1.07152
0.991031
0.953351
1.11626
0.870568
0.896415
0.957471
0.785097
0.961576
1.02364
1.12272
1.01508
0.879545
1.03115
1.111
1.10679
1.00222
1.15116
1.1961
0.839697
0.959719
0.936007
1.16822
0.989903
0.998897
0.892764
0.92876
0.97448
1.10619
0.868413
1.15219
0.941607
1.15557
1.00355
0.993679
1.0664
0.984522
0.990966
1.06913
1.00246
0.925801
0.979805
1.18972
1.02532
0.96156
1.08875
0.989164
1.06831
1.12244
0.850597
1.01233
1.1423
1.03232
1.05309
0.957533
1.0384
1.11748
1.03668
0.959415
1.01687
1.10948
0.969216
1.07901
0.934998
0.833071
0.961555
0.73503
1.13859
0.967162
0.972832
1.03528
1.08113
0.924867
1.0023
1.3228
0.919272
1.0292
0.887197
1.09262
1.19825
0.923613
1.04822
0.917102
1.0157
0.919301
1.02034
1.03599
0.978492
0.969396
1.05575
1.03979
0.932081
0.860728
1.04407
1.00773
1.00107
1.0572
1.2398
0.955699
0.864254
0.927653
0.917081
0.920299
0.985002
0.867579
1.00546
1.03802
1.10164
0.935924
0.911659
1.0213
0.969323
1.18159
0.972343
0.855249
0.921175
1.12083
1.253
1.0927
0.903179
1.14888
0.920346
0.979937
1.10343
1.04342
1.06556
1.03556
1.03754
0.944366
0.935666
0.948901
0.996635
1.06699
1.01267
1.02138
0.788379
1.09381
1.16211
1.00244
0.888307
0.80902
0.912697
1.01612
0.920807
1.11828
1.00928
0.927291
0.914689
0.958542
0.953485
1.07486
1.21863
1.03481
1.10966
1.09693
0.878431
0.913675
1.01231
1.02634
1.02057
0.965492
0.939021
1.00346
0.835749
0.891281
1.0308
1.17266
1.11163
1.12974
1.00289
0.972361
0.945256
0.93452
1.2028
0.938897
0.889629
1.10104
1.13862
0.941573
1.25283
0.911201
0.818239
0.991262
1.02113
0.871135
1.04518
0.905631
1.25788
1.16345
0.839002
1.16569
1.03031
1.09791
1.02263
0.929055
1.09776
1.13605
1.00947
1.12316
1.00796
1.19738
0.874751
0.995288
0.945539
1.05424
1.05005
1.06902
0.92657
1.08945
1.06748
0.917501
1.03477
1.06012
0.795138
1.07899
0.97723
1.12541
1.08511
1.10577
0.900879
0.890109
1.12844
1.01376
0.879061
0.955367
0.958918
1.01451
1.11902
0.770752
1.13255
1.14694
0.976905
0.942297
1.09114
0.913643
1.12785
0.936605
0.961686
0.999127
0.885276
1.12582
1.03966
1.01117
0.944388
1.0485
1.00054
1.01782
1.05397
1.29185
0.899521
1.02279
1.21304
1.09606
1.19292
1.05061
0.966215
1.17164
0.90878
1.09026
1.02086
0.9138
0.956651
0.996492
1.08695
1.096
0.933798
1.2016
1.11101
1.07716
0.8437
1.04273
0.935547
0.994838
1.29858
0.924088
1.00297
0.840645
1.18839
1.00689
0.908607
0.998282
1.03474
1.07706
1.10838
1.01455
0.700011
0.838888
0.937619
1.03047
0.930572
0.973005
0.855563
1.00341
1.17753
0.972505
1.02767
0.923256
1.01084
0.945054
0.938791
1.15609
0.973094
0.965752
0.962116
1.1545
1.09046
0.890184
0.832911
1.08288
0.904331
1.03054
0.886547
0.94282
0.964083
1.06067
1.03208
1.06253
0.837665
0.983665
0.931915
0.890158
0.911811
1.02556
0.97213
0.884775
0.899022
0.977881
0.979045
1.07814
1.04571
1.00125
1.04485
1.03265
0.739758
1.00328
0.982221
0.976466
0.969672
0.950532
1.05006
0.968529
1.0709
0.987656
1.12871
0.960548
1.18005
0.928737
0.927254
1.21165
1.21528
0.982504
0.976084
0.993905
0.934741
1.07556
1.06788
1.1521
0.876819
0.905384
0.938624
1.16161
1.01248
0.990627
0.952042
1.06414
0.942836
1.01503
1.00912
0.937342
1.07495
1.05444
1.10044
1.09383
0.969338
1.08734
0.950456
0.927998
0.980703
1.07362
0.841664
0.857995
0.965589
1.08773
1.13228
1.12832
1.06362
0.925136
0.903266
1.02453
1.19993
1.09144
1.04038
1.02585
1.0027
0.915844
1.00475
0.916071
1.17657
1.03825
1.18474
0.884399
1.08055
1.07475
1.11083
1.08178
1.14253
0.895671
1.03394
1.00407
0.893971
1.24671
0.917793
1.05488
0.93739
1.15209
1.13831
1.0356
0.896494
0.963331
1.03829
0.792803
1.07422
0.99201
1.05816
0.857637
0.855606
1.07982
1.28439
1.17613
1.07402
0.983117
1.25503
1.16248
0.819811
0.992768
0.914629
0.884059
0.807253
1.01578
1.01559
1.05725
1.12395
0.893513
1.29299
1.09358
1.0342
0.796595
1.0467
1.0595
0.83692
1.03596
0.915161
0.963109
1.20468
0.909144
0.953519
0.84103
1.03358
1.09897
0.957413
0.865733
0.881727
0.891602
1.04392
1.06188
1.14541
0.830746
1.04503
1.08117
1.02834
0.9633
0.902312
0.870165
1.13508
0.936295
0.973859
0.963598
1.05465
1.08962
0.882647
0.920494
1.05241
0.892719
0.849582
1.06202
0.975773
1.00595
1.12447
0.899959
1.08878
1.0722
1.20063
1.01394
0.949399
0.930872
0.884421
1.0572
0.799185
0.965179
1.04842
1.01024
0.989719
0.867592
1.06611
0.999878
1.10593
0.866367
0.877491
1.1062
0.86253
0.961086
1.05715
0.965386
1.10671
1.16715
0.960928
1.08977
0.954989
0.915516
1.07086
0.870639
0.987907
0.976593
1.08921
0.921006
0.946547
0.940942
0.91316
1.23281
1.06242
1.04759
0.978655
0.935911
0.988639
0.980015
1.02039
0.976721
1.06221
0.99224
1.03614
1.00006
0.979029
0.926113
1.01746
0.902658
0.856502
0.90723
0.820435
0.977279
1.10658
0.874478
0.956132
1.15535
1.11297
0.91543
0.863368
0.993268
1.05257
0.952057
0.967405
1.00202
0.911353
0.849644
1.01581
1.15906
0.825464
0.975058
0.990819
0.925113
0.983712
0.90729
0.943299
1.02041
0.98611
0.944935
0.92697
1.0625
0.997658
0.902457
0.953863
1.01592
1.04338
1.00761
1.16637
1.11049
0.977084
1.20066
1.03489
0.923075
0.914066
0.956999
0.906125
0.824155
1.13795
1.01249
1.09757
1.01854
0.915447
0.942622
1.0324
1.00964
0.868389
1.10009
1.0431
1.19761
1.09357
1.01462
1.07939
1.07597
1.14068
0.945726
1.11198
0.886909
1.02641
0.926319
0.930046
0.944121
0.920166
1.25842
0.985212
0.831689
0.983561
0.903121
1.02175
1.00881
1.15542
1.00751
1.17289
1.02142
0.839458
0.985495
0.829425
1.05742
1.16446
0.972135
1.03799
0.832111
1.0754
1.1209
0.905822
0.987427
0.949713
1.17564
0.859181
1.09221
0.837953
0.878844
0.993309
1.11541
1.18511
1.01787
1.17089
1.0666
0.938236
0.989235
1.11998
0.98256
1.03825
0.949819
0.941955
1.12189
1.12615
1.03392
0.930785
1.0125
1.13597
0.961887
0.963339
0.970956
1.0402
0.935626
1.06145
0.928758
0.93648
1.01469
1.00579
1.04478
0.863297
1.06715
1.30068
0.961763
0.998182
1.10812
1.02639
1.19844
0.958025
0.992613
1.0195
1.02067
0.944025
0.770635
0.891504
0.994785
1.00627
1.29507
1.07408
0.829018
1.04315
0.917315
1.16502
1.05831
0.989717
0.994342
1.03177
0.937383
0.982676
1.00129
1.14481
0.891605
1.1167
1.0096
1.05138
0.937044
0.899626
0.872141
0.926527
0.920767
0.966087
0.989322
0.876401
0.787434
1.05861
0.911725
0.973002
1.17078
1.03538
1.07305
1.06146
0.913336
1.03279
0.894233
1.05442
1.1733
1.03259
0.966739
1.05112
0.861538
1.01139
1.29236
1.04186
0.954384
0.942102
0.979748
1.0681
0.999565
1.07016
1.05904
1.07352
0.923605
1.04775
1.01115
1.07475
1.22078
0.862052
0.939674
1.11495
1.07368
0.917047
1.05674
0.911859
0.892786
0.93397
0.874649
0.883979
0.676176
1.05553
0.983642
1.0568
1.09287
0.894849
0.956132
1.03146
0.949802
1.08351
1.1375
0.958093
1.11236
0.94127
1.15338
1.17043
0.909232
1.02451
1.01432
1.07475
1.03772
0.948593
0.915848
0.879246
1.0097
0.858061
0.97798
0.904127
1.01796
1.02703
0.977027
0.933579
1.01391
0.972054
1.22696
1.11562
0.944875
1.16544
0.923089
1.21388
1.06183
1.1792
1.00192
0.836795
1.02285
1.12193
1.12685
1.09334
1.08463
1.08165
1.10505
1.04538
0.993212
1.16799
0.896493
1.20187
0.951651
1.05661
1.07229
0.955779
0.968396
0.879898
1.12361
0.920355
0.914056
0.978602
0.93182
1.09438
0.943032
1.07703
0.913577
0.936214
0.911623
0.953827
1.01406
1.09143
0.93147
1.17951
0.897462
1.0436
1.17771
0.993174
1.17609
0.759323
0.79061
1.14318
1.02827
0.861987
0.947539
1.01062
0.996727
0.846825
0.980538
1.02688
0.776722
0.917039
1.00639
0.843094
0.821917
1.00053
0.894164
1.07598
1.07313
1.11708
1.1361
0.94433
0.936956
0.97868
1.065
0.963892
1.04987
0.88959
0.831792
0.757065
1.06917
0.944977
0.890055
0.893925
0.909123
0.958159
0.941637
0.957794
1.06163
0.879917
0.940683
0.991442
0.948794
0.890784
1.274
0.882259
1.12384
0.968465
0.923688
0.968593
1.02841
1.07033
0.986817
1.03647
1.05315
1.12073
0.898492
0.910547
1.08714
1.10763
0.998871
1.03005
1.20557
1.05391
0.846416
1.17595
1.00567
1.02636
1.00569
0.951785
0.910931
0.943843
1.03727
1.04451
0.927074
0.837085
0.809886
1.11134
0.968962
0.985512
1.06552
0.968607
1.02094
0.966133
1.168
0.922348
1.12825
1.0695
1.06113
0.878805
0.889784
1.07387
0.90405
1.03781
0.947081
0.866154
1.06761
0.850788
0.969832
1.01801
1.17935
0.893355
1.22747
0.843837
0.895407
0.987838
0.90626
1.0243
0.924951
1.13553
1.0669
1.07804
0.956205
0.990043
1.04045
1.09818
1.112
1.00482
1.24135
1.05953
0.983124
1.21343
0.836207
0.877139
1.03531
0.948197
0.804619
0.959675
0.805247
1.02278
1.0191
1.02633
0.890953
1.08682
1.02502
1.13715
0.905323
1.10806
0.999203
1.06518
0.878739
0.99319
1.1022
0.838342
0.918556
1.00829
0.979455
1.03702
0.856982
0.946716
0.952878
0.906186
0.891412
0.938529
1.02889
1.03812
0.946969
0.962422
1.01138
0.852797
1.06651
1.17977
0.887868
0.94583
1.02594
0.996687
0.790129
0.906063
1.05133
0.92318
0.896228
1.00688
0.866465
1.05031
1.02998
0.998527
0.960391
0.978771
0.891651
0.957841
0.851663
1.01491
0.988742
1.02999
0.857581
0.898224
0.927721
1.05961
1.08919
0.952383
1.19251
1.02849
0.974306
0.95283
0.900832
1.11938
1.06788
1.00443
0.862995
1.03779
1.2025
1.17783
1.02209
1.05367
1.08913
0.926942
1.19991
0.928937
1.20365
1.0837
0.790149
1.07415
0.888268
0.949672
0.947869
1.07697
1.06795
0.94314
1.20865
1.02598
1.01767
1.07676
0.921175
0.909103
0.923606
1.11457
1.06394
0.981605
1.01027
0.985315
0.998034
1.27129
1.08455
1.06588
1.03538
0.99737
1.07384
0.955573
0.826925
1.18101
1.09232
1.00575
1.01041
1.02236
0.947842
0.939209
0.797195
0.864879
0.948803
1.06371
0.943404
1.11009
0.99552
0.911098
1.14164
0.921129
0.938881
1.05187
0.99836
1.13902
1.12758
1.09911
1.08767
0.807497
0.887868
1.08697
0.95663
1.05911
1.06854
1.03924
0.999049
0.934377
0.938362
1.02842
1.19906
1.12701
0.960457
0.915854
0.930194
0.858994
1.01091
1.09673
0.981712
1.09771
1.02776
0.862504
1.03544
0.86853
1.13341
0.885634
1.00021
1.02907
1.02171
0.897355
1.08514
0.969841
1.12143
0.976152
1.11992
1.01327
1.15018
1.14051
0.901885
0.99687
0.882852
1.07166
0.767858
0.992887
0.731021
1.07657
1.06725
0.89265
1.04243
0.963247
0.851445
0.873899
0.973798
1.05219
0.956135
0.930546
1.00955
0.873379
0.851342
1.07811
1.01741
1.01625
0.922698
0.963545
1.0002
0.967402
0.842352
1.07065
1.01431
1.10082
1.11889
1.01872
0.936807
0.909852
1.01531
0.978113
1.04082
1.10606
1.00909
0.996878
0.985455
1.05236
1.09516
0.922497
1.05216
1.16438
1.00048
0.94047
0.983376
1.00707
1.06191
0.886514
1.2982
0.969448
1.05335
1.00294
0.90718
0.881845
1.00746
1.10206
1.00409
0.989214
0.966665
1.12152
0.991353
0.982162
0.87506
0.918091
1.12248
0.902221
0.918593
1.0659
1.12916
0.929184
1.10158
0.919827
1.10789
0.977389
0.959775
0.990253
0.770507
0.979534
0.919622
1.08458
1.08998
0.999773
0.966878
0.981164
0.892497
0.92808
1.05501
1.20399
1.09562
1.01276
0.969582
0.999716
0.847168
1.04717
1.11151
0.994621
0.860339
1.3081
1.09209
0.821869
0.887578
0.935216
1.02294
0.93146
0.966669
0.952164
1.02298
0.891356
0.914089
1.10401
0.900689
1.05525
1.05483
1.05876
1.29415
0.744859
1.09245
1.01218
0.959194
1.00847
0.967802
1.11028
1.04062
0.984956
0.96755
0.988349
1.05696
0.972798
0.953127
0.97408
1.06729
1.02599
0.889147
1.1305
0.884411
1.09895
0.950593
1.05333
1.00684
0.960756
0.888693
1.015
1.23412
0.901658
1.18639
1.09649
1.09483
1.00545
1.04639
1.27996
1.03182
0.985563
1.01486
0.958884
0.909486
0.948769
1.18281
0.919804
0.902884
0.975668
0.730119
0.827427
0.950364
0.919709
1.09063
1.13834
1.13635
0.924011
0.752161
0.776264
1.07045
0.954596
0.927445
1.04921
1.00168
0.977729
1.01489
1.02934
1.026
1.05881
0.996773
1.20304
0.992821
1.10558
0.957932
1.06177
0.976438
0.750361
0.92859
0.949956
1.03589
1.06455
1.00043
1.01648
0.922496
0.978022
0.899217
0.944178
1.04765
0.993254
1.10698
0.850835
1.06764
0.795733
1.03546
1.06286
0.985733
1.11984
1.09848
1.08118
0.883346
0.964758
1.29648
1.04571
1.06523
1.07019
0.909925
0.897006
1.14068
0.970824
0.82278
1.03908
1.14126
1.14337
1.07243
1.08754
1.04048
1.11125
0.973546
0.906082
1.01188
0.926307
1.08278
0.891425
1.08405
0.906826
0.913619
1.17024
1.17263
0.900408
0.989754
1.03533
1.00865
1.05835
1.05974
0.893502
1.17035
0.972663
1.0902
0.876907
0.901618
1.05672
0.997119
0.95714
1.02077
1.31666
1.12465
0.835917
0.951007
1.08712
0.831744
0.920934
1.23631
0.880209
1.14133
1.06642
0.902565
1.01084
1.11984
0.896253
1.0641
1.12821
0.93616
0.971897
0.97663
0.955264
0.896408
0.883201
0.83131
0.972202
1.03081
1.00375
0.980844
0.713464
0.933882
1.06229
1.11827
0.891074
0.902825
1.12466
0.941009
1.05922
0.993915
0.892341
0.858795
0.964895
1.08119
1.14566
0.902013
0.859633
1.03965
1.14797
0.864194
1.13182
1.06159
0.943445
0.871166
0.922795
0.882522
0.934372
1.13362
0.969124
1.10239
0.92102
0.867079
1.11003
0.964682
1.08533
0.884364
1.00712
0.983227
1.15028
0.904485
0.90731
0.918939
1.01227
1.10174
0.918567
0.919893
1.02875
1.07064
1.01668
1.07448
1.03723
1.05925
1.04753
0.96119
0.914633
0.868814
0.75984
1.03309
0.987521
1.12238
0.921336
1.08792
0.909221
0.981841
1.01249
1.031
0.991716
0.908144
0.921808
0.976679
1.01721
1.02003
1.1432
0.852777
0.999603
0.945792
0.978459
1.0734
1.05229
0.829299
0.862595
1.02309
1.09773
0.879979
0.937548
1.04125
0.959777
1.114
1.18884
1.10248
0.97576
1.08749
1.0015
1.05685
0.977478
1.06661
1.22817
1.04462
1.13509
0.838067
0.935396
1.08568
1.11425
0.907201
0.916176
1.03479
1.0668
0.908287
1.07021
0.920633
0.955119
0.990981
1.122
1.0429
0.882977
1.08838
1.02622
0.907072
0.91184
1.25684
1.01799
0.898363
1.09703
1.15395
0.943533
0.975137
0.887925
0.889458
1.03355
0.928126
1.0947
0.926394
0.870981
0.997493
1.25109
0.985128
0.933397
1.04594
0.924586
1.18024
0.947145
1.06781
0.977216
0.943116
1.00748
0.963695
1.06806
1.15514
0.826606
0.971114
1.14371
0.946185
1.06673
1.0313
1.03131
1.07084
1.09048
1.06246
1.16222
1.12171
0.877397
0.929674
1.11682
1.1892
1.07373
0.89525
0.888131
1.26941
0.940174
0.994169
0.912102
1.12114
0.993866
0.889445
1.11537
0.900406
1.00746
1.02404
0.997363
1.11183
1.04534
0.91411
1.14545
1.00943
1.04721
0.99915
1.07498
1.02709
1.07715
1.07357
0.926667
0.968812
0.85329
1.00579
0.883843
0.994544
0.96143
0.965144
1.07313
0.997854
0.976276
1.02197
1.06647
0.975347
0.949754
1.02186
1.13776
0.909515
0.98078
0.954807
1.07264
0.883638
0.95605
0.934207
1.04461
0.867408
0.976493
0.914516
1.01069
1.03572
1.10678
0.830077
0.976362
1.01627
1.3018
0.942488
0.853764
0.956442
1.09392
0.911514
1.01837
0.851056
1.0362
0.974466
0.97558
0.922221
0.850553
1.10455
0.97929
1.10072
0.789727
0.843205
1.06363
1.01179
0.909117
0.946363
1.18759
1.07002
1.12994
0.955151
0.987981
1.16071
0.966942
0.951503
1.06304
0.966459
0.846565
1.04829
0.898909
0.959542
1.02317
1.17689
0.855929
1.08699
0.917437
1.17317
1.10538
1.15018
0.915287
1.07917
1.04871
0.942696
1.21943
1.0785
0.878365
1.10822
1.05046
1.12302
1.19776
1.16393
1.10126
1.10864
0.957251
0.928908
1.03545
1.14601
0.844544
0.955727
0.940135
0.99731
1.01877
1.08016
0.990261
1.17313
0.930092
1.04878
1.03316
0.901073
0.926912
1.08567
0.989599
1.20533
0.950481
1.06985
1.09007
0.841833
1.02432
1.19135
1.03666
0.98763
1.03811
1.11831
0.925035
0.877686
0.989581
0.96946
1.02937
1.14146
1.03363
1.1186
1.08797
0.922561
1.17743
1.0335
1.10911
1.17886
0.798127
1.06124
0.935685
0.751614
1.0328
0.925237
1.04744
1.29234
1.12227
0.824801
0.901505
0.798831
0.972329
0.971269
0.898291
1.02233
0.978156
1.14035
1.02963
0.988432
1.01107
0.91474
0.912229
0.921531
0.849618
1.09214
1.06098
1.09231
1.04518
1.03378
0.918599
1.25259
1.07222
0.970972
0.957724
0.945746
1.0904
0.953459
1.05789
1.22037
0.984166
1.06318
0.808163
1.12755
0.966019
0.902571
1.04181
0.8818
1.04146
0.90391
1.15421
0.951067
0.897136
0.936033
1.10021
1.00703
1.05482
0.911794
0.987918
0.864776
0.90689
0.935822
0.906908
1.07939
0.981876
1.13663
0.923007
1.05951
0.93255
1.11652
1.28694
1.01491
1.05066
0.891229
1.00759
1.37754
0.95346
0.960219
1.15588
0.955061
0.992402
1.0107
1.01469
1.01814
0.919376
1.21797
0.920249
1.04897
1.1774
0.966853
1.00989
1.00714
0.868934
1.15697
1.01355
0.967705
0.923488
0.972881
1.17735
0.874002
1.15316
1.00738
0.922515
0.973449
0.923567
0.946347
0.97631
1.0358
1.10707
0.92312
1.05238
1.0404
1.10887
0.790077
0.944439
1.06705
0.84212
0.9748
1.11138
1.06406
0.964526
0.98244
1.00703
1.14355
0.976372
1.0886
0.982341
1.0118
1.14497
1.10806
0.959544
0.994535
0.908198
1.06869
1.05648
0.984347
0.994258
1.01674
1.08533
1.04499
0.882609
1.04764
0.910426
1.08277
1.00348
0.869517
1.3288
1.05043
0.890379
0.973576
0.903466
1.05256
0.848756
1.07489
1.14457
1.04329
1.04698
0.905439
1.06187
0.860964
1.11428
0.889956
0.981498
0.982741
0.912494
1.04
0.919627
0.977984
0.840097
1.0192
1.21981
0.816099
0.951881
0.909538
0.950865
1.00175
1.0062
0.935313
0.72722
0.992569
1.0331
1.02658
0.939865
1.16273
1.06679
1.01227
0.898999
1.06571
0.82749
0.836614
1.09335
1.08288
0.875646
0.874449
0.853108
1.08036
1.01536
0.97038
0.83858
0.981038
0.965771
1.07528
0.864515
1.08672
0.900801
1.02869
1.01345
1.07458
0.964833
0.882728
0.820965
1.09472
0.871129
1.03004
1.15802
0.954804
1.01193
1.01026
1.04069
0.911196
0.976933
1.0647
1.30995
0.958736
0.970609
0.997913
0.939214
0.859628
0.888498
0.976912
1.00113
1.12432
0.91757
1.10308
1.17029
1.17645
1.28339
0.854603
1.0284
0.946714
1.03541
0.976989
1.03018
1.02043
1.13104
1.09048
0.940716
0.950839
1.01057
1.03691
0.859772
1.11756
1.05288
1.09034
1.00062
1.09383
1.04837
0.900778
1.15
1.01876
0.988089
0.8739
1.03162
1.15364
0.873541
1.06399
1.11302
1.02532
1.18072
1.05895
1.27637
1.22763
0.936589
0.940866
0.95605
0.917091
0.854201
1.08364
0.984163
0.907153
1.01192
0.944852
0.943779
0.893736
0.865483
0.919904
0.985596
1.13488
1.10627
1.07506
1.03117
1.10161
1.04305
0.92044
0.955673
1.03607
1.0502
0.943551
0.89557
1.157
0.991009
1.36193
1.13358
1.08892
1.01677
0.865393
1.07267
1.11551
1.00209
1.07115
0.948352
0.877814
0.901351
0.811571
0.839019
1.12886
1.14096
1.01711
0.914382
1.16992
1.11189
0.945699
1.08076
0.950185
1.06624
0.94187
1.03851
1.03685
0.996864
0.938381
1.18553
1.084
0.996588
0.987468
1.03883
1.01983
0.838698
1.0007
1.12476
0.962211
1.06372
1.08661
0.790204
1.03813
1.00907
0.860253
0.926064
0.942574
1.11881
1.01242
0.916003
1.17602
0.998461
0.97072
1.0348
1.06557
1.11124
1.06563
1.25274
1.03136
0.865795
0.936284
0.963117
0.934448
0.917287
1.00571
1.12234
0.934259
0.844724
0.976957
0.983249
1.01038
0.922764
1.00133
1.01357
1.09116
1.09368
0.958521
1.11855
0.962493
0.83608
0.957788
0.874257
1.16576
0.903696
0.918672
1.04295
1.09768
1.13992
0.912026
1.12856
1.11385
0.858542
0.949003
0.906084
0.831933
1.17651
0.891482
1.02911
0.78278
0.994708
0.97911
1.0448
1.04403
0.766466
0.88707
0.955373
1.02211
0.975446
0.90068
0.876022
1.0831
1.04117
0.971024
1.00414
1.20154
1.01997
0.844019
1.04378
0.991996
0.962342
0.976637
1.19793
0.957154
0.840418
0.937614
1.02313
0.755623
0.778615
0.999638
0.923181
0.850019
1.01438
0.820512
0.972077
1.08741
1.24191
0.890061
1.01279
1.07274
0.923268
0.945096
0.946541
0.925419
1.09496
1.10871
0.841633
0.995379
0.864333
1.01693
0.878843
0.868989
1.03256
0.913063
0.853908
0.831375
1.18715
1.04105
1.0676
0.930318
1.12968
0.879975
1.08574
1.11828
1.04066
0.957943
0.993569
0.8251
1.01726
1.00941
0.913502
0.911007
1.14152
1.09714
0.958977
1.26649
1.16147
0.881207
1.22184
0.974753
1.09227
1.05882
0.938512
0.927929
1.04923
1.18741
1.13724
1.13349
1.12012
1.10723
1.16113
0.936234
0.959776
1.04503
0.955605
0.816384
1.07177
1.02452
1.00479
0.949674
1.18449
1.00703
1.01915
0.858548
1.06354
1.007
1.07248
1.08035
1.01511
0.915713
0.955946
0.919281
0.865103
1.1742
0.984419
1.09473
0.873261
0.966742
1.16177
1.02877
1.01082
1.05364
0.974704
1.10287
0.991053
0.96632
1.03147
1.0104
0.811123
1.23727
1.07489
0.89158
0.938358
0.987675
0.926128
1.0289
1.1313
0.962159
0.912837
0.88612
0.934817
1.12479
1.10644
0.965492
0.895577
1.00498
1.08314
1.01414
0.893226
0.964169
1.02179
0.936092
0.993514
0.988532
1.1198
0.842627
0.868191
0.890162
1.11289
1.08511
0.920954
0.901954
0.939506
1.00493
1.12872
1.09693
1.00098
0.817108
0.974809
1.03046
1.103
1.16654
0.921913
0.770614
1.05014
1.05595
0.824837
1.05988
0.933651
0.867124
0.947037
0.817062
0.989512
1.00841
1.00365
1.15107
0.906246
0.955885
1.01474
1.13353
0.94704
1.10337
1.00053
0.891789
0.994501
1.0129
1.2159
0.941176
0.842663
1.12913
0.951965
1.05858
0.893873
0.876815
1.05056
1.02837
1.12768
0.766953
0.947694
0.855288
1.05232
1.0787
0.821314
0.987524
1.17962
0.871784
1.1571
0.947638
0.946825
1.12754
1.06307
1.1343
0.983367
0.99441
1.02212
1.01712
1.09748
0.956484
0.988905
0.881095
1.02469
0.904522
1.20186
1.07584
1.03365
0.973899
1.00829
0.982103
1.15143
0.957637
1.15731
0.952967
0.900795
0.87923
1.00677
1.11156
1.07408
1.08033
0.939317
0.949798
1.06486
0.87996
0.931795
0.965749
1.09236
0.998648
1.05927
0.981179
0.916277
0.954532
1.13947
0.974371
1.03508
0.99886
1.02225
0.951
1.10594
0.995372
0.932694
1.03027
1.17594
0.941065
1.07682
0.977328
1.03449
1.04499
0.975723
0.839
0.774613
0.926848
0.964536
0.9078
0.966779
1.01056
0.878078
1.0118
1.00656
0.964657
0.978392
1.09557
0.992857
1.02089
0.943951
0.843847
1.05045
0.964544
0.974933
1.06455
0.995989
1.01891
1.05402
0.944679
1.07575
0.972725
1.33201
1.15238
0.919338
1.00823
1.23078
1.01953
0.95125
0.919625
0.955367
0.867494
0.891305
1.03816
1.01449
1.11935
0.934552
1.02781
1.09773
0.93633
0.995058
1.25586
1.0439
1.13469
1.02574
0.997134
1.00716
1.1038
1.16926
1.08269
1.26589
1.00454
0.852935
0.969949
1.04497
0.934004
1.10962
1.0727
0.923232
0.908051
0.912796
0.930327
0.947485
1.06554
1.1311
1.02279
1.07265
0.95869
0.924937
0.860859
0.959296
0.917803
0.828097
0.924286
1.16868
0.906954
1.16641
1.13065
1.09716
1.02925
0.871301
1.09904
0.921898
0.914864
0.935383
0.91018
1.04026
1.08985
1.11127
0.913097
1.03459
1.05133
0.898468
1.05031
1.16057
0.975969
1.04993
0.991779
1.00367
0.893148
0.991245
0.965154
0.961738
1.07254
1.06883
0.878927
1.14571
1.22232
0.980488
1.13471
1.06595
0.890963
0.728118
0.972462
0.90496
0.956641
1.13444
1.21604
1.283
0.994211
0.945671
1.04598
1.17372
1.06386
1.01641
0.981931
1.10162
1.11709
1.05895
0.940724
1.1493
1.00157
0.980475
1.13038
0.944412
1.00604
0.909226
0.810232
0.883373
0.911868
0.840485
1.29914
0.884947
0.880647
1.15303
1.0972
0.862952
1.04611
0.957173
1.02517
0.959184
1.06804
0.862132
0.938341
0.882692
1.20245
0.888881
1.04084
1.07958
0.902204
0.959373
0.960714
0.892218
0.746587
1.08868
0.952257
0.844243
1.29909
1.02362
1.18539
0.975755
1.0123
0.883737
1.07461
0.935768
0.764123
0.966919
1.05489
0.874943
0.911359
0.938274
1.08673
0.909275
0.866958
0.92083
0.999533
0.862249
1.10839
0.995224
1.02889
1.1514
1.38988
1.00366
0.851531
1.05082
0.937746
1.07634
1.02992
1.16353
0.943224
0.979135
1.00035
0.910926
1.00054
1.09281
0.918756
1.03032
0.925472
0.95242
1.10149
1.03535
0.958857
0.964439
0.939429
1.02628
1.01522
1.01951
0.881444
0.957163
0.926031
0.9467
0.91799
1.0172
0.929598
0.97769
0.877448
1.16391
0.990747
0.96012
0.907785
1.01274
0.987223
1.07958
1.00804
0.969842
1.10916
0.940054
1.01382
0.948048
1.06079
0.89497
0.949459
0.992714
0.990263
1.14643
0.843959
0.801008
0.897611
1.15878
0.989476
1.03673
0.990388
0.884937
1.12122
0.952852
0.91785
1.06548
0.926318
1.15865
1.05704
0.965754
1.00243
1.06616
1.08159
0.950031
0.851001
0.872166
1.08342
1.0051
1.00697
0.948154
1.06662
1.04759
1.04509
0.97847
0.870989
0.991168
0.835728
0.815424
0.942219
0.981047
0.997863
1.07094
0.894659
1.06955
1.03788
0.999575
0.874634
1.06074
1.05377
1.03658
0.916658
1.1604
0.937057
1.05228
0.9748
0.943014
0.827763
1.11288
0.839737
0.90702
0.958306
1.26435
1.10589
1.0205
1.1681
0.936594
0.894557
0.994024
0.861319
0.861866
1.09299
0.884038
1.01291
0.841301
0.957695
1.01045
0.953171
1.0508
0.855655
0.941231
0.907333
0.859688
0.935361
1.01233
1.14662
0.985857
0.983246
1.00809
1.10985
1.07122
0.962157
0.869335
0.869842
0.948674
0.863136
1.14533
0.772457
1.08912
1.15221
0.880102
1.06373
1.08721
1.19744
0.85755
1.09782
1.03065
1.0422
1.10087
0.897823
1.10641
1.19586
1.22522
0.936068
1.13892
1.1169
1.04164
1.07355
0.937094
0.97518
0.919677
1.29489
1.11086
0.89986
0.775992
0.97583
0.903574
0.988062
0.887594
1.16213
0.896143
1.04546
0.930663
1.00263
1.03464
0.976202
0.814335
0.834312
1.1473
0.843534
1.18022
0.944294
1.15679
0.940178
0.870914
0.962346
1.16956
0.930989
1.11636
0.974786
0.92493
1.22079
1.05496
1.14996
0.989657
1.0203
0.932245
0.992776
0.963269
1.08985
1.09975
1.08871
1.09367
1.01222
0.912585
1.09617
1.13032
1.18582
1.01644
1.05114
0.916704
0.786902
0.800831
1.05851
0.991172
0.906983
1.12139
0.889767
0.863027
1.23238
1.10547
0.936218
1.06198
1.10058
0.994815
1.00573
1.22071
1.22366
1.05628
0.830147
1.06713
1.0153
0.980129
0.919264
1.14575
0.967328
0.902265
1.05561
0.832522
1.04471
0.850992
0.8997
1.07881
1.00401
1.0046
0.908045
1.06566
1.06573
0.887717
0.949345
0.906264
0.920119
1.0009
1.10522
0.911344
1.00775
0.940299
1.03877
1.01214
1.09222
0.971633
0.95682
0.978496
0.960437
1.03683
0.881144
1.01788
0.95161
1.01129
0.97143
0.916198
0.975915
1.09382
1.0016
1.00217
1.02782
1.03417
0.991654
1.03747
0.97474
0.952597
1.02148
0.952652
0.91376
1.09078
0.833878
1.00373
0.963617
0.92498
1.10135
1.15008
0.969731
1.00563
0.956317
0.958537
0.980568
1.11264
1.03813
0.95929
1.01543
0.940392
1.18094
0.955577
0.868803
0.940081
0.902606
0.964771
0.795198
0.885348
0.973433
0.998739
0.927701
0.915709
0.93241
0.966842
1.09966
0.974162
1.02032
1.03995
0.97976
1.06211
1.05511
0.850253
0.980339
0.813572
1.02044
0.888722
0.964491
0.964212
0.968993
0.943633
1.19358
1.10325
1.00655
0.852998
0.878348
0.981024
0.880355
1.01355
1.00974
0.993681
0.865131
1.11773
1.19328
1.16199
0.881124
0.901199
1.01593
1.02472
0.958484
0.902871
0.888298
1.0882
1.1504
0.873526
0.881081
0.96008
1.06709
0.94576
1.16849
0.994224
0.966023
0.957414
1.03699
1.08996
1.02322
1.00357
1.02719
0.984435
1.0244
0.930619
1.07595
1.04403
1.03822
1.15398
1.04435
1.01388
1.15595
1.12812
1.00634
1.05578
1.01536
0.98018
1.05771
0.899638
0.923249
0.87279
1.11694
0.868429
1.0087
1.02543
0.961309
1.03332
1.12434
0.952746
1.08217
1.04328
0.999134
0.955165
1.02131
1.0472
1.09866
1.0414
0.966897
0.835771
0.964955
1.08375
1.08146
0.949027
1.05007
1.00613
1.00426
1.27664
1.04133
0.853453
1.00333
0.770053
1.10742
1.02575
1.17894
1.06812
0.873789
1.03314
0.873598
1.06763
1.11081
1.12121
1.0368
1.06139
0.968585
0.990642
1.07272
1.13763
1.19068
1.13664
1.11392
0.88216
1.15873
1.01888
0.959847
1.11659
0.919176
1.18592
0.92939
1.09784
1.0168
0.903396
0.895302
0.816977
1.09136
1.07555
0.910901
0.845124
1.13438
1.03839
1.2301
0.985913
0.897448
0.887296
0.939645
0.976362
1.08221
0.953874
0.861397
0.818945
1.02912
0.970375
1.05649
1.08616
1.01536
0.943688
0.961676
1.02798
1.08697
1.05564
0.911191
0.914064
1.14308
1.02632
1.0336
1.08727
1.07821
1.00555
1.00114
0.973215
0.90298
0.999459
1.04879
0.946545
0.941627
1.0689
0.697576
0.994512
1.06963
1.05584
0.97186
1.07408
1.12407
0.93579
1.02078
0.896829
0.985666
0.926169
1.0837
0.88837
0.998999
0.974093
0.846222
0.93799
1.03572
0.984327
0.992485
0.932801
1.20695
1.03029
1.14739
1.10804
1.20207
0.879086
0.969144
1.06753
1.08364
0.921057
1.13593
1.11187
0.843578
0.80852
0.906347
0.905167
1.12478
0.975929
0.826189
0.984895
0.914712
0.869558
0.970986
0.956536
0.852028
0.921534
1.11065
0.98663
1.08796
1.08016
1.10617
1.0384
0.929361
1.12056
1.01578
1.02091
0.914812
1.02268
1.02174
0.966089
1.07335
1.02116
0.91141
0.828495
1.07902
1.10384
0.941174
0.974217
0.949497
1.2133
0.976851
1.03983
0.919452
1.08919
0.878431
1.09162
0.847144
1.05981
1.02854
1.04272
0.999892
1.00361
1.0576
0.990795
1.16386
1.17053
0.911616
1.01748
0.988974
1.00511
1.10829
1.1293
0.891312
1.0427
1.08515
0.931666
0.921077
0.929742
0.905561
1.06545
0.944418
0.992458
1.14971
1.04158
0.90744
0.875098
0.752634
0.933702
1.05695
1.01948
0.93962
0.960957
1.02131
0.971917
0.987574
0.94729
0.862145
0.921522
0.992196
1.08511
1.13658
0.827855
1.05062
1.01376
0.99702
1.05835
0.937332
1.00716
0.938765
0.912727
0.923843
1.05697
1.05657
1.11895
0.905348
1.04486
0.946087
1.10646
1.0132
1.10465
0.976342
1.01574
1.08924
1.1288
1.03199
0.962852
0.984472
0.826219
0.915493
1.09653
0.927762
0.789004
1.05655
0.887799
1.15709
1.20367
0.936811
0.866095
0.986047
0.867173
0.955298
0.975101
0.883378
0.945807
0.889172
1.00948
0.985546
1.05378
0.900239
1.13637
1.12981
1.02009
0.970227
1.09768
0.864171
0.984802
1.25787
1.0687
0.978104
0.993472
0.844804
0.825855
0.848424
1.02652
1.10561
1.10654
0.884487
0.840191
1.15515
1.10114
0.964633
1.02479
0.88711
1.00392
1.02806
1.09963
1.08301
0.925842
0.974494
1.03712
1.08469
0.985565
0.963419
1.10386
0.925164
0.966612
0.931488
0.998253
1.01639
0.94954
0.999505
0.837108
0.812449
0.984372
1.18015
1.18488
1.03012
0.839396
1.11336
1.00188
0.921505
0.956285
1.29125
1.10686
1.12891
0.707262
1.06058
0.896819
0.988987
1.01908
1.24452
0.945596
0.88528
1.04355
0.968429
1.17172
0.863652
1.02516
1.12464
0.937423
1.02075
1.15953
1.03255
0.865717
0.891777
1.02058
1.16228
1.07606
0.993442
0.990882
0.97781
1.03546
1.07282
1.0845
0.881509
1.04564
1.20069
1.02345
0.979615
1.05766
1.0171
0.989856
0.886914
1.1066
0.834026
0.98128
1.01221
1.048
1.07853
1.02045
0.91017
1.13809
0.873698
0.923842
1.01756
1.01625
1.06748
0.946561
0.912965
1.0442
0.998416
0.975105
0.981483
0.679635
1.07011
0.968423
0.880519
1.07056
0.89674
0.974492
1.14124
1.04883
0.82654
0.891241
1.23876
0.960793
0.911427
0.930261
0.942314
0.81349
0.937696
1.12895
1.00799
0.834397
0.957241
1.03837
0.92507
1.06557
0.85731
0.948254
0.941113
1.14258
0.976708
1.05011
0.860009
1.10327
1.03005
1.15793
0.883594
0.883443
1.15353
1.02981
0.922185
0.957577
1.0417
0.859913
0.927925
0.938677
0.942687
1.10627
1.03415
1.07992
1.03736
0.971099
0.93978
1.04729
1.03504
0.777092
0.892586
0.966443
1.06855
1.10584
1.02876
1.15026
0.92376
0.898015
0.95317
1.0761
0.940016
0.866461
0.869659
0.898449
0.869579
1.11988
1.05001
0.905368
1.02311
0.950784
1.07786
1.08848
0.835488
1.02398
0.940402
0.955453
1.13024
0.990867
0.953642
0.896219
1.00538
0.908273
1.02803
1.19564
0.898077
0.945364
0.920939
1.06019
1.00017
0.926921
0.975864
1.00943
0.877381
1.09833
1.14051
0.937282
0.860448
1.01996
0.920435
1.11276
1.10171
1.02547
0.978192
0.975079
0.950479
1.07595
1.08184
1.07761
1.01782
1.06439
1.11008
1.22775
1.03707
0.97958
0.900893
1.01221
0.968326
0.9591
0.99963
1.11014
1.09362
1.1307
1.12501
0.948323
1.00737
0.986444
1.10023
0.948297
1.0761
0.89021
0.997731
0.989164
0.890919
1.05262
0.901117
1.05185
1.20864
0.96526
1.0866
0.924716
0.902354
0.953392
0.896781
1.05097
0.99588
0.980104
1.09942
1.09434
0.970074
1.20384
0.876423
1.05806
0.953592
1.05815
1.14266
0.948581
0.859956
1.15624
1.09081
0.929481
1.11251
1.02316
1.13368
1.12619
1.07408
1.12256
0.833294
0.808525
0.870194
1.19112
0.974442
0.898525
0.912586
0.862922
1.06386
0.938604
1.10825
0.973984
1.06034
1.04971
1.1856
1.05426
1.02467
1.17075
0.97635
0.854025
0.916731
1.15439
1.09508
1.09771
1.11922
0.925518
0.965203
0.756553
0.924767
0.879933
1.12477
1.08154
1.1319
0.813063
0.994229
0.974514
1.04604
1.01322
0.865968
1.08225
1.11303
1.01886
0.934987
0.840284
0.999423
0.960528
0.846161
1.05704
0.872443
0.970109
1.02187
0.854981
0.900232
0.987619
0.970837
0.892367
0.810979
1.08639
0.934563
0.914298
0.784899
0.949253
1.06212
1.12362
0.924321
0.955416
0.858757
0.987129
0.940999
0.933451
0.950167
1.09047
0.892228
1.10173
0.948839
1.06097
0.876584
0.966052
0.929251
0.950405
1.18384
1.10148
0.993357
0.970996
1.15529
0.952957
1.06081
0.912804
1.04159
1.13611
0.93011
1.13071
1.03422
0.998155
0.96158
1.01626
1.05151
0.906251
0.981243
1.15254
0.880388
1.12897
0.988297
1.06469
1.00511
0.845816
1.00706
1.08309
1.00423
1.04047
0.969105
0.985492
0.932992
0.881557
1.04716
1.25055
0.978145
1.1876
0.981678
0.960795
1.09594
1.1303
0.967564
1.05093
0.97831
1.10907
0.827785
1.0703
0.962364
0.894444
0.982783
1.19105
1.05119
0.890628
1.09929
0.951516
0.971679
1.06783
0.990486
0.992879
1.07389
0.898825
1.00908
1.00708
1.06342
0.895552
0.81163
0.945685
1.02425
0.908362
0.857242
0.859667
1.27523
0.97244
0.9964
1.04522
0.934479
1.01358
0.911339
0.918238
0.978757
0.923828
1.00318
0.811138
0.874349
1.06749
1.0512
0.859752
1.21553
0.938889
0.988628
0.883491
0.966269
0.97956
1.07774
1.01945
0.998099
1.09659
1.04347
0.830949
0.950629
0.807437
0.959667
1.04663
1.03118
1.00671
0.950356
0.91719
1.01021
1.04977
1.13264
1.09151
0.893779
0.822387
1.17597
1.2136
0.994891
0.8599
1.08271
1.10239
1.11028
1.08619
0.827322
0.98033
0.928652
0.984141
0.968982
0.975375
0.845935
0.883686
1.00338
0.9755
1.13237
0.92857
0.962721
1.11086
0.875284
1.07592
0.662581
0.849754
1.07527
0.999386
1.06692
1.13936
0.806309
0.891823
1.02232
1.05651
0.926857
0.875761
0.956902
0.885351
0.985494
0.891713
0.969874
1.02702
1.05567
1.13919
1.14247
1.08129
1.15857
1.03338
1.31009
1.0577
0.952455
0.866605
1.01636
1.07005
1.08752
0.802461
1.0035
1.06426
1.01625
1.01652
1.01515
1.15729
1.12541
1.03803
1.29436
0.948582
0.912585
1.10056
0.975234
1.08035
0.925711
0.960384
1.02293
0.885489
0.942485
0.881666
1.10993
0.972194
0.926536
0.997295
0.932861
0.967558
0.953698
1.0115
0.931517
1.12159
1.00706
1.00457
0.935224
1.18721
0.935847
1.00058
0.998341
0.881723
0.898824
1.1476
0.950913
0.967336
0.999702
1.02172
0.736765
0.951065
0.984736
1.07099
0.967097
0.999878
1.10525
1.00493
1.00856
1.02528
0.955538
0.837375
0.971228
1.26227
0.862338
1.0703
0.966696
0.904871
0.851718
1.14663
1.02423
1.15518
0.882489
0.832034
1.08732
1.04072
0.936249
0.99889
1.0214
0.791624
0.937883
0.979934
0.928869
0.871718
1.02002
1.08633
0.897847
0.94082
0.912758
1.13495
1.13725
1.27525
1.02227
0.909317
0.971603
0.993451
1.04177
0.791112
1.0923
0.982515
1.19042
1.12809
0.897879
0.887077
1.12817
0.968677
1.01651
0.896139
0.821729
1.0942
0.939554
0.911921
0.796095
1.17703
0.882997
1.02819
0.870178
0.944433
0.953496
0.98858
1.07502
1.04766
1.0163
0.928052
0.896063
1.0904
0.851961
0.997467
0.89044
1.15741
0.973845
1.0985
0.781923
1.04156
0.787036
0.882319
0.964388
1.03225
0.836687
1.06728
0.997817
1.00667
1.04629
1.00097
0.977342
1.05623
1.06357
0.781999
1.0723
1.05663
1.03405
0.961563
1.20131
1.06494
0.991406
1.0211
1.02482
0.799863
1.05547
1.1477
0.951754
1.08279
1.12013
1.07086
1.03186
0.90984
1.09222
0.951152
0.989995
1.01513
1.15017
1.0185
0.996941
1.02132
1.03877
1.08664
0.977059
1.40667
0.963431
0.952584
0.924482
1.02044
1.13825
1.00007
1.03686
1.03919
1.01027
0.824116
1.05854
1.07072
1.05622
0.962353
0.914681
0.997455
0.773055
0.882719
1.17688
1.09393
1.06379
0.979861
1.01261
0.790036
1.1434
0.932659
1.00396
1.28467
1.06546
1.04731
0.905768
0.945563
1.02821
1.10575
1.08293
1.07502
1.05682
1.08925
0.999434
0.938228
0.859177
1.28789
1.02079
1.06479
0.996604
0.84386
0.995636
1.18923
0.870908
1.11127
0.93359
0.999549
0.963156
0.976773
1.08535
1.05092
1.12791
0.979314
1.08579
1.02987
0.853656
0.848436
1.07467
0.969277
1.12421
1.04165
1.07835
1.2241
0.932242
0.976777
0.988403
0.908946
0.85091
1.02262
1.04796
1.13212
1.09578
1.11001
1.13704
0.989207
0.948122
1.0177
0.821334
0.925292
0.98059
0.880221
0.858022
0.877485
1.08435
0.950429
0.956488
0.765088
0.816936
0.896784
1.08317
1.03098
1.12483
1.10067
1.03266
1.09459
1.17925
0.833213
0.90455
1.01304
1.01157
0.864275
0.930807
0.989648
1.05628
0.937451
0.952576
1.15089
1.051
0.909307
0.930509
0.922525
0.81759
1.01105
0.971081
1.04603
1.10256
1.08331
0.969836
0.962036
0.978591
1.04773
1.13429
1.0092
1.01007
0.801235
0.941379
1.04293
0.99564
0.983721
1.16232
1.01092
0.889986
0.842221
0.78427
0.891988
0.983685
0.863636
0.986194
1.06555
0.986108
1.02878
1.0547
0.991713
0.981433
1.09495
1.11927
0.970893
0.974831
0.928458
0.883557
1.02961
0.979022
1.13666
0.970547
1.08818
0.985845
0.820597
1.02026
0.887713
1.02873
0.927478
1.1949
1.04425
0.978671
0.797555
0.932719
1.0229
0.957501
0.966215
0.978067
1.01025
1.13125
1.05654
1.16586
1.00122
1.0072
1.05124
0.935219
1.18246
0.946114
1.10214
1.03438
1.11081
0.870756
1.13575
0.967764
0.878294
1.16032
0.873501
0.91926
0.927069
0.949362
0.992439
0.946562
1.12356
1.03686
0.835445
1.05404
0.917869
1.22028
0.966999
1.05388
0.916603
0.895963
1.0221
0.96252
0.86625
1.04571
1.14859
1.04342
1.1084
0.805595
1.20226
0.828263
1.01315
0.814345
1.14794
0.892147
0.931879
0.959663
0.966611
1.15832
1.03828
1.10369
0.979164
1.07127
0.965053
0.838285
0.935663
1.27541
1.15638
1.1165
1.21335
0.949849
1.06817
0.979435
0.99456
0.906662
1.0384
0.988812
0.993924
0.88734
0.941746
0.983748
0.985228
1.01346
0.957496
0.904953
0.909363
0.917309
1.11195
0.892157
0.976417
0.910119
1.12874
1.08441
1.16009
1.11143
1.04049
0.990667
1.02924
1.03898
1.04027
0.893046
0.99703
0.868931
1.06434
1.18642
0.855885
1.084
0.888606
0.933295
0.975771
0.86966
0.905264
0.957839
1.06152
1.00825
0.987599
0.968341
1.08924
0.885586
1.05522
1.12123
1.0051
0.895215
0.842833
0.921965
0.881187
1.01639
0.897153
1.15413
1.04954
1.06911
0.935295
0.941169
0.981138
0.951029
1.35319
0.972937
0.883219
0.891055
1.25862
0.902473
1.08846
0.958589
1.02678
0.898363
1.07393
1.00332
1.09935
0.936093
1.01409
1.01066
0.990518
1.06726
0.90905
0.920195
1.19419
0.947008
1.095
0.986156
0.932009
0.815023
1.24633
0.987758
1.01246
0.946949
0.977443
0.942738
0.989374
0.951281
0.919545
0.961272
0.985034
0.869113
0.952565
1.07209
0.99707
0.984254
1.11799
0.855354
1.11616
1.01306
0.96111
0.931679
0.982164
0.748277
0.94757
1.06394
1.06513
0.975945
1.04184
1.06528
1.00016
1.01685
0.977765
0.984384
0.785993
0.888725
0.985115
0.947763
1.03171
1.20638
0.865646
1.24336
0.829229
1.19142
1.03008
0.981272
0.961819
0.873553
0.925988
1.15142
1.03477
0.992452
1.11037
0.790037
0.889987
0.967552
0.892186
0.975203
0.811446
0.998063
1.19176
1.03505
1.07655
0.971827
0.92723
0.895659
0.954253
1.06959
1.17556
0.864779
0.98631
0.959369
1.00706
1.04504
0.913065
1.05931
0.965423
0.830782
1.07038
0.998665
1.17114
0.908845
1.08747
0.962978
0.982333
1.00888
0.974946
1.024
0.891598
0.994852
0.891464
1.02826
0.939772
0.912729
0.886269
0.999388
0.951427
0.992067
0.939077
1.09663
0.84769
0.882125
1.10816
1.02137
0.99822
0.961212
1.04535
1.04717
1.04135
1.01479
1.06666
0.888041
1.10083
0.893894
1.05083
1.01875
1.05628
0.972691
0.922374
1.08948
1.05834
1.06923
1.00674
1.03173
0.965276
1.0931
1.00662
0.882465
0.882622
0.953799
1.02663
1.12019
1.02281
1.0609
1.18031
0.976817
0.90671
0.901748
0.931936
1.05363
0.886994
0.95012
1.0815
1.09125
0.911127
1.07876
0.986674
0.869575
1.00009
1.04621
1.03256
1.00404
0.88261
1.05731
0.960775
0.9918
0.887397
0.979722
1.15172
0.994003
0.953779
1.0351
1.02304
1.23674
0.97851
0.965738
1.06663
0.850225
0.933987
1.0009
1.0072
0.891508
1.05715
1.05244
1.15811
1.02705
1.1071
1.09691
0.993427
1.13982
0.945125
0.939303
1.11933
0.941924
0.810264
1.0804
1.06064
1.07823
1.00847
1.00388
1.10087
1.12657
1.05394
0.864954
1.11188
0.994285
1.06926
1.06019
0.971929
1.03002
0.947934
1.03389
0.991011
0.8956
0.973248
0.985611
1.046
0.863852
1.17627
1.0305
0.94088
0.935061
0.912254
1.01551
1.00166
0.896284
0.963072
1.09017
0.859956
0.908096
0.880035
0.948344
1.10967
1.06861
1.07497
1.10081
0.992297
0.951301
1.01094
1.04797
0.991495
0.957725
0.846244
0.931372
0.916627
1.09345
0.949318
1.03892
1.04706
0.953027
1.01066
0.860756
0.990326
1.00698
0.758171
0.981308
1.20065
1.16866
1.00341
1.20545
0.960835
0.91377
0.968092
1.16593
0.926871
0.96171
0.87625
1.01201
0.90862
0.982986
1.04583
1.06017
1.18071
0.899099
0.925943
1.07026
1.05638
0.902172
0.895972
1.04511
0.925808
0.858588
0.907111
1.01869
1.00177
0.928597
0.99063
1.0512
1.13304
1.03946
0.930073
0.99127
0.953808
0.7907
0.929353
0.937599
1.16435
1.0977
0.940764
1.01887
0.961603
1.16918
1.19379
1.0072
0.924927
1.05102
1.07007
0.983686
1.09424
1.13072
0.993711
1.02126
1.04175
1.1321
0.852438
1.047
0.918895
0.980418
1.00355
1.1241
1.02636
0.89047
1.0511
0.876507
0.987945
0.998485
0.986746
1.03461
0.919638
0.989842
1.08902
0.936529
1.12095
0.93705
0.974912
0.913915
0.909877
0.927599
0.832208
0.998941
0.850117
0.882032
1.08278
0.860914
1.01568
1.05263
1.10036
1.00354
0.92715
0.90661
0.877634
1.01276
1.0898
0.962689
0.941188
0.918113
1.02186
1.12348
1.0796
0.862095
1.07388
0.953907
0.993841
0.959087
1.08574
1.01386
1.00256
0.925377
0.892361
1.13333
0.978645
0.972791
0.850478
0.885762
1.02833
0.952296
1.04269
1.17348
1.00865
0.87725
0.916857
0.866757
1.04859
1.09804
1.15512
0.908678
0.843143
0.798102
0.89027
1.00334
1.03508
0.849343
0.991792
0.893431
1.00656
0.96722
1.03237
0.926399
1.09326
0.930398
1.07067
1.03762
1.00619
0.899885
1.05175
0.933248
1.1039
0.808007
1.14156
0.929621
1.24952
1.02104
0.953634
1.12112
1.02593
0.976098
0.961092
0.957274
1.11531
0.836038
1.00965
1.11948
1.10226
0.933785
0.938213
0.857611
1.00918
0.925695
1.17613
0.980136
0.953566
1.05961
0.982797
0.991285
1.01051
0.931951
0.941373
1.04848
0.969118
1.16309
1.03238
0.990028
1.04732
0.88395
0.986943
1.07201
1.11012
0.95654
1.15698
1.06271
1.03233
0.953571
0.984892
0.843118
0.927191
0.846531
1.00061
0.874237
0.900444
0.934058
1.04811
0.869053
1.00565
1.15362
0.766964
1.15331
1.07034
0.837491
0.982554
0.960703
1.05568
0.940143
0.971639
0.801404
0.996276
1.06346
1.02635
1.04233
1.05731
0.8835
0.930802
0.982084
0.940246
1.07732
1.03651
0.858187
1.00322
0.906658
1.08325
1.031
1.05388
1.19519
0.934186
0.927818
0.874274
1.0604
1.14397
0.952614
0.970491
1.01752
1.1434
0.999738
1.12432
1.0875
0.794798
1.12041
1.0986
1.02433
0.953726
0.906275
1.0158
0.997666
0.883129
1.08703
1.01429
0.899178
0.949936
0.994451
0.926495
1.15268
0.937332
1.19652
0.748197
1.06637
1.09739
1.10825
1.07092
0.944559
1.10207
1.02295
0.95311
1.07586
0.794739
1.01912
0.879549
1.00913
1.18656
1.02783
1.14012
0.9299
1.03484
0.992452
1.07097
0.995049
0.892489
0.89311
1.06516
0.95262
0.898073
1.04098
1.06914
0.82822
0.951859
0.85946
1.05836
1.11681
1.1707
1.07217
0.880916
1.04195
0.867634
1.02623
0.916925
1.02956
1.00495
1.05863
0.845461
1.03867
1.01586
1.06449
1.00644
1.18494
0.860297
1.00135
0.827553
1.17619
1.04147
0.884474
0.937048
0.733421
0.777506
0.783258
0.890092
0.898695
1.25256
0.876471
1.01991
0.794674
0.920489
1.03629
1.00491
0.786028
0.875063
0.973828
1.02674
0.902587
0.923391
0.961494
1.10217
1.17446
0.917276
0.915744
0.973861
0.906832
0.940542
1.02222
1.05837
0.922192
0.977192
0.996905
0.978245
1.13043
1.08974
0.836481
0.954223
0.893456
1.04716
1.03961
0.795944
1.06569
1.18265
0.972484
1.03582
0.970792
1.15034
1.06114
0.914128
0.995031
1.0117
1.10019
0.95899
1.0437
0.976011
1.0181
0.898464
0.995303
0.922897
0.847532
1.00496
0.991153
0.989072
1.1146
0.965876
1.06639
0.751316
1.07335
1.10492
0.9481
1.00464
0.99877
1.04241
0.996086
0.907283
1.12799
1.01512
1.07651
1.16049
1.08144
0.954649
0.920406
0.928748
1.14967
1.01779
1.04695
0.979867
0.888566
1.05394
0.881729
0.834063
0.869235
0.959381
1.00702
0.868213
0.878787
1.08035
0.892579
1.06542
1.02169
1.11804
1.01498
0.914301
0.885168
1.06097
1.10282
0.965256
0.955811
0.996941
1.05655
1.06556
1.14769
0.985546
0.967461
0.896863
1.13483
0.982748
0.866547
0.874017
1.09075
1.04049
1.10786
0.798608
1.03946
0.987907
0.949942
0.998901
1.2187
0.924549
0.967354
1.0926
1.11409
1.11948
1.04062
0.975279
1.13918
1.08496
0.999233
1.04416
1.10397
0.949374
1.14035
1.02384
0.880129
0.956666
0.98069
1.01832
0.976116
0.989221
1.03397
0.935966
1.08607
0.916412
0.996556
1.0346
0.976745
0.862977
1.10204
0.950284
0.934398
0.952073
1.05229
1.11565
1.04276
0.972254
0.945532
0.923677
1.10858
0.959279
1.03438
0.91576
0.930052
1.24425
1.02838
0.998241
1.0522
1.11128
0.763429
1.01443
0.919079
1.02959
0.988278
1.05792
1.06051
1.00393
0.852291
1.11624
1.05347
0.944502
0.827464
0.880173
0.883176
1.13519
1.02495
0.9662
0.963122
0.892295
0.954725
1.00255
1.04777
1.06171
0.929316
0.922341
1.02166
1.09862
0.957227
0.958715
0.996929
0.906667
1.0257
0.884566
0.823566
0.934351
0.957869
1.0415
1.07769
1.04008
0.948907
0.966618
0.921251
0.995419
0.94005
0.97812
1.22637
1.01307
1.00439
0.96086
1.18791
1.2231
0.935193
0.997834
0.892916
0.972607
1.01842
0.882314
1.08985
0.933075
1.05755
1.15855
1.10103
1.08737
1.07664
0.932527
0.989301
1.0387
1.06701
0.99376
1.18517
1.12985
0.884296
1.02315
0.996451
1.20716
0.98393
0.905043
0.972702
1.11375
0.846884
1.00834
0.925965
0.944149
0.909337
1.03109
1.0793
1.05244
1.07856
0.884459
1.05358
1.12123
0.895468
1.09523
1.09079
0.880496
0.994366
0.976017
1.18955
0.989438
1.04645
0.980292
1.11008
0.948001
0.970902
1.06155
1.09012
1.0492
0.99797
1.17682
0.891155
1.08274
0.917903
1.00909
1.13029
0.804927
0.906878
0.905836
0.95809
1.13117
0.809596
1.13971
0.89522
0.947423
0.933011
1.05819
0.91678
1.07778
1.25829
1.07857
0.911307
1.07476
0.953623
1.088
0.930287
0.980886
1.07865
1.16665
0.989339
0.992776
1.00254
0.922824
0.953236
1.0292
0.978787
1.01192
1.08245
0.952961
0.984489
1.19909
1.13708
1.01963
0.93753
0.928009
1.07111
0.889118
0.99347
0.993628
0.930292
1.1839
0.921834
1.0405
1.09402
1.14226
0.928242
1.0806
1.07444
1.01421
0.903295
1.01808
0.871123
0.999209
0.928964
0.979735
1.02822
1.16956
0.895603
1.07041
0.82013
0.960865
1.12615
1.0178
1.01061
1.06909
0.945545
1.01212
1.02494
0.903904
1.08378
1.00517
1.10646
0.886785
1.09548
0.991064
1.12755
0.922663
0.9532
1.01003
0.837554
1.05512
0.987026
0.998643
0.835633
1.09752
0.939513
1.20253
1.06595
0.951326
0.961977
1.05752
0.876401
0.885368
1.0519
1.14239
0.823084
0.973384
0.967964
1.02229
0.921634
1.13798
1.10126
1.19725
0.996329
0.952773
0.848157
0.937812
0.857687
1.16784
1.07474
0.927078
1.0621
1.03683
0.96966
0.83522
1.05391
0.998785
0.796755
0.96288
1.14187
1.03727
0.953943
1.02328
1.0489
1.11125
0.955991
0.861828
0.955368
1.0199
0.985923
1.27328
0.995919
1.03328
0.924249
1.00572
0.852623
1.10057
1.11604
0.928979
0.847976
1.13121
0.849286
1.00437
1.08131
1.0166
1.23068
0.98099
1.04758
1.0956
1.02134
0.867022
0.918014
1.01156
0.900317
1.03251
1.03323
0.980747
0.944785
1.0215
0.936348
1.22323
1.01964
0.990751
1.02268
0.989581
0.846482
0.929887
1.09351
0.954434
1.00224
1.02675
0.970104
0.900096
0.969515
0.872757
1.03629
1.10765
0.934579
0.92715
0.93832
1.00786
1.01214
1.06513
0.893206
1.09865
1.06861
1.00754
0.965678
1.00704
0.968287
0.983053
0.961121
1.0096
1.02464
0.985819
0.931784
0.912248
0.886589
0.954134
0.912357
0.962713
1.10757
0.792907
1.12784
0.84794
1.19277
1.06254
0.995464
0.921754
1.12655
1.02705
1.03811
0.940288
1.2139
0.952982
1.10254
0.982427
0.982302
1.03461
1.01251
0.959255
1.02168
1.00281
0.915938
0.996586
0.981774
0.913289
0.942835
1.13426
1.05138
0.731391
1.07929
1.0634
1.18669
0.811711
0.820891
0.938256
0.883444
1.03726
1.01114
1.07535
1.10711
0.93335
0.899609
1.13463
0.944433
0.971243
0.963398
0.912006
0.961009
0.844533
0.916246
1.08968
0.846674
0.988553
0.853635
1.07087
0.998519
0.923493
0.991178
0.992635
0.989478
1.05282
1.06337
1.04501
1.02551
1.10881
1.03461
0.937306
0.950839
0.864839
0.960703
0.895839
0.891612
1.10494
0.957756
1.05779
1.00486
0.970846
1.10401
1.08685
1.04328
1.17088
0.954395
1.09365
0.861189
0.984093
0.856814
0.775493
0.987115
0.83967
1.06361
1.04261
0.992694
1.08037
0.959101
0.907719
0.95692
1.01551
1.04047
1.00188
1.14853
1.08935
1.12637
0.871296
0.80122
1.0663
1.1548
0.880199
1.15223
1.0383
0.90601
0.992314
0.867991
1.00563
0.821138
1.04641
1.12496
0.947168
0.953709
1.07338
1.13885
1.07831
1.24292
1.02371
0.915293
1.08392
0.905945
1.02733
0.9423
0.986721
0.855436
0.962394
0.855461
1.17914
1.18111
1.07137
0.990536
1.14105
1.06422
1.13844
1.03519
0.97761
0.884153
1.05821
1.04799
0.99372
0.936703
0.881857
0.939753
1.10821
0.950728
1.05938
1.0154
1.13681
1.31844
0.906183
0.915198
0.887562
0.864926
0.988489
0.932206
1.21575
1.14455
1.02219
0.980465
0.866809
0.984694
1.07695
1.09242
1.09498
0.879307
1.09042
1.08563
0.916571
0.972495
1.00151
0.978979
1.02325
1.03262
0.855696
1.08769
1.06813
1.04019
1.00336
0.993515
0.956056
0.975222
0.913747
1.02325
0.965581
0.928364
0.986822
1.06599
1.15869
1.0817
1.0725
1.02206
0.998901
0.921632
0.90016
0.949366
0.946948
0.837086
0.863716
1.03288
0.95806
1.10319
0.981938
0.855454
1.06954
0.972745
0.910844
0.856449
0.926245
0.997944
0.851713
0.836486
0.797245
1.00346
0.984284
0.964805
0.88619
1.03187
1.01144
0.889576
0.906368
0.933853
0.870858
0.980095
1.02862
1.06562
1.14847
0.930633
1.00868
1.12531
1.04815
1.15978
0.886532
0.981181
0.92876
0.930744
0.811866
0.90323
0.929388
1.17597
0.949422
1.03913
0.954505
1.15633
0.872751
0.908253
1.04964
1.19774
1.01155
0.876844
0.976685
1.14164
0.826507
0.961575
1.17134
0.877815
1.11993
0.951979
1.06116
0.995069
1.05748
0.986493
0.842132
0.966408
0.949585
1.10904
0.873258
1.0071
1.08433
0.979247
1.14485
1.1826
1.08261
1.14353
1.0698
1.14264
0.914355
1.03138
0.832213
0.997393
1.04364
0.95497
1.13307
1.0051
1.15385
0.942843
1.03128
1.03568
1.11045
0.991011
0.927954
0.832179
0.986948
1.00097
0.930288
1.03427
1.00316
0.927994
1.18571
1.07747
1.18271
0.867087
0.965981
0.991414
0.949842
1.16656
0.72556
0.917902
0.857047
0.981043
1.01876
0.996942
1.04063
0.921963
1.21881
0.981371
0.841028
0.997194
1.0881
0.951248
1.04517
0.856198
1.01052
0.95828
1.0222
1.0349
1.15313
1.19723
1.13626
0.931342
0.988888
1.02531
1.05204
0.963455
0.884209
1.14196
0.93972
0.970917
0.882606
0.959127
0.965452
1.02527
0.956829
0.886246
1.10629
0.967784
1.1778
0.994928
1.13799
0.985915
0.943952
1.09645
1.12344
0.899085
0.998638
1.05533
0.85919
0.965556
1.24327
1.11609
0.830712
0.989322
0.761317
1.18426
1.03951
1.00935
0.928251
1.08368
1.10394
0.878394
0.963155
0.979232
0.957235
1.1496
1.05855
1.12685
0.926286
0.999881
1.01815
1.07062
0.88289
0.935215
1.07328
0.916875
1.19684
0.973474
0.944811
1.23
1.04111
0.867876
0.896192
0.986934
1.21993
0.988632
1.01161
0.958651
0.900796
1.00167
0.873825
0.979897
0.847157
1.0371
1.09483
1.02337
1.04589
0.635797
1.02949
1.05443
1.00768
0.938998
1.11917
1.08592
0.956854
0.968097
1.16212
0.981557
1.03944
0.936722
1.00016
0.897112
1.15884
1.02933
0.998761
0.978814
0.969489
1.0215
0.848339
1.14029
1.10655
0.792207
0.805547
0.834896
0.842214
1.00515
1.02701
1.08007
0.943727
0.913133
0.968177
0.983837
0.771232
0.915366
1.03216
0.933548
0.977169
1.02894
1.0564
1.30967
1.15828
1.10518
0.989468
1.0551
1.07141
0.922297
0.945361
0.914693
1.09626
1.18259
1.16386
1.02443
1.01935
0.957241
0.960287
0.978504
1.09202
0.945334
1.04277
0.873495
0.733333
0.906773
0.777468
0.97196
0.925493
0.960915
1.16843
0.846395
0.934068
1.01328
0.775496
1.07284
1.04558
1.11245
1.08218
0.974327
0.880556
1.12746
1.13134
1.01226
0.876186
0.842039
1.04379
0.859762
0.914099
0.905636
0.904329
0.974353
1.09183
0.907643
0.825226
1.05419
0.998251
1.04768
0.955133
0.842483
1.01622
1.08707
0.887292
0.975889
0.855964
0.977288
0.864968
1.15964
1.18536
0.96012
1.09415
0.920119
1.02185
0.793009
0.927852
1.19504
0.891691
0.911223
1.07434
0.908678
0.993303
1.08493
1.07724
1.02062
0.877436
1.052
0.933226
1.09607
1.01797
1.14201
0.891447
0.961437
1.03342
1.01047
0.896219
0.867938
1.06354
0.997605
0.950352
1.0333
0.931377
0.833796
1.05875
1.03401
0.912983
0.935141
0.970179
0.916951
0.938529
0.919333
1.01928
1.05782
0.941796
1.05204
0.912994
1.15477
1.05692
1.1236
1.05895
0.936774
0.915467
0.98733
0.989768
0.976322
1.04982
1.1776
0.772213
0.889994
0.994381
1.14442
0.944845
0.879228
0.987562
1.09017
0.758987
0.932603
0.9668
0.990129
0.942886
0.905473
0.893758
1.0548
0.8461
1.34229
1.09275
1.04457
0.918652
1.0369
1.14018
0.95313
1.00417
1.1738
1.09963
0.884478
1.06313
1.05122
1.0032
1.05156
0.934717
1.06619
1.05252
1.00428
1.00605
0.992492
1.01182
0.967141
1.09672
0.985966
1.05357
1.1555
0.989567
1.02088
0.866328
0.938934
0.977327
0.916585
0.971825
0.943654
0.983021
1.07776
0.948115
0.892145
0.983492
1.09281
0.993712
1.04277
1.00352
1.12405
1.03692
1.06751
1.04963
0.944422
0.907852
0.837216
1.10512
1.13318
0.972385
1.19631
1.04585
0.98809
1.02945
1.14091
1.09804
0.952554
0.975451
0.956427
1.05595
1.00856
1.00824
0.914813
0.895201
1.009
0.981718
1.10894
1.00043
1.09464
0.858115
1.09474
1.00693
1.01041
0.9055
0.961789
1.00598
1.06093
1.0053
1.11504
0.926301
1.12599
0.895603
1.09888
1.21083
1.2264
1.06402
1.02681
0.95349
1.01126
1.25138
0.88813
1.14565
0.981291
0.891722
0.956226
1.0361
0.894693
1.15005
0.87793
1.22491
1.01259
0.879142
0.91071
1.04415
1.16487
1.08735
1.03775
1.28018
1.13397
0.860141
0.831963
0.965754
1.23246
1.14096
0.891293
1.1117
0.960971
0.896405
0.858867
0.970275
1.05948
0.993831
0.932496
1.01334
1.11106
0.981461
0.855958
0.957764
0.900964
1.06597
1.09655
1.05654
0.915975
0.969534
0.953604
1.1099
1.07475
1.03851
0.999268
0.990221
0.922904
1.13336
0.874888
0.903813
0.867257
0.95286
1.05542
0.867995
0.885607
1.17195
1.13246
1.01943
1.12892
0.96182
0.960231
0.981201
0.999156
1.01592
0.994468
1.00856
0.97318
1.01564
1.23328
1.06869
0.895326
0.837575
1.05678
0.872421
0.967429
1.06121
1.08682
1.04192
0.920603
0.996513
0.986858
1.01589
0.993842
1.08106
1.02099
1.18235
0.99452
0.909542
0.810797
0.767148
1.21424
0.807696
1.11446
0.923258
1.10965
1.04409
0.984855
1.04433
0.928475
0.974267
0.834999
0.959803
1.08656
0.850601
0.919464
1.11589
1.13747
0.797806
1.00841
0.816546
0.955233
1.06908
0.868176
0.879263
1.05428
0.889674
1.14165
1.04414
0.86275
0.988293
0.854763
0.845731
0.965455
0.907593
0.909152
1.04723
0.949932
1.05025
0.92688
0.916045
1.03534
0.91451
1.03053
0.985437
1.11281
1.01786
0.860581
0.975906
0.95499
0.967528
0.744619
1.08248
1.02376
1.1045
0.900498
1.0376
1.0624
1.04871
1.02167
0.976162
0.906036
0.929027
1.08076
0.928116
0.997935
1.00796
1.21016
0.951765
0.80227
1.0101
0.910254
0.861798
0.977295
0.825997
1.00669
1.0432
0.833142
1.02368
0.992876
1.08975
0.880142
0.998466
0.929825
0.897023
1.0374
1.05595
0.896594
1.08529
1.00899
1.02584
0.964904
1.10465
1.08233
1.08773
0.915244
0.93702
1.05123
0.934962
0.870468
1.10534
1.12624
0.973578
1.03058
0.899482
1.03765
1.1185
1.17652
0.960096
0.903038
1.01705
1.02918
0.990648
1.00029
0.966423
1.074
0.878526
1.02685
1.09517
0.996284
1.16929
1.11871
0.902225
0.957836
1.08308
0.944973
1.19498
0.995778
1.04469
1.01614
0.964939
1.1487
0.954036
1.001
0.980544
0.929793
1.02923
1.2072
1.0057
0.871227
1.17871
0.894883
1.22655
1.0525
0.925381
0.951628
1.03709
1.03193
0.91739
1.02665
0.97243
0.920099
1.09471
1.22831
0.836466
1.20167
0.998889
1.08896
1.05324
0.865287
0.915257
1.05189
1.14032
1.0925
1.02601
0.982217
0.82694
0.801677
0.93211
0.971987
0.935043
1.00859
1.00175
1.02783
0.868695
1.03255
0.912747
0.907784
1.02097
0.81128
1.01623
0.836518
1.07626
0.897833
0.919992
1.0112
0.974391
1.18108
0.979096
1.08526
1.01668
0.969517
0.911381
1.09758
1.02581
0.959859
0.741871
1.08865
1.01028
1.00929
1.011
0.942071
0.894783
0.939585
1.02515
0.954148
0.951665
1.01469
1.03524
0.99475
1.01177
0.99611
0.895853
0.908184
1.02065
1.14575
0.9239
1.0437
1.13781
0.920993
1.06267
0.85265
0.988799
0.854545
0.7749
1.2949
0.946237
1.11266
0.969681
0.843234
1.01471
1.1323
1.09598
1.05347
1.01083
0.879947
1.179
0.953324
0.938837
1.02738
1.0693
0.934694
0.91798
1.04005
1.06802
1.03096
0.726576
0.968731
0.983135
0.848461
0.928182
0.866464
1.08579
1.0568
0.974432
0.986222
0.99519
1.04799
0.916302
1.03723
1.1418
0.864218
1.0241
1.00038
0.996094
0.985508
1.12112
1.12408
0.999976
1.02767
0.998773
1.06058
1.05104
1.23666
0.883159
1.25919
1.09203
1.17537
1.04524
0.895318
1.06312
1.19218
1.05436
1.14756
1.01482
1.12084
0.907765
1.13169
0.893668
0.979955
0.884323
0.987286
0.934837
1.23729
1.09292
1.09508
0.998335
0.936556
1.05352
1.10469
1.06453
0.951805
0.940277
1.09101
0.912604
0.98184
0.852671
0.961338
0.884842
1.01256
1.04691
0.919899
1.15857
1.02832
1.0587
1.02435
0.921637
0.878528
0.939901
0.919878
0.981471
0.951995
0.880015
0.980182
1.12349
0.888781
1.06921
1.24745
1.03399
1.05589
1.05137
0.958286
1.00772
0.915897
0.922526
1.15145
1.09511
1.01057
0.959813
0.898684
0.934808
1.05422
0.840411
1.07812
0.955282
1.06561
1.03053
1.01495
1.13809
0.897113
0.998288
0.924086
1.10495
1.00788
0.911365
0.94454
1.02537
0.899643
0.992121
1.08748
0.940129
0.953122
0.944499
1.01063
1.10163
1.02355
0.913484
0.902191
1.10082
1.20219
0.882887
1.12249
0.860245
1.09256
0.968114
0.957668
1.02001
0.94747
0.965384
1.07982
1.02419
0.840294
1.059
1.18569
1.03552
1.13294
0.964934
0.984916
0.90585
0.993369
1.01951
0.966269
0.983248
1.05874
0.928722
0.824489
0.838012
0.895848
1.08294
0.933709
0.93887
0.948547
1.12786
1.05599
1.03435
1.06618
1.1206
0.936644
0.992011
0.974202
0.992365
0.839272
1.06593
1.11721
1.20254
0.872666
1.00393
0.792496
1.08311
1.05027
0.992941
1.24509
0.908028
1.13148
0.932493
1.06822
0.928474
0.956797
0.815701
1.0674
0.943451
1.1105
1.0304
1.07746
0.885715
1.07158
1.00558
0.97051
1.13706
0.918334
1.02027
0.909083
1.11146
0.953543
0.899562
0.976118
0.87425
1.06121
0.889755
1.08874
1.05601
0.98534
0.951763
1.08121
0.97261
1.15349
0.952153
1.07034
0.743709
0.859292
1.07177
1.07959
1.04941
0.908042
1.02069
0.922979
1.01755
1.05182
0.928235
1.05187
1.10578
1.0952
1.00348
1.03425
1.04055
0.895118
0.980073
0.924826
0.923307
1.04127
0.979461
1.07776
0.87556
1.04655
0.900636
0.892521
0.851781
0.899623
1.09351
0.867202
1.06664
0.953015
1.11762
1.02019
1.01546
0.813332
0.9958
1.00712
0.803055
0.989197
1.31847
0.935714
1.04193
0.879314
1.00565
0.890252
1.12889
0.90823
1.01429
0.896146
0.959961
1.11407
0.919713
0.940883
1.0784
0.900375
0.966826
0.857485
0.94418
0.998473
1.08409
1.09603
1.06319
0.894234
0.951983
0.98729
1.028
1.02415
1.01762
1.07294
1.0407
1.08282
1.12887
1.06362
0.885365
1.04695
1.11648
1.14223
1.0517
0.983769
1.06757
1.00408
0.963422
0.900748
1.00667
1.03221
1.0745
1.0305
0.974464
0.960071
1.06523
0.992264
0.913029
1.01264
0.992279
0.960132
1.18812
1.02158
0.900337
0.967388
0.952742
0.877491
0.939606
0.954511
0.910649
0.998734
1.01272
1.10793
0.943105
1.07526
1.0312
1.09916
1.04108
0.918889
0.990541
1.10389
0.954708
1.0257
1.03914
1.03707
1.15721
1.0358
1.06611
1.18304
1.11348
1.0503
0.875116
0.942791
1.02221
0.977475
0.921267
1.24094
0.890299
0.917818
1.08243
0.992869
0.892139
1.0583
0.876037
1.06827
1.05605
1.0092
0.912229
0.959682
1.14757
0.936555
0.913797
1.03234
0.811725
0.95586
1.0221
0.986675
1.1829
1.01518
0.954053
1.15612
0.954114
1.02049
0.97282
0.95298
1.01641
0.973447
1.01315
0.913635
0.929776
0.970625
0.934739
1.16709
0.813785
1.04494
0.849878
0.828713
0.938757
0.96712
1.08547
0.832333
0.991453
1.20182
0.966624
0.928449
0.852468
0.912064
0.932507
0.934888
0.85665
0.946224
1.01529
1.06987
0.992986
0.813532
1.00515
1.08602
0.912741
0.99737
0.926259
0.88571
0.754716
1.06424
1.08908
1.07928
0.812162
1.06003
1.00652
0.879557
1.20579
1.04409
0.966466
0.951363
0.966711
1.00823
0.958379
0.922104
1.01623
0.910064
1.04048
0.963021
1.26363
1.0285
0.81342
0.942966
1.18568
1.0977
0.898455
1.33035
1.05551
1.18085
1.18207
0.924962
1.05859
0.975715
0.90065
1.08675
0.834068
0.933859
1.01965
0.899459
1.33569
1.13703
0.962418
1.0001
0.959775
1.05831
0.903155
1.21462
0.766365
0.90736
1.08617
1.09136
0.976807
1.03297
0.850056
1.0553
1.06167
0.925478
0.997305
0.971086
1.15218
1.07539
1.04259
0.948828
0.991243
1.10818
0.727648
1.27846
0.976337
0.932496
1.07953
1.03539
0.915975
0.91724
0.989769
0.905251
1.00157
0.889842
1.12538
1.11981
0.999531
0.982132
0.838753
0.948844
1.17621
0.996014
0.943095
1.00817
1.04322
1.12366
0.926919
0.901168
0.951249
1.05395
1.00449
0.862654
1.02085
0.894151
0.830174
1.01915
0.95353
0.913909
1.02901
0.925636
0.990351
0.91041
0.876549
0.986604
1.07222
0.89471
1.03392
0.911731
1.09796
1.21757
0.818287
0.984856
1.1034
1.04647
1.23842
1.02221
0.933227
1.01313
1.10826
0.98064
1.03766
1.00136
1.16504
0.960813
1.19104
0.954861
1.02081
0.939209
1.08881
0.97412
0.926304
1.0013
1.05853
0.777577
0.997985
0.986856
0.884099
1.03264
0.974102
0.904234
0.950907
0.928211
0.883156
1.18529
0.983856
1.12249
1.01718
1.00259
0.944227
1.02085
1.09657
1.04118
1.0849
1.01827
0.829968
0.781904
1.08824
1.11471
1.06076
0.958327
1.02166
0.99262
1.27482
1.1002
0.918687
1.04605
1.01313
0.975801
1.06651
1.00588
1.03964
0.939472
0.933192
0.897523
0.999101
0.986466
0.887954
1.07785
0.949808
0.942877
1.09423
1.15163
1.0147
0.926833
1.15473
1.09483
0.998883
0.958788
0.786403
0.948646
1.12087
1.09975
1.05555
0.935313
0.95422
0.986517
1.03002
0.965662
1.03807
1.05086
1.0074
1.06304
0.982776
1.09902
0.951975
1.04348
0.873596
1.00562
0.840207
0.968801
0.923165
1.16619
1.09094
0.992844
1.08043
0.979653
1.04979
0.952929
1.02754
0.91104
0.850033
0.81859
0.871008
1.0103
0.70472
1.02123
0.945093
0.924102
1.05004
0.859159
0.965523
0.984581
1.02893
0.891639
0.969414
0.980673
0.900423
1.06659
0.92024
1.02615
0.997695
0.873563
0.814409
0.892392
0.925489
0.94394
1.043
0.870628
1.03241
1.02675
0.911051
1.01236
1.01336
1.25164
0.894646
1.06302
0.9238
1.0528
1.0421
0.874037
0.895451
0.9737
0.886432
1.04324
1.02522
0.939601
1.1281
1.14054
0.985714
1.07502
1.03599
0.950366
1.15434
1.13164
0.984195
1.09279
0.844901
1.04889
0.904838
0.948233
0.88321
1.08659
0.786959
1.15289
1.04667
1.04038
0.813129
0.944645
0.756402
0.945047
1.18013
1.04647
0.884737
0.941626
0.830532
0.820347
1.12476
0.991972
0.968362
1.23832
1.02299
1.09341
1.11762
0.912335
1.12378
0.89245
1.04
0.884215
0.989052
0.966322
0.882166
0.901648
0.948695
0.927816
1.00204
1.02208
1.31578
1.08902
1.07819
1.16712
0.920666
1.26954
0.892199
0.958287
1.00441
1.00818
1.00352
0.891974
0.810295
1.05792
0.953477
1.06245
0.891355
1.16007
0.912067
0.887053
1.12058
0.840905
0.964507
0.909604
1.12013
0.944369
0.92282
0.910938
0.926289
0.926155
1.10354
1.00755
0.962913
1.02413
0.980851
1.02758
1.02369
1.03165
1.2785
1.01475
0.980015
0.941678
0.920179
1.05258
0.92615
1.01971
1.13192
0.988828
1.03548
1.14309
1.07109
1.04124
1.1008
1.00229
1.03789
1.13897
1.02798
1.07298
1.04452
0.825353
0.849015
0.856683
0.879327
0.962564
1.03845
0.987087
1.12146
1.13805
1.12898
1.02333
1.06315
1.04994
1.20045
0.952053
1.09402
0.894251
0.965529
1.07861
0.926885
0.869481
1.05889
0.956661
0.918442
1.16195
1.20097
1.21031
1.0557
1.07137
1.04594
0.903259
0.804795
1.21614
1.13705
0.904973
0.859731
1.00108
0.968564
0.960745
0.824527
1.0101
0.947048
0.791211
0.98498
0.923395
1.00595
1.03987
1.00772
0.943823
1.13926
1.06064
1.13593
0.937807
0.992225
1.20534
1.07058
1.10108
1.01794
1.14375
0.937721
1.11907
0.967282
1.03573
1.00895
0.890976
1.11488
1.07697
1.04524
1.09306
0.894195
1.0772
1.0045
0.934195
0.85841
1.07501
0.948412
0.977367
1.11701
0.874533
1.213
1.17884
1.01286
0.870082
1.19771
1.00394
1.12615
0.77658
1.29035
0.878288
1.09175
0.855218
0.860568
1.27866
0.861158
0.945644
0.929793
0.956969
1.07559
1.02573
1.05044
1.0301
0.920862
0.942878
1.03482
0.957016
1.03638
0.717153
0.832263
1.16297
0.875404
1.00879
0.947291
1.12825
0.766339
1.11023
0.889082
0.948703
0.766287
0.847997
1.1553
0.971859
1.05605
1.02763
0.989723
1.12094
0.970185
0.968921
0.883211
0.979074
1.07282
1.01566
1.06874
1.13322
1.18002
1.12723
1.11004
1.09001
1.06683
1.26506
0.903999
0.952924
0.964216
1.00458
1.08131
0.989199
1.1952
1.00287
0.929386
0.805252
1.06229
1.00529
0.99723
1.18423
1.01377
1.04154
0.812332
1.1017
1.0013
1.03826
1.03296
0.920575
0.962649
0.935319
1.00008
1.09084
1.04736
1.10339
0.955891
1.0217
0.88104
1.01005
0.967544
0.94725
0.804657
0.819541
1.05124
0.892732
1.15213
0.768754
1.09616
1.03607
1.234
1.04826
0.91378
0.933922
0.9428
0.92104
0.936359
0.978381
0.940172
1.03149
0.995447
0.953366
1.1126
1.09201
1.06364
1.08057
0.992186
1.12001
0.836395
0.816182
0.9427
0.849895
0.986
0.996274
1.2005
0.923704
1.05742
0.993499
1.02323
0.91135
0.993628
1.08858
1.14192
1.10304
1.01518
1.01243
0.796467
0.97469
1.22226
1.30498
1.07755
1.05449
0.965561
1.23179
0.979253
1.14504
1.07513
0.846333
1.11614
0.786006
1.0012
0.970632
0.921512
0.942406
1.08669
0.828088
1.0107
1.03849
0.858157
1.15827
0.9221
1.04053
