0.721865
0.613985
0.61563
0.0341166
0.727751
0.908413
0.0616193
0.984422
0.616547
0.887214
0.646767
0.295132
0.823372
0.484275
0.505688
0.427688
0.521906
0.0473484
0.989691
0.56663
0.775815
0.198064
0.199736
0.625787
0.529411
0.904223
0.698465
0.494098
0.492233
0.194063
0.206008
0.700738
0.472237
0.442172
0.584225
0.179248
0.21228
0.65675
0.914105
0.310345
0.284585
0.697899
0.970978
0.923117
0.097888
0.856632
0.902251
0.434266
0.571927
0.724286
0.412341
0.805112
0.533992
0.782024
0.259498
0.496024
0.392198
0.640131
0.36921
0.0979842
0.140185
0.356756
0.368867
0.820954
0.247923
0.765834
0.848376
0.518746
0.493314
0.243827
0.151427
0.430083
0.289279
0.845015
0.00206929
0.315525
0.561012
0.23499
0.771316
0.16996
0.728098
0.352068
0.688446
0.190351
0.846171
0.22628
0.801691
0.178407
0.462807
0.885657
0.993012
0.0578887
0.242343
0.779472
0.851623
0.68622
0.9143
0.648145
0.710984
0.6401
0.600096
0.269485
0.653924
0.154803
0.0727571
0.0109657
0.79059
0.896849
0.00428555
0.617717
0.613918
0.749739
0.755394
0.165926
0.737299
0.29244
0.762282
0.611322
0.819141
0.1503
0.0751493
0.862452
0.979001
0.898098
0.103126
0.808418
0.509987
0.694893
0.120314
0.23077
0.192112
0.330383
0.587623
0.0292426
0.011285
0.862443
0.845093
0.691024
0.588629
0.525543
0.229379
0.433237
0.124818
0.0897202
0.171107
0.948333
0.164109
0.349807
0.326766
0.182071
0.982774
0.924592
0.299834
0.0737836
0.906598
0.0456072
0.00583285
0.688606
0.362145
0.515224
0.235981
0.671363
0.966486
0.513751
0.474151
0.451797
0.460049
0.435216
0.521804
0.130826
0.787312
0.431521
0.985596
0.477525
0.130002
0.844667
0.182352
0.966501
0.197496
0.206714
0.516067
0.285376
0.579119
0.987192
0.881663
0.242035
0.46301
0.767623
0.150146
0.501353
0.52626
0.0228653
0.289887
0.0810724
0.300995
0.188949
0.178692
0.0365239
0.821107
0.197104
0.661352
0.263877
0.854305
0.153656
0.907373
0.851611
0.524183
0.345491
0.62356
0.909887
0.626992
0.250761
0.17614
0.307515
0.447802
0.734534
0.177133
0.246205
0.380735
0.109062
0.58963
0.101777
0.157968
0.238363
0.906687
0.462035
0.992192
0.366804
0.458513
0.790979
0.4372
0.851364
0.402643
0.649047
0.271309
0.477281
0.451776
0.89908
0.208298
0.53675
0.893982
0.827685
0.740545
0.350378
0.959943
0.611695
0.919053
0.411072
0.0919347
0.0594097
0.375055
0.830048
0.169229
0.0563017
0.387883
0.264663
0.244603
0.64488
0.303793
0.00772772
0.846641
0.168394
0.110418
0.418025
0.402528
0.408072
0.471565
0.37169
0.836006
0.143569
0.0270117
0.914152
0.895191
0.0663334
0.262014
0.792335
0.264943
0.475551
0.751201
0.0467834
0.0184535
0.686381
0.0815432
0.343419
0.462772
0.580154
0.259094
0.224607
0.932929
0.226228
0.904175
0.959219
0.589358
0.00518307
0.039704
0.171389
0.773302
0.163053
0.777352
0.927635
0.974891
0.226269
0.706212
0.46205
0.968577
0.20701
0.288672
0.219233
0.170613
0.0286471
0.0681747
0.394669
0.773269
0.100967
0.99356
0.65222
0.710468
0.474865
0.664665
0.198435
0.00952771
0.50619
0.803881
0.89336
0.583702
0.458436
0.75835
0.577529
0.0202038
0.973961
0.337487
0.294832
0.418396
0.843426
0.790514
0.590945
0.832849
0.00313516
0.228704
0.567011
0.375933
0.189976
0.297006
0.868251
0.534655
0.183632
0.399753
0.287206
0.756407
0.0657682
0.285134
0.161286
0.858331
0.425869
0.293115
0.244319
0.314971
0.943423
0.0714999
0.231791
0.978917
0.27613
0.0648244
0.619451
0.289115
0.683837
0.580758
0.0749861
0.521536
0.317869
0.738709
0.0024407
0.13689
0.605459
0.105324
0.479075
0.78008
0.658957
0.32156
0.244344
0.986064
0.139502
0.526019
0.920693
0.14684
0.50486
0.879245
0.145848
0.794217
0.0710917
0.993647
0.796294
0.753071
0.817761
0.573758
0.981627
0.219775
0.366355
0.0715083
0.989469
0.320486
0.0616139
0.661199
0.86063
0.203978
0.585447
0.338862
0.774207
0.223706
0.0331374
0.450704
0.922309
0.263792
0.881508
0.455311
0.0540897
0.763626
0.778747
0.224303
0.368785
0.495749
0.58557
0.686135
0.93743
0.651736
0.597421
0.117718
0.332954
0.290733
0.377387
0.888558
0.648338
0.705368
0.129513
0.962099
0.582521
0.759698
0.0422182
0.958951
0.773738
0.75389
0.531487
0.0866984
0.059986
0.870329
0.813532
0.740974
0.846305
0.755828
0.736606
0.0824814
0.258552
0.294635
0.301662
0.394659
0.263361
0.126929
0.801545
0.526673
0.433983
0.96748
0.00839222
0.226423
0.541684
0.279169
0.338951
0.668247
0.652392
0.356057
0.42748
0.980023
0.908279
0.370684
0.0359357
0.074344
0.673972
0.440293
0.731123
0.588453
0.227068
0.266655
0.258505
0.237638
0.672656
0.404197
0.0423545
0.386765
0.261523
0.711112
0.741931
0.144632
0.791728
0.0381372
0.293384
0.785846
0.273245
0.709694
0.367054
0.804894
0.535355
0.852068
0.66987
0.407113
0.956467
0.123334
0.0225278
0.741229
0.996071
0.899684
0.641134
0.678164
0.708501
0.472886
0.553004
0.440794
0.918191
0.313515
0.576309
0.889349
0.236126
0.954689
0.793246
0.76714
0.597162
0.550959
0.946429
0.711295
0.497908
0.667069
0.688187
0.333205
0.614857
0.351255
0.112452
0.173354
0.982457
0.047778
0.498925
0.835231
0.4108
0.403385
0.699221
0.103001
0.322628
0.522369
0.0946516
0.347631
0.689333
0.724927
0.555368
0.0261575
0.245651
0.36351
0.330522
0.578779
0.662719
0.751831
0.299149
0.528464
0.859206
0.76124
0.511461
0.0877564
0.130182
0.139143
0.450219
0.0774808
0.27343
0.104152
0.941906
0.462015
0.392884
0.27266
0.147344
0.305833
0.558868
0.471521
0.561489
0.455996
0.00484524
0.491527
0.452052
0.755287
0.0403498
0.33637
0.666657
0.0906724
0.359791
0.0217711
0.238219
0.0817717
0.926819
0.479471
0.718223
0.714039
0.113945
0.620768
0.667596
0.721328
0.277088
0.114283
0.234863
0.0225338
0.444758
0.932654
0.251269
0.0170044
0.301538
0.222828
0.77255
0.0433986
0.145574
0.554665
0.49706
0.806687
0.999749
0.102506
0.989916
0.0779784
0.55623
0.814428
0.142866
0.471863
0.134077
0.123846
0.799564
0.605956
0.329599
0.258172
0.975932
0.447331
0.539156
0.699196
0.605308
0.150528
0.0340683
0.849895
0.238061
0.191835
0.767353
0.462348
0.625357
0.104511
0.591953
0.881449
0.616771
0.619654
0.0701481
0.659101
0.30143
0.517395
0.553851
0.593582
0.822374
0.993109
0.715454
0.748768
0.793816
0.843325
0.208933
0.507904
0.751007
0.276026
0.64088
0.216607
0.562367
0.650028
0.531169
0.469792
0.233594
0.948122
0.442926
0.597204
0.0334247
0.28867
0.961498
0.402243
0.37074
0.280338
0.702117
0.708782
0.352696
0.524658
0.0259252
0.770647
0.453576
0.0711054
0.644075
0.0984585
0.224053
0.129375
0.789567
0.758517
0.470531
0.84355
0.13653
0.698427
0.834282
0.43285
0.146627
0.154138
0.200041
0.503635
0.0222645
0.693091
0.86376
0.837373
0.946312
0.948168
0.889204
0.459238
0.787998
0.59712
0.583076
0.292042
0.954686
0.642169
0.518364
0.200173
0.56921
0.54446
0.0355877
0.728248
0.652459
0.268075
0.65164
0.339141
0.490899
0.788264
0.305912
0.456099
0.868716
0.118605
0.873382
0.113621
0.344277
0.411773
0.87436
0.521782
0.250582
0.188603
0.810576
0.348705
0.599408
0.250132
0.0573014
0.0258576
0.568826
0.327322
0.741181
0.88086
0.753777
0.0231336
0.533476
0.402501
0.859401
0.101647
0.7884
0.442636
0.0167994
0.678916
0.956233
0.65967
0.400922
0.370248
0.700899
0.00830329
0.330267
0.948585
0.651712
0.580222
0.52808
0.568682
0.21895
0.600439
0.724736
0.111776
0.402967
0.883956
0.280999
0.705416
0.0265222
0.557439
0.0118428
0.973159
0.320015
0.350602
0.890521
0.0688075
0.289307
0.261973
0.81257
0.0498793
0.795835
0.903744
0.0994402
0.645005
0.778679
0.33038
0.921438
0.969927
0.548298
0.655681
0.319663
0.246796
0.581597
0.262992
0.00664071
0.0814565
0.748034
0.913224
0.625316
0.353391
0.396439
0.555408
0.646119
0.273037
0.232241
0.144433
0.58178
0.66114
0.414783
0.270693
0.699569
0.00484196
0.804426
0.906291
0.910676
0.345193
0.789111
0.0725233
0.0163873
0.550772
0.620087
0.733311
0.990774
0.0320959
0.686467
0.719265
0.479557
0.451523
0.658331
0.98709
0.19485
0.48332
0.928037
0.0189905
0.385468
0.178587
0.279434
0.666791
0.0624754
0.989734
0.214681
0.245434
0.15968
0.00918752
0.86833
0.180567
0.308744
0.477014
0.93839
0.014884
0.408613
0.112161
0.564041
0.0779242
0.668939
0.321985
0.579689
0.624011
0.307189
0.844769
0.0750532
0.743016
0.579135
0.879905
0.690973
0.848637
0.322396
0.260446
0.580615
0.0488815
0.692739
0.722686
0.465781
0.203437
0.272805
0.827494
0.717986
0.97262
0.23297
0.58805
0.894012
0.662586
0.72401
0.358706
0.655615
0.171499
0.18127
0.0396268
0.503071
0.841333
0.720016
0.15193
0.25226
0.520005
0.301662
0.837984
0.684958
0.638522
0.85056
0.341572
0.302045
0.607827
0.00103799
0.0225986
0.609293
0.340043
0.654372
0.461032
0.865451
0.198783
0.0253878
0.704765
0.722279
0.183231
0.358368
0.216085
0.686252
0.650676
0.991964
0.57144
0.8316
0.382185
0.952787
0.469189
0.694378
0.296098
0.757384
0.100023
0.777259
0.614046
0.602262
0.434742
0.594725
0.784163
0.621674
0.484082
0.688356
0.966194
0.392831
0.0852696
0.541897
0.383178
0.368244
0.270005
0.825796
0.344393
0.414878
0.768548
0.900889
0.244258
0.139803
0.704599
0.0109398
0.341871
0.182027
0.0356714
0.093701
0.625874
0.150214
0.793622
0.640195
0.569336
0.385954
0.680054
0.531901
0.0793346
0.232284
0.0712529
0.285536
0.44593
0.987152
0.987366
0.635113
0.595214
0.221492
0.0804981
0.88097
0.451125
0.641627
0.196413
0.935452
0.710712
0.175653
0.564539
0.494935
0.837545
0.46353
0.170948
0.267888
0.577948
0.430524
0.369013
0.688638
0.804743
0.123732
0.282422
0.0465571
0.993204
0.49134
0.0552352
0.460329
0.133896
0.28433
0.503678
0.627003
0.387092
0.760298
0.224354
0.775515
0.283453
0.369097
0.713569
0.754359
0.775667
0.0999679
0.552448
0.683108
0.945714
0.669864
0.212533
0.0974632
0.672476
0.232646
0.536558
0.0175151
0.0643451
0.788842
0.449082
0.86892
0.961544
0.975649
0.951659
0.686659
0.312834
0.416882
0.957252
0.531089
0.731295
0.312537
0.018564
0.545946
0.0338813
0.447672
0.504973
0.58802
0.0694155
0.300283
0.282773
0.858161
0.639733
0.42787
0.453385
0.463319
0.818651
0.812374
0.204253
0.339307
0.473445
0.343177
0.327088
0.463956
0.293542
0.117852
0.458162
0.79038
0.131087
0.740346
0.595335
0.830007
0.9581
0.296293
0.946502
0.315083
0.244887
0.185129
0.664152
0.870336
0.0644139
0.48872
0.520717
0.123472
0.727309
0.05616
0.0794082
0.184214
0.252202
0.984458
0.415225
0.921547
0.476072
0.674778
0.940814
0.968875
0.109297
0.143926
0.391888
0.886773
0.540101
0.770785
0.526862
0.413011
0.693068
0.157361
0.595423
0.22955
0.746425
0.284146
0.1307
0.176198
0.0127807
0.639485
0.11974
0.340601
0.787999
0.50262
0.10695
0.954271
0.4729
0.0601125
0.285231
0.524323
0.772479
0.535331
0.129454
0.130627
0.277323
0.010683
0.626989
0.31805
0.23192
0.122282
0.659967
0.51347
0.794549
0.306746
0.593964
0.397272
0.593423
0.779797
0.627785
0.158989
0.883798
0.926372
0.959058
0.0667856
0.110711
0.281907
0.320302
0.28048
0.182052
0.784508
0.940163
0.337776
0.256647
0.477673
0.484518
0.243403
0.352044
0.343269
0.0321213
0.590848
0.576691
0.444444
0.639477
0.64637
0.291183
0.0581622
0.549643
0.824982
0.0032882
0.977053
0.599639
0.488083
0.30141
0.660255
0.881147
0.492441
0.631203
0.412952
0.209201
0.420199
0.220002
0.274278
0.453542
0.919603
0.953781
0.793286
0.28734
0.0861344
0.511301
0.372667
0.40795
0.313736
0.560158
0.359899
0.784412
0.545814
0.319396
0.565535
0.986363
0.355714
0.2934
0.388282
0.149068
0.786347
0.481726
0.226597
0.629236
0.378663
0.869583
0.356458
0.906327
0.318649
0.503633
0.955015
0.784024
0.132551
0.957811
0.449801
0.446571
0.859996
0.493846
0.873191
0.424648
0.134711
0.721169
0.4018
0.0254871
0.102519
0.0609033
0.760499
0.281905
0.606305
0.818615
0.670752
0.974944
0.567636
0.170517
0.022944
0.784813
0.994724
0.867813
0.952398
0.124805
0.546419
0.963868
0.498769
0.712894
0.0819226
0.368895
0.0284938
0.43568
0.125901
0.536843
0.0999951
0.559392
0.678698
0.0891708
0.951319
0.842613
0.30132
0.680207
0.289899
0.605433
0.904898
0.908765
0.564126
0.30971
0.174299
0.580717
0.396428
0.705122
0.0555767
0.127201
0.357522
0.0957056
0.236965
0.483165
0.761554
0.781569
0.0530751
0.230915
0.661791
0.230458
0.742007
0.313371
0.726564
0.0338672
0.485051
0.121712
0.175154
0.202393
0.158667
0.262098
0.453289
0.854995
0.228439
0.806158
0.827966
0.856879
0.714674
0.329922
0.581264
0.460664
0.659352
0.545908
0.982849
0.505541
0.0241075
0.833022
0.720841
0.2291
0.448918
0.468978
0.970764
0.246513
0.801211
0.869921
0.782221
0.751766
0.945053
0.64194
0.963022
0.495625
0.660128
0.749157
0.140433
0.595017
0.140177
0.603076
0.179229
0.72853
0.000591586
0.377894
0.636256
0.772697
0.22486
0.356447
0.431171
0.43377
0.979534
0.611475
0.413063
0.929668
0.727415
0.826917
0.00263366
0.276775
0.56865
0.563898
0.58962
0.236288
0.239416
0.776105
0.865166
0.474803
0.697886
0.879248
0.768807
0.993811
0.727164
0.179278
0.229773
0.382816
0.484874
0.964057
0.382288
0.950735
0.429089
0.0631774
0.434553
0.290295
0.550299
0.180596
0.871112
0.330087
0.339084
0.804792
0.168267
0.428991
0.419205
0.00111882
0.702254
0.567638
0.275779
0.891056
0.0298486
0.191613
0.00823888
0.123029
0.221095
0.761067
0.537758
0.139498
0.423852
0.561455
0.198833
0.544996
0.339832
0.830051
0.144706
0.379813
0.791834
0.752962
0.496321
0.603999
0.0618391
0.387301
0.664495
0.596386
0.179679
0.0632277
0.774996
0.973315
0.84195
0.320529
0.626212
0.531744
0.140856
0.934436
0.109103
0.621443
0.782691
0.08536
0.519119
0.750946
0.975615
0.227238
0.689773
0.731962
0.666445
0.709173
0.377556
0.166917
0.306123
0.705062
0.827887
0.584332
0.823556
0.505888
0.951774
0.0267111
0.987533
0.729372
0.042885
0.39563
0.836367
0.50168
0.464712
0.358719
0.354998
0.165849
0.23751
0.12322
0.0791993
0.571644
0.954712
0.880808
0.806612
0.501522
0.958489
0.228367
0.0942682
0.287386
0.204164
0.369402
0.722301
0.172832
0.743149
0.400784
0.803536
0.475556
0.254098
0.489501
0.718637
0.10463
0.551976
0.24412
0.556503
0.487317
0.504706
0.0856324
0.239604
0.460121
0.287109
0.92238
0.0139347
0.178758
0.401804
0.933744
0.48329
0.601736
0.396767
0.767286
0.867527
0.602233
0.709234
0.954034
0.664525
0.262949
0.565625
0.846581
0.39551
0.408646
0.367202
0.884719
0.61345
0.931026
0.491113
0.493256
0.854189
0.960674
0.936548
0.416737
0.710028
0.440717
0.745662
0.795731
0.705421
0.15692
0.628966
0.78939
0.15449
0.778878
0.724886
0.0489604
0.680033
0.967011
0.923147
0.846926
0.57372
0.100039
0.681701
0.166486
0.67717
0.677631
0.766869
0.556049
0.963575
0.952906
0.846381
0.05342
0.499591
0.849489
0.365023
0.984384
0.967147
0.717795
0.63255
0.940368
0.424894
0.98523
0.553575
0.73986
0.488956
0.255013
0.929113
0.67829
0.612682
0.908277
0.759464
0.871044
0.645088
0.76417
0.478128
0.994303
0.347667
0.852615
0.54644
0.228406
0.0492661
0.854432
0.338609
0.708409
0.118709
0.263511
0.746843
0.286528
0.434858
0.825708
0.43627
0.911175
0.533796
0.309173
0.179309
0.42724
0.612824
0.160777
0.199209
0.102341
0.0709555
0.103344
0.952423
0.683704
0.7656
0.228354
0.279521
0.29037
0.665114
0.638834
0.354309
0.945427
0.0769219
0.197088
0.360862
0.0529308
0.130881
0.431992
0.328149
0.624222
0.697583
0.160504
0.0519346
0.558324
0.421282
0.878112
0.533651
0.781094
0.0471303
0.472877
0.865924
0.547842
0.72242
0.31778
0.994445
0.714072
0.4515
0.296049
0.285866
0.279067
0.384082
0.814156
0.331422
0.00697595
0.11659
0.357177
0.915952
0.430109
0.686277
0.641192
0.582011
0.0391213
0.437765
0.917424
0.718773
0.964775
0.441716
0.482794
0.605387
0.955961
0.645309
0.951587
0.338502
0.958683
0.434225
0.342913
0.0736238
0.100666
0.785807
0.538656
0.510011
0.38631
0.693102
0.166581
0.0487808
0.906641
0.0394641
0.46332
0.553928
0.868978
0.603403
0.17188
0.145928
0.25098
0.37337
0.0284051
0.95763
0.383775
0.852172
0.892847
0.282108
0.268856
0.530691
0.0782499
0.0421754
0.933419
0.210608
0.933326
0.0112365
0.628854
0.355809
0.23302
0.715172
0.177054
0.152167
0.431742
0.444939
0.269238
0.455387
0.333958
0.309582
0.0219869
0.3066
0.236828
0.759327
0.595153
0.195386
0.0995766
0.508467
0.176361
0.749934
0.794282
0.287707
0.136767
0.0340045
0.99278
0.35567
0.662767
0.13039
0.744357
0.199237
0.668354
0.190568
0.298931
0.352431
0.29279
0.630227
0.2304
0.763505
0.788307
0.650349
0.414852
0.639947
0.102497
0.763544
0.918319
0.201063
0.960097
0.505324
0.348764
0.267862
0.748858
0.00999737
0.72699
0.119883
0.0141615
0.630875
0.43116
0.5487
0.867109
0.284475
0.269605
0.537758
0.110734
0.69842
0.236625
0.498236
0.389051
0.242695
0.00595265
0.490642
0.163614
0.523985
0.716582
0.361797
0.822282
0.422745
0.105639
0.226923
0.72487
0.752717
0.542985
0.226508
0.490376
0.222565
0.022245
0.987635
0.33048
0.879325
0.662941
0.719475
0.733987
0.713356
0.778423
0.372611
0.306914
0.60447
0.064279
0.791902
0.0729037
0.288942
0.961926
0.292564
0.0386502
0.527081
0.752047
0.589147
0.329031
0.151051
0.432583
0.507119
0.696627
0.172621
0.935954
0.406715
0.710317
0.63055
0.740203
0.748771
0.427639
0.357277
0.428746
0.732192
0.855609
0.344608
0.25342
0.432786
0.0046649
0.888099
0.255517
0.37311
0.840456
0.189799
0.999479
0.953041
0.938133
0.599069
0.473965
0.670755
0.143844
0.171141
0.214953
0.563793
0.0481276
0.723114
0.205579
0.799911
0.575868
0.0670781
0.607401
0.847397
0.497532
0.600047
0.877764
0.154541
0.166343
0.930392
0.327965
0.767953
0.286106
0.720458
0.676906
0.819405
0.0143529
0.425057
0.654903
0.310896
0.205504
0.105528
0.212375
0.127617
0.0987355
0.999031
0.388056
0.708516
0.255229
0.0227965
0.391461
0.304137
0.0495076
0.892982
0.954258
0.251427
0.519526
0.0378526
0.505255
0.195203
0.880224
0.984953
0.223682
0.68596
0.50521
0.401971
0.525457
0.0837023
0.681277
0.470969
0.037121
0.197506
0.940433
0.775684
0.612132
0.590473
0.274132
0.381573
0.444208
0.979788
0.0343917
0.288292
0.832398
0.661551
0.826499
0.934306
0.652576
0.390076
0.197965
0.933306
0.0900498
0.64135
0.428447
0.722123
0.687952
0.690332
0.225297
0.299836
0.266128
0.43178
0.62945
0.737745
0.765187
0.374301
0.936313
0.639913
0.570415
0.737303
0.936372
0.233951
0.370231
0.080538
0.280174
0.271745
0.103879
0.395929
0.272394
0.419804
0.0530382
0.0913649
0.899668
0.318917
0.632046
0.796145
0.396871
0.992816
0.931412
0.417774
0.156541
0.785522
0.569317
0.379783
0.28613
0.507057
0.905787
0.470266
0.617764
0.967235
0.174218
0.230828
0.475211
0.577187
0.584953
0.315622
0.00273672
0.198325
0.95559
0.750162
0.360535
0.918439
0.922708
0.519617
0.59143
0.934594
0.289712
0.416243
0.463518
0.222535
0.565457
0.575672
0.0934644
0.172269
0.248371
0.631724
0.655116
0.869536
0.91074
0.919439
0.978131
0.202821
0.637858
0.656012
0.341314
0.475635
0.87671
0.529325
0.26534
0.703721
0.24891
0.623757
0.609551
0.276885
0.382534
0.112959
0.77752
0.165143
0.317585
0.649289
0.336073
0.348863
0.539738
0.879587
0.852441
0.652594
0.197077
0.0169806
0.254242
0.662272
0.554496
0.89841
0.516983
0.905486
0.240467
0.457557
0.983761
0.974487
0.340845
0.0428634
0.121847
0.771647
0.894412
0.510338
0.0208571
0.557027
0.844842
0.520823
0.437186
0.977767
0.0037712
0.971421
0.689386
0.758972
0.0796646
0.99076
0.209194
0.235781
0.32717
0.427797
0.0528813
0.406318
0.871637
0.263827
0.177619
0.685195
0.263501
0.877409
0.787543
0.0372685
0.317206
0.591879
0.554217
0.671338
0.789366
0.435144
0.0161597
0.973457
0.950845
0.541443
0.962148
0.859565
0.607447
0.124766
0.102966
0.227117
0.623901
0.453612
0.836299
0.685391
0.505826
0.756783
0.409446
0.244185
0.0943764
0.489886
0.284558
0.140559
0.928233
0.892253
0.0110672
0.483339
0.32765
0.263944
0.410015
0.895051
0.755233
0.892531
0.374951
0.830979
0.508134
0.0593574
0.0941031
0.755037
0.296359
0.0549439
0.998489
0.852139
0.761869
0.633242
0.240681
0.456755
0.493169
0.834415
0.00888669
0.877343
0.59006
0.605842
0.481049
0.796338
0.333254
0.151019
0.723651
0.925395
0.0135392
0.436059
0.339903
0.0955676
0.47517
0.783471
0.172014
0.462107
0.428182
0.982908
0.862225
0.00357605
0.0843196
0.848565
0.577293
0.994963
0.171249
0.652926
0.701117
0.634477
0.879765
0.366537
0.80019
0.503723
0.798664
0.133501
0.666565
0.0409374
0.391977
0.912373
0.743026
0.706966
0.0732438
0.712153
0.735144
0.02369
0.431528
0.353053
0.714915
0.164564
0.663847
0.181742
0.520661
0.276976
0.768714
0.670732
0.757877
0.216099
0.555474
0.331621
0.205732
0.869933
0.0241233
0.871857
0.933881
0.755217
0.1703
0.024723
0.934304
0.0639121
0.770133
0.982227
0.572837
0.839919
0.19964
0.860584
0.665104
0.465743
0.843352
0.127981
0.481514
0.138784
0.146865
0.424307
0.486035
0.516927
0.867996
0.702537
0.113406
0.213144
0.581239
0.121462
0.389504
0.318772
0.9902
0.61945
0.699525
0.635176
0.102707
0.598922
0.50869
0.793463
0.823273
0.65123
0.340142
0.941952
0.0176121
0.751639
0.814746
0.181075
0.603883
0.854077
0.0574557
0.425411
0.725356
0.315358
0.274947
0.872517
0.559188
0.0785636
0.809207
0.758276
0.815992
0.045262
0.47176
0.578416
0.484895
0.566258
0.463224
0.45591
0.878759
0.480565
0.682873
0.833939
0.534266
0.632276
0.732912
0.174102
0.0215495
0.295034
0.422138
0.839556
0.218054
0.433776
0.073673
0.842797
0.101321
0.233451
0.441471
0.637731
0.615381
0.824388
0.540268
0.635762
0.66544
0.634014
0.19368
0.625558
0.795551
0.294588
0.605117
0.77619
0.60396
0.536674
0.756228
0.403337
0.450802
0.997998
0.937531
0.178238
0.512849
0.377412
0.215943
0.959079
0.739994
0.863632
0.143888
0.924506
0.768144
0.268446
0.514659
0.188951
0.343238
0.794078
0.468745
0.579452
0.311045
0.864388
0.75579
0.753666
0.727457
0.949615
0.456883
0.338748
0.143947
0.814324
0.971856
0.270801
0.622888
0.11827
0.576295
0.0145666
0.537416
0.799846
0.352931
0.843057
0.710525
0.171815
0.80211
0.856811
0.94809
0.159009
0.936036
0.922457
0.520488
0.607689
0.161452
0.210281
0.647527
0.0962342
0.755472
0.510477
0.541344
0.176877
0.239237
0.00777364
0.0619889
0.478144
0.454084
0.694121
0.540354
0.597709
0.644916
0.0991272
0.82316
0.215338
0.355466
0.51793
0.0946648
0.355609
0.440137
0.416196
0.529804
0.230108
0.997104
0.191927
0.333433
0.588771
0.527368
0.973769
0.220363
0.0100812
0.124455
0.635503
0.89089
0.0597811
0.999435
0.706418
0.556485
0.747815
0.145964
0.357237
0.0703464
0.213172
0.450015
0.141295
0.717499
0.0663186
0.049018
0.670657
0.219124
0.318918
0.245056
0.906854
0.00581712
0.330513
0.776841
0.245936
0.314441
0.701865
0.755137
0.0775206
0.163287
0.544636
0.0663194
0.997528
0.760217
0.0571002
0.548769
0.354292
0.398469
0.835575
0.746772
0.307734
0.394831
0.851257
0.546631
0.0812803
0.124857
0.522146
0.499655
0.58622
0.70981
0.809759
0.136739
0.0981885
0.410038
0.770301
0.0791991
0.165457
0.27945
0.490002
0.250562
0.428727
0.135789
0.834284
0.993997
0.532107
0.401388
0.940473
0.400069
0.804966
0.869102
0.883713
0.649514
0.894347
0.948095
0.445803
0.675711
0.0276281
0.444165
0.416608
0.951545
0.0851248
0.429321
0.357766
0.705349
0.162312
0.255261
0.258352
0.370607
0.801359
0.26547
0.0122044
0.574114
0.571663
0.260615
0.146591
0.467269
0.17907
0.271914
0.731903
0.705203
0.783472
0.697183
0.902073
0.878416
0.704456
0.354242
0.915392
0.701618
0.194718
0.506363
0.185421
0.764458
0.460898
0.414452
0.211689
0.148836
0.611548
0.470658
0.839847
0.71747
0.711909
0.468078
0.780986
0.378423
0.625188
0.0612712
0.819799
0.130268
0.820018
0.972249
0.641263
0.192579
0.823798
0.996638
0.705552
0.0264347
0.50159
0.364698
0.100844
0.549628
0.840266
0.511894
0.803731
0.351266
0.41759
0.813693
0.276896
0.210438
0.23593
0.339286
0.833773
0.723666
0.100273
0.178919
0.699853
0.345783
0.220247
0.399517
0.20033
0.648977
0.215824
0.183292
0.00378896
0.104641
0.206397
0.204026
0.8516
0.192749
0.162926
0.795706
0.702725
0.14343
0.202821
0.96821
0.72361
0.115437
0.00727264
0.824725
0.0528688
0.116182
0.0406999
0.435583
0.770422
0.468051
0.752012
0.723211
0.000799715
0.125653
0.437371
0.41287
0.580285
0.64873
0.944133
0.603885
0.217585
0.135372
0.895679
0.0160385
0.577724
0.920264
0.616786
0.465829
0.218837
0.342625
0.439268
0.62727
0.811562
0.388544
0.567541
0.631927
0.570707
0.512382
0.183812
0.562869
0.328886
0.441955
0.972587
0.397238
0.181815
0.272154
0.744173
0.452106
0.134943
0.651711
0.336866
0.888315
0.681121
0.367793
0.477513
0.326999
0.73898
0.133112
0.780141
0.133451
0.881727
0.880229
0.562328
0.42304
0.286018
0.367758
0.659012
0.34387
0.330626
0.403141
0.913428
0.690845
0.274565
0.486687
0.524855
0.405856
0.944378
0.181569
0.932855
0.0187545
0.860263
0.0144534
0.417712
0.583814
0.730732
0.211463
0.0967315
0.166363
0.745482
0.0741486
0.496111
0.434272
0.596181
0.300168
0.378055
0.408992
0.654838
0.0533523
0.00282532
0.93082
0.239456
0.0878478
0.505423
0.893095
0.396658
0.731026
0.56657
0.799988
0.130957
0.0298445
0.0577006
0.702605
0.510381
0.865344
0.839635
0.0680578
0.578121
0.339979
0.394624
0.636216
0.499895
0.242457
0.471461
0.818815
0.876728
0.894785
0.423338
0.695604
0.65281
0.1862
0.418143
0.162239
0.548147
0.0986827
0.200877
0.284583
0.445672
0.528732
0.587884
0.414128
0.662515
0.710092
0.37258
0.119202
0.535113
0.0421183
0.822371
0.486666
0.247856
0.628476
0.446441
0.848778
0.334939
0.330845
0.214103
0.489919
0.785136
0.642332
0.903403
0.387863
0.179152
0.185274
0.759651
0.54428
0.789261
0.138112
0.143585
0.959157
0.0709154
0.396037
0.348847
0.803839
0.476003
0.770083
0.268447
0.847348
0.0174533
0.0293626
0.0899276
0.690703
0.514871
0.0911275
0.698892
0.863898
0.950887
0.163345
0.9706
0.340245
0.867917
0.144478
0.629309
0.522762
0.23501
0.0851492
0.855054
0.257292
0.714479
0.0163903
0.317549
0.927046
0.758001
0.94915
0.816906
0.183252
0.461865
0.349755
0.210842
0.366602
0.611074
0.896014
0.808086
0.174179
0.841967
0.818645
0.907649
0.62656
0.353065
0.632718
0.663659
0.889773
0.0938208
0.563802
0.955451
0.00680037
0.860958
0.4735
0.442583
0.0933199
0.232097
0.589061
0.484483
0.0523601
0.766345
0.841755
0.104406
0.362569
0.401536
0.118707
0.67739
0.994778
0.477827
0.23286
0.5219
0.0115449
0.317312
0.915778
0.0748409
0.904376
0.789356
0.637947
0.829637
0.223299
0.791342
0.561299
0.717059
0.553484
0.0745005
0.428603
0.10849
0.393601
0.344528
0.694454
0.121308
0.990592
0.0666668
0.702512
0.406088
0.685561
0.904942
0.2137
0.0953007
0.825449
0.225244
0.0900397
0.0931953
0.7952
0.591938
0.438813
0.386559
0.225094
0.687692
0.0217435
0.556035
0.927943
0.586213
0.233873
0.167697
0.620827
0.807569
0.456833
0.224549
0.986066
0.0858007
0.0911896
0.357657
0.126116
0.278491
0.0725578
0.936592
0.967068
0.348
0.176162
0.778868
0.665445
0.844032
0.914541
0.638069
0.572984
0.817244
0.333077
0.150352
0.81409
0.593563
0.508043
0.419006
0.0306415
0.338911
0.0518453
0.916765
0.348849
0.844026
0.430167
0.885557
0.122843
0.45906
0.395674
0.913374
0.509689
0.607645
0.343002
0.867955
0.430499
0.810118
0.88968
0.866971
0.972351
0.64558
0.487703
0.464393
0.785686
0.582497
0.370433
0.732731
0.531875
0.10751
0.639506
0.420846
0.935651
0.0821509
0.796448
0.866997
0.497077
0.757159
0.523682
0.846833
0.417753
0.374066
0.0196037
0.0360099
0.795948
0.78376
0.692432
0.267111
0.645333
0.011696
0.517505
0.260576
0.79201
0.199454
0.862717
0.00930901
0.204534
0.852328
0.086783
0.496667
0.81159
0.822628
0.71502
0.927502
0.362048
0.958391
0.497327
0.151963
0.382044
0.847187
0.153056
0.46172
0.78381
0.584698
0.107461
0.438329
0.180914
0.997771
0.0244107
0.033392
0.464618
0.251625
0.440054
0.56023
0.696023
0.2709
0.302123
0.776734
0.868703
0.904235
0.719567
0.739088
0.596509
0.262067
0.727198
0.606067
0.281228
0.157331
0.37004
0.0735665
0.814793
0.0787577
0.912067
0.619081
0.370724
0.626448
0.474017
0.235802
0.339488
0.839416
0.904975
0.836027
0.962472
0.344787
0.192402
0.00356991
0.719246
0.758341
0.215311
0.274855
0.0228137
0.266083
0.145262
0.628386
0.277536
0.81653
0.299878
0.362281
0.854404
0.85341
0.753561
0.039548
0.0383689
0.0184465
0.510095
0.680803
0.502398
0.753927
0.541832
0.884113
0.362954
0.234737
0.500138
0.0516434
0.371581
0.559555
0.401792
0.402814
0.297291
0.63088
0.0960245
0.953632
0.0544283
0.653601
0.816885
0.14191
0.630708
0.681773
0.625624
0.278032
0.370111
0.14331
0.0477728
0.500981
0.665328
0.772258
0.709618
0.419296
0.614431
0.87836
0.278754
0.116654
0.696476
0.383581
0.51339
0.701765
0.020701
0.555294
0.725127
0.0822656
0.20403
0.865799
0.459855
0.1423
0.431555
0.907886
0.70149
0.00346993
0.754694
0.796108
0.403225
0.548856
0.181702
0.983453
0.650974
0.889776
0.61523
0.923125
0.263718
0.954991
0.191616
0.50509
0.135417
0.882027
0.0766033
0.697098
0.123196
0.390313
0.272158
0.319859
0.786475
0.815816
0.489089
0.386056
0.781745
0.986862
0.640146
0.932902
0.21767
0.620836
0.00829579
0.777897
0.775196
0.421435
0.64485
0.127503
0.897377
0.556176
0.052143
0.468409
0.853574
0.693842
0.705438
0.671075
0.982746
0.281545
0.468764
0.735241
0.920494
0.241107
0.459347
0.107097
0.114565
0.764437
0.415352
0.997792
0.433489
0.387597
0.121597
0.632977
0.173053
0.023238
0.947945
0.863059
0.265278
0.1311
0.0550472
0.0638651
0.994604
0.706261
0.322143
0.757402
0.0259685
0.264826
0.55158
0.88239
0.049453
0.50673
0.00476846
0.144266
0.846202
0.835364
0.824231
0.374346
0.0802904
0.413691
0.39646
0.327824
0.621231
0.936556
0.21025
0.850307
0.70181
0.798866
0.265205
0.842565
0.715936
0.839328
0.585104
0.953185
0.961194
0.339445
0.89081
0.428823
0.130783
0.457442
0.987417
0.0517262
0.859537
0.776815
0.92031
0.594236
0.12871
0.149197
0.454845
0.719936
0.834208
0.511219
0.934311
0.761147
0.322965
0.855061
0.0708893
0.302452
0.202146
0.032369
0.724273
0.99994
0.225863
0.571245
0.222651
0.565852
0.564096
0.185977
0.280735
0.348319
0.258499
0.159211
0.0695181
0.43589
0.169787
0.276241
0.492464
0.716514
0.221386
0.491118
0.22279
0.820687
0.244037
0.00425257
0.556559
0.378437
0.226036
0.931207
0.636245
0.519842
0.273805
0.242358
0.0994776
0.0487646
0.0874754
0.153124
0.707639
0.219492
0.256174
0.644442
0.0090103
0.545967
0.177701
0.293177
0.591148
0.573305
0.907279
0.0921608
0.977185
0.0412689
0.740073
0.439536
0.720739
0.369411
0.83216
0.977105
0.754114
0.893547
0.664641
0.457362
0.54449
0.783269
0.655571
0.318901
0.112777
0.0701698
0.724416
0.149884
0.469837
0.716476
0.113705
0.719258
0.52474
0.153774
0.272572
0.755407
0.0197648
0.221511
0.106876
0.151937
0.546813
0.934973
0.400587
0.780257
0.199934
0.01241
0.713123
0.588674
0.918647
0.591009
0.557326
0.167666
0.0767434
0.0613935
0.162764
0.46103
0.371265
0.450342
0.629054
0.802594
0.566333
0.281416
0.773879
0.958179
0.146533
0.343172
0.480396
0.35249
0.434522
0.294663
0.848731
0.160642
0.227567
0.537901
0.956224
0.443986
0.507685
0.286979
0.531134
0.0099459
0.28008
0.263535
0.344487
0.175532
0.0945673
0.948242
0.624744
0.114233
0.304663
0.818023
0.299984
0.965969
0.619035
0.498663
0.372297
0.389795
3.88298e-06
0.262525
0.229059
0.739037
0.463766
0.801033
0.195785
0.538557
0.837049
0.701633
0.135252
0.443823
0.0248722
0.558904
0.397565
0.361488
0.844097
0.149515
0.925873
0.911144
0.977469
0.600708
0.822406
0.907959
0.102827
0.982004
0.179523
0.0458702
0.752171
0.249811
0.480476
0.461029
0.955277
0.974624
0.374545
0.355182
0.222539
0.78051
0.131266
0.358674
0.921744
0.926552
0.578416
0.812768
0.603445
0.959961
0.828451
0.650955
0.329635
0.870516
0.598082
0.0589615
0.560398
0.676049
0.425686
0.59312
0.653245
0.868634
0.591219
0.936809
0.529788
0.651195
0.0433443
0.97464
0.56448
0.394191
0.13844
0.36408
0.250076
0.242097
0.49619
0.284196
0.694516
0.299345
0.776438
0.541216
0.503923
0.325417
0.681989
0.710586
0.106389
0.368786
0.992062
0.495213
0.0712521
0.26939
0.931057
0.979583
0.478535
0.459315
0.677342
0.959442
0.89325
0.991389
0.316744
0.026723
0.999251
0.225373
0.0454315
0.589412
0.447308
0.101416
0.926863
0.506035
0.972113
0.430503
0.00751182
0.514462
0.332893
0.131531
0.0960415
0.134705
0.132314
0.844751
0.0106136
0.225401
0.0683697
0.851222
0.59903
0.873679
0.673948
0.728
0.336387
0.798075
0.0987444
0.668713
0.804931
0.944206
0.988232
0.899248
0.860806
0.452877
0.0143587
0.118204
0.792376
0.680312
0.112665
0.391819
0.274811
0.450196
0.980514
0.433055
0.425632
0.217219
0.891116
0.694515
0.765885
0.321801
0.378035
0.204904
0.391655
0.0156969
0.844867
0.578698
0.160578
0.438159
0.654775
0.128723
0.198073
0.222352
0.754574
0.511323
0.527952
0.9117
0.388048
0.833812
0.13211
0.86586
0.953181
0.653893
0.243982
0.836008
0.558011
0.800728
0.180447
0.889124
0.329763
0.447362
0.516879
0.86096
0.0319775
0.364158
0.910018
0.0173863
0.0443063
0.782973
0.373361
0.103796
0.259665
0.80172
0.309751
0.462262
0.953433
0.759033
0.105857
0.396127
0.179388
0.508711
0.593235
0.46172
0.747057
0.0236242
0.180647
0.866883
0.335182
0.258785
0.962337
0.655998
0.795977
0.703253
0.606944
0.861198
0.204869
0.550574
0.331746
0.299457
0.710413
0.91744
0.76691
0.195232
0.739059
0.0402439
0.0144587
0.308368
0.609473
0.879242
0.70661
0.746926
0.111087
0.0599853
0.368208
0.144644
0.101565
0.58172
0.887906
0.382705
0.677891
0.222448
0.402816
0.535504
0.975737
0.0703295
0.401284
0.220108
0.151827
0.111109
0.348501
0.0290769
0.603964
0.301268
0.639624
0.226361
0.983418
0.0565768
0.185105
0.385938
0.0543647
0.585743
0.432901
0.152888
0.955046
0.998837
0.132272
0.806594
0.915363
0.620188
0.643832
0.805754
0.985573
0.435433
0.10056
0.994892
0.830781
0.102411
0.22445
0.652053
0.145913
0.455584
0.103485
0.0573766
0.74587
0.933681
0.733626
0.762227
0.885526
0.860242
0.630509
0.238578
0.864285
0.00675625
0.31552
0.0883276
0.469862
0.368084
0.980963
0.492242
0.315989
0.579842
0.138975
0.0782106
0.628733
0.907446
0.558909
0.888495
0.536101
0.236495
0.297846
0.625672
0.415633
0.994188
0.128938
0.856945
0.354673
0.431457
0.172268
0.356519
0.277983
0.195504
0.0329044
0.265725
0.797419
0.622432
0.250858
0.25058
0.338325
0.679661
0.3676
0.33647
0.597364
0.987799
0.41386
0.599649
0.886444
0.851684
0.123365
0.395231
0.417447
0.730259
0.677225
0.301374
0.0824373
0.0749759
0.283638
0.459331
0.784047
0.966426
0.397623
0.489074
0.87071
0.478867
0.885439
0.660153
0.731456
0.20235
0.938405
0.497503
0.10492
0.852116
0.0407931
0.501869
0.15729
0.394978
0.796488
0.164543
0.883849
0.622337
0.919094
0.956105
0.888827
0.599558
0.19019
0.468841
0.09822
0.921368
0.690401
0.392545
0.460296
0.202973
0.107994
0.503377
0.188448
0.73658
0.429671
0.345471
0.601096
0.743016
0.818253
0.784979
0.113327
0.148118
0.98194
0.116241
0.434949
0.313604
0.839835
0.899764
0.52966
0.652083
0.788425
0.211704
0.390004
0.555927
0.373697
0.484527
0.18282
0.569652
0.67358
0.618554
0.819859
0.235536
0.195407
0.54406
0.508254
0.54213
0.593075
0.913621
0.335542
0.405367
0.00859625
0.10441
0.443918
0.111949
0.342726
0.210097
0.848409
0.154703
0.259353
0.20208
0.453658
0.389595
0.22835
0.939702
0.323998
0.944078
0.41155
0.209161
0.761521
0.80648
0.696567
0.470789
0.246805
0.526107
0.683114
0.494402
0.797008
0.953746
0.926535
0.562383
0.796006
0.452267
0.243226
0.420222
0.851262
0.507007
0.382624
0.654159
0.732118
0.165609
0.87047
0.675657
0.944194
0.237034
0.328023
0.992358
0.994588
0.679403
0.0719065
0.94524
0.90255
0.106373
0.299293
0.591639
0.0103342
0.841732
0.663093
0.91383
0.648908
0.451898
0.541852
0.0328703
0.713207
0.186011
0.809037
0.607364
0.701621
0.253307
0.406396
0.0968593
0.274403
0.367455
0.526089
0.0695572
0.885689
0.487554
0.706262
0.234015
0.543808
0.185473
0.644772
0.374538
0.254579
0.569216
0.0357257
0.869951
0.20228
0.19201
0.233547
0.97542
0.222972
0.876798
0.0492365
0.547031
0.62487
0.885821
0.483522
0.388806
0.910451
0.364982
0.701592
0.901838
0.454977
0.492681
0.054088
0.215242
0.696132
0.2628
0.44905
0.478601
0.889448
0.331537
0.879503
0.495599
0.984225
0.857761
0.411371
0.378536
0.674607
0.766595
0.436406
0.403392
0.180535
0.3659
0.494814
0.745147
0.813226
0.745347
0.472277
0.273041
0.879903
0.887778
0.47605
0.0854481
0.982433
0.922528
0.194822
0.964071
0.264581
0.450408
0.0470289
0.427129
0.662557
0.370022
0.922307
0.56124
0.713547
0.135125
0.820775
0.311663
0.976912
0.872694
0.194825
0.410616
0.622754
0.291397
0.298124
0.623339
0.242515
0.810169
0.346497
0.491586
0.436323
0.836559
0.795396
0.25425
0.231746
0.624544
0.538621
0.124797
0.888666
0.641504
0.333007
0.605199
0.14494
0.874035
0.253743
0.0160495
0.457551
0.00229458
0.485018
0.922559
0.293924
0.872566
0.250682
0.63611
0.0281045
0.197724
0.189616
0.471059
0.496483
0.915296
0.980478
0.936478
0.76775
0.132805
0.520543
0.542515
0.181772
0.0900779
0.46329
0.401076
0.212082
0.0682072
0.419456
0.300493
0.206657
0.674861
0.62622
0.43389
0.561685
0.435619
0.389221
0.460915
0.383001
0.121027
0.102085
0.0825374
0.189881
0.739057
0.148155
0.808596
0.715882
0.622664
0.489117
0.097777
0.361417
0.542113
0.245194
0.549725
0.352751
0.271784
0.0716103
0.328956
0.162098
0.541127
0.636007
0.500279
0.243529
0.799464
0.00149641
0.455396
0.639345
0.724314
0.220044
0.110378
0.511637
0.902943
0.940863
0.0537099
0.153697
0.616816
0.338519
0.324572
0.535971
0.15864
0.16541
0.00106733
0.941254
0.611694
0.233339
0.278071
0.743802
0.521119
0.128839
0.214387
0.88705
0.386865
0.466958
0.828911
0.114629
0.407988
0.488182
0.725474
0.509366
0.407965
0.303182
0.926058
0.394956
0.370738
0.590076
0.0920869
0.154986
0.517157
0.0488986
0.813446
0.0240163
0.351518
0.417956
0.144954
0.405382
0.607878
0.356756
0.069954
0.770428
0.525844
0.000206866
0.0707137
0.693842
0.385512
0.488769
0.485327
0.0797896
0.731252
0.279239
0.830802
0.133532
0.214019
0.54087
0.772024
0.133212
0.481886
0.441504
0.916275
0.556502
0.0484826
0.628397
0.11301
0.616792
0.569021
0.708452
0.438565
0.763619
0.453608
0.0325109
0.545486
0.202013
0.247524
0.588423
0.556179
0.98545
0.708152
0.307561
0.18055
0.737101
0.00825811
0.589476
0.237334
0.554069
0.995293
0.349383
0.258804
0.149295
0.936417
0.393156
0.358529
0.785815
0.678933
0.424532
0.0418942
0.0580764
0.655801
0.489198
0.13905
0.0749758
0.665947
0.160459
0.539987
0.099324
0.859027
0.271171
0.911423
0.198418
0.854359
0.496621
0.0751869
0.960407
0.423684
0.593056
0.227793
0.831148
0.667467
0.596529
0.680886
0.126222
0.114413
0.786765
0.302249
0.272817
0.67389
0.720732
0.33706
0.336158
0.870939
0.140592
0.789083
0.385158
0.29357
0.0607426
0.0414896
0.752007
0.682027
0.838609
0.896984
0.740359
0.589699
0.533899
0.716932
0.836813
0.0453876
0.360992
0.839176
0.980384
0.14659
0.539159
0.95422
0.944645
0.0135113
0.345292
0.619486
0.38722
0.0334784
0.67384
0.591306
0.621328
0.825444
0.908636
0.154359
0.664065
0.854272
0.411292
0.128234
0.616093
0.124498
0.430872
0.730797
0.927457
0.883229
0.739504
0.978063
0.604176
0.761905
0.798645
0.800251
0.910337
0.286575
0.760659
0.553714
0.620348
0.186402
0.11042
0.108436
0.376052
0.430063
0.251614
0.190764
0.20339
0.419754
0.842429
0.161095
0.743291
0.272463
0.185326
0.906171
0.251494
0.61822
0.47557
0.0256955
0.921963
0.844997
0.213214
0.992943
0.588614
0.219951
0.58323
0.46906
0.360011
0.816704
0.108455
0.450737
0.241746
0.678328
0.380061
0.430942
0.301164
0.14575
0.170221
0.252404
0.429148
0.781236
0.731673
0.833533
0.253626
0.816667
0.588852
0.446463
0.259501
0.556277
0.625288
0.726909
0.669699
0.663541
0.771966
0.0955194
0.141999
0.76192
0.101311
0.770418
0.836354
0.279122
0.631511
0.0506168
0.907384
0.964588
0.645849
0.0499963
0.976724
0.00988577
0.831744
0.561527
0.639919
0.201685
0.0441703
0.231434
0.562551
0.0370282
0.998164
0.722979
0.220291
0.230555
0.695089
0.0495655
0.837556
0.543393
0.887361
0.756826
0.579461
0.363383
0.386301
0.13341
0.551758
0.966341
0.517826
0.130142
0.663442
0.888034
0.530648
0.167238
0.90672
0.33656
0.261679
0.509272
0.109022
0.0748267
0.863322
0.387583
0.711744
0.702803
0.897345
0.549802
0.630421
0.769246
0.600009
0.41619
0.750994
0.642574
0.623164
0.522479
0.116888
0.570592
0.0559671
0.428896
0.36156
0.858742
0.0319418
0.775061
0.44123
0.59657
0.726044
0.660453
0.222459
0.862102
0.0464332
0.0301112
0.979285
0.833812
0.825632
0.245289
0.354577
0.739867
0.815766
0.518722
0.840329
0.0743432
0.292561
0.394205
0.331543
0.0100967
0.572802
0.950182
0.808422
0.437977
0.249924
0.907006
0.701542
0.562068
0.452435
0.317583
0.99469
0.480655
0.92985
0.021075
0.620069
0.682584
0.270829
0.539353
0.200542
0.888725
0.058204
0.595882
0.693616
0.168211
0.265586
0.936739
0.991836
0.759146
0.700232
0.633432
0.0343011
0.523466
0.796865
0.547224
0.483965
0.465645
0.567138
0.134646
0.525429
0.244932
0.00942131
0.273875
0.837896
0.110802
0.783604
0.291686
0.297994
0.191316
0.4556
0.870639
0.467137
0.564073
0.116241
0.0162139
0.418121
0.0394407
0.679253
0.763565
0.955645
0.0857552
0.662986
0.803586
0.785437
0.826176
0.760607
0.707976
0.686674
0.536885
0.00342658
0.93299
0.242391
0.576311
0.822055
0.281567
0.182555
0.175077
0.81007
0.00351448
0.894501
0.0163532
0.494894
0.213448
0.155415
0.0362973
0.920549
0.80616
0.641546
0.37428
0.347002
0.549121
0.26884
0.902577
0.870763
0.531784
0.919688
0.265215
0.271445
0.651396
0.610463
0.855662
0.888957
0.314988
0.654543
0.663048
0.836026
0.0372456
0.875504
0.4166
0.350738
0.113937
0.425175
0.957989
0.593772
0.0505916
0.261234
0.271265
0.695033
0.926117
0.83904
0.100069
0.354356
0.371036
0.0723865
0.581821
0.800978
0.340038
0.117861
0.828559
0.416459
0.358527
0.0375027
0.884121
0.825747
0.422862
0.894442
0.987353
0.761067
0.23396
0.336212
0.571044
0.503323
0.943976
0.220418
0.926261
0.205709
0.0957183
0.337453
0.961772
0.904199
0.934506
0.784947
0.988261
0.519627
0.772153
0.0486334
0.956999
0.65602
0.582758
0.344333
0.0826786
0.499891
0.509997
0.275721
0.280085
0.625166
0.465603
0.362592
0.344303
0.00844429
0.498718
0.494281
0.304138
0.0592661
0.115804
0.862955
0.878444
0.97009
0.23081
0.431443
0.465045
0.190653
0.925269
0.490304
0.59193
0.331414
0.698021
0.35881
0.26043
0.300757
0.384251
0.784548
0.110033
0.980648
0.423518
0.0963033
0.834556
0.245433
0.65648
0.664941
0.779339
0.628464
0.329988
0.726945
0.149161
0.441233
0.49024
0.125329
0.756558
0.649715
0.443685
0.0225793
0.740236
0.312602
0.465371
0.140343
0.183263
0.886104
0.434402
0.580529
0.0607318
0.200028
0.576222
0.782522
0.446573
0.409797
0.991387
0.67119
0.409214
0.729118
0.15053
0.550379
0.525771
0.247971
0.0351985
0.796568
0.44445
0.640615
0.104248
0.907401
0.424862
0.0682989
0.765496
0.959744
0.285929
0.0813543
0.532299
0.0319903
0.691064
0.825375
0.544765
0.645282
0.20033
0.356153
0.635273
0.778339
0.0192419
0.368073
0.617987
0.510581
0.873921
0.140642
0.982065
0.848242
0.942273
0.00784701
0.668237
0.788148
0.270891
0.155031
0.108444
0.173853
0.607356
0.0479663
0.208229
0.398826
0.0776341
0.298818
0.451563
0.511367
0.638254
0.273688
0.807792
0.775947
0.732952
0.246423
0.620404
0.245652
0.0834736
0.403369
0.157285
0.40043
0.0442121
0.503774
0.00216746
0.405812
0.450386
0.500512
0.966951
0.0468126
0.389429
0.925824
0.704587
0.891685
0.825283
0.346757
0.702207
0.740221
0.505293
0.695001
0.834194
0.911287
0.0793689
0.775797
0.154873
0.424279
0.86113
0.760606
0.110513
0.629185
0.160693
0.968244
0.850334
0.339949
0.618806
0.739138
0.816194
0.0258117
0.472018
0.707426
0.29065
0.115323
0.178558
0.275561
0.0830868
0.967718
0.334626
0.596123
0.0335884
0.566333
0.310772
0.865515
0.514249
0.488761
0.538062
0.23424
0.607608
0.208417
0.873699
0.138448
0.141894
0.282229
0.975816
0.357419
0.262772
0.479108
0.117098
0.601704
0.721273
0.403911
0.366941
0.936584
0.557601
0.671572
0.571828
0.845538
0.360499
0.186091
0.063608
0.23843
0.781864
0.579072
0.525371
0.209067
0.486304
0.362491
0.944602
0.846847
0.215308
0.850383
0.0832979
0.907166
0.145739
0.404147
0.394751
0.645279
0.22232
0.0561325
0.816662
0.618297
0.643805
0.0662232
0.370295
0.76002
0.182532
0.466083
0.995342
0.533274
0.517026
0.145762
0.550196
0.464456
0.257363
0.537354
0.407316
0.86497
0.842959
0.450376
0.573374
0.0442337
0.992493
0.11358
0.763869
0.818958
0.885638
0.977869
0.361895
0.623371
0.756285
0.335004
0.690751
0.0250894
0.076964
0.306806
0.530087
0.951309
0.0141307
0.259512
0.305258
0.430015
0.33402
0.198011
0.879596
0.150894
0.438745
0.194602
0.37926
0.650634
0.712335
0.407008
0.98038
0.427304
0.856394
0.740291
0.0881595
0.788492
0.395078
0.707395
0.837639
0.737906
0.0290608
0.542963
0.345798
0.705105
0.0181954
0.12516
0.644688
0.42306
0.272545
0.760149
0.725287
0.758231
0.331479
0.383933
0.621756
0.797847
0.910509
0.236247
0.965787
0.999071
0.195577
0.561173
0.940736
0.704749
0.564451
0.389184
0.0652189
0.830416
0.914944
0.955295
0.735864
0.0272581
0.279623
0.808005
0.958912
0.125719
0.906717
0.163733
0.200336
0.164422
0.486884
0.561411
0.784192
0.809119
0.705548
0.371947
0.768866
0.466333
0.800488
0.217226
0.730911
0.896394
0.304353
0.853353
0.386179
0.630551
0.651815
0.572806
0.477901
0.996851
0.831017
0.680207
0.861442
0.0594633
0.759035
0.0963838
0.215382
0.276155
0.561021
0.645416
0.308636
0.178582
0.432714
0.079352
0.253293
0.880102
0.266021
0.395287
0.672855
0.715784
0.717347
0.499483
0.215572
0.819315
0.898352
0.773223
0.342556
0.941478
0.368844
0.595088
0.820364
0.314894
0.611477
0.374341
0.847737
0.869722
0.667944
0.150108
0.246177
0.604991
0.116369
0.311042
0.644058
0.420266
0.0695625
0.490154
0.0839603
0.212326
0.373839
0.18951
0.982895
0.541543
0.688089
0.189469
0.875139
0.672648
0.622785
0.297152
0.867334
0.294586
0.618611
0.488841
0.235569
0.72412
0.7444
0.000973191
0.0941033
0.897897
0.0940808
0.424446
0.565442
0.957651
0.962298
0.356892
0.38144
0.733236
0.478418
0.667633
0.34512
0.928167
0.878589
0.92999
0.5829
0.312367
0.0955514
0.0756406
0.016911
0.726807
0.845888
0.825705
0.987097
0.20472
0.894394
0.953258
0.452781
0.0140759
0.675262
0.931951
0.703387
0.926014
0.949763
0.0254198
0.00800434
0.513914
0.680115
0.372188
0.133485
0.787794
0.799228
0.120735
0.160752
0.968721
0.0560074
0.169421
0.529023
0.707926
0.615906
0.565963
0.737615
0.555307
0.596417
0.121139
0.635042
0.982013
0.217185
0.291417
0.725068
0.761787
0.744435
0.885191
0.419424
0.0157624
0.909393
0.647311
0.666867
0.725406
0.980402
0.2766
0.888261
0.0182789
0.168401
0.931041
0.647389
0.0313144
0.545477
0.775317
0.987159
0.656303
0.15616
0.625408
0.860908
0.972263
0.50115
0.244908
0.588485
0.669386
0.0731824
0.347774
0.766803
0.269252
0.124686
0.862178
0.564545
0.445995
0.346958
0.510155
0.830712
0.253106
0.64051
0.257739
0.946704
0.560568
0.656303
0.69026
0.851618
0.506997
0.287529
0.867511
0.170445
0.271496
0.791654
0.713453
0.874873
0.969891
0.722391
0.495158
0.406356
0.980046
0.351297
0.445667
0.691162
0.500947
0.758684
0.0854668
0.977067
0.650226
0.273529
0.297248
0.921401
0.904843
0.442066
0.708662
0.860117
0.189576
0.204762
0.437735
0.687578
0.418044
0.46134
0.755654
0.276758
0.790912
0.703567
0.721583
0.869523
0.656007
0.895464
0.34423
0.366703
0.234993
0.280649
0.32482
0.947624
0.0213224
0.296492
0.936183
0.948802
0.154135
0.274763
0.0926402
0.431475
0.572794
0.108468
0.165369
0.367666
0.256758
0.564566
0.597941
0.874465
0.355457
0.422237
0.876717
0.426218
0.512875
0.11641
0.91079
0.474302
0.191528
0.0662139
0.376161
0.40419
0.30051
0.368068
0.0788328
0.259474
0.932306
0.0330727
0.891519
0.162553
0.513062
0.448402
0.318639
0.861653
0.170991
0.242386
0.244307
0.333886
0.627605
0.232962
0.917985
0.874027
0.416462
0.639193
0.732493
0.598684
0.73412
0.235529
0.849073
0.795579
0.727973
0.628511
0.22418
0.0475955
0.52567
0.335595
0.092692
0.561299
0.810798
0.845784
0.462238
0.629611
0.249513
0.341773
0.673309
0.658331
0.572814
0.263262
0.579865
0.686178
0.619146
0.391157
0.405103
0.828064
0.142013
0.632326
0.82709
0.571257
0.687295
0.184607
0.348937
0.354154
0.344959
0.261748
0.508211
0.357316
0.679836
0.0579778
0.980264
0.936489
0.646179
0.131884
0.130172
0.627262
0.790655
0.889288
0.0679713
0.151086
0.548494
0.344813
0.761876
0.352308
0.93745
0.84182
0.264167
0.495932
0.454287
0.910407
0.604438
0.855781
0.478463
0.94316
0.404894
0.0227548
0.987704
0.868337
0.772373
0.862865
0.890156
0.500178
0.521796
0.554739
0.777799
0.746025
0.285723
0.636281
0.405819
0.349944
0.564705
0.490173
0.702612
0.352526
0.273119
0.197909
0.615122
0.946577
0.835177
0.19204
0.594188
0.908349
0.385787
0.636339
0.0245983
0.284039
0.130964
0.963539
0.40453
0.511215
0.42248
0.500369
0.579068
0.654865
0.60142
0.609548
0.832489
0.93776
0.165362
0.278435
0.143999
0.244821
0.313844
0.584027
0.411601
0.781162
0.426818
0.963979
0.948807
0.563515
0.530769
0.723351
0.0588454
0.924715
0.307203
0.706755
0.991088
0.710933
0.698173
0.565591
0.0843542
0.351343
0.663538
0.550073
0.401797
0.479918
0.144647
0.255717
0.662054
0.289038
0.789129
0.253982
0.771351
0.294587
0.491482
0.0367578
0.761243
0.692252
0.304137
0.204384
0.436685
0.984682
0.773706
0.326882
0.539113
0.0592167
0.257075
0.408096
0.729234
0.395861
0.272053
0.382425
0.194199
0.585199
0.437249
0.573839
0.183857
0.835928
0.0558709
0.546853
0.280772
0.651704
0.898134
0.279171
0.708696
0.356994
0.236966
0.0856583
0.484172
0.651603
0.69169
0.223356
0.715978
0.873586
0.934387
0.607202
0.857073
0.150211
0.813609
0.566169
0.21375
0.116682
0.950144
0.0694856
0.516685
0.38229
0.359509
0.352642
0.858549
0.423693
0.155868
0.372865
0.8029
0.0850033
0.892056
0.0237419
0.969016
0.364377
0.590402
0.538698
0.897372
0.666792
0.0190317
0.012991
0.500444
0.202692
0.268341
0.473935
0.903529
0.712202
0.182332
0.429023
0.980263
0.194585
0.699493
0.321643
0.387533
0.822641
0.657909
0.824077
0.404464
0.721724
0.119295
0.397465
0.380169
0.793077
0.766643
0.0484275
0.0949583
0.261159
0.430153
0.712025
0.839677
0.124669
0.296162
0.190754
0.517879
0.190929
0.853728
0.0792595
0.575514
0.873344
0.133589
0.604448
0.0628134
0.431599
0.294153
0.810698
0.633067
0.834301
0.109232
0.0198527
0.782979
0.923741
0.412192
0.995672
0.139286
0.0624633
0.0512121
0.74245
0.0963316
0.941346
0.410338
0.367467
0.609272
0.728857
0.051025
0.936975
0.447617
0.241184
0.528842
0.755406
0.713785
0.312936
0.940044
0.997474
0.931354
0.0480839
0.252684
0.12288
0.507709
0.130842
0.976959
0.00329473
0.87576
0.876172
0.229481
0.191306
0.119434
0.199599
0.746151
0.261024
0.387608
0.18603
0.898333
0.650029
0.901193
0.43725
0.26701
0.93235
0.858031
0.877803
0.829607
0.952159
0.0403248
0.198926
0.314182
0.747873
0.429252
0.620236
0.775652
0.696346
0.631482
0.148856
0.948761
0.806845
0.422261
0.0156571
0.432463
0.594491
0.209769
0.468318
0.260416
0.462854
0.725424
0.600886
0.912271
0.0253972
0.744826
0.399517
0.320449
0.295442
0.144032
0.684093
0.92708
0.174359
0.0958413
0.125408
0.345806
0.16766
0.710787
0.0175882
0.683133
0.758683
0.927511
0.985462
0.0740084
0.369562
0.957225
0.306546
0.486325
0.339155
0.0869267
0.0273517
0.349032
0.847637
0.146077
0.553677
0.0585418
0.217434
0.441408
0.894596
0.918121
0.520179
0.464567
0.239823
0.564949
0.919397
0.177269
0.0501262
0.43954
0.678588
0.17865
0.340505
0.352207
0.264407
0.55952
0.335796
0.701261
0.474619
0.748181
0.178399
0.397632
0.0205292
0.152515
0.867828
0.0505943
0.493561
0.903029
0.111747
0.469292
0.145681
0.501527
0.268202
0.0347458
0.413356
0.680125
0.0587176
0.997034
0.614719
0.275266
0.231969
0.252324
0.749653
0.421448
0.85769
0.65446
0.83246
0.869335
0.43052
0.415777
0.686807
0.732948
0.463484
0.651834
0.63265
0.47062
0.750774
0.624768
0.994804
0.404404
0.97953
0.739924
0.862861
0.582621
0.870317
0.850491
0.0321337
0.290229
0.525965
0.924787
0.555325
0.0117191
0.168475
0.630921
0.834593
0.1512
0.943677
0.893489
0.683716
0.314381
0.973318
0.977005
0.290033
0.457132
0.334282
0.150761
0.505857
0.7053
0.144612
0.489785
0.399037
0.150491
0.436041
0.8666
0.492371
0.426478
0.992701
0.688465
0.62154
0.370943
0.835712
0.434792
0.841269
0.577238
0.533328
0.549412
0.309386
0.140836
0.0163381
0.742392
0.578477
0.405185
0.0783962
0.256091
0.22482
0.0116271
0.240981
0.150126
0.244292
0.058093
0.162665
0.15995
0.144921
0.67124
0.272381
0.183735
0.16579
0.796737
0.806382
0.952225
0.551969
0.512368
0.928564
0.936265
0.315159
0.668659
0.113861
0.0466957
0.409751
0.161703
0.47438
0.18128
0.753971
0.642874
0.207983
0.173375
0.0258069
0.970117
0.848981
0.197021
0.663402
0.205509
0.500649
0.183135
0.999609
0.463766
0.729237
0.301505
0.960376
0.416388
0.299163
0.063268
0.256679
0.756142
0.42909
0.0985539
0.499654
0.426544
0.748553
0.163993
0.168648
0.921058
0.634844
0.434766
0.861859
0.456675
0.109829
0.63589
0.759249
0.326571
0.976391
0.0674239
0.727438
0.236537
0.374182
0.0782807
0.996243
0.929845
0.434379
0.0433396
0.836564
0.905273
0.213119
0.398538
0.169297
0.532943
0.583316
0.788637
0.53497
0.372681
0.264532
0.882342
0.353781
0.999572
0.670605
0.909472
0.905727
0.141416
0.754708
0.474864
0.960517
0.43275
0.53153
0.703692
0.486953
0.590137
0.456277
0.272899
0.37146
0.313417
0.340164
0.383426
0.575468
0.71758
0.982097
0.227923
0.661314
0.599986
0.196227
0.00862595
0.116375
0.347581
0.415072
0.0601007
0.405091
0.78883
0.547875
0.131527
0.178591
0.795027
0.273915
0.38322
0.5716
0.935698
0.450428
0.152064
0.0163053
0.99275
0.814845
0.0405695
0.502886
0.638085
0.661033
0.38421
0.716381
0.0793535
0.669216
0.651755
0.97959
0.978525
0.569272
0.833264
0.431691
0.447985
0.817096
0.370447
0.372262
0.428828
0.963701
0.684067
0.200397
0.256037
0.89677
0.853073
0.878601
0.715252
0.634323
0.500163
0.351156
0.395788
0.850193
0.438442
0.846637
0.644617
0.811011
0.133892
0.494275
0.925984
0.904368
0.53831
0.183849
0.891351
0.437857
0.347425
0.0987948
0.964356
0.888672
0.238878
0.852222
0.745476
0.283462
0.144732
0.655518
0.0410752
0.888113
0.113236
0.449241
0.821533
0.887165
0.814491
0.425971
0.913141
0.232529
0.244736
0.874823
0.72844
0.341211
0.68393
0.7773
0.839714
0.821719
0.461308
0.0841807
0.700293
0.908848
0.583618
0.103115
0.318384
0.786519
0.780709
0.926635
0.1881
0.478375
0.0231734
0.330257
0.282373
0.485808
0.0667133
0.0703563
0.412454
0.853113
0.077933
0.0115185
0.758674
0.839455
0.89624
0.0130427
0.877149
0.877327
0.98654
0.00428663
0.987138
0.997205
0.637416
0.178543
0.843719
0.398072
0.459479
0.735134
0.000484622
0.343501
0.738576
0.0994111
0.766934
0.0629908
0.698546
0.0503445
0.66526
0.838239
0.228205
0.685399
0.691214
0.954036
0.127257
0.652371
0.183728
0.693472
0.425811
0.577888
0.607997
0.0571405
0.832192
0.122241
0.0566988
0.386036
0.863741
0.590259
0.774035
0.567816
0.715279
0.527891
0.507298
0.00612901
0.419934
0.234198
0.990628
0.0326954
0.357012
0.61844
0.36567
0.941816
0.661605
0.331938
0.843799
0.327013
0.590611
0.604406
0.414619
0.899478
0.399876
0.714441
0.905405
0.468018
0.787116
0.523851
0.196191
0.260193
0.455339
0.00551866
0.895185
0.264325
0.851421
0.194475
0.279191
0.772063
0.634556
0.491887
0.803746
0.801209
0.929242
0.751632
0.987633
0.578469
0.917501
0.0791578
0.976485
0.761833
0.825026
0.772302
0.590139
0.582269
0.855931
0.333774
0.158453
0.584409
0.130798
0.984982
0.950261
0.145932
0.182706
0.610877
0.50015
0.455306
0.0659389
0.56553
0.637756
0.127611
0.632038
0.268108
0.524262
0.138089
0.0279116
0.0189384
0.500784
0.253151
0.970677
0.965361
0.0533353
0.638495
0.853915
0.647043
0.699054
0.824038
0.240043
0.0504538
0.0983864
0.705351
0.793478
0.602177
0.197903
0.761278
0.209286
0.0307553
0.70845
0.167427
0.191998
0.526756
0.72331
0.985225
0.0392899
0.130736
0.781066
0.106224
0.885205
0.778804
0.177855
0.131338
0.157609
0.935464
0.833702
0.864707
0.304571
0.243417
0.517609
0.601875
0.344345
0.120035
0.736113
0.891963
0.293657
0.730159
0.0899636
0.953531
0.0289649
0.264942
0.403644
0.423812
0.635397
0.956403
0.432397
0.621009
0.798046
0.757383
0.45146
0.999342
0.290311
0.116605
0.532181
0.976528
0.113969
0.7785
0.809723
0.813389
0.34567
0.0375151
0.547022
0.725269
0.244544
0.376564
0.299704
0.904952
0.675591
0.91933
0.98664
0.636764
0.403574
0.626093
0.170827
0.181549
0.312064
0.662777
0.355286
0.612212
0.102356
0.872906
0.598658
0.279502
0.526927
0.782143
0.255196
0.0877407
0.712122
0.0651204
0.143828
0.260169
0.624772
0.904232
0.950987
0.773605
0.237411
0.17008
0.171893
0.142109
0.446792
0.85327
0.394979
0.72932
0.300388
0.677226
0.234134
0.269184
0.585561
0.321738
0.71347
0.774729
0.336093
0.1869
0.409289
0.5146
0.310757
0.12715
0.153936
0.23702
0.998629
0.0850902
0.606232
0.320886
0.205815
0.0547661
0.493173
0.033667
0.778291
0.304113
0.827578
0.575808
0.51553
0.286237
0.906379
0.0913157
0.829628
0.169229
0.394237
0.324222
0.204582
0.414198
0.29717
0.100606
0.0104451
0.331203
0.130894
0.315867
0.727011
0.0427887
0.0885351
0.606931
0.131743
0.784792
0.512438
0.389089
0.506622
0.97412
0.474726
0.437134
0.418595
0.973183
0.771318
0.69051
0.128332
0.98067
0.134089
0.462141
0.181956
0.978356
0.965846
0.730631
0.240452
0.163623
0.402833
0.695534
0.701423
0.797394
0.00942702
0.275368
0.167907
0.897147
0.909731
0.728062
0.318915
0.704724
0.660739
0.0735365
0.236395
0.358599
0.671766
0.498085
0.743305
0.700301
0.474838
0.420262
0.80748
0.644684
0.650707
0.397957
0.565983
0.043724
0.71521
0.556336
0.0246264
0.473535
0.770628
0.716353
0.987355
0.874292
0.226756
0.903504
0.270169
0.472743
0.396361
0.416524
0.754286
0.917002
0.269714
0.135697
0.33322
0.053314
0.272891
0.250494
0.308472
0.274472
0.314522
0.0861933
0.288515
0.869575
0.925684
0.209198
0.145759
0.30482
0.797615
0.490723
0.0861953
0.865008
0.521952
0.308548
0.386389
0.58546
0.83816
0.566511
0.852528
0.904024
0.192861
0.711448
0.556194
0.962855
0.915732
0.42725
0.901564
0.989677
0.816672
0.185735
0.578717
0.688189
0.508922
0.334019
0.457734
0.0673165
0.262819
0.89807
0.978283
0.638994
0.694887
0.78214
0.0893789
0.414168
0.0969285
0.543754
0.293994
0.6267
0.709835
0.423958
0.853222
0.614865
0.746771
0.81249
0.704671
0.790131
0.470449
0.827582
0.149777
0.122907
0.129158
0.190078
0.86473
0.0749387
0.0562491
0.0715411
0.289691
0.408061
0.737765
0.0960534
0.950996
0.798965
0.152887
0.17539
0.77103
0.689698
0.191905
0.357253
0.920455
0.303555
0.456385
0.366252
0.267496
0.256071
0.246229
0.0173281
0.978943
0.690795
0.0383094
0.181294
0.327588
0.369523
0.26137
0.482191
0.260768
0.646697
0.671879
0.406144
0.784696
0.757638
0.135521
0.00139848
0.719283
0.350317
0.119017
0.849241
0.878132
0.690333
0.696955
0.485473
0.22838
0.46881
0.378331
0.952132
0.085101
0.642875
0.557474
0.659163
0.89493
0.238424
0.894045
0.235693
0.663612
0.54485
0.426809
0.550639
0.582162
0.631432
0.725851
0.582297
0.906317
0.61506
0.887941
0.31663
0.643975
0.608999
0.679715
0.353919
0.105301
0.782361
0.633377
0.403491
0.870193
0.459991
0.399606
0.346175
0.227796
0.692438
0.162346
0.044216
0.642747
0.225715
0.420177
0.578298
0.302841
0.300517
0.938948
0.0913843
0.302807
0.210602
0.180367
0.919057
0.518878
0.0500141
0.0112275
0.186043
0.728846
0.578828
0.997959
0.54861
0.0322859
0.637126
0.0911969
0.26253
0.125639
0.0368655
0.00505588
0.256289
0.486845
0.361351
0.0957862
0.389233
0.0242027
0.60198
0.0445127
0.574337
0.244153
0.0619549
0.148737
0.945287
0.492672
0.45666
0.527292
0.747564
0.324961
0.640368
0.0434329
0.133208
0.558115
0.888987
0.250763
0.538959
0.0614657
0.168523
0.166664
0.827463
0.839283
0.318942
0.177939
0.871222
0.460522
0.583133
0.883335
0.758982
0.390301
0.410646
0.17765
0.304249
0.277805
0.9659
0.382103
0.0356058
0.755293
0.270545
0.725653
0.348543
0.802903
0.409667
0.981961
0.998465
0.233944
0.731525
0.566681
0.614572
0.355352
0.470503
0.899755
0.414307
0.358008
0.722971
0.337427
0.798052
0.491605
0.205732
0.478633
0.00375299
0.57874
0.726759
0.150473
0.501181
0.922938
0.797892
0.877446
0.305495
0.165275
0.319191
0.139142
0.889805
0.1443
0.764636
0.221068
0.876429
0.313942
0.798855
0.963303
0.186515
0.774089
0.754569
0.211671
0.82773
0.468518
0.900442
0.276107
0.999695
0.604879
0.929024
0.200925
0.696858
0.851411
0.59448
0.151654
0.488493
0.365074
0.929773
0.723142
0.655506
0.205793
0.973021
0.473612
0.363743
0.191502
0.432679
0.489356
0.0534851
0.74866
0.221261
0.28476
0.724814
0.812951
0.287279
0.842338
0.298544
0.334833
0.675087
0.0974747
0.732401
0.444638
0.242315
0.672552
0.0721319
0.831901
0.964583
0.165155
0.117252
0.393615
0.257191
0.795046
0.881091
0.706093
0.243452
0.714582
0.52484
0.375118
0.399377
0.787284
0.945293
0.819094
0.504388
0.139219
0.695955
0.539845
0.327744
0.28791
0.421212
0.435796
0.980381
0.153443
0.483255
0.21218
0.361838
0.756457
0.961433
0.44299
0.631964
0.907724
0.703737
0.339349
0.137096
0.693983
0.610095
0.778987
0.72039
0.0647316
0.827158
0.651515
0.845993
0.324655
0.034283
0.0741838
0.466751
0.836384
0.500383
0.532811
0.0651289
0.738266
0.0913417
0.502568
0.797038
0.981836
0.907677
0.603313
0.168257
0.493686
0.73214
0.844154
0.173131
0.766399
0.966936
0.0119415
0.325242
0.683258
0.240265
0.758358
0.509731
0.881404
0.36185
0.440313
0.086964
0.458128
0.807159
0.268315
0.177229
0.325001
0.410004
0.817519
0.556152
0.0145073
0.443189
0.456129
0.0905132
0.243891
0.766923
0.745848
0.144162
0.0408814
0.224656
0.369062
0.883709
0.736004
0.966047
0.637442
0.913687
0.626151
0.876743
0.13666
0.170866
0.614106
0.794649
0.561892
0.50741
0.62871
0.692398
0.298817
0.892569
0.130349
0.505683
0.804772
0.662586
0.506465
0.787158
0.344778
0.748504
0.661759
0.865582
0.137107
0.311574
0.60779
0.689906
0.463078
0.715941
0.356653
0.0379785
0.795782
0.268293
0.923414
0.269567
0.502413
0.654173
0.742007
0.303376
0.174888
0.500627
0.299258
0.997747
0.143462
0.994883
0.29175
0.614747
0.228004
0.988757
0.110194
0.547299
0.281635
0.518448
0.956002
0.989079
0.581415
0.169441
0.394756
0.726836
0.620759
0.216183
0.651246
0.734848
0.358274
0.966225
0.45078
0.751177
0.477709
0.238526
0.711439
0.515435
0.713694
0.405591
0.891981
0.847729
0.79797
0.92915
0.300061
0.248481
0.0807814
0.819044
0.165474
0.198812
0.382137
0.945025
0.783099
0.841175
0.127607
0.631142
0.530228
0.219918
0.323359
0.462411
0.0629747
0.761483
0.425113
0.733453
0.496453
0.173905
0.655708
0.468785
0.8734
0.445317
0.825959
0.444456
0.725939
0.121135
0.2135
0.140713
0.0351776
0.539629
0.554302
0.0553813
0.393313
0.205542
0.701542
0.307656
0.672939
0.981463
0.00652266
0.961982
0.00825057
0.276643
0.976323
0.001714
0.392815
0.912923
0.262875
0.382248
0.698616
0.847486
0.53814
0.0933045
0.421046
0.432096
0.310089
0.660056
0.95454
0.388533
0.234161
0.0127839
0.703534
0.179899
0.974897
0.154755
0.83344
0.957482
0.172428
0.558003
0.966325
0.762874
0.568509
0.716696
0.625973
0.165025
0.846794
0.787799
0.737032
0.0119151
0.242019
0.748688
0.982925
0.476547
0.472804
0.00142985
0.327201
0.0769317
0.0527473
0.853402
0.503046
0.84976
0.534502
0.80394
0.775603
0.357454
0.741527
0.0667076
0.781815
0.708273
0.542189
0.257468
0.752472
0.269173
0.220921
0.676948
0.921142
0.251102
0.00110683
0.118489
0.424681
0.846417
0.774385
0.630152
0.500012
0.0981171
0.591068
0.160997
0.28185
0.18057
0.966355
0.521185
0.00606739
0.271428
0.55702
0.585624
0.923394
0.694421
0.263286
0.170832
0.728119
0.512704
0.310542
0.514695
0.80651
0.252459
0.36562
0.788831
0.109607
0.936433
0.242291
0.573222
0.955103
0.107097
0.250695
0.722826
0.562987
0.0191199
0.745371
0.555833
0.62964
0.680839
0.926587
0.793273
0.745065
0.92442
0.449653
0.179647
0.957955
0.184385
0.896899
0.214277
0.293262
0.164211
0.667022
0.923071
0.526981
0.0706674
0.336472
0.100364
0.0228169
0.595601
0.04757
0.950554
0.935427
0.324833
0.978052
0.559195
0.584932
0.753878
0.446718
0.123257
0.307382
0.590155
0.709879
0.370216
0.585852
0.521391
0.00328464
0.0956824
0.766873
0.129891
0.884223
0.249245
0.166877
0.132376
0.428483
0.498222
0.873341
0.625067
0.336853
0.698999
0.0453221
0.513709
0.505863
0.205655
0.0180713
0.808212
0.117443
0.445552
0.0164082
0.96161
0.802187
0.691578
0.781552
0.933017
0.930921
0.460739
0.91609
0.15427
0.589244
0.468774
0.251772
0.0799445
0.289749
0.570492
0.0448236
0.500431
0.976598
0.615516
0.303457
0.297764
0.377144
0.649114
0.0522728
0.823886
0.255283
0.387815
0.838242
0.581032
0.621235
0.399492
0.282949
0.383933
0.452424
0.917598
0.985786
0.68351
0.98016
0.719248
0.582792
0.231758
0.0968029
0.996829
0.265815
0.767511
0.938096
0.652826
0.566688
0.902753
0.195361
0.947561
0.711111
0.889196
0.212233
0.929515
0.34692
0.44478
0.420637
0.577936
0.951434
0.319802
0.170677
0.087413
0.722566
0.782363
0.509143
0.224109
0.258385
0.702802
0.9613
0.183327
0.829823
0.416828
0.870678
0.878122
0.551202
0.0470145
0.351518
0.0886114
0.25328
0.462369
0.408584
0.401709
0.363497
0.555639
0.279016
0.370939
0.598115
0.0180626
0.550926
0.826038
0.770928
0.291238
0.113402
0.762018
0.523244
0.87581
0.492628
0.737393
0.279813
0.67665
0.628803
0.211239
0.235397
0.564224
0.648531
0.748794
0.676673
0.831841
0.687399
0.525264
0.444137
0.728452
0.317397
0.0575502
0.838724
0.746702
0.633894
0.593551
0.777811
0.845929
0.556846
0.0887574
0.505296
0.289769
0.40092
0.199813
0.660446
0.278084
0.269234
0.224726
0.0101952
0.052891
0.325386
0.419425
0.649579
0.657967
0.498468
0.620351
0.975003
0.0318366
0.675756
0.602756
0.23502
0.613821
0.937753
0.104418
0.963311
0.14283
0.890277
0.944443
0.0985591
0.828596
0.648287
0.166847
0.0958943
0.575031
0.526129
0.638608
0.834609
0.435392
0.988884
0.0318735
0.626822
0.978951
0.919523
0.620006
0.131784
0.748845
0.756537
0.817167
0.480508
0.490805
0.556737
0.89111
0.415417
0.332445
0.537921
0.778886
0.749693
0.592802
0.15608
0.435138
0.951014
0.401803
0.271834
0.642675
0.154371
0.809373
0.460803
0.715017
0.408646
0.563839
0.0225698
0.0205925
0.461647
0.239339
0.742948
0.75828
0.888279
0.891922
0.964233
0.91398
0.866541
0.924011
0.0181217
0.827904
0.406042
0.336941
0.575992
0.30227
0.333717
0.0512315
0.971224
0.679087
0.841429
0.474311
0.0482658
0.817727
0.900159
0.995352
0.593103
0.401957
0.345445
0.586925
0.899853
0.506131
0.938786
0.19315
0.528147
0.850225
0.20968
0.0840337
0.805994
0.673396
0.382993
0.855681
0.132823
0.655771
0.196333
0.256069
0.637373
0.818125
0.912141
0.516069
0.245141
0.829169
0.32916
0.365405
0.710055
0.650103
0.0979826
0.413235
0.665068
0.946148
0.14537
0.0730503
0.246366
0.194729
0.512017
0.711562
0.345867
0.919997
0.408455
0.201288
0.0467043
0.983388
0.793792
0.556499
0.296383
0.359895
0.281954
0.832242
0.372293
0.32975
0.68014
0.966099
0.194266
0.515192
0.96416
0.742391
0.0388689
0.69202
0.995351
0.558501
0.71012
0.805617
0.783762
0.173011
0.721308
0.121117
0.602282
0.115341
0.542608
0.937432
0.756422
0.936565
0.46919
0.794792
0.314406
0.98111
0.16448
0.605516
0.602296
0.859016
0.4333
0.637683
0.7688
0.29844
0.279541
0.781393
0.224486
0.558098
0.80307
0.0273129
0.260064
0.0793352
0.990564
0.58719
0.648434
0.557502
0.954948
0.586017
0.535187
0.112335
0.678131
0.755542
0.422248
0.737017
0.811722
0.058812
0.549341
0.705619
0.590419
0.675426
0.477973
0.118598
0.412761
0.277204
0.182619
0.266047
0.143917
0.0239375
0.453795
0.988379
0.695214
0.20893
0.917708
0.714136
0.935085
0.984001
0.477179
0.354615
0.486128
0.0936414
0.4785
0.734978
0.462951
0.0480215
0.408954
0.74157
0.705517
0.664519
0.42964
0.865091
0.562641
0.407473
0.548328
0.31934
0.780362
0.455835
0.737011
0.415209
0.54985
0.92842
0.798842
0.369606
0.269551
0.196438
0.289159
0.229012
0.0762518
0.712985
0.295262
0.0873374
0.699753
0.289195
0.379653
0.277791
0.69584
0.246741
0.491409
0.718423
0.612234
0.37635
0.150384
0.0910503
0.142216
0.132056
0.708927
0.0332419
0.820609
0.990837
0.995799
0.0230491
0.316804
0.407365
0.146986
0.136177
0.879527
0.293519
0.928078
0.355278
0.988013
0.452381
0.352925
0.611057
0.764303
0.896374
0.903239
0.234876
0.201329
0.479249
0.153832
0.0025436
0.76148
0.771607
0.108192
0.448982
0.400348
0.609629
0.049061
0.633452
0.570326
0.246715
0.208724
0.0350277
0.25875
0.537721
0.0636839
0.75801
0.61528
0.0854711
0.558417
0.726963
0.223201
0.779234
0.0628865
0.0510577
0.569325
0.654863
0.368516
0.237423
0.767202
0.506276
0.527296
0.433176
0.0883009
0.177959
0.838723
0.375831
0.355871
0.968199
0.789249
0.231765
0.756158
0.0727127
0.248935
0.00243855
0.121663
0.498372
0.729995
0.678048
0.241144
0.376709
0.0119153
0.818304
0.251028
0.10689
0.937839
0.740021
0.662935
0.257843
0.686905
0.991206
0.0820033
0.659228
0.327222
0.291336
0.170691
0.610941
0.954173
0.617502
0.912752
0.640829
0.218735
0.616124
0.732068
0.740317
0.550499
0.0199106
0.521029
0.507624
0.880079
0.249753
0.133147
0.128262
0.1656
0.881247
0.394589
0.622499
0.527952
0.155525
0.189318
0.28948
0.299489
0.214085
0.672533
0.777692
0.79088
0.23731
0.167089
0.711455
0.080774
0.166359
0.79759
0.303133
0.632987
0.188119
0.41684
0.880755
0.0458925
0.662908
0.879338
0.760717
0.738695
0.674612
0.216511
0.395279
0.879287
0.882951
0.768362
0.224517
0.358369
0.857547
0.82623
0.162437
0.114516
0.573502
0.841347
0.146933
0.614895
0.248158
0.753875
0.683267
0.796299
0.198727
0.497114
0.810781
0.2712
0.900487
0.231575
0.422495
0.103506
0.925229
0.363588
0.367317
0.958704
0.939635
0.903152
0.264522
0.93308
0.443281
0.215705
0.460201
0.86671
0.42596
0.722496
0.055364
0.444895
0.623988
0.60426
0.435392
0.892739
0.555214
0.0628757
0.230513
0.567558
0.012391
0.195688
0.136993
0.253795
0.194614
0.0371958
0.528746
0.465145
0.156509
0.822783
0.289019
0.558566
0.754851
0.029182
0.791871
0.964869
0.772316
0.246359
0.463113
0.340571
0.398035
0.435508
0.850404
0.945698
0.744655
0.627842
0.632194
0.0522365
0.581582
0.618862
0.495191
0.687899
0.964095
0.712804
0.310048
0.519916
0.938033
0.0719428
0.53496
0.183524
0.999716
0.725435
0.276848
0.859843
0.490816
0.792405
0.939821
0.407835
0.607842
0.973946
0.890619
0.855022
0.205942
0.868731
0.0706918
0.551663
0.0767039
0.16692
0.984639
0.793061
0.879639
0.277048
0.994668
0.214708
0.407043
0.44059
0.350774
0.764936
0.361922
0.888876
0.886329
0.559775
0.328654
0.0970615
0.808755
0.424698
0.116105
0.689821
0.514985
0.427945
0.152856
0.0534707
0.861388
0.210111
0.114247
0.209197
0.817852
0.414687
0.460917
0.00207799
0.935706
0.0242381
0.0685353
0.160594
0.559176
0.90691
0.628401
0.281302
0.210056
0.377952
0.998609
0.293376
0.0752858
0.0809405
0.185461
0.457688
0.0271225
0.993393
0.134816
0.455123
0.105589
0.861455
0.0130648
0.618819
0.892893
0.86836
0.157412
0.865007
0.7095
0.841334
0.375164
0.377157
0.0615533
0.801643
0.771694
0.598102
0.269314
0.162466
0.786792
0.58483
0.70633
0.379285
0.61907
0.280641
0.579005
0.357477
0.718112
0.759346
0.676261
0.421791
0.524072
0.996201
0.0189783
0.152409
0.134386
0.220259
0.83891
0.892267
0.0773002
0.402833
0.816746
0.230329
0.871897
0.936756
0.00901842
0.265502
0.554309
0.0611209
0.393546
0.955877
0.849801
0.086195
0.463088
0.357985
0.170426
0.973189
0.796903
0.060753
0.117915
0.323575
0.0399082
0.618856
0.671515
0.332636
0.219113
0.290139
0.740445
0.76194
0.827021
0.881804
0.260669
0.485414
0.601686
0.0100591
0.515657
0.663727
0.433117
0.577892
0.860848
0.101643
0.325705
0.775682
0.531472
0.843051
0.846374
0.409324
0.713448
0.558358
0.988135
0.860552
0.557014
0.778919
0.878733
0.484154
0.312811
0.533205
0.264071
0.746764
0.270081
0.439393
0.196109
0.911922
0.676674
0.809062
0.854912
0.576077
0.320567
0.816684
0.934543
0.86024
0.952551
0.289604
0.522486
0.561957
0.22981
0.173183
0.902287
0.0723026
0.360052
0.225806
0.209101
0.362568
0.125887
0.998432
0.36783
0.845348
0.46915
0.65338
0.243543
0.414694
0.314838
0.677034
0.433862
0.470044
0.81437
0.0411546
0.633005
0.228596
0.687834
0.867494
0.99717
0.130823
0.844929
0.150385
0.440953
0.643817
0.964279
0.592007
0.294479
0.267145
0.210804
0.105007
0.25094
0.0459117
0.770849
0.037172
0.0342262
0.395705
0.384742
0.672826
0.71634
0.544124
0.556475
0.0656554
0.114272
0.393571
0.620208
0.757641
0.196036
0.109995
0.343254
0.438783
0.92555
0.242271
0.245269
0.102312
0.476037
0.676915
0.313302
0.750072
0.241656
0.232803
0.292415
0.202759
0.577032
0.200603
0.231548
0.0697057
0.694374
0.63159
0.46432
0.432902
0.647886
0.680538
0.704458
0.299936
0.835133
0.807379
0.435535
0.380538
0.94507
0.142314
0.274704
0.241431
0.782413
0.819063
0.490126
0.394153
0.898032
0.580941
0.351764
0.370559
0.455078
0.464451
0.495246
0.340676
0.260499
0.865078
0.978467
0.327606
0.391656
0.789972
0.21064
0.574164
0.347723
0.60221
0.433463
0.115934
0.155545
0.0613193
0.934097
0.115434
0.359662
0.964757
0.669648
0.0120791
0.326168
0.195028
0.482831
0.0426237
0.790101
0.477124
0.58851
0.18678
0.076058
0.650991
0.510802
0.0926916
0.921704
0.763683
0.150424
0.0369518
0.333883
0.785916
0.161981
0.473859
0.407008
0.257699
0.320877
0.228591
0.533411
0.667718
0.0595383
0.888985
0.935358
0.871191
0.852634
0.450622
0.948404
0.350846
0.630985
0.769881
0.985773
0.625732
0.903843
0.87968
0.613463
0.612551
0.76924
0.722561
0.665751
0.244179
0.492074
0.355831
0.830796
0.150092
0.829643
0.183431
0.636016
0.703353
0.784297
0.269228
0.262936
0.238879
0.962899
0.286417
0.121195
0.747646
0.222796
0.157711
0.611387
0.851548
0.783963
0.941028
0.00644103
0.36357
0.487028
0.0153334
0.881213
0.237983
0.376861
0.121355
0.0199861
0.215242
0.291405
0.311835
0.231563
0.966268
0.635451
0.366016
0.00163593
0.040811
0.0190287
0.723052
0.412132
0.424579
0.940118
0.489025
0.257201
0.0098147
0.191353
0.572258
0.785563
0.784016
0.170412
0.501611
0.998867
0.0414797
0.773788
0.982449
0.935783
0.422366
0.0536136
0.744969
0.871495
0.0839571
0.31724
0.739566
0.86228
0.808812
0.849248
0.233946
0.564875
0.354496
0.935589
0.866647
0.760311
0.849573
0.369531
0.211673
0.511897
0.540553
0.119107
0.908926
0.387055
0.694481
0.335752
0.915121
0.672676
0.961844
0.383807
0.929867
0.0137021
0.0045039
0.0705959
0.551612
0.404607
0.693325
0.756737
0.21813
0.963474
0.680195
0.526404
0.486248
0.418355
0.649121
0.0972051
0.705482
0.735591
0.0510888
0.649371
0.640295
0.819793
0.627381
0.253947
0.0956408
0.715167
0.526026
0.0796738
0.100495
0.237864
0.316082
0.0582302
0.704059
0.469051
0.704426
0.187552
0.939316
0.0383894
0.25976
0.15289
0.00864133
0.6276
0.948488
0.44531
0.24614
0.623816
0.787187
0.657312
0.911407
0.352394
0.416333
0.135268
0.369395
0.818891
0.89998
0.668347
0.711081
0.38988
0.556085
0.393643
0.369612
0.342287
0.12215
0.59716
0.786627
0.710965
0.0608882
0.590373
0.683431
0.364154
0.310587
0.342027
0.99172
0.736542
0.28486
0.0448778
0.998539
0.149611
0.426483
0.297058
0.760154
0.148944
0.119984
0.0777501
0.339545
0.788186
0.267696
0.196864
0.922182
0.289354
0.333941
0.398395
0.364796
0.00917374
0.162045
0.797161
0.231807
0.141135
0.368871
0.8286
0.874127
0.0829505
0.621546
0.391311
0.604995
0.89911
0.601084
0.362044
0.527552
0.808213
0.957586
0.162797
0.0688359
0.12477
0.0617004
0.559744
0.774886
0.58516
0.857038
0.373642
0.42164
0.487428
0.618227
0.28144
0.996315
0.574614
0.9193
0.388758
0.603966
0.0913026
0.61708
0.752918
0.853893
0.943073
0.154289
0.536241
0.780599
0.388546
0.987032
0.969265
0.853982
0.193708
0.441362
0.803598
0.133449
0.678205
0.803612
0.434072
0.12063
0.583291
0.949176
0.369908
0.365403
0.19112
0.314431
0.23456
0.379883
0.625066
0.516486
0.973933
0.915104
0.760765
0.425447
0.452662
0.155037
0.677555
0.993882
0.118149
0.882674
0.0800197
0.648176
0.912024
0.172829
0.6193
0.546463
0.108735
0.66637
0.543884
0.507827
0.260954
0.980558
0.609545
0.917446
0.931477
0.310179
0.678126
0.412386
0.391309
0.774157
0.934855
0.652714
0.96363
0.56235
0.153872
0.982631
0.193314
0.437188
0.941672
0.286305
0.521704
0.644868
0.388129
0.84309
0.646321
0.790782
0.0548091
0.486832
0.245195
0.733858
0.730247
0.873927
0.245509
0.0545193
0.88188
0.164845
0.316246
0.150931
0.234322
0.923778
0.764514
0.518239
0.40367
0.541131
0.515254
0.265468
0.0175291
0.983514
0.354003
0.424791
0.25044
0.175947
0.112409
0.107837
0.204401
0.820947
0.976184
0.0637293
0.064171
0.959196
0.595174
0.693555
0.457038
0.076472
0.175252
0.0759329
0.946746
0.0615343
0.231697
0.0583819
0.0912607
0.819646
0.183773
0.969173
0.994068
0.846424
0.470167
0.00435074
0.778693
0.566706
0.365005
0.844614
0.916116
0.743116
0.174102
0.55674
0.834791
0.759023
0.991159
0.33425
0.742938
0.0805743
0.693579
0.131983
0.0928045
0.702495
0.357596
0.749287
0.616584
0.882338
0.772401
0.416508
0.363675
0.967875
0.232958
0.439451
0.668973
0.622316
0.291194
0.956526
0.481876
0.252039
0.645244
0.363241
0.985699
0.941527
0.846455
0.458749
0.937184
0.700191
0.00381734
0.86912
0.655779
0.325772
0.165526
0.802046
0.0923964
0.689005
0.557351
0.687641
0.907325
0.744242
0.357508
0.760044
0.986976
0.0707035
0.187714
0.134507
0.329172
0.249069
0.000118018
0.434651
0.726642
0.878075
0.539793
0.524579
0.17843
0.535813
0.0624774
0.400536
0.458893
0.490429
0.487251
0.796809
0.773977
0.464883
0.66384
0.560532
0.934469
0.260489
0.934225
0.35012
0.975892
0.543897
0.668257
0.711981
0.654754
0.60222
0.952957
0.09022
0.750822
0.370984
0.115183
0.824016
0.605111
0.539598
0.25737
0.687351
0.823289
0.0390179
0.486011
0.0257862
0.574159
0.716311
0.0125765
0.0449787
0.412935
0.500789
0.806558
0.305609
0.05898
0.866406
0.980323
0.979422
0.0576996
0.895117
0.585472
0.921067
0.756277
0.745864
0.000375179
0.110413
0.522943
0.8339
0.588592
0.520043
0.639456
0.52512
0.807842
0.962601
0.796498
0.650098
0.449235
0.972687
0.621652
0.642515
0.18643
0.277988
0.169668
0.606659
0.114425
0.914326
0.804692
0.118693
0.457648
0.539312
0.404153
0.0663768
0.127059
0.999308
0.313993
0.331924
0.305931
0.704354
0.984924
0.622691
0.744008
0.865785
0.719404
0.254377
0.939722
0.151192
0.459022
0.191424
0.89016
0.811435
0.0419736
0.149319
0.588473
0.83439
0.860311
0.0634522
0.948398
0.180116
0.346671
0.729262
0.3356
0.652126
0.22015
0.918317
0.385512
0.459464
0.921028
0.775042
0.287358
0.0242544
0.164017
0.798774
0.214056
0.0894276
0.0397328
0.215831
0.0776716
0.681306
0.594065
0.0462801
0.290136
0.981732
0.31515
0.670099
0.708888
0.66443
0.457613
0.197414
0.447142
0.750292
0.633785
0.447501
0.728477
0.536268
0.601577
0.841239
0.465408
0.652556
0.678686
0.0117065
0.741663
0.802771
0.712845
0.4376
0.877817
0.241788
0.0377779
0.904171
0.26
0.545946
0.344573
0.0963617
0.611345
0.730288
0.898138
0.128835
0.885879
0.267549
0.0284385
0.317579
0.464534
0.0635507
0.326209
0.997772
0.832973
0.943712
0.472814
0.692609
0.420911
0.705358
0.133952
0.43776
0.782624
0.290504
0.846891
0.56616
0.798337
0.133816
0.330927
0.757809
0.0761643
0.240432
0.150733
0.659279
0.234305
0.0483206
0.162323
0.877606
0.243175
0.629883
0.671271
0.653268
0.507159
0.287469
0.73292
0.0169137
0.865682
0.0975016
0.524232
0.734555
0.193267
0.457903
0.216987
0.845895
0.778293
0.193498
0.28201
0.100484
0.160118
0.274091
0.65412
0.0963852
0.604267
0.699904
0.687474
0.426054
0.895368
0.609052
0.331019
0.634092
0.627524
0.161762
0.453707
0.291593
0.671813
0.256006
0.749197
0.991741
0.000593019
0.629249
0.14969
0.571369
0.54831
0.400979
0.178631
0.363153
0.288493
0.610743
0.17192
0.783136
0.206623
0.806328
0.797353
0.0582633
0.34856
0.236822
0.801966
0.398622
0.624222
0.705212
0.416969
0.419073
0.546201
0.635208
0.349963
0.114952
0.583002
0.407004
0.794124
0.196544
0.306594
0.516635
0.384043
0.0870062
0.013957
0.613634
0.527906
0.388428
0.00232147
0.971672
0.0457054
0.120724
0.177776
0.446869
0.543174
0.538034
0.176942
0.478466
0.451118
0.827334
0.681389
0.186538
0.159844
0.493929
0.104499
0.121441
0.178368
0.73853
0.330442
0.719685
0.748092
0.630587
0.68497
0.0209126
0.840635
0.382584
0.817711
0.700669
0.969508
0.529963
0.675646
0.973663
0.745318
0.321389
0.24746
0.422192
0.604187
0.124012
0.258459
0.304434
0.639084
0.148449
0.495728
0.397273
0.963745
0.298143
0.943237
0.928372
0.538868
0.447803
0.406557
0.652154
0.890289
0.955613
0.806903
0.624401
0.6488
0.713883
0.824159
0.730144
0.341316
0.542853
0.0686078
0.519538
0.363074
0.232312
0.461018
0.406405
0.560546
0.0357398
0.000804174
0.784143
0.354756
0.921645
0.601931
0.113669
0.8347
0.386796
0.176253
0.53811
0.750528
0.136034
0.643985
0.0788981
0.836213
0.433336
0.0509724
0.967991
0.391365
0.428848
0.472474
0.170877
0.551885
0.266542
0.883121
0.655064
0.179158
0.277214
0.672753
0.458749
0.797461
0.0614838
0.987819
0.11433
0.50927
0.767507
0.578024
0.481483
0.318167
0.368072
0.327911
0.544454
0.789026
0.241772
0.153069
0.228285
0.475163
0.86295
0.440657
0.788642
0.0421471
0.905085
0.713914
0.82994
0.517948
0.562326
0.700371
0.506453
0.59912
0.393851
0.483428
0.961094
0.442697
0.495736
0.916993
0.556553
0.8735
0.305039
0.982871
0.953479
0.436532
0.840753
0.270595
0.590402
0.224157
0.686358
0.259367
0.620066
0.907741
0.518623
0.58183
0.856881
0.903456
0.487366
0.94932
0.790163
0.101921
0.250851
0.918317
0.217858
0.0913751
0.971518
0.177766
0.555445
0.30407
0.0767159
0.53696
0.374685
0.0155635
0.0891528
0.29367
0.226928
0.626611
0.331723
0.162212
0.305642
0.157333
0.811416
0.441143
0.00287291
0.383353
0.0869967
0.600264
0.914308
0.543591
0.425122
0.96662
0.347633
0.0493933
0.0496138
0.689189
0.88888
0.124706
0.788549
0.661951
0.0814376
0.806951
0.923866
0.585006
0.772424
0.238319
0.548177
0.843451
0.181108
0.677147
0.233466
0.383692
0.244059
0.159082
0.316364
0.266874
0.29172
0.237711
0.604691
0.07913
0.611088
0.734343
0.809951
0.878326
0.949195
0.926637
0.510461
0.856992
0.512063
0.105761
0.949815
0.401125
0.513839
0.931766
0.475355
0.72456
0.830782
0.516865
0.921352
0.758584
0.814804
0.666312
0.741568
0.476487
0.821231
0.206548
0.195903
0.332743
0.505502
0.830328
0.395801
0.996494
0.44346
0.388495
0.513112
0.0590367
0.12995
0.0581008
0.957091
0.895
0.910395
0.316554
0.824226
0.356891
0.900048
0.151491
0.425579
0.482701
0.445595
0.436043
0.196331
0.896269
0.183807
0.899208
0.792215
0.0800727
0.251932
0.620991
0.677525
0.200148
0.704498
0.482022
0.00939612
0.66282
0.691228
0.497321
0.123028
0.0829331
0.450753
0.463913
0.422552
0.843263
0.674809
0.851968
0.98223
0.924812
0.297597
0.36916
0.662658
0.187655
0.265014
0.127935
0.0466812
0.782045
0.338416
0.845365
0.999692
0.869445
0.487629
0.0052877
0.159009
0.333193
0.927867
0.412414
0.157022
0.658472
0.355267
0.0680851
0.882783
0.661283
0.435721
0.79738
0.586743
0.246101
0.101681
0.557247
0.133313
0.871911
0.711648
0.855358
0.205938
0.906296
0.627012
0.209362
0.769381
0.547283
0.260936
0.0762402
0.593886
0.492624
0.153983
0.18143
0.145922
0.0361931
0.13115
0.677429
0.6502
0.771208
0.0950235
0.0615438
0.627628
0.579938
0.509724
0.282487
0.713914
0.0896078
0.130332
0.965507
0.0634973
0.27417
0.0324959
0.185724
0.143491
0.381643
0.496881
0.71939
0.222325
0.866691
0.80318
0.202722
0.357784
0.508151
0.48835
0.128028
0.18912
0.391174
0.123771
0.106797
0.337928
0.933685
0.16601
0.329444
0.722473
0.636836
0.935889
0.6514
0.590164
0.739148
0.28053
0.235225
0.572846
0.454033
0.973067
0.178453
0.569613
0.970365
0.404732
0.0568244
0.761817
0.895811
0.623966
0.812627
0.564975
0.322591
0.277281
0.917806
0.822247
0.195371
0.506534
0.241549
0.0441767
0.160958
0.35731
0.552025
0.999394
0.579498
0.753103
0.081959
0.460945
0.876861
0.589982
0.0877488
0.412959
0.917903
0.00642113
0.83179
0.522327
0.580279
0.382996
0.917711
0.180077
0.208519
0.12662
0.408198
0.917147
0.128031
0.794021
0.655104
0.499233
0.89873
0.609127
0.271523
0.505395
0.487979
0.929076
0.175515
0.695128
0.0425323
0.713507
0.135187
0.968557
0.439158
0.551844
0.744789
0.224475
0.293641
0.303247
0.261536
0.920882
0.607846
0.903921
0.232837
0.642737
0.734529
0.396475
0.34361
0.48159
0.839581
0.736007
0.413382
0.531798
0.541405
0.427618
0.972857
0.308007
0.907098
0.55003
0.349637
0.388576
0.48513
0.219999
0.692785
0.0896531
0.55422
0.0522148
0.865924
0.474569
0.268071
0.669368
0.638546
0.503252
0.875679
0.817078
0.105233
0.626342
0.696886
0.13837
0.762465
0.628692
0.0328713
0.162374
0.172712
0.0269513
0.691262
0.561958
0.645496
0.825912
0.30556
0.234964
0.865101
0.938304
0.128569
0.263735
0.894631
0.0727353
0.479504
0.307636
0.486098
0.394456
0.524474
0.483237
0.126228
0.763637
0.570034
0.286855
0.747668
0.85585
0.549474
0.614151
0.535293
0.969444
0.881557
0.431449
0.757285
0.824487
0.381375
0.153479
0.0506878
0.157983
0.40301
0.282237
0.0911118
0.420037
0.893711
0.361627
0.076283
0.375657
0.539238
0.802597
0.953122
0.916888
0.680095
0.63344
0.818043
0.88996
0.178317
0.729959
0.420155
0.242133
0.914508
0.580172
0.197054
0.292937
0.0948158
0.138254
0.772906
0.43449
0.0475298
0.822396
0.348482
0.0655728
0.688991
0.211281
0.912863
0.0641664
0.338503
0.493844
0.706477
0.603121
0.0619222
0.227027
0.865173
0.613656
0.223635
0.456195
0.675008
0.701373
0.426582
0.752918
0.367444
0.819474
0.520041
0.224793
0.884637
0.503863
0.854846
0.052005
0.544498
0.974831
0.465722
0.605304
0.0352349
0.910006
0.360441
0.700093
0.669041
0.193246
0.595476
0.0413118
0.324629
0.444183
0.31783
0.413804
0.00829217
0.633088
0.452756
0.672852
0.46319
0.585753
0.217028
0.0895776
0.756532
0.683072
0.13746
0.10588
0.274358
0.560013
0.754369
0.0536133
0.0535989
0.108672
0.689655
0.892681
0.881104
0.590084
0.259198
0.522743
0.0893229
0.159491
0.309247
0.723213
0.478332
0.609746
0.456506
0.276246
0.29389
0.637551
0.411582
0.327391
0.691213
0.437201
0.565504
0.538604
0.614151
0.926536
0.518986
0.0883073
0.519463
0.40978
0.734129
0.0731836
0.875864
0.98196
0.988245
0.366387
0.867552
0.479585
0.809494
0.486868
0.231876
0.282282
0.574019
0.534488
0.660859
0.770067
0.444269
0.74562
0.696242
0.74095
0.828194
0.723927
0.547754
0.593544
0.539005
0.900982
0.76428
0.57939
0.335177
0.281455
0.187626
0.929658
0.0203938
0.0275151
0.118564
0.160931
0.783117
0.937164
0.124845
0.364761
0.955462
0.371177
0.420861
0.785661
0.871078
0.683332
0.248661
0.492251
0.00170877
0.708634
0.189989
0.446226
0.0521358
0.364203
0.839042
0.773836
0.193174
0.917517
0.765634
0.544572
0.112423
0.976711
0.198451
0.861739
0.0624513
0.757602
0.358087
0.569611
0.586105
0.682136
0.869552
0.38184
0.0986313
0.862945
0.183927
0.735834
0.00629525
0.528699
0.438868
0.177755
0.541188
0.944942
0.687639
0.582862
0.991909
0.885097
0.926363
0.0158556
0.509802
0.206331
0.849174
0.535931
0.170453
0.584968
0.760969
0.75122
0.470113
0.966131
0.577435
0.42731
0.936755
0.782306
0.342047
0.954527
0.0354278
0.495518
0.189716
0.97867
0.0476282
0.517799
0.186789
0.999887
0.104343
0.0646402
0.977067
0.244377
0.052475
0.996117
0.663553
0.613606
0.334325
0.200368
0.855598
0.0157288
0.559826
0.574129
0.311141
0.883893
0.951214
0.154985
0.103728
0.18613
0.33982
0.460063
0.744007
0.731501
0.894676
0.585812
0.185362
0.0772008
0.262618
0.123599
0.143411
0.841303
0.299581
0.445772
0.659011
0.725826
0.0727573
0.416904
0.334504
0.0548181
0.313329
0.0848915
0.172848
0.132143
0.999441
0.4066
0.449356
0.223656
0.24911
0.562742
0.545702
0.468459
0.202766
0.916674
0.175912
0.523916
0.0750966
0.171811
0.933989
0.249121
0.0558919
0.782322
0.5929
0.231513
0.239581
0.171822
0.0845797
0.461306
0.263138
0.81473
0.590662
0.958447
0.832048
0.734982
0.673607
0.656761
0.814028
0.476797
0.877932
0.350004
0.0801801
0.102171
0.73121
0.00447498
0.773268
0.269792
0.574548
0.242904
0.182809
0.95007
0.152212
0.30429
0.906661
0.830949
0.390101
0.284375
0.478797
0.969223
0.292744
0.96145
0.142959
0.741999
0.388524
0.0121725
0.95186
0.653041
0.652798
0.922087
0.871654
0.048641
0.338615
0.395534
0.0713254
0.297738
0.644718
0.569641
0.0767102
0.490949
0.650502
0.837071
0.96883
0.213211
0.447638
0.582228
0.306222
0.444718
0.898038
0.635599
0.950954
0.144848
0.947844
0.750929
0.478022
0.573748
0.927144
0.909903
0.347794
0.906289
0.765085
0.759034
0.521221
0.19306
0.550082
0.983443
0.69747
0.223103
0.364812
0.922211
0.853687
0.343059
0.825666
0.229999
0.266573
0.787427
0.256364
0.889618
0.695456
0.574623
0.925412
0.380244
0.90655
0.523518
0.277084
0.305952
0.21809
0.445144
0.585628
0.289269
0.246025
0.064265
0.962374
0.434432
0.529966
0.72549
0.145436
0.16503
0.21906
0.43862
0.00169244
0.740726
0.497503
0.317917
0.170736
0.257745
0.929349
0.96998
0.780481
0.43781
0.402329
0.884915
0.664106
0.0102226
0.850353
0.385496
0.0080356
0.991767
0.434384
0.188987
0.860636
0.669129
0.361375
0.136329
0.431314
0.588521
0.0209583
0.143372
0.60971
0.357192
0.619565
0.928837
0.634676
0.561514
0.991673
0.573704
0.342712
0.606342
0.767867
0.466701
0.925567
0.780313
0.579394
0.690602
0.626677
0.351795
0.478908
0.40399
0.306136
0.000159108
0.257087
0.273208
0.303882
0.387066
0.834815
0.50916
0.530791
0.172457
0.410606
0.563656
0.217366
0.279928
0.542975
0.0399973
0.249696
0.716193
0.847421
0.872477
0.522396
0.749298
0.487734
0.329492
0.238195
0.7503
0.141287
0.894948
0.583866
0.503072
0.618029
0.582652
0.712189
0.286953
0.812841
0.738371
0.459632
0.53689
0.170961
0.884254
0.729437
0.385806
0.34615
0.660297
0.969793
0.893839
0.231304
0.417537
0.676801
0.269168
0.0411825
0.51768
0.351895
0.885099
0.626952
0.893821
0.843427
0.398108
0.702228
0.926975
0.502088
0.771518
0.160302
0.193078
0.0798641
0.509509
0.162248
0.135171
0.802209
0.906134
0.175578
0.21543
0.543121
0.61405
0.643167
0.601757
0.532811
0.337625
0.462089
0.943588
0.527657
0.955132
0.952101
0.291635
0.87212
0.874703
0.493424
0.716229
0.382317
0.928737
0.513524
0.678962
0.48094
0.611446
0.00258928
0.712311
0.513198
0.964228
0.237368
0.461934
0.673487
0.913559
0.89308
0.646324
0.472455
0.366082
0.223067
0.988506
0.174167
0.865586
0.485888
0.674476
0.133046
0.116567
0.299531
0.393048
0.460284
0.179047
0.102447
0.511824
0.94941
0.63935
0.401067
0.443944
0.690695
0.561518
0.983522
0.760335
0.304093
0.524047
0.779226
0.102121
0.220394
0.54665
0.544026
0.44789
0.940293
0.211709
0.0505976
0.79052
0.701037
0.785124
0.963781
0.77822
0.480365
0.641242
0.0805378
0.374507
0.767407
0.79654
0.114218
0.0917832
0.0302436
0.856772
0.702832
0.853213
0.309809
0.182249
0.821004
0.0375805
0.869817
0.575943
0.275301
0.76182
0.332413
0.299119
0.462622
0.955906
0.22923
0.71915
0.0713396
0.284782
0.397528
0.394241
0.904874
0.472036
0.151129
0.899714
0.507394
0.07998
0.655808
0.20057
0.77133
0.300855
0.438844
0.874993
0.206381
0.813818
0.462411
0.993504
0.0497148
0.26242
0.690505
0.95843
0.897037
0.407256
0.57908
0.108402
0.0342248
0.508464
0.4191
0.39254
0.149209
0.992783
0.962171
0.919039
0.603791
0.959831
0.258468
0.68283
0.945086
0.582319
0.136614
0.276998
0.836275
0.954855
0.25523
0.892664
0.0863605
0.446064
0.155813
0.411998
0.958602
0.108674
0.246658
0.89906
0.437334
0.202282
0.147485
0.293162
0.632835
0.38348
0.324481
0.609423
0.00395706
0.618018
0.445431
0.451222
0.578181
0.36971
0.384629
0.139223
0.848806
0.120755
0.307254
0.261663
0.528941
0.77817
0.762912
0.950601
0.842001
0.021015
0.218005
0.688797
0.52839
0.143103
0.956643
0.951923
0.248055
0.445885
0.77977
0.490786
0.558604
0.736185
0.432191
0.55826
0.14867
0.983491
0.187198
0.885594
0.506216
0.691468
0.518474
0.712814
0.701459
0.0384048
0.288961
0.677877
0.464113
0.341256
0.386391
0.869282
0.234618
0.89799
0.235154
0.846818
0.369071
0.762916
0.114194
0.935147
0.177521
0.509682
0.710633
0.594889
0.975327
0.536633
0.838789
0.175921
0.827268
0.969213
0.754292
0.857558
0.164087
0.714099
0.992982
0.0803145
0.95116
0.719764
0.16427
0.27393
0.588975
0.998136
0.62866
0.186347
0.225113
0.462064
0.489106
0.618328
0.657414
0.133262
0.82591
0.868399
0.508014
0.775424
0.604825
0.69281
0.84795
0.507195
0.188076
0.0851935
0.952008
0.4497
0.877961
0.68062
0.363512
0.963287
0.422748
0.0887213
0.948732
0.52821
0.914522
0.960586
0.120608
0.823905
0.00870147
0.0941025
0.911472
0.0615722
0.894889
0.382445
0.074457
0.124739
0.948757
0.910384
0.893275
0.572491
0.494651
0.00311234
0.880064
0.0600631
0.608593
0.532275
0.0409813
0.231477
0.391384
0.283885
0.889229
0.638914
0.641485
0.692821
0.885209
0.743504
0.357362
0.748585
0.48349
0.552225
0.998991
0.377015
0.466267
0.945603
0.938205
0.102637
0.743013
0.250886
0.0275667
0.296344
0.296006
0.115399
0.717468
0.813088
0.45141
0.234747
0.651123
0.324277
0.155613
0.990575
0.167166
0.149559
0.436498
0.552554
0.639519
0.892687
0.729336
0.499288
0.0842357
0.686142
0.246997
0.512831
0.962994
0.349214
0.0741522
0.201504
0.612937
0.264222
0.165167
0.605688
0.232537
0.275559
0.925369
0.441291
0.853188
0.416251
0.555373
0.635576
0.22619
0.766724
0.838164
0.210032
0.0548409
0.25045
0.548602
0.064976
0.501294
0.671183
0.165066
0.720585
0.397895
0.796449
0.0629025
0.569023
0.092669
0.791995
0.869369
0.692379
0.358648
0.811871
0.159775
0.801073
0.296734
0.0488487
0.174484
0.347446
0.661777
0.0498451
0.73649
