1.05407
0.529303
1.43865
1.21623
0.417955
1.38458
0.68668
1.37332
0.655064
1.12408
0.805505
1.14066
0.875464
0.978554
1.39033
1.01068
0.898708
0.738247
1.28491
1.24845
0.540361
0.581422
1.05458
1.27748
1.15617
0.574987
1.35905
0.514989
1.03599
0.665984
0.497762
0.909337
1.66256
2.37031
1.05716
0.537815
0.761101
0.848745
1.09617
0.806893
1.01187
0.573439
1.06824
0.530333
0.928784
0.897891
0.988689
1.05361
1.42433
1.22546
0.648555
1.4615
1.11777
1.2158
0.82154
0.776823
0.890932
0.762242
1.24685
1.06257
1.09498
0.885272
1.30973
0.895663
1.62624
1.01417
1.0583
1.27533
0.871972
0.604898
1.73018
0.754723
0.212467
1.17724
1.12113
1.08919
0.933395
1.80836
1.37004
0.924967
0.873673
1.1763
0.948439
0.741126
1.45324
0.717382
0.965698
0.374774
0.615606
1.07392
0.498609
1.03432
1.64042
1.28616
1.10761
1.50858
1.27722
1.14185
1.17848
1.20524
1.26688
0.763731
1.07169
0.802351
0.605616
1.29366
1.0798
0.568415
0.841562
0.810903
0.729207
1.46219
1.15396
1.43027
0.894184
1.08187
0.56149
1.27301
0.827292
1.55902
1.13337
0.890948
0.701815
1.18414
0.767889
1.55975
0.647921
0.948491
1.40153
1.40603
1.02064
1.06349
0.666996
1.16078
1.14128
1.19881
0.611063
1.21187
0.688415
1.83841
0.8232
0.742632
0.871288
0.964256
0.683
1.38327
0.802013
1.14232
1.39502
1.16337
1.06458
0.635877
0.918942
1.44808
0.902928
0.845374
0.868214
1.07663
0.990713
1.27496
1.26947
0.675676
1.01638
1.16332
0.597166
0.988428
1.52553
1.49346
1.16281
1.36645
1.89972
0.649457
1.50392
1.1425
0.85465
0.710084
1.15052
1.38417
1.15917
0.556974
1.03752
1.049
0.888278
0.946278
1.08811
1.42742
0.672169
0.923847
1.25959
0.494536
1.0393
1.21279
0.940463
1.08011
1.12305
1.48612
1.06516
0.959297
0.506982
1.19033
1.16242
1.57671
1.06175
0.890519
1.06179
1.54595
1.06634
0.634907
0.56569
0.321605
1.15722
0.845639
0.927593
0.994061
1.18694
0.960751
1.95936
0.816867
0.868783
0.614496
1.17563
0.759183
1.37972
1.22686
0.637961
0.723592
1.04634
0.583927
0.760322
0.774582
0.927879
0.611133
0.525799
1.29757
0.976131
0.925739
0.514856
1.00951
0.709475
1.03706
0.363094
1.10731
1.57298
1.42375
1.36273
1.0842
1.22015
1.36337
0.808541
0.649006
0.571008
0.859499
1.26733
0.689493
0.631553
1.31392
0.651393
1.31551
1.67161
0.889238
0.961604
0.617039
1.23473
1.19815
1.32615
0.825978
1.05864
1.0111
0.977924
1.04254
1.29492
1.45508
1.43701
0.611347
0.980301
0.757459
0.879263
1.21453
1.03291
1.10074
0.758156
1.4283
1.54408
0.832675
1.00423
0.909794
1.45194
1.16616
1.52318
1.42863
1.27446
1.1051
0.776699
1.1943
0.638339
1.17202
1.43501
0.71793
1.15458
0.546176
0.528115
1.07983
1.79071
0.673441
1.16779
0.75239
1.1935
0.856562
0.650388
0.88751
1.13145
1.34535
1.07951
0.679084
0.873402
1.51321
0.743843
1.01718
1.08601
1.12928
1.12803
1.0805
0.832953
0.721478
0.669005
0.962322
1.40316
0.774465
0.823948
1.03441
1.18934
1.28173
1.16943
1.77544
1.23908
0.408483
0.663138
0.93159
0.964276
1.34022
1.5116
1.01815
0.846248
0.92872
0.925057
0.912276
0.900578
1.89483
0.812781
1.86097
1.33592
1.22095
0.624891
0.811103
0.434288
0.579906
0.94731
0.921461
0.637257
0.873695
0.886844
1.16788
0.627193
0.65643
0.846117
0.899154
1.09161
1.17182
0.349192
1.2048
0.827621
1.00009
0.917101
0.539284
0.957404
1.10631
1.15364
0.635898
0.803442
1.09712
0.597651
0.89831
0.788041
1.53768
0.557835
0.536566
1.52567
1.14683
1.47562
1.30503
0.94027
1.17124
1.02187
0.862787
1.40849
0.859364
1.38336
0.753616
0.900892
0.855783
1.04117
1.56534
0.712165
0.956588
0.717434
0.660307
0.940298
0.93645
1.51343
1.2857
0.537919
2.13386
0.855248
0.86134
1.00361
1.03345
0.634068
1.02915
0.868503
1.29556
1.13506
1.67581
1.13117
0.542216
1.18845
1.20617
1.70283
1.04926
0.546491
0.967008
1.07858
0.659504
1.29322
0.984204
1.28121
0.667753
0.759226
1.12924
1.66669
1.04511
0.74178
1.10896
0.670879
1.50148
1.1067
1.54426
1.10733
0.927519
1.04459
0.98947
1.23272
0.476723
1.12092
0.972003
1.38128
1.42571
1.07856
1.67137
0.653932
1.01904
1.67037
1.14385
0.386984
1.11529
1.1251
0.66855
1.1755
1.54065
0.57074
0.786299
1.1051
0.655257
0.874545
0.714115
0.945949
1.08422
0.945633
0.787502
0.769216
0.894034
1.22354
0.651453
1.73324
0.811592
1.77606
1.22021
1.09723
0.810727
1.07272
0.926985
0.585948
0.730061
0.526104
1.16392
0.950249
0.989037
0.634723
0.544282
1.61036
0.972626
0.719251
0.692686
1.6049
1.16326
0.704173
0.791463
0.552591
1.52531
1.00761
1.39479
0.688438
0.764736
1.3693
0.65092
0.717442
0.955076
1.09677
0.623919
1.19229
1.16567
1.06988
1.59961
1.13584
0.877819
0.760193
0.856884
0.639172
0.861705
0.543855
1.06969
0.701086
0.746397
0.941817
1.19936
0.949881
0.633569
1.08686
1.20798
1.28155
1.16026
1.24619
0.627066
0.601031
0.988274
0.80417
0.580973
0.971084
1.36698
1.04143
1.11195
0.996493
1.25197
0.958502
0.8802
1.07289
2.01477
0.775627
0.668017
0.986683
0.626063
1.03099
0.783043
1.11835
1.04357
1.22825
0.858301
0.653029
1.36345
1.60941
1.19592
0.931916
0.976192
0.879539
0.931632
0.610847
0.882117
0.744783
1.03066
0.948086
1.08801
0.683316
1.34684
0.77668
0.853111
0.93709
0.939784
1.58451
0.550818
1.20233
1.13083
1.98218
1.71474
0.577631
1.55018
0.937258
1.20451
1.10788
0.76344
1.1326
0.964074
1.26467
1.10194
0.991699
0.830986
1.09657
1.16063
0.865775
1.38356
1.87044
1.31641
0.481318
0.684918
0.696616
0.775346
1.13163
1.32084
0.977293
0.989561
1.62217
0.913735
0.887526
0.876453
0.538867
0.690466
1.43358
1.19087
0.989178
1.15233
1.37384
1.29819
0.862566
0.607334
0.845595
0.547129
1.29844
0.950594
0.900788
0.996503
0.58155
1.00954
1.00607
0.712473
1.17484
1.24066
1.06595
0.515124
1.00098
1.00971
1.55728
0.975683
1.00212
0.981176
1.00888
0.921883
0.990702
1.47071
1.83561
0.538573
0.983255
0.780609
0.826598
0.894672
0.657962
0.697621
0.870295
0.801909
1.56511
0.64496
1.17695
0.636083
0.830496
0.869933
0.789032
1.04325
0.876828
0.736111
0.952458
0.669335
0.653145
0.790657
0.846354
1.20447
0.879559
0.628262
1.99692
0.880946
0.637634
0.951866
0.653822
0.877806
0.758581
0.745628
0.485806
0.89364
0.961424
1.30198
1.03837
0.889192
0.84424
1.27511
0.72163
0.845329
0.75787
1.01106
0.658325
1.04464
0.818584
0.837326
1.36276
0.903454
0.98317
1.38511
1.02896
0.959499
1.02584
0.949964
0.804385
1.20132
0.860554
1.17008
0.996012
1.48235
0.610495
0.766588
1.25332
0.824661
0.986587
0.928678
0.767444
1.21292
0.92739
0.753847
0.919704
1.46112
0.825493
0.62187
0.977832
0.962072
1.14791
0.88617
0.64912
1.19486
1.19158
1.01891
0.804308
0.731144
1.16413
0.893335
1.82417
0.845139
0.948816
1.25543
1.10993
1.28758
1.3469
0.917385
1.21608
1.08461
1.07785
0.618251
1.19205
0.448871
0.8638
0.932826
0.871224
1.30011
0.878395
1.06276
0.851163
1.60095
1.46923
1.41315
0.6777
1.51401
0.652894
1.46004
1.47118
0.776324
1.50739
0.84731
1.55311
0.906237
1.2169
0.358734
0.963847
0.632227
0.870835
1.38137
0.668302
0.964979
0.655387
1.07833
1.00623
1.00013
1.12613
0.812241
0.637687
1.26399
1.5543
1.34401
0.674475
0.711759
1.33118
0.895483
1.51246
0.84352
1.39096
1.11982
0.969899
1.57136
1.17958
0.752488
1.38104
1.25296
0.628472
1.23387
1.1621
0.997458
0.763038
0.708229
0.674122
0.770506
1.31613
1.23684
0.486769
1.63833
1.24608
0.845874
0.582151
0.951637
1.17508
0.690251
1.16234
0.7247
0.622254
1.02372
1.10596
1.75966
0.821195
0.678452
0.570422
0.964094
0.734619
0.679362
1.36863
0.730413
0.701508
1.05274
0.631134
1.01896
0.540688
1.14958
1.38115
1.059
1.1472
0.681546
0.986297
0.670807
1.43007
1.73985
1.50392
1.14404
1.07471
0.621084
1.54304
0.77791
0.989562
0.895151
1.44488
1.35505
1.5593
0.621233
1.78328
1.37739
1.30249
0.792355
1.05943
0.598217
0.87352
1.16465
1.57479
0.937369
1.06058
0.635597
1.00859
0.956808
0.943372
1.18682
1.00981
0.906104
0.678875
0.68815
1.6484
1.81488
0.876023
1.35089
1.46621
0.795081
0.630185
0.513945
0.841132
0.728773
1.3156
1.63512
0.847351
1.16274
1.40932
1.6076
1.06883
0.829581
1.04552
0.946054
0.867732
0.706592
0.982328
1.11269
0.680385
1.42194
0.800268
1.06485
0.380788
0.749599
1.27074
0.467645
1.73332
1.0201
0.771399
0.520025
1.30455
1.28155
0.625979
1.0814
0.832261
0.746525
0.669506
0.797559
0.810883
0.80026
0.703046
0.969235
0.456338
0.76596
1.32202
1.32882
0.671401
0.538124
1.22368
0.87938
0.97362
1.15322
0.572537
0.749243
0.655225
2.15351
0.834575
1.30696
0.9219
1.42622
0.78795
1.24128
0.746082
0.93458
0.891221
0.848468
1.36841
0.873164
0.936523
0.752016
0.37332
0.710553
1.43382
0.734163
0.663013
1.45404
1.7193
0.767631
1.17027
0.697052
0.606659
0.974931
0.866131
0.825111
1.01965
1.09637
0.685825
1.41362
0.939171
1.22442
1.26136
0.918258
1.47066
0.70689
1.03325
0.88231
0.877263
1.28873
1.48641
1.1714
0.957177
1.78515
1.04641
0.709347
0.947641
1.06127
1.14173
1.08407
1.11282
1.59713
0.596473
0.612167
0.802203
1.00368
1.009
0.950289
1.97387
1.38055
0.518491
0.76097
1.4109
0.903948
0.722391
0.580446
0.917968
0.777568
1.08773
0.938938
0.728701
1.22404
1.3547
0.798178
0.864888
1.0363
0.563394
1.77673
1.10755
0.806057
0.741854
0.725163
1.2887
1.06155
0.466665
0.859769
1.10818
1.38974
0.694719
1.75601
1.3705
1.33056
1.74379
1.03123
0.755391
1.20302
1.17122
1.04454
0.880999
0.838768
0.750697
0.650754
1.05646
1.07928
0.650709
1.30024
0.902273
0.990023
0.934013
2.05595
0.563186
0.928804
0.740129
1.13482
0.736858
1.40748
1.06082
0.751401
2.0651
1.10427
0.770284
0.619239
1.14238
0.933091
0.918148
0.569242
0.840847
1.27771
0.649021
0.878472
0.949417
0.849096
1.31249
0.816152
0.796556
1.01649
0.735848
0.732149
0.863949
1.25088
2.05813
1.02903
0.690435
1.28276
0.718671
0.760678
1.04784
0.875931
0.903185
0.677133
0.996216
1.63555
1.01966
0.776621
1.02999
0.950969
0.960025
0.532879
1.63021
0.781492
0.747544
1.34819
1.52453
1.40331
0.714059
1.15011
1.59017
0.885468
1.05909
0.737442
0.782753
0.698731
0.742645
1.09746
0.747402
1.55917
0.931104
0.725183
0.796286
0.878164
1.33239
1.47523
1.32832
1.36997
0.710124
1.21076
1.02696
0.969565
1.19354
1.4802
0.871344
0.798844
0.899606
0.535785
0.5386
1.10006
0.726375
0.394389
1.06585
0.716052
1.34286
1.83036
0.581511
0.82613
0.767795
1.12911
0.684614
1.1256
1.00445
0.84064
1.32273
0.841273
0.976427
0.794691
1.05279
1.21618
0.760464
0.934575
0.887754
1.04282
0.85577
1.1809
0.686826
1.13988
0.97898
0.966277
0.654014
0.868243
0.848128
0.652655
0.991078
1.15346
1.31964
1.03515
1.254
0.669029
0.784833
0.863213
0.637786
1.36569
1.09958
0.953249
1.2016
1.29105
1.08546
1.40752
0.800789
1.07061
0.888731
1.054
1.61863
0.701426
1.18073
0.792237
1.08632
1.18271
1.19998
1.63094
0.794198
0.723453
0.792046
0.680557
0.956602
1.15787
0.823619
1.03684
1.18243
1.38431
1.039
0.573918
1.10568
1.02566
0.674984
0.983014
0.659434
1.11349
0.993367
0.929021
1.21222
0.901235
1.22163
1.44293
0.698519
1.0535
0.929741
0.88308
0.626092
0.812397
0.933348
0.692028
1.42219
0.95478
0.636094
0.836113
1.18222
1.73848
0.839325
0.840541
0.720668
0.856508
0.836072
0.99938
0.929792
1.0276
0.632998
0.706421
1.29249
0.973233
0.909628
1.1725
0.850043
1.13713
0.799619
1.93686
0.708804
0.697984
1.1387
0.863058
1.02988
0.978312
1.02518
0.925553
0.870491
1.18779
1.18989
1.14723
1.07796
0.996613
0.899042
0.751133
0.672654
1.07168
0.772315
0.886706
1.11249
1.68677
0.915208
0.874365
1.78709
1.62236
1.71793
2.06573
1.33332
1.59008
0.693043
1.65155
0.810214
0.711732
1.615
0.705685
0.932857
0.689129
1.0704
0.940971
0.399965
1.04935
0.828584
1.20126
1.49973
0.714152
0.89146
1.41303
0.820262
0.530306
0.777155
1.59109
0.709475
0.732521
1.04917
1.35399
0.554338
1.38114
1.25415
0.770962
0.963766
0.759488
0.771372
0.826606
1.14821
0.612579
1.53134
1.10357
1.66608
1.07655
0.946723
0.829389
1.28691
0.679688
1.22857
0.72297
0.578964
0.980251
1.20583
1.19165
0.961658
1.54643
0.839621
1.06733
0.58772
0.726533
0.961598
0.374967
0.885996
0.769028
1.1102
1.28935
1.18161
1.05457
1.35431
0.758123
0.864275
1.13572
0.936965
0.688003
0.945554
0.738953
0.823174
1.31545
1.13604
0.789136
1.10591
0.856025
0.503858
1.08003
0.482761
0.957749
0.614878
1.20438
1.45373
0.844569
0.902659
0.766494
1.17954
0.394411
0.749229
1.07506
0.733203
0.693125
0.749035
1.20371
0.992826
0.628071
0.683018
0.736966
1.19339
1.29817
0.921076
0.887164
0.926123
0.636899
1.28324
1.20844
0.67096
0.421452
1.34196
1.64862
0.776324
0.918598
0.818348
0.992596
0.713454
0.943771
0.751487
1.07436
1.53489
0.617247
0.656573
0.766914
0.884194
0.953559
1.37584
1.04337
1.44259
0.836746
0.825118
0.980532
1.04828
1.07147
1.26967
0.593685
0.492099
1.05425
0.776793
0.565274
1.31188
1.27958
1.29646
1.65386
0.893342
0.723034
1.33582
0.651818
1.27966
1.07969
0.936802
0.87092
0.417216
0.869369
0.712766
0.577909
0.752602
1.05777
0.939794
0.832461
1.02208
1.2507
0.970046
1.82043
0.882451
0.983566
1.49036
1.11238
0.843965
1.08313
0.553826
1.18127
0.943002
1.05993
0.883227
1.11485
0.772746
0.644925
1.0558
1.63202
0.795549
1.14067
0.902964
1.59064
0.414048
1.0124
0.91384
1.00406
0.748178
0.851818
0.716618
0.818885
1.15838
0.832029
1.154
0.783712
0.692898
1.21057
1.43363
2.0814
0.829251
0.839745
0.812292
1.13269
0.920873
1.18646
0.734444
0.832137
1.1705
1.45471
0.998555
0.703273
0.871385
0.905487
0.616694
1.1031
0.724
1.37224
1.02631
0.933589
0.484531
0.980168
0.97704
1.01454
0.727762
1.3651
0.90529
1.44164
0.645686
0.912648
1.27996
0.749831
1.02489
1.21711
1.09732
1.61105
1.08587
0.864204
1.07458
0.825778
1.33911
0.918972
1.52937
0.856839
0.606377
0.515536
1.06793
0.829913
1.15159
1.1162
1.56007
1.39593
0.684367
1.02962
1.1364
1.26289
1.06936
1.44549
1.18651
1.73456
1.22704
0.971745
0.620203
0.976169
0.877029
0.719688
0.989228
0.734951
1.5117
0.797948
0.614158
0.949469
1.20937
0.828781
0.728997
0.697778
0.931044
0.968349
0.882336
1.38904
0.771484
1.21317
0.879387
1.26177
0.884358
0.547355
1.03886
1.02907
1.09286
0.808471
0.759849
1.40126
0.99246
0.537274
1.53088
1.1701
1.29294
1.20999
0.406196
1.24946
0.923327
1.28596
0.779769
0.655054
0.613101
1.78525
1.40153
0.777639
1.9932
1.21996
0.651088
1.4823
0.494137
0.912601
1.06604
1.17104
0.814675
1.38692
1.0812
1.54238
1.53007
0.587498
0.900358
1.08464
0.949988
1.1372
1.36596
1.16175
1.00851
0.737484
0.92437
1.47077
0.617007
1.02148
0.743122
0.821172
1.43623
0.894788
1.45931
1.10959
0.797197
0.66976
0.970969
0.572763
0.930199
0.973098
1.10439
0.58963
0.642387
1.13098
1.05696
0.941246
1.1116
0.898875
0.687807
1.08046
0.748983
0.920044
1.46648
1.234
0.978385
1.7935
1.09075
1.32071
1.75883
1.32634
0.78938
1.09659
0.720201
1.00675
1.37827
0.885124
1.45405
0.442101
1.12217
0.982341
0.744711
0.890874
1.02369
1.01809
1.0107
1.77961
1.45269
0.625946
1.00977
0.556121
0.766869
0.871034
0.974536
0.977171
1.22944
1.26595
0.918993
1.39247
0.926456
0.72525
1.20297
1.03436
1.41155
1.23435
1.55362
1.22992
0.77461
1.32695
1.06835
0.926319
1.19715
0.536088
0.843756
0.389086
0.231798
0.764199
0.850878
0.920322
1.03696
1.28759
0.608391
0.495702
0.825952
1.26363
0.974353
0.799256
0.799978
1.09056
1.07349
0.488497
0.999953
0.813049
0.692548
1.31603
0.647655
0.932579
1.22516
0.780908
1.24146
0.766272
0.618306
1.34545
0.975911
1.42505
0.90249
0.85318
1.257
0.726144
0.800142
1.42137
0.981597
0.918482
1.22797
0.819523
0.46598
0.882801
0.882754
1.67523
1.11525
0.774682
1.29531
1.28649
0.653562
0.934648
1.22269
1.02223
0.744275
1.39378
0.651896
0.967754
0.963377
1.27823
0.677344
0.849215
1.31667
0.650188
1.04527
0.462701
0.648056
1.07817
0.705258
1.37803
0.899134
1.02575
1.27386
0.854831
1.17106
0.761523
1.2543
1.27776
1.86391
0.912795
0.877641
1.37162
0.587931
1.01145
0.618631
1.07566
1.1004
0.584172
1.07531
1.63935
1.51253
0.935304
0.976223
0.95463
1.67161
0.871726
1.42676
0.31276
1.53236
1.0676
0.817279
1.1746
0.773384
1.20977
0.599279
2.06086
0.735004
1.21595
0.919082
0.880907
1.44745
0.995558
1.03241
1.05343
0.966741
0.993441
0.91728
0.92927
1.27175
0.995186
1.03351
1.16535
1.46062
1.58703
0.895953
0.634617
0.589341
0.76025
1.4108
0.694715
0.578913
1.00614
1.16311
1.09352
1.38146
1.04398
0.420095
0.803572
0.844455
1.95696
0.856831
1.24431
1.22719
0.836471
0.670469
1.18675
1.19522
0.852055
0.350979
1.16922
0.759788
0.548251
0.877372
0.80838
0.89782
1.21855
0.790676
0.550011
1.04305
0.730622
0.906799
1.09508
1.06777
0.749593
0.495951
0.794544
0.80823
0.679455
0.988661
0.644264
0.488448
1.00621
0.757792
0.972614
1.0135
1.17727
1.55291
0.975342
0.348943
0.782068
0.660499
0.971506
1.32664
0.751133
0.922132
0.756703
0.509301
1.38393
1.15176
1.1767
1.1697
0.496632
0.723128
1.04784
0.822075
1.03282
1.52533
0.723715
0.475913
1.208
0.724248
0.741602
1.0923
1.10609
0.425697
1.13902
0.982968
0.654135
1.78164
0.705843
0.692226
0.758203
1.29053
0.811248
0.689854
0.983688
0.861202
1.31174
0.687737
1.11522
1.44917
1.39543
0.884265
1.28971
0.751968
0.710441
1.21517
0.884472
0.954563
0.915026
0.621173
0.8535
0.728096
0.882636
0.61484
0.545493
1.17779
1.3898
0.956489
0.889542
1.06123
0.527727
0.908356
1.15757
1.37795
1.10452
1.25039
1.58752
0.960471
0.798469
1.68586
1.78903
0.818498
0.645502
1.0566
0.916819
1.64094
1.22041
0.937622
1.06501
0.965026
1.30736
0.741137
1.45293
1.24052
0.952655
0.646532
0.660048
0.998504
1.25425
1.11629
1.63391
1.11481
1.2156
0.716892
0.919185
0.680064
0.742001
0.785822
0.948924
1.32191
0.52067
0.638985
1.32719
0.571924
0.487859
1.03647
1.32961
0.76573
0.844183
0.963613
1.30184
0.626216
1.00841
1.23234
0.671026
1.25426
1.0863
1.15272
0.592321
1.12762
1.53961
1.20509
0.999184
0.613472
0.803568
0.957011
0.909751
0.808792
0.91215
1.46453
0.65254
1.09521
0.667916
1.04887
0.856646
1.13077
0.764348
0.984867
1.16019
0.66723
0.866446
1.30054
1.1586
1.43044
0.965012
0.765123
1.25542
0.884743
0.941777
1.03862
1.60627
0.542642
1.49587
1.21535
0.618746
1.29909
0.803512
1.0325
1.06135
1.14729
0.778427
1.70127
1.16828
1.49936
0.729364
1.45461
0.888071
1.86176
0.741209
0.95208
1.15252
0.848528
1.11989
0.814854
1.1353
0.750625
1.04049
0.938354
0.732376
1.01271
0.810597
1.4865
1.39999
0.453361
0.947097
1.05909
0.766609
1.18927
1.41972
1.36097
0.927167
0.916863
0.660618
1.02076
1.19612
1.10744
0.560581
0.919513
0.916634
0.7266
1.23798
0.978191
1.28887
0.522933
1.19092
1.08649
1.06505
1.11821
0.912995
0.877281
0.957416
1.00629
0.50525
1.37715
2.18958
1.37108
0.726744
0.718905
0.780477
0.602454
1.03183
0.989672
0.585325
0.859448
1.0047
1.33636
1.05102
0.80801
0.535604
0.95235
0.747528
1.07791
0.911787
1.32177
1.04649
1.36945
0.759448
0.731457
1.22494
1.22066
1.33705
0.842755
1.17997
0.573923
1.24241
0.766913
1.29113
1.95832
0.715509
0.690269
1.02219
1.47114
0.673964
0.91336
0.877188
1.24035
0.996114
0.60637
0.61882
0.732367
1.70828
0.925803
1.83025
0.747926
1.05531
1.17318
1.18216
0.983631
0.73114
1.05456
0.961032
1.22518
1.00682
0.631324
0.926003
1.35004
1.47318
0.78942
0.892222
0.765497
1.23069
1.30162
1.50961
1.08991
1.18232
0.773721
0.987782
1.174
1.57885
0.793076
0.736661
1.2264
0.780041
0.578715
0.921153
1.63414
0.910441
0.617162
0.583273
0.927789
0.827421
0.789937
0.606278
0.789708
0.617357
1.31698
1.41854
1.40529
0.748994
1.06339
0.889387
1.12425
1.10182
0.750848
1.26641
1.80735
1.05141
1.4638
0.898392
1.32667
1.6019
0.850551
0.696554
0.869507
0.869209
0.976326
0.879514
0.612259
1.02857
1.12725
0.995444
0.794088
1.10894
1.39962
1.30178
0.803779
0.785616
1.01889
0.95868
0.812821
0.696774
0.537505
1.51288
0.99905
1.32337
0.752463
0.567761
1.42343
0.744678
0.937917
0.68927
0.733715
2.30615
0.930349
1.05064
0.615945
1.51081
1.28483
1.63164
0.92031
0.512516
1.56088
0.684815
0.877071
0.792448
0.756624
1.50557
1.18554
1.17548
0.625295
0.661124
1.11415
0.810251
0.73896
1.13617
1.456
1.03648
1.09657
0.921734
1.19384
1.01116
0.97053
0.865341
0.707283
0.552081
0.669878
0.682727
0.872852
0.913209
0.53084
1.12359
1.34865
1.36921
0.823179
0.446227
0.528388
1.03731
0.558693
1.05479
1.07648
1.32391
0.714548
0.740509
0.859667
1.31587
0.575668
1.10622
0.764985
1.01885
1.03909
1.15147
1.10307
0.575935
0.983966
0.849266
1.02757
0.863368
0.798128
0.759335
0.996169
0.688096
1.04182
1.28623
1.02771
0.48479
1.15228
0.924565
0.930418
0.608836
0.664251
0.805523
1.20058
1.17637
1.00029
0.643361
0.927247
1.36482
1.67803
1.30663
0.967466
1.14685
0.241997
1.07762
1.04797
0.547247
1.86613
1.01259
0.455438
1.39887
1.17852
1.15271
0.790267
1.14069
0.64038
0.998786
0.87467
0.696597
0.840657
0.809439
0.709577
1.35306
0.392365
1.05217
0.680355
0.870467
0.835761
1.04796
0.878297
1.20137
1.26972
0.603367
0.541281
0.877462
1.05488
0.445985
0.729267
0.869862
0.934068
0.714565
1.48144
0.893892
1.55808
0.776055
1.39323
0.585631
0.831469
0.959927
0.556467
1.17065
0.849911
0.829091
0.856997
0.833365
0.854804
0.526671
0.746198
0.816781
0.715847
1.0941
1.74997
0.606686
1.00874
0.653353
0.749734
1.21015
0.769126
1.27166
0.802248
0.93781
1.09957
1.08856
0.570391
0.884195
0.868972
0.909927
1.23028
0.764457
0.832376
0.932189
1.10673
0.882793
0.794243
1.08456
1.15229
0.933799
0.83362
0.776124
0.776121
0.72106
0.900308
0.618407
1.06907
1.00092
0.835463
0.996513
0.671297
0.86699
1.02853
0.90278
0.664816
0.794359
0.949086
1.30751
1.32442
0.554784
0.923737
0.639375
1.02546
1.40633
1.13942
0.747046
0.893844
1.12618
0.764115
1.15047
1.04469
0.744188
0.908286
0.482537
0.737076
1.21667
0.461702
0.870406
1.30396
1.90133
0.896725
1.29587
1.21881
0.915531
0.832475
0.534387
0.811363
0.684561
1.23393
1.02606
1.27657
1.00279
1.30367
0.7256
0.79189
1.14249
0.96518
1.06508
1.15711
0.828966
0.676205
0.818479
0.912749
0.667131
1.84734
1.47797
0.946822
0.495022
0.97647
1.18416
0.534223
0.595434
0.816048
0.910513
1.33572
0.720738
0.809082
0.591994
1.7238
1.24946
0.908684
0.928093
1.30678
0.336785
0.661771
0.979818
0.866196
1.59712
0.840535
0.513014
0.772539
1.74102
0.914268
1.37357
0.778044
1.06918
0.874299
0.847306
0.764977
0.886543
0.718722
0.84173
0.80787
1.52035
0.614809
0.921589
1.052
0.862175
1.28958
0.605322
0.657417
1.26498
0.619173
0.379662
1.42882
0.917609
0.97125
0.64429
0.62754
1.32752
0.847259
0.795329
0.773363
1.23421
0.859421
1.98068
0.953339
1.24375
0.854461
0.990811
1.05148
1.15806
1.14907
0.842205
0.713904
0.80053
1.22331
1.72462
0.493828
1.0405
0.450879
1.23069
0.79051
1.20107
0.640547
0.853324
0.749443
1.26064
0.919544
0.708035
1.2406
1.62087
0.913439
0.657833
0.893216
1.03333
1.29016
1.03443
0.909967
0.883165
0.976975
1.20756
0.754944
1.03322
1.22528
1.30344
1.20209
0.996937
1.1397
1.03279
1.79214
0.901221
1.18988
0.647297
1.32492
0.865291
1.02284
0.785671
0.473516
1.57919
1.25319
1.27883
0.886106
1.00354
0.607663
0.335471
1.56523
0.881384
1.25045
0.863899
0.565726
1.34098
1.17386
1.24776
0.611172
0.842871
1.63154
1.52576
0.943994
0.747607
1.12637
1.07373
1.26937
1.04669
0.717642
0.839216
0.581191
0.562339
1.35039
1.44017
1.0917
0.780987
1.33702
1.35462
1.03524
0.939193
1.47513
0.916794
0.642016
1.76994
0.451363
0.788477
0.976169
1.4224
1.16931
0.975729
1.00304
0.725251
0.829778
1.34392
0.502988
1.23212
0.726904
1.15614
0.695911
1.12792
1.32284
1.08326
0.827625
1.06316
0.877111
0.676122
1.19483
0.700026
0.854823
1.17254
1.36356
0.599663
0.541654
1.13406
0.961959
0.812778
0.832589
1.11513
0.824996
1.46127
1.31706
0.994925
1.10248
0.575782
0.567887
1.01599
0.65799
1.0712
0.918324
0.684703
0.830455
1.76212
0.91192
2.2921
1.6465
1.52272
1.03169
1.76863
0.911685
0.951035
0.669013
0.98205
0.603503
0.688945
0.910279
1.52537
0.768556
1.2778
0.708017
0.816841
1.13986
0.707994
0.791739
1.1601
1.57444
0.693201
1.40719
1.05883
0.774577
1.162
1.15691
0.634184
1.31681
1.12312
0.666493
1.30067
0.974395
0.589355
1.5911
0.981621
0.994862
1.27471
0.61881
1.57647
0.869637
0.60139
0.644772
0.690205
1.05113
0.852229
1.31433
0.906828
1.01892
1.33496
0.652974
0.942616
1.2051
1.17081
0.909713
0.925491
1.25502
0.722559
1.0829
0.922899
0.865556
1.00683
0.479533
1.11411
1.1244
1.06649
1.18801
0.763163
1.37055
1.00042
1.12186
1.02079
1.38537
0.593362
1.33318
1.54457
1.18713
0.567878
1.09222
0.881202
0.980954
0.766601
1.14509
0.824612
0.752181
0.971697
0.971182
1.55827
0.944834
0.843651
0.771833
1.68217
0.707665
1.66325
0.459173
1.71877
1.16191
0.900851
0.892539
1.22438
1.69955
1.05282
1.4914
0.768282
0.904743
0.792614
0.865339
1.36243
0.895461
0.723273
0.768581
0.738186
0.846658
1.23371
0.96652
1.75855
0.431703
1.51098
0.519165
1.00827
1.12546
1.31721
1.26881
1.09773
1.02791
0.77922
0.525935
0.912123
1.12266
1.00916
0.653964
0.541435
0.733597
0.937803
1.12547
0.758272
0.89146
1.02073
0.641127
0.974623
1.27467
1.04066
1.19137
0.946563
1.61544
0.662714
0.961783
0.801778
1.1708
1.39268
0.848212
1.0646
1.47334
1.25375
0.599854
1.28592
0.808814
1.10596
0.859855
1.0604
0.535471
0.945154
0.962153
1.3026
0.993364
0.899264
1.4485
0.823039
1.20555
1.27508
0.845405
0.763913
0.607404
1.1002
1.11279
0.857073
1.17131
0.846618
0.808931
0.690402
1.48714
0.775997
0.592896
1.06959
1.10897
1.44712
0.826281
1.44562
0.94516
1.16174
1.51796
0.849199
1.19606
0.9219
0.793314
0.772481
1.1944
1.33396
1.00351
0.56319
0.436261
1.40358
1.52961
0.65509
0.809784
1.20268
1.0683
1.1178
0.814056
1.30551
0.826798
0.533493
0.541413
0.562006
0.694436
1.07225
1.26262
1.03262
1.83416
1.17701
1.0126
0.753366
0.629291
1.11037
0.5154
1.21865
1.17039
1.13822
0.965456
1.0499
0.676231
0.769104
0.66434
1.60653
0.627788
0.811712
0.687049
1.13146
1.4784
1.38845
0.587811
1.03828
0.947594
1.05523
1.01812
0.823122
1.66379
1.34381
1.61044
0.879585
1.13657
0.428622
1.12872
0.963592
1.45181
0.493773
0.973727
0.877443
1.42449
1.36934
0.907649
0.990881
0.95561
1.39265
1.55042
0.905563
0.938088
0.672679
0.682995
0.677889
1.48277
0.950116
0.42965
0.886392
0.97025
1.12231
1.47584
1.02774
1.04311
0.62618
1.04185
1.05123
0.846342
0.95208
0.855427
0.725189
0.528794
0.810005
1.1554
1.38948
1.16922
0.561577
1.79946
1.13549
1.04758
0.450586
1.32893
1.20295
0.90625
1.96746
1.06765
0.868142
1.1355
0.75097
0.875269
0.694172
1.73609
0.954998
0.408562
1.12672
0.723195
0.735199
1.25516
1.19867
0.949838
1.00718
0.809719
0.931745
0.553182
0.616525
1.89235
0.699206
1.15726
1.07278
0.946543
0.593603
1.63246
0.737624
0.718264
1.05229
0.575838
0.854852
0.753427
1.62034
0.82308
2.13193
1.15171
0.613411
1.14833
0.852279
1.38227
0.935511
1.45736
0.517053
1.10162
1.62229
0.454023
0.698527
0.928198
0.597162
0.897601
0.48653
1.09881
1.35091
1.47491
0.890951
1.02951
1.04306
0.833137
1.01398
1.36024
1.06589
1.55735
0.87829
0.567408
0.858858
1.06212
1.08733
1.28897
1.0893
0.965862
1.76595
1.74693
0.750706
1.02079
0.910974
0.793192
1.39494
1.21047
1.05019
0.741397
1.44591
0.932607
0.81777
0.960322
1.07375
0.938272
1.37361
0.923386
1.17143
1.04435
0.541697
0.702207
0.955322
0.585873
0.675972
0.570887
1.10544
1.08544
1.02407
1.17843
1.62531
1.73955
0.771245
1.12924
1.03983
1.50872
1.40451
0.894089
1.27962
0.95155
0.660595
1.29376
0.848293
0.835012
0.944745
0.744685
0.735557
0.569388
1.24527
0.600945
1.64774
0.866683
1.19227
0.888253
0.871104
0.739446
0.814888
0.971963
0.856685
1.01347
1.18309
0.819533
1.43201
1.14713
1.6657
0.815019
0.789374
1.55964
0.938758
1.13362
0.832472
1.10443
1.23739
0.578544
1.13277
1.05426
0.796585
0.99263
0.648597
0.783832
1.32435
1.23932
0.601629
1.10585
1.46361
1.16564
1.05425
2.22309
0.915303
1.22654
0.864495
0.966698
1.07536
0.922443
0.941453
0.551444
0.887254
1.08166
0.775005
0.863284
0.887854
0.499831
0.734712
1.34624
1.13599
0.853464
1.20723
0.50375
1.28046
1.01969
1.11543
1.89873
0.813189
0.91298
0.817956
1.1805
1.27653
0.640137
1.14004
0.651874
1.6061
0.522759
1.47216
0.540356
0.9253
1.41532
1.16535
1.41833
1.01981
1.65882
0.919955
1.22266
1.29361
1.35858
0.781804
0.960546
0.921533
1.21726
1.51121
1.12178
1.15993
0.787208
0.537678
1.38479
1.19277
0.839693
1.86015
1.47168
0.605635
0.84685
0.844297
0.848346
0.752335
0.772194
0.934876
0.591585
0.716195
1.78539
1.33567
1.50405
1.18502
1.21752
2.03102
1.45828
1.24296
0.98479
0.843356
1.18584
1.12008
1.11126
1.61808
0.685324
1.21561
1.2211
1.0521
0.711007
1.26073
0.663929
0.511106
1.26003
0.498244
1.12959
1.22284
1.47997
0.799751
1.20053
1.01875
1.00252
1.68018
1.55506
1.52823
1.02483
0.948093
0.685064
0.753665
1.49044
0.990998
1.04769
0.900361
1.3159
0.764752
0.821217
0.921429
0.859774
1.47701
0.879523
0.481911
0.85852
0.659289
1.26132
1.20992
0.656871
0.844695
1.25709
0.827268
1.2828
1.25219
1.07717
0.706403
0.96968
0.688454
1.41278
1.27352
0.905327
1.34106
1.19248
0.767801
0.732013
1.23359
1.36465
0.956304
1.24495
0.750459
1.45208
0.811617
0.798275
0.890801
1.41536
1.45327
1.05224
1.19505
1.35144
0.684208
0.955184
1.82613
0.86001
1.24431
0.632651
0.539678
0.869961
0.80248
0.752668
0.791754
0.928923
1.41076
0.715981
0.968586
0.527797
0.715388
0.600104
0.802066
0.838658
1.03853
1.45274
1.33304
1.39469
0.968029
0.549261
0.939247
1.16705
1.00148
0.374703
2.33603
0.947145
0.647539
1.18948
1.39438
1.98052
1.51841
0.845869
1.02592
1.75146
0.901562
1.70796
1.11511
0.48393
0.640944
0.835028
0.762687
0.783866
0.842346
1.04685
1.1283
1.28554
1.17891
0.861903
0.85429
1.46932
0.692755
0.812673
1.29325
1.0102
1.29815
0.847236
1.44384
1.52505
0.8248
0.604793
0.850911
0.863562
1.23268
1.49559
0.957105
0.518785
1.04097
0.6801
0.863647
1.30433
0.773849
1.06743
0.935778
1.41235
0.823511
1.10301
1.11647
0.637509
0.856631
1.54554
1.30441
1.05934
0.572348
1.18176
1.0002
0.830685
0.924491
0.573168
0.867102
0.723714
0.935638
0.949502
0.772884
1.14943
0.319191
2.33732
0.597526
1.12889
0.974034
0.889872
0.544393
0.824726
0.708208
0.960707
0.693056
0.952469
0.572849
1.0023
1.09609
0.614602
1.34472
0.974045
1.26811
0.910423
0.921994
1.09941
0.893173
0.761303
0.759576
1.31359
0.869169
0.988269
1.08087
1.06133
0.958277
1.03103
1.70987
0.909582
1.15126
0.708141
1.03631
0.562771
1.31311
2.02286
1.01175
0.477377
0.830374
1.39744
1.27947
0.722352
0.8739
1.43817
0.922346
0.639316
1.24794
0.579415
0.733447
0.61633
0.555904
0.763834
0.883476
0.822373
0.844593
1.04493
1.05805
0.99821
1.0951
1.7384
1.0271
1.05822
0.764541
1.16511
0.815006
1.05133
1.25666
1.35189
1.03685
0.678898
1.28115
0.936502
1.08167
0.807975
0.698159
1.10293
0.866264
0.869388
0.980272
0.402498
1.44588
1.05957
1.39845
0.800069
0.600413
0.71049
0.539761
0.874103
0.904881
0.94843
0.657469
1.55733
1.15951
0.957199
0.542813
1.2055
0.886099
0.803105
1.09941
0.87334
1.15155
1.32519
0.629045
0.649773
1.05012
0.857004
0.619026
0.615933
0.411726
0.730442
1.10981
0.988915
0.843096
0.642183
0.619696
1.53947
0.884918
0.726746
0.840258
1.04818
1.05109
1.0141
1.10038
0.510371
1.38919
0.524671
0.522423
1.16375
0.622009
1.11401
0.798662
0.852795
0.752138
0.841084
1.02384
1.34677
1.01239
0.671679
0.912261
0.62876
0.597291
1.2489
0.712989
1.14547
0.69308
0.991951
0.983623
0.72187
0.787028
0.564072
1.24358
1.35604
0.714475
0.880695
0.945676
0.967738
0.602698
0.682408
0.61343
0.570223
0.735986
0.612352
1.59712
1.21682
0.711253
0.684436
1.6106
0.983641
0.864643
1.48135
0.843848
1.18958
1.12869
0.448241
0.930295
0.851596
0.757794
0.712731
1.0635
0.738214
1.2188
0.982271
0.695188
0.951445
1.22714
1.24871
1.86647
0.769054
1.09565
0.851545
0.917722
0.942014
0.655942
1.30251
0.986177
1.42592
0.890585
0.903845
0.891217
0.826848
0.710783
1.18362
1.14351
0.598403
0.870251
0.963148
1.00353
0.859367
0.726794
1.18496
1.27526
1.45999
1.26401
0.562716
1.37127
1.22952
0.64466
0.718976
0.541966
0.877776
0.995894
0.845513
0.837375
0.671213
0.779159
0.757428
0.839493
1.03344
0.820212
0.476464
1.2076
1.06494
0.69484
0.923685
0.807845
0.866604
0.971197
1.3224
1.08216
0.669823
1.05398
1.50879
1.37829
0.726114
0.522926
0.973432
1.00768
1.17595
0.852052
1.21789
0.802209
0.348363
1.31517
1.14258
1.54015
1.15269
1.05235
1.15144
0.661692
0.968062
0.33533
0.877771
1.18354
1.062
1.40264
0.775968
0.934034
0.680594
1.84291
0.630006
0.691973
0.985661
1.03059
0.90349
0.9397
1.19514
1.11998
1.31317
1.20074
1.80477
1.14204
1.36475
1.19363
1.06866
1.19301
1.03757
0.49044
1.23772
0.626463
1.0542
0.803994
0.816219
1.53187
0.823325
0.973572
0.72881
1.49083
0.687417
0.769017
0.705065
1.03301
1.10368
0.706531
0.867105
0.940974
1.06613
0.945386
0.956504
1.03545
0.695314
0.932271
0.746271
0.74229
1.62762
1.39885
1.3897
1.14558
1.88771
1.50048
0.949154
1.08185
0.98534
0.959824
1.10662
0.829086
0.936392
1.54163
0.598122
1.15377
1.44192
1.09692
0.527025
1.45276
1.14122
1.23535
1.13429
0.995819
0.717467
1.205
1.50369
1.05719
0.629866
0.766611
1.06758
0.925821
0.829105
1.38999
1.47399
0.776197
0.325065
0.508577
0.687195
2.06007
0.574575
0.686117
1.37138
1.82273
0.624153
1.19655
0.991586
1.01441
0.857464
0.815504
0.946094
1.0251
0.859138
0.686997
1.52317
0.791701
1.17103
1.10168
1.02263
1.06622
0.571152
1.63271
1.43192
0.924987
0.598506
0.980789
0.706462
0.975812
1.50265
1.32594
0.806902
1.00208
1.08051
1.04446
1.31913
1.05846
1.27638
1.36944
1.27736
0.962902
0.9854
0.693416
0.702692
1.04319
0.674044
0.915877
0.960941
1.64322
0.726739
1.7213
0.425609
1.11023
1.27851
1.21118
0.617087
1.2512
1.43037
0.918279
0.829536
1.23675
0.517942
1.41664
1.30188
1.00149
1.1841
1.00306
0.465305
0.996902
1.13665
1.09643
1.33883
1.41978
1.17307
0.659388
1.41781
1.49591
0.668603
0.698936
0.845422
0.752744
1.23432
1.75518
0.808236
1.13077
1.92432
1.34003
0.706106
0.813709
0.93086
0.760822
1.266
1.71186
0.718119
0.290447
1.05858
0.808281
1.12092
1.00706
0.349328
1.31503
0.982752
0.80569
1.1417
0.473261
0.669101
1.04093
0.858293
1.45326
1.16147
0.627911
1.39765
1.01512
1.11832
1.61188
0.847735
0.763263
1.29655
0.920503
0.735839
0.630644
1.16174
0.920842
0.905132
1.28522
1.01563
0.788534
1.44442
1.10434
0.913863
0.828554
0.877987
0.355166
1.73351
0.916572
1.0539
1.27072
0.644071
1.29321
1.06362
1.10314
1.19948
1.43792
1.21423
1.31737
0.613275
1.07534
0.770989
1.69516
1.11476
1.22125
1.05082
0.814977
0.992939
0.877492
0.946395
1.24044
0.715235
0.882103
1.08774
1.11758
1.4099
0.419973
1.97455
0.577803
0.446029
0.919273
0.931502
1.01941
1.09265
0.572818
0.742793
0.550125
1.04127
1.27518
0.753662
0.345236
0.818462
0.799859
1.29874
1.14989
1.38557
1.51893
0.771384
1.18861
0.608716
1.11431
1.64172
0.866622
1.07509
0.994408
1.50213
1.40997
1.09319
0.935575
1.00104
1.4348
0.445495
0.958821
1.01176
1.22348
1.0374
1.04589
0.848251
1.04924
1.02312
0.61842
0.587864
1.1247
0.727415
0.729541
1.19028
0.992789
0.786485
0.866083
0.937675
0.97717
0.830528
1.05353
0.885148
0.98088
1.41222
1.91778
0.88321
0.934455
1.11291
1.09908
1.31493
0.788989
0.762375
0.72681
1.05981
0.661634
1.45103
0.642433
0.908062
1.49656
0.689577
0.84889
1.15485
0.64064
0.574271
0.622041
0.833695
0.859216
1.09311
1.65376
0.988485
1.27701
1.60412
1.24577
0.818187
1.07346
0.955053
0.829676
1.07507
1.08025
1.65074
0.91621
0.456785
1.26358
0.772877
1.25945
0.976911
0.770895
0.696343
1.07903
1.0591
0.796163
1.42072
1.43238
1.12105
1.0408
1.53506
0.917271
0.634551
0.538461
0.487351
1.13265
1.05432
0.838805
1.27679
0.749047
0.613596
0.760081
1.07006
0.856963
0.444548
0.866466
0.665761
0.891414
1.73912
0.748971
1.58604
0.912349
1.38058
0.813424
0.854298
1.16908
0.657097
0.697671
1.70746
1.04239
1.27092
1.36259
1.01401
1.44784
1.06565
1.11563
1.27886
0.89162
0.856233
0.503049
0.985529
0.783496
0.980218
1.83317
1.09954
0.790904
0.392861
1.13463
0.563659
0.884692
0.92815
1.56213
0.908418
0.869152
1.44627
1.2082
0.463747
0.677391
1.01166
0.653549
1.19316
1.3169
0.989479
0.789804
0.927568
1.09622
1.10869
1.51012
1.02204
0.927783
0.960059
0.870649
1.329
0.562978
0.539364
0.760554
1.18066
0.941631
0.800081
1.16898
1.39852
0.495369
0.995729
0.820756
0.949567
1.32786
0.879512
0.69104
0.877484
1.27649
1.09288
1.1633
0.858021
1.09799
0.983888
1.34005
0.610556
1.39021
0.64305
1.13112
0.597101
1.02479
1.29318
1.0771
1.35008
1.28675
1.06673
0.661272
0.818025
0.989141
0.767952
0.713697
1.0514
1.21047
1.33519
1.1375
0.790861
1.05382
1.27945
1.36174
0.912054
1.29379
0.76852
0.820106
0.480787
0.500106
0.985525
0.632964
1.18466
1.29933
0.928985
0.736751
1.30651
1.31853
0.748093
0.964167
1.32638
0.820564
0.356341
0.942693
0.629607
0.970427
0.862068
0.751598
0.761007
0.55134
1.01567
0.995648
1.02423
0.90657
0.537532
0.95005
0.866303
0.76998
0.954196
0.501327
0.984096
0.842742
0.519677
1.04732
1.2688
0.938075
1.11657
0.583046
1.86958
0.771698
1.6528
1.06677
0.72174
0.368335
1.51501
0.774502
0.764103
0.862225
0.899501
1.57397
0.629355
0.771714
0.774909
1.43466
0.897135
1.27059
1.07293
1.0647
0.89403
1.47801
1.04193
1.05217
0.733195
0.699777
0.625701
1.69449
1.00532
1.16164
0.946877
0.763815
1.91885
0.91523
1.06912
0.809219
1.15335
0.568887
0.959505
1.25925
0.708499
0.748206
1.32748
1.56045
1.0947
1.03196
0.998429
1.12246
1.73739
1.59825
0.801036
0.942278
1.57678
1.29648
0.781167
1.45388
0.964712
1.06895
1.04327
0.751514
0.852572
1.62238
0.981216
1.41889
1.27652
1.27854
1.34131
1.15683
0.98464
1.31458
1.23576
1.47018
0.503247
0.999989
1.24511
1.06211
0.840085
1.00483
0.674018
0.974142
0.662404
0.917017
1.15256
2.10913
1.16306
1.35439
0.976464
0.515289
2.21218
0.9633
0.466272
0.759346
1.1831
1.04825
1.01424
1.1122
1.0312
1.23946
1.66214
1.89502
0.985368
0.958611
0.981067
0.732933
0.876037
0.770104
0.922859
1.25145
0.478691
0.961007
0.732883
0.8509
1.4121
0.555752
1.16747
1.10089
1.02919
0.607656
1.10495
0.586459
1.08735
0.87126
1.00738
1.01196
0.964542
0.939481
1.18885
0.611846
1.06566
1.25536
0.565131
0.554082
0.609154
1.56692
1.39271
1.38374
1.00933
0.76446
0.750528
1.61971
1.50618
1.19611
0.820648
1.76683
1.11591
0.981198
1.45153
0.985619
0.65078
0.381344
0.822918
0.754516
0.932203
0.625696
1.25211
0.920789
1.00151
1.37696
1.57389
0.635653
1.44746
0.793372
1.5578
1.01299
0.946298
0.86522
0.733635
0.645382
1.02932
1.22716
0.677304
0.830361
1.36787
1.36998
1.11401
0.974835
0.802776
1.50507
1.81119
0.594661
1.0665
0.970726
1.14276
1.72056
1.15837
1.12718
0.510812
1.12264
0.913795
1.21751
1.02166
0.904749
1.20976
0.957315
0.410642
1.21287
0.9513
1.11706
0.815927
0.735128
0.745501
1.07817
0.683648
1.05158
0.920613
0.676752
1.27216
1.04119
1.4519
0.673188
1.36426
1.06133
1.91048
1.29523
0.650585
0.692528
1.52173
0.697157
1.78295
1.05739
1.91324
0.574662
0.765323
0.663454
0.464999
0.630299
0.651316
1.53798
0.765688
0.762454
0.91095
0.779849
0.745875
1.22333
0.677896
0.737348
1.22054
0.928714
0.901934
0.599136
0.826304
1.24457
0.967165
0.647146
1.36666
1.2928
1.1194
0.894859
0.756948
0.792395
1.06802
1.6345
1.03609
0.745107
0.694691
1.57072
0.904063
1.07425
0.60727
0.723537
1.38295
1.10597
1.31573
0.906155
1.04137
0.594978
1.13771
0.910048
0.69507
0.898619
0.818942
1.31324
0.967328
0.546975
1.35072
1.24942
0.93728
1.42509
1.00618
0.803994
1.23709
1.2999
1.12732
0.714008
0.939807
1.16911
0.692626
0.891113
0.891563
1.14807
0.949509
1.91313
0.883762
0.846241
1.0722
1.38966
0.925259
1.21546
1.39455
1.27931
0.776813
0.822204
1.0734
1.04328
0.801862
1.01969
1.16445
0.946552
0.755247
1.1443
0.486075
1.90928
0.867969
0.944152
0.669718
0.58344
1.16705
0.963061
1.01173
1.24882
0.545582
1.76609
1.60753
0.681411
1.10483
1.07595
0.531804
1.05939
1.31165
0.769234
1.1939
0.960867
1.27577
1.18886
0.551467
0.863251
0.375664
0.903152
0.667159
0.757081
1.19801
1.43827
1.18094
1.31558
1.45708
1.0556
1.33713
0.935858
0.737254
1.18067
0.761469
1.03833
0.869658
1.00955
1.20405
0.77819
0.984967
1.06603
0.456204
1.13749
1.59666
0.689048
0.857495
2.23282
1.26366
0.725502
1.24765
1.74659
1.26683
1.08238
0.96499
0.780502
0.573551
1.1667
0.511702
1.13847
1.09431
1.1228
0.979079
1.84564
0.807859
0.609731
1.28456
0.829627
0.700365
0.748756
0.873
0.65521
1.132
0.986521
0.71544
0.797732
1.31659
0.826469
0.476878
1.65941
0.834019
1.25699
0.930773
1.0485
1.4872
0.781434
1.17529
1.40809
0.606816
0.785803
0.61564
0.990678
1.18052
1.99109
1.4005
0.988142
1.40638
0.539035
0.991599
1.3449
1.17074
0.727706
1.17481
1.53181
1.01588
1.00161
0.746907
1.44568
0.920425
0.885897
0.853159
1.06157
1.04533
1.33895
1.28653
1.12523
1.16619
1.47512
0.703955
1.0731
1.46633
0.725386
1.42357
0.88607
1.13419
0.901592
1.27505
1.19642
0.447231
0.936431
1.63246
1.37398
1.07766
0.925385
0.972162
1.32475
0.681461
0.922098
0.871255
1.10021
1.11669
0.698778
1.60019
1.15075
1.2273
0.838079
1.16465
0.859374
0.983399
0.942085
1.46711
0.912089
0.58188
0.680463
0.404497
0.850554
0.838778
0.748992
1.09408
0.887569
0.910584
1.23873
0.910187
0.968631
0.640359
1.40187
0.917897
1.18036
1.04577
0.632378
0.985121
1.49446
0.589505
0.955961
0.950074
1.29228
0.369439
0.933824
0.943745
1.55587
0.971494
0.722498
0.813844
1.16103
1.16492
1.75729
0.849075
0.601874
1.20351
0.9071
0.577921
0.68683
0.90718
0.94448
1.1404
0.744083
0.582927
1.03684
0.903592
1.2363
0.914824
0.554002
0.934167
0.803778
0.829551
1.20981
1.1043
1.06231
1.52822
0.397871
0.926013
1.8858
0.591064
1.12768
1.88043
1.2723
0.837421
1.13871
1.12322
1.32447
1.2027
0.834563
1.05235
1.02663
1.76328
0.871214
1.09182
1.17456
1.04557
0.739675
0.946505
0.769184
1.2581
0.752866
0.782022
0.646465
1.19007
0.929201
1.09541
0.964577
1.07642
0.604418
0.504448
0.49067
0.691995
0.759588
1.17242
1.33765
1.59142
1.37193
1.13599
0.490671
1.02631
0.981998
1.16866
1.14948
0.63957
1.03153
0.827842
1.27326
1.41831
0.797445
0.711392
0.856655
0.883156
0.917783
0.799032
1.8796
0.895646
1.1889
1.79614
0.837266
1.66695
1.19763
1.09561
0.859559
0.82824
1.11639
0.904564
0.888177
1.04686
1.09149
1.27576
1.11837
0.600802
1.52385
0.675362
0.87674
1.17267
0.87542
1.19925
0.883664
1.25025
0.798224
0.909901
1.10259
1.38242
0.81012
1.5701
0.340142
1.18086
0.605159
0.935739
1.49
0.779524
1.38552
0.665757
1.31782
1.57755
0.96957
1.65137
1.4387
0.783207
0.866245
1.0607
0.536724
1.05317
1.6612
0.61441
0.88961
0.642706
1.20052
1.24295
1.2472
0.51685
1.20846
1.36108
1.66036
0.945433
1.21774
0.641322
0.936934
0.82333
1.41644
1.85248
1.07669
0.874422
0.675011
0.931036
1.24421
0.54083
0.877733
1.13706
0.927083
1.01867
1.25153
1.35916
0.697992
0.804733
0.620735
1.20611
1.44072
1.07523
1.48336
0.375265
0.8872
1.23385
0.691986
1.14906
0.771253
0.858175
1.17216
0.984148
1.59983
1.28301
0.728732
0.958935
1.41401
1.11493
2.02033
1.54479
0.571544
0.585974
1.13215
0.585789
1.3319
1.03309
0.55859
0.882125
0.831072
1.31042
0.784375
0.999692
0.809817
1.05094
0.647188
0.505153
1.50319
1.21155
1.33146
1.05136
0.916347
1.5651
1.01645
1.14734
0.740444
1.6162
0.848716
0.576376
0.573716
0.776422
0.370842
0.966625
1.63791
0.917136
0.992412
1.68119
0.999092
1.45243
0.883659
0.567382
1.1426
0.69907
1.32774
0.487637
1.05581
0.552149
0.973312
1.22545
0.74542
0.621526
0.72659
0.67893
1.19283
1.03606
1.05887
1.66455
0.971955
0.5097
1.68339
1.49347
0.86597
1.43909
0.89871
0.848454
1.00911
0.63827
1.08007
0.897664
1.39926
1.03363
0.91375
1.05958
0.209705
1.34984
1.06642
1.75353
0.780712
0.796512
0.649835
1.12131
0.758919
0.965218
1.25498
1.39586
0.914896
1.33686
0.607
1.16492
0.722985
1.02505
0.701972
1.9197
0.983647
1.37633
0.9519
0.931189
0.802525
1.0301
0.817854
0.633072
1.0679
0.669833
1.29813
1.2132
0.878021
1.01869
0.731297
1.09731
1.0396
1.14691
1.31962
0.935446
0.750849
1.22126
0.927028
1.65031
0.792795
1.37488
1.16525
0.882858
0.96483
0.629569
0.850224
1.04851
0.771754
1.44351
1.35534
1.15344
0.636868
1.76398
1.14212
1.19965
0.427828
0.827477
0.925199
0.43933
0.822515
0.98172
1.4567
0.786786
1.33826
0.557908
0.298496
0.943558
1.6482
0.923166
1.01561
1.58379
1.28514
1.17508
0.779772
1.01294
0.758027
1.12218
1.25512
1.15231
0.996537
1.0875
0.494081
0.918279
1.22979
1.01099
1.15068
0.755922
0.614424
0.836721
0.811517
1.63983
1.62279
1.30529
1.30916
0.880142
0.488033
1.01176
0.89114
0.409639
0.426034
1.03615
0.746
0.947507
1.67918
1.26402
1.2734
0.602772
1.17128
0.641554
1.09431
0.448991
1.15557
0.876523
1.11213
1.34227
0.981561
0.701098
1.22017
0.891866
0.956825
1.30972
0.716418
1.13172
1.1799
1.32619
0.994488
0.908826
1.45658
0.496381
0.964779
1.29187
1.04685
1.5964
0.391344
0.781673
0.422051
1.45875
1.17472
0.430208
0.941203
0.815307
0.938747
0.632335
1.4321
1.36002
1.28285
0.938944
0.890109
0.81013
1.59418
0.528554
0.97401
0.936728
0.762241
1.01769
0.981041
1.14045
1.36393
1.16624
1.27309
1.42456
1.17563
0.90479
0.70014
0.81361
0.651764
0.606732
1.6067
0.830468
0.769205
1.76835
0.905192
0.820021
0.725849
1.00944
0.753807
0.582519
0.916059
1.6129
1.15113
0.880458
0.867733
1.06263
0.944844
1.4876
0.73803
0.820543
0.594334
0.846044
0.729509
1.32367
0.923206
0.449497
1.12649
1.22257
1.88095
0.77241
0.516808
1.87217
0.654516
0.924403
0.753909
0.552557
0.83569
0.840434
0.705156
1.02818
0.705961
0.587317
1.07195
0.614549
0.625294
0.955265
1.79586
0.776372
1.05972
1.36182
2.4586
1.96795
0.490936
1.25046
1.08296
0.64949
0.769498
1.19313
1.21059
0.911725
0.654609
0.812018
1.71943
1.20259
0.945283
1.03879
1.25464
1.13599
1.38081
0.68338
0.839458
0.833527
1.11818
1.40152
1.37804
0.867013
0.674837
0.875993
0.931396
0.798604
0.68695
1.05184
0.926586
0.716588
0.651301
0.707128
0.9197
0.807149
1.35235
0.796304
1.61215
0.844679
0.710796
1.38398
0.76534
0.890884
0.871719
1.00949
1.51144
0.747851
0.995093
1.07374
1.96142
1.17052
0.480091
0.593478
0.951812
1.56947
1.55776
1.19685
1.20196
1.00291
1.32325
0.749724
0.678952
1.00285
0.868579
1.37225
1.09913
0.946811
1.56604
1.05489
0.939263
1.25437
0.79211
0.866984
0.883082
0.973622
0.913087
0.637068
1.29034
0.950704
1.22627
1.08902
0.820545
0.454433
0.574886
1.23346
0.4826
1.08956
1.15292
0.732518
1.0123
0.994015
1.03303
0.450295
0.679744
1.5896
0.990354
1.02946
0.7355
1.30229
0.824867
1.3199
1.34434
0.512286
0.94767
1.07921
0.901015
1.09566
1.25314
2.16666
0.817032
1.69702
1.46813
0.943526
0.965066
1.27092
0.949477
0.956897
0.998923
0.440983
1.09865
0.793461
0.807602
0.751251
1.48856
1.33874
1.18595
0.845091
1.28566
0.807744
1.57459
1.14428
1.11907
1.12967
0.511009
0.869859
1.1266
0.811783
1.31769
0.634653
0.29548
1.0116
0.477741
1.81945
0.592875
1.4932
1.54565
1.08603
1.10378
1.08841
1.32615
0.926535
1.08985
0.832974
1.20621
0.839077
0.816702
1.11524
1.21077
0.595412
1.13735
0.637591
0.892736
1.08829
0.661881
0.600882
1.00183
0.673191
1.20584
1.14199
0.661275
0.760583
0.470893
0.953718
1.20029
1.04075
1.60535
0.797757
1.33397
1.10509
0.490619
0.573779
0.694177
1.17217
0.736085
1.05091
0.851796
1.45479
0.96813
0.605826
0.830105
0.828777
0.821937
1.29449
0.772083
0.824753
1.0443
1.5174
1.33886
1.12349
0.738746
0.618215
1.17194
1.13294
1.0828
0.783222
0.873978
1.12986
1.45251
1.28006
1.15428
0.737004
1.5893
1.37465
1.58182
1.03112
0.749295
1.06615
0.611279
0.884071
0.618548
1.15912
0.782898
0.736418
0.876468
0.514087
0.67351
1.25776
0.766992
0.794476
1.29819
0.586622
1.35356
1.37472
1.21375
1.08997
0.712674
1.25614
1.48225
1.05416
0.612982
1.14851
0.823243
0.65496
0.90262
0.578629
1.2199
1.09614
0.768965
1.01651
0.601377
1.03725
0.743964
0.799046
0.801221
1.07432
0.757992
0.47842
1.43698
1.20789
1.2481
0.860375
1.5726
0.576162
1.25332
1.03981
1.37092
1.22332
0.500852
1.09849
0.964868
1.18934
0.906142
1.27036
0.823176
0.773298
1.97736
0.905445
1.55844
0.886969
1.74958
0.852051
1.56979
1.00741
1.01542
1.03222
1.1222
0.874229
0.747679
0.686169
0.704159
0.816873
1.01952
0.860343
1.44381
0.974882
1.02026
1.20789
1.13391
0.701511
1.86838
1.66486
0.895222
1.40667
1.21808
0.596619
1.59122
0.671631
0.919574
1.16704
0.941291
1.11192
1.02645
1.32118
0.54376
0.552083
0.82666
1.16847
0.643974
0.870544
0.527127
1.37452
1.02977
1.09265
0.861251
1.03816
0.643491
1.52114
1.23772
0.975405
0.633711
0.725434
0.678224
1.6537
1.10247
0.954672
1.39626
0.943254
0.955711
0.803611
1.02204
0.886385
0.881219
0.726576
1.08292
1.03378
0.744493
1.16805
1.0175
1.05375
1.12944
0.463284
0.493366
1.37653
1.22788
0.960041
0.947894
0.618448
0.93188
1.62188
1.76376
0.853125
0.597642
0.878838
1.06006
1.47491
1.54009
0.876815
1.29019
0.714783
1.06891
1.65837
0.699838
0.841992
0.807616
1.60439
0.673828
0.995615
1.01633
0.96504
1.46592
0.786768
1.60709
0.906319
1.14103
1.19927
1.04147
1.19245
0.793173
0.78389
1.05302
0.748314
1.0631
0.862604
1.12548
0.661414
0.673776
0.993346
1.23558
0.618781
1.44479
1.10277
1.52876
0.793902
1.0947
0.602517
1.59624
0.906655
0.942379
1.30282
0.658545
0.644327
0.942673
1.14458
0.884446
0.906156
1.31404
1.72973
0.646864
1.68902
0.890779
1.06579
1.37017
1.06873
1.24247
1.57384
1.18577
1.1858
0.581168
0.898657
0.993981
0.779403
1.69775
2.12887
1.17777
0.867762
0.865711
0.939714
0.851884
0.907822
1.24087
1.70234
1.17804
1.5945
1.21642
1.03658
0.936276
0.932039
0.838662
1.43521
0.636504
1.28454
0.80031
0.754859
1.07734
0.647231
0.763902
1.05747
0.690721
0.404069
0.807377
0.924917
1.44707
1.21657
0.869252
0.704808
1.05956
1.16822
1.0887
0.520705
0.621784
0.596277
0.979611
1.55233
0.906736
1.18351
0.888818
0.974074
1.12865
1.06027
0.808582
0.542631
0.824086
0.437145
1.59509
1.56159
1.71146
1.3396
1.04891
0.6388
0.989251
1.22705
0.683621
0.781896
0.732083
0.657254
1.22873
0.962863
0.608111
1.05319
1.24349
0.892833
0.666358
0.863181
0.8986
1.23183
1.47939
0.924894
0.860514
0.516777
1.34011
1.34506
1.58597
0.771236
0.89256
0.435934
1.26639
0.346815
0.69454
0.828603
1.17533
0.716771
1.42451
1.00636
1.62465
0.671142
2.00025
0.780407
1.03831
1.22066
0.737201
1.54994
0.878229
0.820323
1.44432
1.00842
0.823996
0.97064
0.628277
0.939636
0.694229
1.44773
0.548075
0.805082
0.781468
0.927917
1.29709
1.40057
1.13645
0.929234
1.15197
1.89982
0.995713
0.977003
0.588445
1.20338
0.872076
0.757488
1.03042
1.19297
0.987093
1.67169
0.794873
0.684661
1.33811
0.763449
0.948813
0.787775
1.18899
1.25411
1.11504
1.06468
0.917854
1.54127
0.70472
0.965576
0.94473
0.795757
0.728252
0.847836
0.699192
1.03864
0.694385
1.28848
1.30382
1.08087
0.491595
0.895682
0.860009
0.844378
1.13132
0.54546
1.76385
1.55623
0.504488
0.90049
1.01148
1.02099
0.958995
1.05136
1.00918
0.849605
0.473229
1.48709
0.855152
1.15337
0.764386
0.854099
1.47372
1.53119
0.958124
0.719323
0.566645
0.998964
1.75973
0.858157
0.871597
1.00153
0.685011
1.29042
0.601149
0.33971
0.92182
1.30011
1.07733
2.17951
0.968693
0.709935
0.922636
0.916443
0.638025
1.23946
1.45652
1.08484
0.488331
1.23618
0.561552
1.27967
0.747149
2.15392
1.20929
0.894097
0.759031
0.822338
0.827882
0.897836
1.07444
0.854528
1.03976
1.40132
0.745515
1.20726
1.10884
0.906259
0.997201
1.70575
1.1027
0.849642
0.820041
1.11194
0.988996
1.15827
0.798455
1.33314
1.3342
0.813852
0.762368
0.981709
0.791742
1.36515
0.564175
0.715317
0.537752
1.06061
1.75458
1.0568
1.09117
0.945918
1.76598
0.721669
0.671146
0.971771
0.83224
0.803786
1.42405
0.895876
0.421634
0.736767
0.851446
0.906962
0.74413
0.857495
0.764085
1.38013
0.762118
1.09408
0.671244
0.592861
1.01392
0.816724
0.957295
1.01866
0.641361
1.08901
0.851881
0.76921
1.13366
1.19089
1.05007
0.584827
1.06013
0.712815
0.900759
1.67756
1.57539
1.56285
0.928383
0.855602
1.26058
0.917799
0.610607
1.08398
1.6017
0.905011
1.51489
0.79048
0.88638
1.06195
1.33512
1.33302
0.898156
0.930403
1.15912
1.94772
1.1635
1.16149
0.859907
0.64913
1.69606
1.05616
0.600267
1.03303
0.938944
1.17556
0.349137
0.618733
2.12824
0.737103
0.731186
1.01319
1.52761
0.828529
1.05353
1.26736
0.88307
1.11463
1.34343
1.01817
0.918063
1.49306
1.12947
1.48487
1.0295
0.854242
0.850136
0.77566
0.756539
0.95618
0.962748
0.870731
0.385566
1.69396
0.703111
0.576496
1.10113
1.24224
0.796989
0.805137
0.682932
1.06749
0.9871
0.606928
1.21349
0.489233
1.02497
1.83705
0.804772
0.927432
1.2883
1.12636
0.616007
1.08267
1.10435
0.851709
1.34117
1.7816
1.00991
0.54112
0.899021
0.62168
0.891317
0.67322
0.794243
0.824483
0.689637
0.717244
0.955198
1.17399
0.346106
0.782857
1.66228
0.588669
0.790943
0.556212
0.616772
1.12215
0.743824
0.655574
0.623376
0.756598
1.05909
0.432816
0.697979
0.683489
1.01749
0.90049
0.86564
0.493475
1.25911
1.03324
1.1137
1.09549
0.740633
0.888648
0.705937
1.04881
0.369979
0.594312
0.907197
0.68568
1.94019
2.24453
1.22133
0.857704
0.66279
1.13316
0.751909
0.626596
1.16362
0.652822
0.770285
1.19548
1.02248
1.29691
1.15644
0.548737
0.960229
0.911508
0.564977
1.17713
0.710948
1.20909
0.990383
0.626546
1.28208
1.47235
0.590244
1.31962
0.745873
0.553489
1.11327
0.985684
0.55032
0.923424
0.74879
0.665075
1.25882
1.05951
0.893405
1.13909
0.693362
0.90061
0.923702
0.770414
1.62789
1.20246
1.18015
1.13815
0.722157
0.859064
0.428652
1.2546
0.663159
1.07796
1.14214
1.43921
0.799872
1.31281
0.989251
1.38455
1.02142
1.09128
0.71814
1.51503
0.965462
0.821975
1.02555
0.627467
0.76979
0.889514
1.2473
1.07135
0.711963
0.726767
0.966528
0.676246
1.21309
0.8176
0.667322
1.43284
0.764935
1.22888
0.598095
0.818799
0.713298
1.11535
1.32209
1.0555
0.609046
0.730626
1.06228
1.24468
1.44334
1.41473
0.748088
1.34129
0.941065
1.68785
0.992996
1.28157
1.4646
0.789309
1.37923
1.45133
0.953724
1.49149
1.43597
0.529
0.805723
0.75888
1.08638
0.781853
1.04551
0.96292
1.25
0.96113
0.563408
1.98586
0.542768
0.839386
0.989303
0.739686
0.968558
0.551816
0.876796
1.18953
0.756113
1.04045
0.942738
1.44558
0.995783
1.16578
0.622362
1.34696
0.583214
0.982783
1.08015
1.39684
0.677574
1.13836
0.347481
0.615789
1.23909
0.776403
0.97905
1.06486
1.15004
0.700928
0.884645
0.8617
1.16617
0.744644
0.837361
1.28489
1.65153
1.41747
0.53611
0.854732
1.39485
1.37988
0.893352
1.14349
1.14051
0.809896
1.04575
1.03598
0.725193
1.36161
0.813299
0.924385
0.725881
1.50299
1.25055
1.08673
0.748792
0.832617
1.19566
1.13373
0.89903
0.904603
1.36598
1.4624
0.465303
1.34262
1.39349
1.74994
0.575973
1.75156
0.822761
1.19119
0.705176
0.910974
0.70772
1.19978
0.677246
1.46081
1.14683
0.817723
1.38612
0.871905
1.02158
1.47641
1.00951
0.798904
0.996144
1.15017
0.68308
1.39526
0.783594
1.01646
0.430714
0.483341
0.806971
1.02549
0.764375
1.08566
1.1287
0.952899
1.50667
0.915993
1.35189
1.4443
0.970985
1.86153
0.638942
1.10979
0.90426
0.722089
1.01426
1.01106
0.876657
1.40814
0.960315
1.36981
1.30984
0.845875
1.02788
0.906805
0.887587
1.50951
0.756249
0.786585
0.419598
0.592609
1.06476
0.747053
0.747948
0.824475
1.49016
0.65744
1.4422
1.02246
0.944555
1.04448
0.957935
1.06974
0.843198
0.837289
1.43422
1.19344
0.716509
0.956711
0.906328
0.54516
0.897852
1.29283
1.16
1.08129
0.700858
1.54272
0.922763
0.598167
0.65708
1.09827
0.988569
1.03973
0.965975
0.648953
1.12678
1.2047
0.551761
0.754817
1.05097
0.629945
1.17356
0.365496
1.47123
1.02888
0.68398
1.29304
1.12282
1.02745
0.979457
0.590261
0.637166
0.556669
0.803575
0.933484
1.34681
0.580652
1.11469
0.366192
1.31923
1.21601
1.40845
0.834133
1.38036
0.931083
1.17123
1.08844
0.876719
1.02756
1.41479
1.65601
1.0225
1.38466
1.34863
0.974628
0.718874
0.639152
0.857897
1.61706
0.868705
1.28055
1.03201
1.09074
1.38132
1.00816
0.636833
1.01564
1.24215
0.899998
0.462441
0.857897
0.556332
1.20961
0.920136
0.572328
0.727218
1.09825
1.09619
0.930854
0.570228
0.95538
1.28987
0.647989
1.10463
0.78804
0.771665
0.841975
1.17145
1.42042
1.12216
0.87061
0.380748
0.707437
1.25293
0.86079
0.793991
0.87476
0.953577
0.540701
1.03431
0.454758
1.26009
0.716522
0.921602
0.816636
0.474113
1.09985
0.59602
1.16591
0.466988
0.751217
0.605035
0.723103
1.24665
1.88005
0.744158
0.503609
1.26694
0.655666
1.1045
0.965612
0.629443
1.00151
1.14626
0.848406
1.2311
0.795557
0.864365
0.517855
0.861279
0.767256
1.50373
0.807508
0.826905
1.15153
0.807084
1.0969
0.547023
0.992745
0.677438
1.35355
0.743064
1.01078
0.90917
1.00546
0.92359
0.94181
1.04807
0.533131
1.12058
0.757099
0.894177
1.05367
0.781246
0.890065
1.34446
0.70929
1.04872
1.18424
1.20911
1.16579
0.648503
1.13686
1.08297
0.984837
1.01278
1.56436
0.830733
0.388477
0.562823
0.836174
0.45727
0.526887
1.11792
0.940853
1.28026
1.80181
0.780759
0.586852
1.2109
0.806081
1.11539
0.676666
0.679997
0.894907
1.17235
1.38171
1.07528
0.508513
1.16137
0.634318
0.906788
0.69612
1.1138
1.13997
0.951016
0.984947
0.502132
0.56957
0.994453
1.46261
1.28699
0.535118
0.455099
0.777579
1.32888
1.2313
0.942983
1.94393
1.22818
1.2641
1.20074
0.82029
1.12277
0.680966
0.516755
0.828331
0.992404
1.54691
1.02076
0.801588
1.19469
1.18296
0.676854
1.87777
0.924605
1.25931
0.760505
1.04704
0.795437
0.838481
1.0148
0.737402
0.800589
1.24013
0.759499
1.11021
1.23766
0.892492
0.740157
0.689039
1.07368
0.911964
1.52667
0.99057
1.0281
1.00927
0.773765
0.870703
0.814642
0.784753
1.17974
0.435385
0.867527
1.06018
0.981999
1.00061
1.29349
0.906776
0.673427
1.10626
0.602329
0.622623
0.369441
1.02287
1.701
1.77808
0.951844
0.93919
1.16833
0.914468
0.976589
1.08923
1.27411
1.32564
0.749072
1.39136
1.01876
1.03088
1.13706
0.88738
0.94099
0.84415
0.733791
1.37991
0.960561
1.25319
0.709779
0.7725
0.750544
0.375226
0.82975
1.65875
0.858692
0.924639
0.791947
0.997732
1.50295
0.826151
0.857777
1.48533
1.25715
1.8625
0.517218
1.06661
1.09927
0.552096
1.04253
1.08074
1.01608
1.01683
1.10303
0.637792
0.827074
2.49919
1.12124
0.848882
0.634403
1.15039
1.54879
0.620132
0.832717
0.800923
1.01752
1.38328
1.14439
0.892097
1.30372
1.15817
0.994776
0.96058
0.886821
0.687417
0.68671
0.60991
1.27917
1.09538
0.70928
1.11671
1.18062
1.66067
0.940276
0.945106
0.943999
0.622772
0.442527
0.838716
1.43918
0.696428
0.981558
1.19075
0.822812
0.645468
1.13654
0.54285
0.797885
0.971194
1.50384
0.702386
0.456102
1.49733
1.10213
1.13791
1.16266
0.402178
0.91461
0.625076
1.16442
1.48295
0.822853
1.34306
0.41383
1.15145
0.838886
0.802365
0.736354
0.881661
0.915166
1.19287
1.05265
0.882951
0.939097
0.781535
0.850972
1.46822
1.05694
0.836369
1.40975
0.904949
0.457656
0.933412
1.48416
1.01616
1.20213
0.64351
1.05691
0.8901
1.05658
1.0733
1.19667
0.685763
0.968143
0.511632
0.800893
1.24618
1.42017
0.410211
0.747713
1.37656
1.33348
0.995485
0.489964
0.945487
0.433922
0.71951
0.952395
1.02154
0.835514
0.965489
1.11391
1.23209
0.702331
1.44013
0.584266
1.00126
0.641171
0.709249
1.33816
0.592905
0.807512
1.5634
0.783253
1.08255
0.82297
0.533567
0.592496
1.34341
1.31104
0.880751
1.67678
0.963157
1.12773
0.779013
0.813467
0.717179
0.92353
0.583091
1.30042
1.13725
1.16997
1.62851
1.47323
0.633504
0.468572
0.718162
1.12592
1.1236
1.62403
1.40844
1.59643
1.09178
1.01824
1.32283
0.853067
0.702976
0.720304
0.659818
1.23271
0.973273
0.921019
0.655226
1.74077
1.05069
0.730644
0.862673
0.695692
0.69217
1.04556
0.620529
1.02007
0.726369
0.719899
0.761043
1.16096
0.799067
1.12481
1.28542
0.583451
1.29112
0.775219
1.60465
0.475753
1.25177
0.772246
1.28203
0.799305
0.477742
1.10524
0.984358
1.30906
1.1322
1.09983
0.985728
0.796444
1.01414
1.53343
0.980073
1.37481
1.74213
0.500706
0.762476
1.17236
1.05085
0.992277
0.66141
1.43392
0.9461
1.08491
1.48805
0.668625
1.47561
0.947487
0.938376
1.49522
1.33727
0.875512
0.502803
1.01021
1.05602
0.618519
1.10749
0.662786
1.05753
1.21681
1.05423
0.961354
1.29634
1.25174
0.702036
1.23809
0.73672
0.453302
1.29688
0.626063
1.46793
0.964859
0.905094
0.904406
0.930769
0.577794
0.863723
0.990026
0.639806
0.62251
1.65887
0.870038
1.00043
1.46208
0.864079
1.7069
1.05597
0.623175
1.27268
0.491158
0.852321
0.76772
1.019
0.855942
0.68947
1.04793
1.13545
1.67448
0.671139
0.964261
0.800413
0.487312
1.31534
0.948391
1.05721
0.572017
1.71281
1.6387
1.20666
0.790872
1.43794
0.666173
1.0078
0.628042
1.45512
1.12061
0.65684
1.5385
0.858943
0.922765
0.878861
1.14694
1.07284
1.28012
0.75338
0.670995
0.696393
1.22822
0.865841
1.22846
1.03463
1.7717
1.10887
1.87746
0.885501
0.668776
0.635079
0.837406
1.13783
0.579215
0.897297
0.707084
1.00136
0.75902
1.6756
0.81365
1.05475
1.02711
1.04103
1.07336
1.08771
0.874888
0.974679
0.721533
1.27777
0.781568
1.07311
1.22167
0.759802
1.35099
0.819968
0.969418
0.790268
1.62667
1.22754
1.20986
0.97024
0.543856
0.639954
2.3332
0.729322
1.1719
0.72263
0.49429
0.924804
0.743601
1.30993
0.719776
0.961161
0.891935
0.990156
0.557947
1.03539
0.767994
1.02472
0.943444
1.00244
1.56889
1.2819
1.0548
0.762911
0.930584
0.979854
0.782011
1.15325
0.755827
1.1109
0.94732
1.19255
1.03779
0.49337
0.764549
0.571427
1.50266
0.629791
0.944245
1.06598
0.712986
1.46979
1.11258
1.76629
0.629683
0.99473
0.883799
0.443323
0.827224
0.502193
1.02691
1.00243
0.977111
0.670078
0.629638
1.07057
0.573513
1.02488
0.80014
0.737294
1.26902
0.908073
1.1651
1.53329
1.04822
1.15862
1.01538
0.639435
0.31914
1.16055
1.18489
1.09587
1.06699
0.66051
0.520799
1.17438
1.25567
1.86797
0.732721
1.08584
1.23174
0.783121
1.13986
0.822413
1.43463
0.968481
0.700928
0.318796
0.746072
0.410754
0.74564
0.434562
1.82815
1.00028
1.19201
0.726887
1.07054
0.959698
0.757303
1.00113
1.06565
1.19391
0.546668
1.11243
1.56094
1.50573
1.09713
1.22082
1.02149
1.1048
1.05955
1.37898
0.940356
1.30656
1.18426
1.30232
1.13984
0.461524
0.488016
2.2405
0.843638
1.00801
1.09548
0.835084
0.888565
1.19059
1.03049
1.14838
0.840592
1.30053
1.0205
0.958916
0.675942
0.896012
0.61111
1.12672
0.916335
1.64953
0.540835
1.38889
1.60478
0.771893
0.932911
0.452281
1.31593
1.40865
0.55096
0.632678
0.881234
1.02514
1.45286
1.15833
0.790852
1.46283
0.560831
0.921219
0.769486
1.81348
0.904375
0.578271
1.7509
0.918095
0.689045
1.34973
0.981731
0.919252
0.516703
1.02713
0.704488
0.980449
1.0026
1.02738
1.07478
1.19893
1.16954
0.906521
0.551873
1.02984
1.28722
0.748602
0.955008
0.422061
0.559341
1.70955
0.870503
1.45789
0.826619
0.907738
0.949124
1.29552
1.13642
1.17388
1.00002
0.62053
1.25839
0.937312
1.62555
0.799905
1.24079
1.0081
0.574968
1.00292
0.577823
1.92642
0.963896
0.72539
0.790841
1.3814
1.68768
0.744046
1.46725
0.948529
1.15284
0.557331
0.747611
1.26172
1.30625
0.751198
1.26244
1.05865
1.14921
1.0201
0.510617
0.692311
0.710944
0.549789
0.657448
1.77693
0.782299
0.82998
0.565164
1.34123
0.87773
0.454067
0.721447
0.377326
0.762512
0.75016
1.2844
1.80073
0.613168
1.01863
0.764009
0.604114
0.993017
0.974918
0.915025
0.865237
0.869162
0.876228
0.882737
1.72495
0.963954
1.02053
0.880933
0.41597
1.27141
1.29734
1.32294
0.84507
1.07566
0.876927
1.17768
0.813646
1.38803
0.718639
0.868766
1.19695
0.933431
0.979756
0.761535
0.862889
0.65141
0.996264
0.806164
0.824444
1.03813
1.46339
1.64875
1.00609
0.686426
0.644225
0.71511
1.18229
0.868902
0.786292
0.993058
0.848464
0.644266
0.416333
0.44467
1.15546
0.90426
0.954526
0.651693
1.47536
1.05847
1.25315
0.810978
1.50353
0.698252
0.869058
1.67525
1.08824
2.07299
0.549191
1.14378
1.26111
0.853244
1.21266
1.22001
1.40873
1.6846
1.24433
0.565238
1.5606
0.784211
1.0747
0.470548
0.988167
0.696807
0.727169
0.612588
0.83402
0.599557
1.08728
0.88775
0.983077
1.42302
1.49718
0.63765
1.01994
1.35238
1.05564
0.889834
0.803784
0.846956
0.765491
1.0067
0.880756
0.635932
0.887088
1.4175
0.682441
1.24417
0.892026
1.63673
1.06553
0.601701
1.62667
1.30535
0.626337
1.21142
0.777415
0.864175
1.01688
0.949846
1.10278
0.541871
0.806625
1.10456
1.00475
0.711273
1.18285
1.11116
0.817267
1.03503
1.22859
0.957267
1.23959
0.473559
1.21302
0.86304
1.06083
0.429371
1.12452
0.800343
1.84172
0.951278
0.819053
0.737792
0.786022
0.878627
1.0342
1.11091
1.34276
0.853343
1.03994
0.899187
0.992183
1.633
1.12862
2.14989
1.04486
1.18884
0.615952
0.881669
1.00989
0.705903
1.44465
0.867976
0.851764
0.830327
1.40837
1.14651
0.949004
0.686295
1.60976
1.10758
0.762886
0.840986
0.469338
0.390067
0.801406
1.36437
0.971431
0.842188
1.22403
0.59072
0.56152
0.705415
1.57582
1.48669
0.623123
0.777499
1.10246
0.632165
1.43675
0.79742
1.05942
1.04943
1.38303
1.14276
0.866331
0.801762
1.25315
0.483608
1.13368
0.725124
1.74437
1.10735
1.19909
1.30434
1.3374
0.542349
0.471064
1.43255
1.51886
0.7163
0.804422
1.06151
1.47097
0.892925
1.41927
0.633309
0.849192
0.586282
0.807873
1.02858
0.490399
1.42143
0.586501
0.773205
1.03606
0.766725
1.3434
1.16866
0.809725
1.30741
0.501076
1.52487
0.59975
1.12412
0.715581
0.874493
0.909572
1.17327
1.1645
1.00813
1.00431
0.56138
1.59997
0.985762
0.916619
0.635376
0.637911
0.721306
1.40671
0.721324
0.755417
0.904034
0.858708
1.05764
0.884224
0.709328
0.69476
0.756751
1.25911
1.22336
0.731123
1.45977
1.02279
0.572364
0.910294
0.886983
1.44054
1.45111
1.56337
1.12624
0.734786
0.828004
1.20286
0.68943
0.867346
0.740496
0.888632
0.650016
1.02438
1.05291
0.844009
1.15884
0.474017
0.978551
0.538549
1.4382
0.761444
0.920132
0.993536
0.709539
0.595998
0.600535
0.980472
0.977403
0.937429
0.940964
1.30852
0.728302
0.532214
0.924729
0.989781
1.08725
0.746874
0.933104
1.15736
0.756318
1.29201
0.752818
1.05859
1.08243
0.890327
2.59035
0.772394
0.676096
1.13567
0.835922
0.927482
1.3913
1.42176
0.632093
0.814545
1.27221
0.536059
1.22732
0.886957
0.868047
0.801307
0.933689
0.87386
0.890451
1.04338
1.21456
1.19538
0.861769
0.987789
0.634718
1.1668
0.825837
1.18109
0.496212
0.934579
1.41186
0.891597
1.5397
1.14185
0.502821
1.03094
0.968708
0.81342
0.980498
2.37733
0.746581
1.19778
1.24576
0.661118
0.779333
0.898252
1.13321
0.830491
1.01384
1.29462
1.52608
0.506282
1.31966
1.07881
1.45446
1.01019
1.83063
1.18017
1.52651
0.860148
0.663645
0.755705
1.91287
0.902586
1.31206
1.06343
1.61014
0.89421
0.895177
0.435989
1.23116
0.616787
1.13535
0.73816
0.698406
0.505993
0.675197
1.11464
0.948674
0.838406
0.949752
0.846872
0.720923
0.905771
0.861337
1.32122
1.40134
1.11173
1.48975
1.25495
0.999781
0.51319
0.996289
0.810271
0.516842
0.592917
0.813916
0.788397
1.06968
1.07077
1.65105
0.875483
0.764654
1.14101
0.850901
1.07278
1.44411
0.330365
0.820016
1.32392
1.50383
1.59012
0.503106
1.01914
1.35538
0.826467
0.952551
0.967346
0.714387
0.449686
0.852694
0.790941
1.2612
0.945254
1.70704
0.857061
0.500226
0.606733
0.829446
0.793877
0.721078
0.799735
0.750349
0.677337
1.04933
0.539497
0.987556
0.93797
0.636988
1.12151
1.15449
0.441413
1.13197
1.117
0.706834
0.919664
0.976206
0.558453
0.891102
0.840579
1.17568
1.0401
2.01832
1.12807
0.91029
1.26636
0.676993
1.04041
0.954914
1.24811
0.606685
0.901245
1.75381
1.59958
0.96716
0.77185
1.63965
0.755228
0.966245
1.2885
0.99293
1.61725
1.11346
1.0708
0.928622
0.770199
0.645138
0.59122
1.26282
1.27603
0.846837
0.953063
1.32053
0.773606
0.861735
1.32992
0.822222
0.422608
1.43278
0.68583
0.986637
1.13198
1.16816
1.0301
1.27241
0.733614
0.965008
0.788299
1.0807
0.978281
0.895546
1.28775
0.983591
0.78005
0.627546
1.31788
0.78542
1.92613
0.926284
1.21565
0.914482
0.417604
0.623074
0.869967
0.492649
0.79474
0.768837
1.72303
0.689508
1.4664
1.117
1.32319
0.762313
0.7439
1.92193
1.12849
0.730839
0.72722
0.64553
1.0601
1.33958
1.17632
0.752885
1.02002
0.962169
1.12568
1.01355
0.661976
0.651614
0.707203
0.649077
0.672887
1.28277
1.24504
1.36564
0.902981
1.13213
0.991285
1.07288
1.0807
1.23843
1.19969
1.09687
0.471908
1.01455
1.98579
0.922202
0.923671
1.2717
1.0584
0.948494
1.21034
1.32398
0.832804
0.863608
1.78242
0.86049
0.958208
0.521612
0.462605
1.72052
0.703386
0.830649
1.15548
1.60394
1.23787
1.26672
0.599642
1.27184
0.718004
0.676622
1.053
1.19804
0.728961
0.667392
1.09521
0.673238
0.676693
1.20838
1.11244
1.05715
0.841109
0.745988
0.667299
0.610726
0.750647
1.09402
0.978615
1.46877
1.26812
0.913043
0.891194
1.22129
0.618351
0.930688
1.43683
0.99012
1.46881
0.477928
0.926403
1.5351
0.930855
0.579139
0.635364
0.669557
1.40384
0.654868
0.690617
1.21666
1.40195
1.02603
1.03036
0.578013
0.816037
0.778364
1.20241
0.744208
1.14007
1.09477
1.00826
1.22839
1.61268
0.886903
0.985712
0.905452
0.873243
1.57725
0.336165
1.1992
0.829346
0.372972
1.17131
0.780264
0.931626
0.950311
0.736443
1.2726
1.15041
0.884192
1.35163
1.23344
1.373
1.14036
0.724791
0.878586
0.758617
0.661938
0.768077
0.698695
1.02135
1.01787
1.64578
1.48861
0.896066
1.54372
0.649173
0.733405
0.741031
0.894792
1.13228
0.72086
0.312912
0.674973
0.619431
1.14692
0.985467
1.04553
1.33775
0.936572
1.40162
0.515968
0.758127
0.912794
0.617067
0.693583
0.927554
0.870688
0.673946
1.38371
0.557412
1.10869
0.763252
0.521046
1.16424
1.01396
0.89271
0.511325
0.869803
0.861573
1.38183
1.14061
0.56522
0.809149
1.46552
0.938865
1.70199
0.691439
1.11745
1.04788
0.830604
1.21128
0.689066
0.922721
1.60182
0.949398
1.0745
1.16457
0.777988
0.846999
1.03633
1.11611
1.93236
1.37808
0.447278
0.776264
0.838916
0.897685
0.429791
1.18861
0.877075
0.442408
1.2641
0.683635
0.735799
1.07387
0.81327
1.01713
0.708415
1.1835
1.44646
0.828911
0.863132
1.49877
0.886384
1.23977
0.979016
0.953778
0.642897
0.965107
0.826459
0.673025
0.811505
0.632954
0.837645
0.722205
1.08534
1.31111
0.782183
1.14042
0.9349
1.33758
1.13683
0.710185
1.03232
1.08097
1.11746
1.0797
1.04359
0.671716
0.622812
0.829359
0.468694
1.20352
1.24263
0.543632
1.39894
0.685794
0.761008
0.975044
0.630819
1.22619
1.13842
0.668121
0.976078
0.799169
0.325063
0.780739
0.690412
1.42429
0.759234
1.22115
0.720786
0.762803
0.969923
1.12995
0.820869
1.20136
0.718909
0.537932
1.04098
0.64171
0.429679
0.839801
0.924022
1.1485
0.595758
0.77807
1.16043
0.724707
0.70501
0.617986
0.936408
0.648762
1.46274
0.633992
0.971198
0.824457
1.10008
0.646577
1.16657
0.921053
0.63168
0.816861
0.663947
0.945865
1.13372
0.760128
1.51559
0.770965
0.857946
0.781817
0.904716
0.533879
1.60116
0.916826
0.629284
1.11261
1.05814
1.108
0.866829
0.703927
1.70696
0.954008
1.18178
1.03927
0.956354
0.875708
1.08954
0.803091
1.00431
1.45656
1.14028
1.5667
0.837169
1.22821
1.44203
0.989144
0.691395
0.966569
0.894931
0.938428
0.966788
0.690192
1.26191
1.09977
1.26568
1.24444
1.93504
1.24584
1.26825
1.04405
0.841693
0.779345
1.18587
1.52622
1.20665
0.877304
1.08418
1.61127
0.479166
0.391148
1.04445
0.751416
0.744109
1.09101
0.8799
0.537146
0.928932
1.20249
1.06076
0.82069
0.899508
1.1144
0.814264
1.10998
0.635972
0.705277
0.625438
1.88408
0.530548
1.00375
0.864574
0.66167
0.900424
0.86464
0.420106
0.689605
0.782134
0.831315
1.29575
1.02211
0.978543
0.986176
1.00033
0.966994
1.30515
0.967085
1.02678
0.86616
0.632328
0.94188
1.49961
0.666664
1.05411
0.838678
0.752845
1.20614
0.716041
0.842846
0.897221
1.39184
1.43657
0.894379
0.480031
0.909109
0.891997
1.24435
1.35121
1.25102
0.649649
1.14932
0.585438
0.719175
0.882906
1.44854
1.42606
0.764415
1.19074
0.977312
1.0381
0.943826
0.704398
0.643632
1.28027
1.02859
0.876749
0.821691
1.8463
0.905852
0.894235
1.18473
1.06843
0.753982
0.577522
1.26524
1.11178
0.598031
0.681889
1.3802
0.96683
1.41193
1.63896
0.736837
0.975944
0.807707
0.707531
0.742016
0.903306
0.8909
1.14183
1.21475
1.0343
1.26817
0.59463
0.797423
1.28125
0.638584
1.17462
0.734447
0.793826
1.12696
0.694122
0.955013
0.788096
2.09647
0.672456
1.29202
0.903036
0.645188
0.631946
1.28484
1.19791
1.27372
1.07924
0.711302
1.42349
1.60981
1.28634
1.19467
0.962738
1.17418
1.51574
1.10086
0.994397
1.43882
1.40797
0.791925
1.15936
1.38994
1.05644
1.52194
0.742161
0.432798
0.750088
1.15313
1.28278
0.901693
0.749515
0.971714
1.66547
0.705554
0.98987
1.24027
0.876301
1.18325
1.05807
0.449157
1.08768
1.02584
0.812603
1.25426
1.39071
1.00321
0.868407
1.10089
0.60635
1.64901
0.794573
1.00046
0.799905
1.14517
1.00726
1.14385
1.09931
1.23825
0.780868
1.1676
1.10719
0.898417
0.769186
1.83681
1.38916
0.745527
0.887211
1.13635
1.71664
1.0131
1.20719
1.28931
1.10517
1.05347
0.761031
0.710172
0.598902
1.04051
0.716838
1.01129
0.717014
1.16251
1.13187
1.27473
1.22263
0.720928
0.794263
1.29687
0.917912
0.505252
0.451004
1.40573
1.41629
1.11129
0.781135
0.79501
0.788695
0.67436
1.21242
1.17735
0.653486
0.618672
0.841277
0.579266
0.791129
0.559656
0.62323
0.873514
0.959161
1.40861
0.646773
2.04515
0.989083
0.800281
0.684461
0.760121
1.44053
1.18449
0.836952
1.39217
1.3102
1.1951
0.567627
1.04313
1.96735
0.686071
0.479608
0.548232
1.53584
0.985844
1.07251
0.676705
0.964257
1.02135
1.63661
0.787199
1.19324
1.16194
1.31783
1.09289
0.939093
1.30542
1.25607
1.72657
0.50542
0.751245
0.887779
1.4754
1.29667
0.887532
0.846866
0.888068
0.928925
0.900577
0.78974
1.43041
1.20855
0.986547
0.712523
0.452899
1.00155
1.26614
1.03448
0.93873
0.314425
1.51924
1.07
1.30027
1.17538
1.0336
1.23583
1.09444
0.726689
0.668895
0.519322
1.27094
1.08265
1.3273
0.950238
0.691741
1.0672
1.32007
1.24786
1.38175
0.754215
0.681345
1.20698
0.950615
1.37239
0.709739
0.545647
1.14681
1.09797
0.81922
1.11323
1.59013
0.569222
1.71748
0.951545
0.817884
1.02497
0.569715
0.951575
0.865349
1.59382
0.86215
0.887909
1.13857
0.873114
1.38308
0.930654
0.924936
1.36625
0.518865
0.615933
1.1107
0.571444
0.841759
0.997145
0.981248
1.20687
0.933674
0.742286
1.14017
0.66608
0.564669
1.06966
0.838681
0.894695
0.847379
1.10764
1.05486
1.13551
1.01478
0.647316
1.45373
0.750832
0.836211
0.785751
1.67879
1.13762
1.38286
1.49957
1.02893
1.04023
1.17403
1.02023
0.987599
1.61024
1.05501
1.09888
1.11282
0.674305
0.733604
0.680572
1.10563
0.747119
0.865956
1.13934
1.08021
1.00375
0.94368
0.619683
0.888474
1.37863
1.23268
1.11827
0.682498
1.34415
1.05459
1.05884
1.21332
0.501697
1.14506
0.857009
0.380458
0.817975
0.931527
0.652051
1.13624
0.710028
0.898719
1.0173
0.720864
1.1496
1.69453
1.15412
1.07598
0.789152
1.02117
0.820616
0.396655
0.606126
0.977849
0.93936
0.811507
1.0735
1.27354
0.878349
1.11787
1.19252
0.546981
0.80354
0.875767
1.40447
0.568544
0.901236
0.765093
0.971427
0.724937
1.12726
1.49567
0.865616
1.6402
0.696741
1.17276
1.15899
1.06191
0.959269
0.987147
0.755642
0.734788
0.983002
1.32654
0.777189
0.98761
0.988565
1.09585
0.7494
0.686862
0.956737
1.07501
1.03838
0.953064
0.876019
0.775371
1.10645
0.801865
0.619792
1.45357
0.704501
0.810748
1.31847
1.39654
0.666697
1.4511
0.778434
0.887809
0.86408
0.816936
0.908446
0.818549
0.984374
0.804012
0.424242
1.09118
0.737791
1.01827
0.811303
1.29954
1.06117
0.769945
0.947846
0.66973
1.18798
1.48658
1.11098
0.839889
0.573465
0.978492
0.88359
1.5608
1.21055
1.24429
0.932654
1.34642
0.891199
0.716805
0.907683
1.21937
1.41489
0.616244
1.10571
0.684743
0.787281
0.644328
1.146
1.56324
1.20558
0.778799
1.3081
1.08075
1.34968
1.15869
1.14659
0.623835
1.14811
0.666197
1.06439
0.921887
0.817384
0.717411
1.19742
0.99083
0.761525
1.04642
0.65341
0.996393
0.90564
0.920878
0.657251
0.998852
1.25469
1.49578
1.07815
0.856291
0.659071
1.52279
0.997745
0.936727
0.866735
0.35216
1.28126
1.1115
1.32187
1.19918
0.357749
1.58269
0.904211
0.462121
0.559614
1.05221
1.03682
0.90674
0.991802
1.33457
0.603849
0.939916
0.602787
1.03004
1.0882
1.68803
0.883108
0.89824
0.891863
0.558752
1.27827
0.98553
0.706068
0.582046
0.783275
1.15835
1.07629
0.878733
1.14814
1.15758
1.07139
1.34882
1.48567
1.33266
1.07324
1.02436
1.56145
1.27499
0.884531
0.843743
0.767879
0.635667
0.881018
1.07044
1.28709
1.23564
1.28956
0.695929
1.32751
0.726885
0.80571
0.420791
1.16452
1.14059
1.17084
0.74639
1.08375
1.05737
0.8913
0.759447
0.751711
1.42874
2.0243
0.918633
1.19245
0.490074
1.3692
0.764601
0.722
0.833238
1.0032
0.752113
0.921216
1.21999
1.12105
0.737473
0.41212
0.657349
1.66771
1.14828
1.01825
1.09114
1.19523
1.02062
1.42488
1.19308
0.998572
1.03311
1.37907
0.567885
1.32576
0.635259
0.939961
0.721711
0.734905
0.688173
0.791252
1.24277
1.18775
1.24105
1.2228
1.34343
1.43125
0.952638
1.39893
1.31777
0.878179
0.89832
1.34417
0.654902
1.11072
1.0987
1.2811
0.787184
0.63003
0.710724
0.708082
0.756068
0.896745
1.34336
1.15518
0.782764
0.853971
0.925076
1.10466
1.00273
1.46484
0.558169
0.923161
1.01516
1.05775
0.50684
0.814075
1.11753
1.0194
0.825802
0.884768
0.684544
0.828583
1.09197
0.800175
0.740201
0.97416
0.636887
1.15954
0.713693
0.608102
0.943927
1.09203
1.64879
0.750562
0.954181
1.33527
0.580408
0.51606
0.963066
1.1381
0.848477
0.906754
0.989442
0.827618
0.609368
1.08945
0.655548
0.59479
0.884993
0.695308
0.938848
0.828633
0.740912
1.09675
0.97114
0.653345
1.161
0.84251
0.803141
0.790472
0.933461
0.633488
0.686696
0.871435
1.18098
0.72574
0.610224
1.08283
1.04564
1.35181
1.14685
1.15222
0.783388
0.823308
1.34828
0.915298
0.674663
0.606332
0.813714
1.35008
1.48786
0.74117
1.14518
1.12355
1.19949
1.05651
0.940294
0.960756
0.918859
0.930402
1.65343
1.15035
1.03173
0.824267
0.890052
1.48895
0.760261
0.69945
0.505108
0.963347
0.624137
1.29623
1.02941
0.660062
1.15513
1.06281
0.932963
1.60034
1.25265
1.50095
0.969748
1.00758
0.89662
0.692863
0.912806
1.11577
0.702044
0.445673
0.620068
1.1212
0.768406
1.31848
0.599526
1.03723
0.781671
0.884551
0.591303
0.94116
0.929009
1.06979
1.06374
0.688444
1.34513
1.02006
0.828909
0.84984
1.24406
1.13447
0.477962
1.04219
1.03856
0.944506
0.854353
1.63657
1.09588
1.4698
2.28644
0.744386
0.962066
0.655789
0.815867
0.984489
1.25391
0.952263
1.06172
0.791699
0.562021
0.744866
0.880877
1.96196
0.968424
1.14572
0.692294
0.726171
1.01388
0.984174
0.30059
1.02178
0.921118
1.31315
0.906005
0.762638
1.52934
0.855495
1.13678
1.18164
1.31779
0.847772
1.18674
0.557917
0.538264
0.948979
0.589903
1.15074
1.1496
0.764821
0.799835
0.792092
1.01452
0.620782
1.26132
1.18974
0.701503
1.01681
1.01671
1.43491
0.987595
1.29468
1.37558
0.667802
0.639297
0.409549
0.890806
0.723985
0.934566
0.781422
1.62468
1.32318
0.988268
0.768301
1.1368
0.52967
0.824495
1.22838
0.543004
1.0078
0.690944
1.29057
0.914555
0.749354
1.38881
0.901501
1.36624
1.71234
0.936323
1.00628
1.1724
0.524604
1.0534
1.3127
0.916387
0.930511
1.61458
1.04482
0.768052
0.959891
0.50114
0.898697
0.872137
0.682452
1.74878
0.918417
1.54347
1.58091
0.587702
0.767834
1.34613
1.06761
0.562549
0.679373
0.799023
1.06204
0.849826
0.649742
1.20807
1.38054
0.998748
1.6947
1.11957
1.04011
1.06976
0.757551
1.02555
1.02024
1.21551
0.677065
0.91137
1.38696
0.815534
2.08339
0.965912
1.44643
1.45287
1.02708
0.838033
0.546242
0.570987
1.23468
0.841903
0.629814
0.746694
1.85208
0.772375
0.72801
1.27481
0.821635
1.34439
0.889223
1.10899
1.11517
1.37479
1.14525
0.80976
0.967663
0.696605
1.44517
1.23737
1.69407
0.826436
1.15003
0.53702
1.21415
1.06065
1.04065
0.640971
0.607336
1.1444
0.882188
1.10956
0.7876
0.911865
1.34681
1.26317
0.894892
0.992127
0.942565
0.727192
1.00382
1.19988
0.485742
0.826471
0.711697
0.867305
1.5768
0.790691
1.22097
0.612712
1.33535
0.806384
1.8269
0.839284
1.20249
0.533301
0.809411
0.651811
1.07305
0.922676
1.06165
0.967431
1.48264
1.10522
1.2232
1.3018
1.11896
0.504688
0.718383
0.493702
1.22434
0.735061
0.990696
1.01551
1.6742
0.999329
0.966423
1.0938
0.928674
0.993943
0.932221
0.521568
1.11766
1.46391
0.868203
0.712428
1.00205
0.683715
0.803996
0.625179
1.07463
1.06196
0.945321
1.0947
1.27316
1.21002
0.818252
1.12511
1.34947
0.960688
1.10305
1.18276
1.51343
1.18265
1.55347
0.654016
0.809958
1.04906
0.661101
1.36111
0.658593
0.964381
1.19246
1.18266
0.884137
1.14819
1.00619
1.10486
0.750106
1.01937
1.63967
1.80821
0.965979
0.783473
0.95581
0.737471
0.981902
1.14083
0.637573
0.693908
0.624056
1.38471
0.772159
1.14333
1.1818
1.20469
0.98952
0.63416
0.704277
1.39576
1.04705
1.19033
1.18029
1.32928
0.979562
0.961709
1.18442
0.874848
1.00702
0.474072
0.731997
1.53483
1.32082
1.2901
0.721386
0.76993
0.69638
1.16924
0.986417
1.21342
0.800302
1.92776
0.548464
0.948525
0.887814
0.923292
0.822007
1.35264
1.3043
1.70349
0.612919
0.975431
0.768298
1.40619
1.11437
1.10167
1.40294
1.19516
1.33996
0.875174
0.789528
1.04095
1.08974
0.83559
0.530424
1.12459
1.31406
0.847371
1.14268
0.805641
0.635384
0.697547
0.959675
0.960405
1.01639
1.07654
1.12283
0.714074
1.01112
1.05418
0.883296
0.802245
1.33105
0.782299
0.881211
1.2915
0.210764
1.24155
0.894624
1.3935
0.596182
1.22961
0.63408
0.712517
1.02462
1.55763
0.68589
0.902473
1.11595
1.22117
0.719166
1.69489
1.0551
0.958275
0.833221
0.845455
1.43421
0.870581
1.85267
0.959108
1.06223
1.96808
0.696962
0.584751
0.597145
1.5648
1.04611
1.25719
1.11604
0.992546
0.833574
0.878749
0.883677
0.878567
0.645549
0.667676
1.21495
1.38501
1.08679
1.60159
1.67374
1.12757
1.00703
0.556954
0.971734
1.31588
0.95505
0.821821
1.44171
0.668408
1.39204
0.573773
1.61207
0.667223
0.916376
0.92168
0.669444
0.234724
0.78319
0.973939
1.08283
1.06044
1.31389
1.04535
1.28752
0.930795
0.909175
1.05598
1.23878
0.896392
0.805371
1.03238
0.982223
1.07492
0.770271
1.0131
0.536245
1.09037
1.45933
1.81501
1.52672
1.06598
0.534844
1.49658
1.78577
0.938194
1.31815
1.03686
0.813118
0.646383
1.05945
1.25061
0.763276
1.35149
1.01082
1.22405
0.927521
0.737509
1.104
1.43706
1.22823
0.995055
0.618337
1.29395
0.792947
0.92372
1.53802
1.24165
1.10452
0.822127
1.26346
1.1303
1.34553
1.0604
0.948778
0.79242
1.16098
0.693788
1.28786
1.25083
1.11474
1.223
1.21594
0.838336
0.820589
1.33498
0.950867
1.21294
1.24163
0.923442
0.513498
1.08135
1.67985
1.11995
0.543649
1.08861
0.826583
1.62837
1.66665
0.646017
0.828537
1.33797
1.01516
1.21833
1.7119
0.711844
0.92366
0.580088
0.785154
0.794616
1.42285
0.622757
1.16005
0.650138
0.846633
1.69187
1.09841
1.08985
0.76049
1.30796
1.13084
0.718715
1.24669
0.887446
0.653225
1.73271
0.888113
1.16473
1.00544
1.29623
0.758164
1.05585
0.990834
0.489567
0.690997
0.538032
1.24948
0.359467
0.484034
1.20898
0.823947
1.03919
0.845581
1.46449
0.643573
1.50746
1.00325
0.831414
1.67902
1.20702
0.774509
1.02945
1.28935
1.19649
1.74139
0.769878
0.996022
1.64851
0.942309
0.967742
0.784837
1.0617
1.61118
1.04291
1.21139
0.90469
0.937427
0.808832
1.12485
1.22584
1.16541
1.61787
0.805698
1.31449
0.91832
0.714029
1.38791
0.722989
1.75521
1.50635
0.446785
0.423117
0.993212
0.991697
2.20377
1.07351
0.679942
1.19689
0.991571
0.93234
1.14457
1.92228
0.582301
0.742647
1.66971
1.7162
1.13369
1.22987
0.618515
0.641319
0.806849
0.686749
1.00114
1.13151
0.907578
1.13373
0.85094
0.789727
0.716233
1.20597
0.621501
1.55623
1.57233
1.47753
1.4716
1.15224
1.18427
0.703902
1.08767
1.19729
1.30967
0.700069
0.744313
0.789843
0.836497
0.828885
0.421721
1.12238
1.34588
1.19332
0.926045
1.16776
1.28077
0.793877
0.729255
1.34655
0.96095
1.20706
1.20325
0.519166
1.66373
1.07926
0.76326
1.16983
1.18532
1.25878
1.19565
0.529658
1.20304
0.971136
1.0965
1.0449
1.35708
0.750829
1.51513
1.05364
1.66982
0.882416
0.571965
0.695974
1.42692
1.10444
0.888162
1.02742
0.883278
0.66213
1.11039
1.51521
1.13502
1.196
0.983997
0.773365
1.1764
0.940674
0.640603
1.05213
0.911501
0.577633
1.28053
0.782029
1.1296
0.526238
1.2756
1.60257
0.79932
1.2263
1.09154
0.569026
1.17056
1.15863
1.05847
1.00863
0.975194
0.811131
1.5883
1.00824
0.405616
0.619062
0.722425
1.54996
1.51386
1.1187
0.933029
0.677735
1.00996
0.972637
0.579706
0.880425
0.640213
0.540286
1.34778
0.774045
1.82662
1.25134
1.54063
0.462423
0.773141
0.83585
0.965603
0.926041
1.08146
0.568065
1.40765
0.874479
0.916948
0.986743
0.700128
0.946345
0.862426
1.37725
0.759774
0.979665
1.5208
1.01542
1.07
1.02163
1.02186
0.800027
1.40532
1.24457
0.603927
1.0728
1.03932
1.22235
0.888935
0.846033
1.11907
0.780502
0.896965
0.985592
0.847013
1.19336
1.06791
1.27634
0.689353
0.633222
0.678919
0.748408
0.689252
0.702351
1.14078
0.295845
1.23677
0.676312
1.37717
0.482877
0.859803
0.82381
0.830537
0.53088
0.982575
1.1631
0.565642
1.68939
1.03152
0.934949
0.649363
0.716814
0.650102
1.19704
0.771609
0.487009
0.69512
0.849592
0.932746
1.00568
0.992091
1.08344
1.01245
0.724997
0.608347
0.661348
0.826072
1.47047
1.19144
0.673646
0.757422
1.16749
1.25748
0.5975
0.835059
1.58882
1.0369
0.963745
0.734998
0.896613
1.11761
0.414889
0.66907
1.25013
0.717389
1.57839
0.79152
0.817936
1.05491
1.27516
0.824293
0.73323
0.83211
1.26328
0.956302
0.979081
0.729464
0.782985
0.646845
0.949829
1.47177
0.796882
0.892679
1.09586
1.16913
1.75781
1.19146
1.2414
0.999446
0.801683
1.05783
0.545008
1.26558
0.609089
0.6256
1.13069
0.93268
1.02923
1.06896
0.69932
0.830692
0.744658
0.877993
0.629656
1.60071
0.797538
0.427365
1.85998
0.812635
1.00875
0.992915
0.530958
1.47925
0.836781
0.761596
1.30031
0.76319
0.80749
1.55573
1.46872
1.08426
0.753839
0.493943
1.64489
0.798225
0.850175
1.10337
0.574792
0.822248
1.05405
0.815332
1.4937
0.955133
1.2564
1.61495
0.508034
0.940403
0.653702
1.09804
0.750378
0.733335
0.612712
0.900248
0.877978
0.629025
0.518789
1.03339
1.01019
0.911213
1.16004
1.29998
2.15355
0.982045
1.20237
0.575844
1.29106
0.913231
0.651976
0.653432
0.962738
1.07407
0.967075
1.08086
0.341171
1.52563
0.764546
0.849246
1.90093
0.946993
1.15094
1.08352
0.947095
0.730294
0.464539
0.786726
0.633871
0.947452
0.848812
0.759591
0.684894
0.5917
0.962532
1.04197
0.843206
1.30413
1.0171
0.713651
1.11281
0.887399
0.844945
0.67016
0.771536
0.852383
1.16233
0.802606
1.20137
0.8553
0.873426
1.07502
0.436014
1.25049
1.26188
1.05945
1.63856
0.599775
1.1259
1.31061
1.27729
0.836624
0.943464
0.87599
1.12725
1.05482
1.32002
0.874296
0.478831
0.701988
0.874491
0.534451
0.52626
1.64816
0.752602
1.20475
0.872662
1.51343
0.73705
1.13461
1.14969
1.20202
0.914846
1.03057
1.25793
1.17349
1.62338
1.16245
0.682404
0.705431
1.18923
1.25297
1.45928
0.709378
0.580013
1.67775
1.09309
1.08244
0.938245
1.14573
0.960873
1.13948
1.24081
0.850853
0.927308
0.972215
1.53741
0.814417
0.674585
0.731248
0.79282
1.81015
0.344678
1.23804
0.609003
1.20742
0.884654
1.42979
0.872844
1.04507
0.698362
0.654069
1.29786
0.657814
1.22126
0.410774
0.546713
1.52934
0.931702
0.721798
1.14001
0.683787
1.14532
0.783081
0.771249
0.710012
0.727305
0.7871
1.05265
0.967796
1.01122
1.07706
1.02266
0.417756
1.12957
0.605492
0.739127
0.700799
0.773759
0.888814
1.28769
0.914996
1.10129
0.964327
1.99264
0.750119
1.01663
0.880998
1.17251
1.05694
0.813943
0.816723
1.48933
1.12373
0.814297
0.886023
0.680644
0.459788
2.4838
0.804758
1.42437
1.3858
2.71551
0.828779
0.672453
1.09416
1.27445
0.960977
0.391909
1.27396
1.09453
0.790437
1.29744
1.38466
0.97155
0.624264
1.0055
1.04041
1.05321
0.944357
1.23822
1.05853
0.483218
0.513098
1.03251
0.705171
0.841074
0.850997
1.24539
1.12887
0.809668
0.6844
0.8442
0.781488
1.06651
1.3723
0.971741
0.860942
1.26146
1.02118
0.786681
0.417501
1.6761
0.511236
1.30315
1.36987
0.721656
0.680914
1.18245
0.96317
1.12074
1.03605
0.507593
0.957218
1.79792
0.721103
0.79659
0.924187
0.912387
0.59406
1.02819
0.93634
0.670064
0.87678
1.13302
0.754543
1.20058
0.722528
0.813961
1.34543
1.06184
1.61361
0.970022
0.75747
0.580162
1.12137
1.27224
0.718196
1.19117
1.18937
1.01914
1.18995
0.587656
0.794494
1.38057
0.883917
1.05894
1.28112
0.926347
0.934965
0.700755
0.55587
0.775954
1.13328
1.19988
1.37066
0.92296
0.998267
0.777098
0.825023
0.858094
0.525038
1.17485
