1.35199
-0.533572
0.280751
-2.32024
-4.57006
0.57195
-5.51387
-0.598613
-1.4681
-0.897802
0.259756
-4.3845
0.400878
0.361089
-4.60609
-0.870012
1.25849
-3.48327
0.247933
1.15566
-4.84114
0.593926
-0.518565
0.816859
0.785693
-10.9987
0.308429
-1.28675
-0.762241
-1.22845
0.657077
0.982476
-0.113348
1.58553
0.197679
0.26899
0.294741
2.01043
-1.61314
94.1312
0.0330834
3.16459
18.436
4.00609
-4.6956
0.747413
0.122345
-2.89839
-1.44113
1.0697
-0.932598
-0.138217
2.25712
-0.196915
2.12464
0.0816445
4.89137
0.350018
-0.4352
-3.71558
1.16992
-2.9827
-1.67718
-11.4491
2.27663
1.10934
-12.0279
0.00722669
-0.900661
-0.460513
-0.452439
-0.655237
2.58258
4.16864
-2.02717
6.04797
2.70495
1.0314
-9.49112
0.41467
-0.371184
1.15657
0.662334
0.876096
-1.07724
3.14502
8.35759
-0.185172
2.17474
2.02091
-0.947956
-2.27607
-0.13105
0.522489
-1.96569
-72.3536
-0.510281
-0.761496
0.792094
1.12577
0.331884
-0.332784
-2.94242
0.0366202
0.723809
-12.8306
0.607183
-1.46891
-0.0521368
-0.0585851
-0.241579
-0.0091559
-0.732894
-1.27309
-2.3783
-0.546474
3.30912
3.369
-1.04829
-0.372169
-0.252565
0.17559
0.888951
-1.59663
0.0450508
1.99318
-0.82396
1.17186
-2.12911
-1.33813
2.29244
3.7754
-1.454
5.84464
4.20988
6.64628
-5.12059
-0.057285
1.06204
-2.05847
0.319775
-0.489816
-0.724044
-0.338001
1.99531
3.31776
0.912083
-0.359105
-3.91928
3.50727
-0.507191
0.117012
-20.9873
0.0720927
1.42007
-1.18186
-0.163267
0.0904796
-1.18187
-2.33266
-0.500599
-1.80758
0.503934
-0.351012
11.3293
2.42205
-3.82274
-2.50003
0.608327
-1.6817
-1.09186
-0.18534
1.03891
-0.602878
1.55087
-0.638482
0.253759
0.724038
1.04929
-2.06752
0.994001
-31.2946
1.29397
0.116211
-10.98
-12.5455
3.95773
-3.974
0.995067
-5.53359
-0.345497
0.177169
0.580104
0.109552
-0.0768036
-0.287712
-1.16009
1.10136
-0.356346
-1.32471
0.51831
0.582592
-0.19325
-5.32565
2.04502
4.1915
-0.653291
-0.0233329
-1.49032
0.047046
0.95899
2.38697
-1.55619
5.83726
-2.04851
-0.0445855
-0.487818
2.94674
1.99118
-0.468392
-1.22814
-0.563924
-2.19444
-0.390276
-0.00428257
3.20132
-0.620946
-6.75602
1.59743
0.712266
-2.28689
0.261117
-6.61138
4.11975
-1.30256
-0.143824
2.97919
3.15625
8.06894
0.122761
-5.58562
6.23084
-0.199141
0.450315
0.0986075
-0.100396
0.681643
-1.05066
-3.11786
-0.103184
1.2503
15.1396
-6.08498
-2.24507
-0.142881
-134.619
19.0993
0.0930139
-0.586901
0.0418612
0.213495
-0.194282
0.366026
-36.6423
-0.271595
0.159263
0.259616
-7.81548
0.374189
5.56345
0.906212
-0.480106
-1.34552
0.597531
0.571821
2.10183
0.119796
-0.0291457
2.77993
-1.65058
-0.135641
4.90336
-0.622687
-0.270269
-2.51417
2.15956
2.50421
-0.012262
1.25164
-0.106399
0.464557
2.41081
2.4522
-1.01422
-0.623376
0.178853
0.222792
1.44572
5.48087
0.80775
-3.55158
0.226444
-1.74355
-12.654
-1.42737
0.249928
-0.217907
0.221794
0.485051
0.24954
-0.294304
0.0503079
-1.46038
1.77903
-2.80752
1.6159
-0.244182
-3.60848
-4.3138
-29.1172
-0.320909
-3.94902
1.55936
7.51615
1.84549
0.102152
-2.33027
0.0166794
3.11332
-0.820613
0.0596321
0.467069
0.547901
6.59536
0.384618
-37.4564
-0.380007
-0.174417
-0.265167
1.005
2.4972
1.70952
1.36229
14.3308
-0.38941
1.26058
14.2294
1.41457
2.61479
0.346213
-3.67023
-0.830729
1.36631
-0.277068
-1.37402
0.546996
-1.00292
12.1093
-26.488
-0.263711
-0.650288
0.859677
-3.86763
-0.5796
-0.24052
29.1205
0.195039
-3.22276
0.540793
1.2767
-0.186256
4.3036
-1.54596
-0.628551
-1.57306
-0.056225
-1.31733
-5.43886
0.129679
-0.109579
-7.12089
0.943733
0.110025
0.105133
4.25008
-1.50725
-0.208593
0.0156113
2.21199
0.29695
-0.758432
-0.615371
-0.310842
0.92349
0.784751
0.42356
0.437622
1.3798
-0.200587
-4.56085
-0.033114
-0.479637
-0.0989259
-1.69807
1.19082
-4.9278
3.1502
0.0885785
-17.4152
-0.160958
-0.708101
0.268354
-0.0254606
0.705675
0.110032
-0.223601
-1.23677
-0.12959
-0.416349
-25.6036
-0.525632
-0.195228
1.24371
-0.0568675
-3.43866
-7.33875
-1.02434
26.6478
0.246733
-6.86064
-0.716719
0.187752
-61.7963
-0.0137799
1.13196
-0.169397
-4.52631
-1.89105
-0.886327
-0.594345
-0.688838
-1.47999
-1.94106
-3.08229
1.44533
2.03139
1.73688
3.22008
-2.25473
-2.70168
0.0997013
5.46742
4.45804
0.0907191
-7.97651
1.0479
21.7519
-0.742581
-0.576555
-1.66448
-1.07025
0.206689
-0.92787
-1.81334
-0.189647
-5.3481
1.20706
1.22076
1.28276
33.138
-2.54547
-0.596108
-0.554243
-0.863144
0.712054
-0.319514
-1.74101
0.972562
-0.738191
0.370068
1.10885
-1.82486
0.720369
5.62333
-1.77211
-4.18113
0.14051
-1.20586
-0.108537
0.403642
4.24859
-0.434781
0.698847
0.137952
-0.957426
4.45439
3.34358
1.54888
-1.48974
-1.47201
-3.8435
-1.24455
1.10237
-2.39927
-0.10265
0.271455
-3.23372
15.4526
-1.61538
16.4255
-0.206793
1.45336
0.0993894
2.50991
4.28357
-0.00799242
-8.82398
-2.54931
0.0913549
0.962539
5.61014
0.137503
1.15643
-0.712632
1.23452
0.419708
-0.819643
-15.473
3.40043
14.4807
0.5915
0.0471853
-2.28056
-1.09279
-0.126094
-0.179301
-39.3578
1.60121
0.835041
0.815525
-0.247919
1.39526
4.40171
0.78552
-0.223179
-0.605959
-0.868902
-0.154942
0.648744
-0.444326
0.288441
0.809683
-0.0232547
0.402074
0.681277
-0.498283
-0.321861
-1.1812
1.16075
0.4031
-1.03443
-0.127798
1.61338
-1.04322
0.10192
-0.0372929
1.6517
-1.67136
-3.22825
0.373367
-1.70439
-2.85648
0.276086
-2.39026
12.1737
-2.72428
0.287122
0.320562
8.90097
0.942377
-2.79235
-0.0611068
-0.180679
0.5503
-0.881172
3.44136
-0.664084
2.26311
-1.1421
-0.305803
-24.7857
0.499421
-1.22627
-7.9815
-1.39131
3.10048
0.346037
2.84847
0.962504
1.13358
-0.894192
0.933933
-20.2227
0.535066
-0.110324
0.166126
2.57965
21.08
1.03366
-5.98003
-0.944096
4.89176
1.22714
0.609785
2.86834
0.88494
0.164212
-34.0243
2.01598
9.37703
-0.33024
0.123321
-2.52146
0.836508
-0.106837
1.55552
22.1351
1.83555
0.942817
-1716.5
-9.56526
-0.539425
-0.0413621
-4.99978
-1.35349
1.65278
1.84059
0.137818
0.17619
1.02368
-2.39044
5.65404
0.658476
0.999648
-0.885576
-0.691955
-0.826105
-0.0347281
-3.50536
-1.07385
0.350794
0.186429
1.70338
-0.224404
0.731787
-0.455332
-1.52691
0.462922
-0.500675
-0.442126
-1.04295
-2.43236
1.0183
0.538183
-1.09456
4.88323
-1.28471
0.699867
-6.6717
-3.39728
-114.273
-0.704477
0.59394
0.255823
0.0544868
-1.0969
-0.292629
-0.928899
0.0273477
-0.499268
-0.113482
0.650546
1.778
-2.9765
-0.424697
-3.70799
0.0747985
-3.83882
-0.0844774
0.738522
-0.271922
0.080432
-4.89487
-0.394733
-2.24224
0.644049
-0.909672
-9.41531
-0.540023
0.554644
18.0838
-2.07114
0.099544
3.73304
18.5276
1.89228
-8.43738
-1.50904
-0.43838
2.32781
2.85965
-0.786542
-2.71392
3.84562
-0.876644
-1.59352
-0.890011
-10.1579
-24.0588
-0.94122
2.26753
-2.8079
-0.832088
0.499343
-0.158453
-12.0055
1.08469
-0.2584
-4.90888
0.780647
-2.1995
0.153969
0.0028935
1.11453
0.477512
1.15273
0.673166
1.19127
1.41485
3.00384
-0.487407
1.97814
0.11669
1.05153
-56.0385
-10.6601
-6.46744
0.402871
-0.303049
-1.14681
0.161447
-0.140354
-2.01803
-0.342559
1.33431
0.804358
0.93603
0.294492
0.636598
-3.40379
1.29616
-0.328635
-0.702859
2.10387
-0.195553
-48.6104
-1.1075
1.84334
1.83685
-0.187547
0.241624
-6.50822
0.546927
0.749274
0.427562
10.7553
1.92798
-0.975185
2.50781
1.07478
0.741265
0.0495336
-0.064261
-3.02138
0.84407
3.72538
-10.1762
-0.401116
-0.772758
-0.17672
0.386452
-0.241175
-0.241536
0.993906
2.44754
0.0891972
1.87857
-0.223707
-0.21743
-0.726525
1.15708
1.98043
-1.34511
-0.329253
0.758665
-0.759062
-2.29103
84.1867
-30.9035
1.01704
0.631504
2.10983
0.0413205
1.86291
2.59429
-3.14222
-0.196974
0.218728
-12.3942
-6.30473
-0.900705
-0.0657897
14.7018
1.22177
-14.4906
0.391693
-2.58046
0.702189
0.241213
10.1532
2.36903
3.86583
-0.114295
-3.54552
2.01479
-0.614261
0.674422
-3.03762
-1.43184
10.4295
7.90063
-0.23155
-1.21233
-0.918103
0.107989
-0.754155
-2.6538
0.50661
-84.5875
0.0892488
-8.80592
-0.350036
-3.76978
-2.74305
-0.0245393
-0.52553
25.3176
1.53318
-1.12906
0.240599
0.337355
-3.43945
-0.574226
0.0505173
-1.14875
0.500903
0.117889
-3.33536
-0.546228
0.0219339
-11.5763
5.35004
1.68241
-1.65636
-0.69108
-0.264968
-5.09178
2.6535
-0.017653
1.39962
-0.645037
-15.9741
6.1556
3.71697
1.44734
0.105825
-0.846193
-0.157534
4.73047
0.224789
0.034985
-0.425939
-0.0788127
-0.233462
64.1533
0.65511
3.29224
-0.284858
1.70909
-0.117207
-0.161602
-0.0837802
-0.500896
5.35274
-2.01694
-3.52737
-6.61945
-3.08797
-0.53169
-1.66468
-0.294852
0.822165
26.9545
0.0867821
0.520117
-0.673822
-8.38164
-0.157729
0.255426
0.238666
-0.189733
-0.641445
-0.0523252
4.62263
-0.10784
0.0451071
-0.920271
0.348323
18.662
1.54773
2.59967
-1.16287
0.103112
1.0058
-2.88726
0.463478
8.11772
-15.5134
0.0219606
-0.461611
-0.288737
-0.57065
-0.0295642
1.04902
4.54754
0.277878
-0.294998
0.191745
8.13469
-3.96438
-2.72416
-1.47709
-3.2626
344.584
2.9062
3.44283
2.10058
-0.851573
-2.23102
-0.170318
-0.312873
-0.802347
0.372424
-2.58874
20.1349
3.66214
0.0896369
1.37153
-0.461698
0.963337
8.31642
0.0898854
1.2868
0.096944
-0.489469
-0.537304
-9.07794
2.17024
2.11202
0.424906
-0.271186
-1.18727
-0.237378
0.220879
-0.703269
-0.0365699
-2.17958
-2.12595
-0.946371
-0.907192
5.1749
14.4522
0.390137
0.470874
0.200681
0.586281
0.207807
0.702506
-4.29176
-1.33782
1.1024
-0.171426
-38.5152
2.9991
-4.39576
-1.58394
-0.0279339
0.166405
1.57685
-0.890355
29.1773
-24.5719
-20.8733
-1.94439
-0.796927
0.217857
-0.784567
-0.557872
2.14027
-5.84948
-1.16944
-2.02239
-2.52565
0.988529
7.7163
-0.257869
7.00197
0.695276
0.381562
0.373833
2.96042
-0.170685
-0.0758033
0.214148
-8.43385
-3.04549
0.238271
3.23709
-0.0734925
0.662562
-0.469455
-0.696545
-0.168254
-3.62549
-0.225356
0.0814515
0.471097
6.41764
3.38411
17.5399
-0.717963
33.137
0.366157
-2.55957
-0.20579
2.07383
-58.7576
0.439809
0.166657
1.49356
-3.81223
-4.92373
-0.111979
0.543812
-5.40341
-24.8658
2.02449
-0.858485
0.290041
4.14397
0.208413
-1.0748
0.087264
18.8046
0.0771379
-3.52168
0.494133
0.0234261
-23.4568
-4.20965
6.51246
-7.21952
2.11106
-0.262045
-7.15993
-16.4032
1.97576
5.38509
1.72231
0.645318
-0.443065
-0.259576
1.56382
7.33561
-1.73149
1.54263
143.614
1.38986
2.05106
-4.90231
-0.00178128
1.85818
-1.40273
-0.577224
-2.97324
5.11592
25.8824
-0.0836181
-2.76099
-1.7675
2.45221
-0.0905069
0.198942
-6.66365
1.411
-0.201006
-0.994953
0.354146
-2.01529
-6.56128
5.10011
-3.08366
-16.8166
1.77648
-0.106009
1.47386
-0.647355
-0.0129802
2.31363
-2.31284
-0.473481
1.42741
-0.072358
-1.20346
3.23864
4.23349
-3.34972
0.941292
4.42957
-0.276291
-0.745439
0.876158
11.1963
-2.45756
-0.603307
0.856858
0.249355
-0.771611
1.20982
-2.98797
-0.121984
-0.112114
5.1802
1.60293
0.344236
-0.50562
-1.33909
3.08856
0.555319
0.861002
1.55204
-0.360956
0.118304
8.65191
4.96865
-10.2915
0.647995
-1.16455
-0.185804
-0.0758364
-0.718444
-0.0907332
-0.906191
-0.128884
-1.0794
2.719
-0.10339
0.28418
-0.669159
5.68983
0.35124
2.38331
-0.021179
1.19358
0.599308
0.655954
4.44488
-5.77541
-0.0869813
0.197608
-93.8112
-15.0038
19.1961
2.51898
1.53654
-0.915456
-0.605917
5.74714
0.159753
0.191636
-0.500625
0.169584
-3.62372
-0.0865195
2.39817
-0.401197
7.31266
3.07086
0.208262
-1.25828
2.00845
-0.25774
-0.605278
-2.2535
1.56995
0.186739
-0.52231
0.615553
0.583917
0.0283581
-0.614644
-0.962976
0.350049
-0.333993
-0.517571
1.0873
-0.453188
11.8892
-1.19455
-25.4666
0.136712
1.28333
7.15082
8.99127
-0.917475
-0.030524
0.730478
2.9286
0.129303
-5.71904
0.300254
1.23661
-0.297296
1.8075
0.722179
-1.12098
32.8819
-0.490894
-1.03333
0.249121
-0.58515
-0.0718435
-1.442
-3.96394
3.27554
3.42732
0.31777
-1.39264
2.35982
-2.06077
-0.650133
-0.985382
-1.9812
-3.4703
0.354545
-1.81794
-6.07121
-2.63194
-6.72978
-5.74747
0.241509
-1.06379
-4.9577
-0.180609
-1.62422
-0.903535
-0.470734
14.2791
-0.532491
-1.69631
2.1149
-0.860438
-2.161
6.72662
-0.15131
-1.65759
0.655732
-0.053275
0.790275
3.15653
-2.42865
-0.0347338
2.15706
-0.50012
-2.38794
-2.8421
0.587927
-0.301373
0.469379
-3.10406
0.855442
-0.815317
-0.526085
-1.27907
1.03829
1.18288
3.84887
-11.2755
0.874646
0.31197
0.364627
2.16884
0.897832
-1.97168
-0.075041
0.247783
-0.309202
-1.4488
-3.12931
-1.15329
0.0257072
7.48978
-0.663839
-1.98149
0.00939514
7.9814
5.90737
0.103672
-3.24101
-5.23831
-0.690099
-3.84036
-0.330406
-0.500179
0.854068
2.89699
-1.29659
-1.34787
-0.534079
0.192806
-3.68706
-0.310186
-1.76704
-0.0517752
-0.0935652
1.14631
0.623953
-6.07971
0.927963
-31.5736
-0.284179
-0.410685
-0.942301
1.00883
2.04173
1.03954
-2.09956
0.753987
-2.54297
0.696073
0.460078
0.313504
-0.0309163
3.52079
-0.596916
0.635424
0.120798
-0.905244
-1.2968
0.601113
1.90512
-1.93484
0.0719718
-1.02214
1.00071
8.57687
0.963826
-1.5695
-0.27264
0.371133
3.46775
1.37683
-0.127582
4.37216
-2.46744
1.15604
3.97439
0.998077
0.365603
1.21133
-10.1613
-1.93065
-4.6671
0.332426
1.28671
0.74467
-0.245964
-4.92632
0.867052
0.337155
2.5882
7.30206
-0.0962665
0.148073
0.231835
-0.0570679
9.92642
0.0202821
0.213531
-0.174087
-1.57167
1.37813
-11.24
-0.802998
-1.06548
-0.590183
11.7609
-3.24336
1.18613
-7.75262
-0.22807
-3.68478
-0.0129978
-0.821498
-45.2883
1.59762
-0.454376
1.09581
-0.186877
1.02698
-1.69498
-1.0697
0.920447
-0.0131131
-0.579058
-1.98574
0.375647
-1.68196
-1.16885
-1.34414
-1.96846
-0.822232
3.00555
2.04662
-0.892147
0.635057
-1.04228
-0.439892
-0.60695
0.0548614
-0.0830837
-125.091
0.57753
-6.97498
0.340569
-0.474079
0.310282
29.5744
0.378768
0.800681
-0.901938
5.24921
-0.746508
-0.629945
32.6304
2.26094
0.00765978
-4.61545
0.384986
5.80857
-0.705933
-0.285828
0.277551
-0.287595
0.13983
-0.64424
-1.20782
-0.261692
0.0344562
4.60916
-9.8719
-1.57355
-3.18175
-2.25222
-1.29056
-0.200941
-2.36486
-0.356216
-0.829025
-0.0836927
-2.8777
-0.591696
0.859343
0.668092
-1.03571
-1.3159
6.16998
-1.18602
-4.08984
1.42862
0.191722
0.859571
-0.5048
-0.86639
1.99624
0.0536152
1.06491
-0.0194278
-0.642297
-0.103151
1.77017
0.776852
0.849
3.75748
-0.284557
0.0396381
-4.10524
0.806997
-0.109025
-7.05585
-0.810688
8.30076
24.0675
-0.214578
1.57031
0.880943
0.0687422
-2.08282
-0.790192
-0.159551
-1.09932
12.8952
-1.14968
0.619305
-1.66678
-0.263577
0.718441
0.360975
-2.08831
-37.8397
-0.7972
-0.113536
-0.265978
-0.351668
273.236
-0.757295
0.145952
2.4823
2.07139
0.0448188
-1.96094
16.1194
-5.34181
0.929412
-0.67296
0.959066
1.2579
0.0254569
-2.39049
0.611848
0.667394
-3.75278
4.58958
-14.5822
-3.05803
1.40612
1.96572
-2.74251
-5.8568
1.0159
5.74377
1.49744
-0.0921929
-7.49179
1.48184
0.112353
-1.18115
-2.38741
0.576989
-9.26225
-2.13148
-0.526062
-1.76884
0.866688
-0.560574
5.20776
0.434699
3.23144
2.54632
1.20252
-2.20067
0.845441
0.109571
-2.03427
0.303799
-4.76806
-0.805785
-1.45718
-1.76268
3.09916
0.215061
-0.761001
0.168845
-0.706695
0.67111
-0.078539
8.54335
-0.8015
-0.78031
-0.343343
0.50468
2.32103
-0.371341
-3.60154
0.408029
-2.49524
0.680388
-0.661601
-0.111717
0.252569
-16.9635
0.371643
-6.37203
-2.07602
-1.0607
-0.132456
-1.4305
-2.12954
-4.19986
0.967708
-0.202119
-1.38454
0.65919
0.161335
-1.36599
2.24087
4.43539
1.37401
-0.405663
0.103492
-1.82336
2.87751
0.384589
-3.18622
0.700455
0.716931
0.501039
0.805175
0.356222
9.85592
-0.906593
-0.361918
1.42097
1.66557
0.147888
-0.294076
0.846726
0.804696
4.59977
-1.05755
10.0973
-0.473468
-0.814203
1.50861
0.065375
0.766193
14.0668
-0.97537
-0.451903
4.6707
-0.529218
-0.241883
0.00918901
-1.81772
-0.244244
0.819402
0.249638
-0.995865
-0.567209
-1.75509
0.0921548
0.674559
-3.42823
-2.78629
0.558363
0.0773078
2.78795
1.33478
-5.8652
2.04469
-0.225756
0.801105
-0.243621
-0.97383
-7.15685
0.070112
0.647248
1.95429
3.2305
-2.01324
1.73312
-0.229778
-28.3855
3.55632
-2.07576
-0.357917
2.80643
0.357458
0.3096
0.548978
1.6088
6.66733
1.13577
-2.31874
2.11774
-0.269909
-0.242367
2.75084
-0.912092
0.161348
0.805918
13.0605
-2.01146
-1.26299
0.614548
-0.829349
-0.139403
-2.059
-0.291291
-13.5128
0.138861
-0.512544
2.39149
-3.9118
-5.79644
-1.13829
12.5455
5.58144
-2.05369
4.94019
-2.18162
0.149757
-1.06055
-0.725903
0.220275
-4.09736
-0.667766
-0.04436
-0.618812
-0.459382
-1.29091
-0.288598
-1.46767
-0.376839
-0.302827
1.04776
0.0068577
-0.353874
-0.529684
0.0314533
0.895661
-1.92718
-1.13063
0.900705
0.358162
-48.5123
-0.646572
-14.7003
0.391586
-0.148241
-2.83885
8.85661
1.61781
0.204063
-0.063185
-0.0517441
1.07589
-1.08849
-24.1835
0.327968
-5.74335
0.0998599
2.67632
0.0535896
0.0431985
-0.636146
-2.87907
5.24041
1.86779
0.359835
46.118
1.69672
-20.364
-0.723511
0.464023
0.309392
1.96216
-4.65507
-1.09006
-0.801084
2.00704
7.40335
-2.69786
-0.598592
-1.47328
-0.807124
-0.601277
1.28079
-4.25251
-0.226058
-1.20356
-1.66357
0.463607
-0.428581
-3.33785
0.235935
-1.01757
-1.43296
-1.52253
0.0231699
-0.315092
-0.327662
-1.71008
-5.70911
-1.35302
-1.69431
-3.25403
0.300489
0.586265
-0.50144
-1.60441
-45.9201
-1.58754
0.205069
2.69954
0.0508307
-0.246303
-0.222386
17.5581
1.29341
-3.89255
2.24392
-0.396928
1.72845
-0.369208
0.494452
3.23508
-1.20558
2.37656
0.684372
1.64382
3.58507
-51.3273
0.272076
5.12225
-1.54265
3.18204
0.0128758
-0.0552785
-2.67541
1.59912
-0.946352
-0.0304964
-0.925178
1.40046
-2.99803
1.32513
-0.971801
-1.34066
-3.03481
0.283309
0.0665853
10.745
-0.429232
1.53715
-1.56282
1.77039
-0.0414764
-9.33697
-5.97453
0.465171
10.1828
-1.82276
0.395226
1.18725
5.00793
0.190682
0.712745
0.254733
59.2762
0.783503
0.941511
0.350248
7.45383
1.15893
0.262763
0.418491
0.858819
-1.14567
-2.20636
0.498997
5.39846
-1.45129
2.1002
1.45519
-1.11856
-1.08047
7.56658
-0.799097
2.60766
1.94406
-1.97211
-0.0540482
0.0847484
-0.516313
-0.456347
-1.01678
-0.184168
0.0640014
33.9242
15.3326
-0.426779
-2.51093
0.314586
-0.404754
-0.469082
1.41388
-12.482
-0.464306
1.2847
4.2507
0.385619
0.244627
0.548042
6.37995
-8.05369
-0.0532911
-0.977823
-0.0724203
0.375028
-0.0169423
1.05914
4.70619
0.675777
1.65393
0.551778
0.0258075
-1.14996
0.912539
-0.0277143
-0.592237
1.84218
0.718919
-0.838998
2.07691
-2.10168
-1.09882
-0.0723446
1.8492
1.09149
-4.67889
-0.77376
1.10088
-0.0933802
-0.541371
0.849822
-1.38082
0.392131
9.40137
-0.175142
-1.08393
-1.26269
-1.14644
0.880536
1.06336
0.127767
0.252161
-1.48963
-1.10382
1.2266
3.05868
1.6651
-2.66126
-0.679869
-3.59825
2.92463
0.423897
1.79448
1.87288
5.85962
2.49408
9.30901
1.32943
-0.989999
-0.0753919
1.12208
1.18743
-0.2026
5.3964
-0.153345
1.06388
-2.22258
-0.106405
-14.4974
-2.9993
-0.17124
44.4854
1.99908
-0.105829
-0.191022
-0.936203
-0.249407
-0.0343617
3.22668
0.718857
0.750193
-1.30517
0.630487
2.35181
-0.964003
1.69064
0.201064
-0.645102
0.73556
-0.98376
-2.41915
1.4191
0.960216
1.70846
0.109359
0.675045
0.722267
0.387381
-0.227258
1.12902
-1.48588
-0.887314
-1.67348
-0.322101
-0.758985
9.13485
-0.173487
1.4774
0.0983888
2.53071
2.16575
1.26064
-4.95682
0.650499
2.72375
-1.91264
0.331659
-1.11177
-0.14405
0.0261499
-5.11116
-1.4521
0.546868
-0.446374
0.820415
0.0150249
2.73396
13.4519
-0.806471
0.0659768
-0.51213
-0.170706
-0.931744
10.6546
-2.66391
-2.75682
0.779689
-0.213176
1.2804
5.00296
1.78544
-11.638
0.358598
0.174692
-0.583852
0.387679
-0.030184
1.14084
-1.06842
-0.574406
7.34922
0.74327
-0.438796
0.60568
-0.914249
0.122743
4.29885
-0.335248
11.7606
-0.071515
1.22439
0.278921
-9.11495
-0.748446
-3.97133
-1.43372
0.491521
0.151353
0.440337
-3.87988
1.80983
-0.292732
-0.251665
-0.158801
-5.77872
-0.990537
0.367044
0.427161
-72.3656
-0.0705058
-29.445
-0.838524
0.879718
-0.127652
0.222414
-0.700536
-12.1043
-0.77457
2.6046
-0.311797
-0.263432
-1.51003
-0.590791
-4.24891
-0.784953
-9.57031
7.37822
1.64156
0.471819
-5.82677
1.45584
-2.835
-0.730614
-1.20233
-1.05722
-1.12802
0.71993
1.54179
-1.25449
-0.478548
0.541134
-12.9949
-0.690233
-0.553037
-0.463987
3.18455
-3.70362
9.62455
0.467605
-0.321367
0.973189
2.42964
-2.03632
-1.64101
1.23337
5.14628
-1.83895
-1.73274
-0.208811
0.644879
-0.431726
-16.4504
-6.84414
1.28544
-3.528
0.888001
0.309061
0.883544
-0.612537
1.45241
0.342792
-0.24859
0.463718
9.01436
1.11066
-0.752953
-1.49238
1.63068
3.86836
0.0630828
-8.5804
-7.19975
0.218911
-0.175725
-2.2988
-30.5619
-0.80973
0.81874
-1.42402
-0.398815
-18.0054
4.10828
1.27129
7.25709
0.258615
1.58008
1.66743
3.55279
1.70824
2.19731
0.266029
-1.14844
1.99529
0.511851
-4.49602
0.646727
-0.137389
1.86909
-12.1987
18.7708
0.484641
1.20977
-1.48857
-0.47132
-0.53415
-0.0837135
-0.199124
-1.85596
0.0656953
-40.8117
-0.638652
27.2766
-0.729535
1.11755
-2.63749
-0.220877
0.0729118
-3.64839
0.958369
0.187708
0.259235
-5.07016
-5.02719
0.477128
-1.26088
1.02779
2.60692
3.30072
0.331944
-3.55792
0.274164
5.76258
-0.196848
0.285743
0.538564
-0.886689
0.0494308
-1.31485
-0.279284
-7.88047
-0.374713
-0.136697
-0.286864
-0.0817146
-0.57499
0.719521
-0.590754
1.65837
-1.38163
24.21
-0.271901
1.34932
0.26264
8.93257
-1.06878
-0.133779
-1.28728
-0.0680823
4.01446
0.689128
7.87615
-1.69482
3.35468
-78.0969
0.392313
-2.99316
-0.678748
-3.05898
-2.38335
1.26883
-2.10964
-1.18258
61.2826
-0.14855
2.20403
1.73096
-39.5234
-0.951149
2.85302
-1.20828
-3.03839
0.19408
-0.144793
0.761519
-0.399412
-1.15043
3.68544
-8.07358
25.8254
1.38312
0.0771386
-0.990385
1.16899
1.81584
0.335079
1.19637
-1.04482
0.398683
0.571612
1.88201
-0.741819
-1.06502
1.00596
-1.84033
-0.810581
-1.21849
-0.979672
-0.307778
-0.436456
-4.40171
-0.42175
0.336008
0.0993213
0.462206
13.5599
-0.11774
-1.19571
-1.21306
-1.35665
-2.24524
-0.146142
0.22749
62.6552
-1.14792
0.72195
-8.80894
0.590173
0.65278
-2.3974
-1.24313
1.51448
1.13614
-5.31861
1.03278
1.61861
0.0665692
0.777138
0.254578
0.24171
2.12567
-1.81592
11.5739
0.621294
0.120424
18.1497
-1.534
0.251262
1.05615
0.891362
1.0082
0.0690163
0.15735
0.115626
0.504472
-0.925494
-0.445164
-3.61251
0.796288
0.575119
33.4972
-6.70096
-0.852079
-0.0708733
0.143097
-0.148769
0.081087
0.247404
0.295535
2.73425
-1.91575
-0.393526
0.0769312
0.965197
0.744198
1.1799
-0.899051
25.6775
-4.39161
-18.5422
0.149256
-13.5622
0.653238
-1.38366
1.98878
-2.68865
1.46788
0.46452
6.19965
-2.7445
2.22182
0.0443093
0.726826
2.57294
1.33114
-0.28022
0.165137
-0.822716
-0.368321
-1.26468
8.67513
-0.176948
-1.45508
-2.86477
-2.22204
3.96502
-3.58035
-2.88179
1.06798
1.94044
0.793389
-0.248977
5.04477
1.05922
0.245643
-0.908671
-0.383074
0.541711
2.75398
0.458562
-1.64584
3.07661
-0.642205
0.404083
2.11239
0.445316
7.85602
-0.25797
-0.43042
0.618409
-0.511915
1.15631
0.671897
-6.89365
5.53648
-0.976867
-6.21044
-0.781105
-0.987585
-7.0737
-1.94798
-2.22311
-0.589661
-0.19476
-0.955996
0.357838
0.784641
-6.02667
-0.0279777
0.596883
-22.6622
0.775383
-1.0344
-20.583
3.51958
-0.278036
-0.0171989
-3.74912
-1.6593
1.59772
0.247659
0.937947
25.1544
-0.237881
-0.663053
0.48066
-1.21754
0.524127
-0.908408
0.00140925
1.00699
2.18515
-0.305214
-0.165749
-0.409179
9.89098
1.42453
-1.87218
-2.84593
-1.52789
-2.09468
-6.47927
-1.24945
2.95913
0.257095
0.972973
-0.90264
1.25195
6.31675
1.68906
-3.27932
-2.28869
3.63365
0.0406435
0.133879
-0.974699
0.784492
0.670367
-0.14993
0.493147
-1.20808
-2.04319
-1.0374
0.285698
-0.751722
-0.467478
0.11327
0.144332
-1.92761
-1.29367
0.710358
1.487
-0.485367
-0.535625
-1.81959
0.671324
-0.30018
1.10706
0.718501
26.5689
3.67893
0.337975
0.219671
0.116348
0.257351
671.967
-26.809
1.83631
-1.7002
0.362467
0.813782
0.771202
-0.0950684
11.5451
0.337935
0.729425
-0.292861
-1.88346
1.91025
5.67837
0.791828
1.75431
-0.189714
-1.31125
-3.30158
-1.38477
2.37005
0.218754
2.37322
-2.76586
19.3151
-1.82882
10.0669
-0.347618
0.0955133
0.940738
-1.00793
-0.0886166
-0.905335
-0.335745
2.37508
0.516494
-0.105609
-1.95919
0.0242816
0.117205
-1.15194
-2.6032
0.0477931
-0.0706503
0.52501
0.220576
-1.40904
-0.74525
4.97268
0.16305
-0.827862
1.5219
8.41559
0.0627641
-0.370203
-0.822093
-49.1959
4.13324
5.18354
0.180212
-0.28433
2.01938
-4.68315
-0.151737
-3.74583
-0.202814
-1.28324
-8.76706
-4.93779
3.3898
-1.08425
3.6199
-0.323207
1.01755
-3.22382
-1.24921
0.602126
1.94607
-0.0792651
0.539919
-1.66832
-0.831452
0.276429
0.00853562
0.154056
-2.43894
1.13154
1.1538
0.241019
-0.63343
-1.18056
-0.400679
-2.40856
-1.52424
0.754564
-2.44868
-1.37167
-0.0331629
1.30545
-0.160789
0.872045
-0.115975
-0.186143
-0.196678
-7.07103
-2.67921
0.852229
2.04875
0.714081
-12.2527
-0.32289
0.647019
-35.0757
2.82431
0.0154014
0.618813
0.357562
-0.42409
-1.70155
5.90746
-0.526049
-3.02603
-1.39605
-7.40862
4.9567
0.653126
1.14952
1.22228
-0.83638
-0.469756
2.07542
0.420582
0.91402
-1.76889
0.396713
-0.932818
-3.23678
-3.4723
0.468747
1.46488
0.468314
-0.723695
1.12657
-0.429352
-7.3271
0.708486
-0.724699
4.87985
2.68281
4.80623
0.0886893
0.0328323
0.226611
-0.480555
0.714508
9.11726
0.219981
-0.169445
-1.76685
-4.15785
-0.367162
0.161697
0.827123
2.16341
4.38738
-1.46395
1.01734
-0.72343
0.863873
-1.75134
0.729818
1.97415
4.45691
-0.309286
9.08619
-1.24633
-0.309876
0.0340069
0.312868
-0.913664
0.382938
-0.589829
-1.84648
0.160893
0.726448
0.0429097
-0.728601
-0.00593972
-0.609767
0.481616
1.72312
-0.885195
1.77497
1.47127
0.147012
0.414802
1.86777
0.135633
-1.39914
-0.710105
1.49337
-0.316992
2.64882
0.86451
55.9739
0.00623393
19.7305
0.0914906
-3.04654
0.239254
1.03046
3.7382
1.19606
0.424858
-0.450125
-10.599
-1.75209
-5.88195
1.74076
-437.298
-2.98981
0.0846088
-4.43848
0.504062
-10.9213
3.38945
-0.955764
-1.20766
-0.845794
1.60775
1.17089
1.30407
0.0322036
0.784185
-0.275507
-0.0529393
-0.699362
1.23057
-8.69351
0.243428
-1.80715
2.25171
1.21092
-1.16392
0.467353
-0.544091
4.38231
-0.393125
0.225114
-0.0824656
0.57931
0.779086
-0.71803
-5.36756
0.158739
3.40967
-0.0655449
1.72126
1.28133
-1.28202
1.78841
14.8138
-0.0369422
1.33107
-0.898979
-1.46087
-1.13363
2.84996
-0.458085
1.16098
3.29397
-1.01667
1.13764
0.213214
1.02018
-0.116224
-0.764668
-4.39311
12.8586
1.35243
2.96841
-12.84
-0.0538161
-2.23856
0.941175
2.28718
1.15019
-0.245022
0.398321
3.10593
0.931678
1.22117
-1.26142
-0.326576
-10.4038
-0.0135777
-0.680241
8.80595
-0.252269
1.22228
0.177292
0.0984456
-45.3
-3.07603
0.317202
-43.208
0.556745
0.576501
0.294681
0.0671727
0.786904
1.05658
-0.443966
1.53239
0.219591
1.44759
-2.13651
6.67858
0.739678
-5.43196
-2.36291
-1.84595
36.3258
7.46466
-9.45094
-0.165566
-1.82704
2.258
-0.264233
2.51419
-0.0759788
-2.18671
-0.701536
-2.7717
6.56586
-23.5591
-1.30591
-0.638015
-0.19267
-0.175043
0.537888
-0.377585
-1.48628
-2.44794
-0.49008
-2.98935
1.27461
2.3098
-1.30486
-3.88726
-1.63031
3.34002
2.52262
-22.8229
0.21068
0.856084
-0.453411
-1.31222
-0.445394
-1.2904
-0.167599
-0.686783
5.92059
0.299909
0.106228
-0.589722
-0.918126
-1.60306
1.15538
1.38354
-0.407098
1.13359
-2.5511
-2.37823
1.22055
-0.976618
-0.4108
1.82824
-4.55892
-0.00601445
-0.00777732
8.51665
6.92675
2.11727
0.774565
1.46255
0.953209
0.00968599
-0.500692
-1.33167
-1.95389
-0.905901
17.0286
-5.97151
0.362497
-0.512112
-6.16037
0.49802
-3.50307
0.204122
-0.764261
29.3807
-0.426618
0.700013
3.12443
-0.552657
14.6472
-0.323399
0.996528
0.296659
-0.529437
-1.3398
-8.86852
-0.896195
-0.702595
0.361127
1.68904
-13.2786
-0.635123
-0.243252
-0.448514
-0.143894
4.05943
-2.91487
-0.118696
1.22895
0.147621
-1.42656
-0.0454077
5.1523
-0.0419612
-0.365307
-7.26318
0.0582728
6.3619
0.630199
-4.136
-0.868533
-0.402539
-29.0844
0.44022
-1.74523
-2.74691
-0.809596
-1.66902
-2.88223
0.626983
-3.34127
0.475961
-1.72454
-0.80241
-0.379713
-0.623949
1.72364
321.459
-1.7418
-1.89158
4.15889
2.26966
1.81073
-0.475167
1.98362
0.892305
0.100536
-1.51016
0.637346
-1.21071
4.2398
-1.09526
0.185843
-0.959973
0.901927
1.2118
-0.232796
-3.24815
-2.75375
-0.59318
-0.544979
-2.22685
-2.1102
2.71558
1.07083
-2.54063
-0.721408
-1.19803
9.5787
1.26653
0.991463
-0.0587394
2.58039
-0.843482
0.695222
1.69135
0.215698
4.95771
-2.28597
1.34527
-0.137823
-128.933
0.472066
-1.53608
0.330935
-0.72527
0.472088
2.70912
-0.522272
7.59898
0.833576
0.295065
-0.50826
-8.09399
2.6371
-5.11385
0.63404
-1.60791
-5.05591
0.0997076
0.292797
11.2687
-1.75879
-5.84554
4.24302
1.07152
0.288104
1.84078
6.49969
7.05267
3.04809
-1.35616
-1.28765
-16.9918
1.03356
-0.0489526
2.26111
1.39958
0.439972
-0.11962
8.81646
-0.603308
-0.235408
-1.05555
0.58463
-0.71622
-1.17938
36.542
-0.353146
0.677995
10.2348
0.851414
0.181975
0.690251
-1.14793
-4.22419
0.0786071
1.20034
77.845
2.39541
2.32517
-0.128902
0.795743
1.68968
0.0601991
0.553924
0.392486
-0.141024
-228.067
3.76977
0.661668
-0.0643831
-2.50406
14.9614
-0.76584
-1.90469
-2.71267
-4.42376
2.06548
0.371488
-1.88557
-1.34673
0.199971
-33.3983
-1.21551
-0.258939
-10.4563
0.855098
1.5988
-1.86554
-0.847667
-0.708186
-0.0353029
-0.165766
-0.889315
12.017
0.471278
2.67096
-0.00926871
-0.766172
-9.31953
0.047741
1.12105
-0.998474
1.45771
14.6847
17.0966
0.956585
12.0553
0.740669
0.782323
-0.50304
19.7137
-4.19203
-1.00422
2.13109
0.205372
-0.0317564
1.32349
-1.27878
2.88088
-0.305749
-2.63728
-0.0436701
2.71236
-1.08076
0.750901
-0.730909
-2.65958
-0.49514
-2.01794
1.21285
8.49132
-1.23559
0.829283
-3.60306
-1.12989
13.7947
0.130021
0.15494
1.3821
6.30664
4.29076
2.74503
-2.08667
0.195524
-0.456042
-5.43375
-0.856173
-0.242352
-0.635274
0.671375
39.2787
-5.35555
-1.89379
9.04862
1.02868
-1.42844
1.04601
1.69444
-0.033103
-2.68506
-0.184512
-0.138623
1.28644
0.940011
-55.9386
4.93851
0.632066
0.818132
1.73746
-62.0318
2.38802
1.3893
-0.255092
0.124508
-0.419893
-0.999396
0.44709
2.06232
-1.13778
-1.1688
0.544101
-2.54359
2.42152
-0.900792
0.625911
-2.70682
-2.74362
0.324781
-0.410764
2.15512
2.48297
-0.321329
-2.84108
2.07514
-0.61029
-1.81955
-3.6336
0.327885
0.724942
-0.194229
1.26987
1.10234
-0.458758
-0.797981
16.2938
-5.11568
-0.304222
-0.387138
1.49886
-0.401617
0.580182
-1.09358
-0.065387
-66.3269
1.28119
2.15084
-1.21068
-1.53214
1.39473
-2.1193
1.40495
-1.10594
-0.0702002
-1.81699
27.9006
-1.77825
-0.849115
-0.499571
-8.76358
3.72394
0.814934
-0.164939
1.58994
0.568759
-3.63787
0.87061
1.93301
1.76816
0.262145
0.314511
8.68987
0.0829601
-0.521804
-3.45441
0.152331
4.78213
0.578197
-0.351096
-13.4641
-0.128872
-3.80891
0.287438
-0.508842
-1.35983
1.97475
0.677475
0.459271
81.1628
2.44963
-0.568722
-4.47632
6.52749
-0.114155
0.799115
0.211325
1.17354
-6.67905
9.12383
0.386724
0.674657
3.00915
0.292659
-1.12497
-2.1974
2.92113
2.44292
0.398447
0.236923
-0.903594
-1.12583
0.139529
-5.16282
6.45308
0.361785
-1.07564
-0.601166
-1.12117
-0.642792
-0.546902
-1.34937
-1.14034
-0.404737
2.78457
97.6027
0.146243
-0.653587
2.50432
1.10272
1.64366
3.0029
-0.900501
0.70737
1.54579
1.06497
-0.661609
2.82967
1.44757
0.62336
-1.54049
-0.39287
-3.77298
-5.50952
0.356513
-1.33242
-30.0299
-2.67236
-0.804912
0.105162
-0.020928
0.611841
-1.06596
-0.818088
-1.09302
0.649898
-2.3822
-0.303375
-1.183
-0.627695
-0.520386
0.684623
0.0163518
-0.193643
-0.538262
-1.8692
35.8436
-0.644167
0.144757
-0.226342
0.210609
8.40663
-1.52586
-1.96648
3.74098
1.91263
2.28952
1.5487
0.402012
-0.470239
-4.10293
-0.654548
0.136082
2.57892
-4.55001
-1.17411
-9.39444
0.286487
-0.0799452
4.06473
-0.684054
-14.3681
0.336694
-0.22262
-7.45103
-0.66107
2.73697
0.545028
-0.0533676
1.96454
12.9643
-0.116335
1.78886
-1.60185
-1.20932
0.218553
13.1064
-1.11353
2.03493
3.08659
0.204511
18.9537
-50.3979
1.19187
0.902692
-2.22543
2.3705
-0.00396253
0.144123
-0.737422
-0.292651
0.103232
-1.98637
-1.99864
3.04707
-1.31108
1.28813
0.183514
-1.25763
20.8868
-0.952458
-0.690718
-1.40407
-14.8183
5.61713
0.0448111
-2.71697
3.0322
2.79011
-0.323182
-1.1256
0.10008
-1.51663
-0.656586
-7.71743
1.46109
0.884798
-2.27991
-1.82697
0.586942
-5.49309
-0.720554
-49.9611
-22.977
-1.59296
-1.16761
3.16296
0.895286
-2.03324
0.15981
0.793615
0.289161
-0.524252
0.443811
-0.617979
1.03211
2.42267
-0.720893
-0.677569
-4.0054
0.690385
0.811432
-0.410429
-7.44706
0.0416367
0.421694
-5.11492
5.34901
3.04062
-6.93393
-0.10559
-0.525114
0.692491
2.53586
0.154269
-0.337457
-0.8743
-0.088487
-0.287977
-0.966709
-2.32806
-0.510927
0.162921
13.5008
-0.97154
7.65052
0.866316
12.4094
-0.373719
3.02273
-1.10814
-13.6219
2.57573
4.05554
-0.737945
2.82507
22.7372
-3.52783
1.23633
1.46782
-0.429012
-0.883645
-4.12393
-0.462318
1.29153
0.0522575
-0.236053
-2.39214
0.462237
-3.46974
1.39597
-1.32666
0.656949
-0.633374
-0.320535
-0.705064
-14.2757
-0.462928
-0.100222
0.365666
0.28239
-2.13335
0.93305
0.0963349
-0.578274
-0.00297868
0.946767
-0.285236
1.57271
0.671608
-1.00698
-2.02042
0.676817
-1.04066
-1.99246
1.83374
0.0413681
-0.226458
-2.2288
1.03299
0.733046
-1.32363
-0.721214
-0.416149
0.242357
-4.73099
0.598276
-0.217751
-2.11642
0.195091
2.70951
0.142811
-2.81815
-6.92212
-0.39071
-0.0942446
-2.68111
0.910176
-0.466845
4.056
1.34701
-42.2456
-1.50818
-5.02652
0.137775
-2.01541
0.460215
-0.0116476
-0.604244
1.93274
0.304427
-0.0708135
-1.08885
10.0096
-0.971783
1.57029
0.0266141
-5.93673
2.06917
4.66799
0.120014
0.518589
-2.80481
-11.9414
-1.91391
0.278022
-1.5087
1007.33
-1.61072
0.217436
1.68759
-0.381124
-1.44299
-1.44325
-0.780501
-0.325487
-0.807229
0.251045
1.70469
-0.169842
-2.23721
-1.73275
0.136014
0.481185
1.78236
2.48996
-0.935867
1.63438
1.46014
-0.221093
0.166205
0.378534
0.12038
-0.776188
-17.0028
0.756065
0.486924
-16.2593
1.61098
-3.72129
-0.641719
4.79312
-3.13164
0.237521
-18.6132
0.68668
-0.558626
-1.82907
-0.581504
1.22152
0.774367
-1.44702
1.25574
-0.181952
-0.73755
0.758006
-0.505906
14.2197
0.135618
0.0217199
-1.61294
-1.64552
-1.64725
-1.48579
9.68311
-0.74731
1.66789
-3.52162
-38.0773
-0.826766
4.28515
0.254141
2.92631
-0.11123
0.48824
10.2553
1.43918
2.1056
-0.587729
-1.11119
-0.0471927
0.483158
0.780436
-1.29057
-0.676638
0.406203
0.0528108
0.578306
0.451478
-0.0356694
3.56954
-0.170013
0.138743
0.264908
-0.330782
-0.941035
2.61727
-0.0594052
-0.826682
-0.997645
-0.395982
-1.0269
-14.6279
-1.23963
-2.88852
0.120511
0.833301
0.360887
-1.6722
-2.1157
1.22062
0.22213
-0.513243
1.95821
-0.585459
0.142604
1.08919
-1.93014
1.7763
-0.503229
7.61554
0.254247
0.24722
0.723236
-2.87189
-1.46553
1.6624
0.67891
1.33291
0.658521
97.5739
7.70694
5.38954
-1.39561
-1.29017
-0.885939
-0.40209
2.04715
-1.56131
-0.75524
-0.323656
-0.204835
-1.87112
5.1898
-0.153933
0.65754
-1.5681
-11.3058
-0.833704
0.700199
-0.403567
-1.29906
-0.358064
0.382927
-0.545188
0.998467
3.14604
-0.000734379
-1.13604
0.971412
2.0875
-0.283578
3.06766
1.1291
-4.52897
0.862198
13.9906
-0.668754
-1.001
0.1887
0.157067
-0.615844
3.98321
4.75649
-1.18241
-0.728619
0.823611
-0.899227
2.30514
-0.26885
3.60444
-2.97841
-1.83963
-1.45554
-0.220911
17.7371
-1.82296
4.13243
0.522957
1.98862
-0.170764
-3.7673
2.28671
0.936074
12.0745
1.49795
-1.4017
-5.97318
1.18804
24.1954
1.11822
3.14133
-1.30978
-1.22898
-3.1963
-0.885899
17.196
-3.89559
25.4455
-3.16679
-0.771923
-1.29451
2.38946
0.412378
0.0779984
-0.897942
1.72894
-5.10495
1.27382
-0.487217
0.35089
1.76159
2.34576
-1.78422
-0.752729
-1.45332
2.14037
-0.16096
-0.750887
-0.29544
1.83603
4.3903
2.06017
-1.55809
-0.676917
1.34008
0.737759
0.804918
0.0635464
-1.87786
0.770576
0.760623
2.87725
-0.331971
-4.34906
-3.18141
-0.488282
-0.436369
0.479317
0.391485
2.14635
1.09759
-1.39428
-0.250921
-2.46867
1.06306
-0.858718
0.667456
-0.65044
6.51071
-0.619646
0.504099
1.52129
16.0125
0.061917
-4.85068
-1.43758
3.53131
5.96166
1.36557
0.0415867
0.0258935
-0.324616
-12.8681
0.5223
-0.801828
0.0678267
0.455094
0.0587708
7.51323
-0.419872
-6.08081
-1.24458
-0.854313
0.170722
-2.54502
1.00542
26.2552
-5.75357
0.63345
-0.729627
0.354529
-0.308295
-0.981147
0.0104899
-0.402572
0.449396
-0.219725
-1.74217
0.670533
-1.28981
0.501402
1.24338
3.56461
0.406563
-5.02461
-1.21608
-0.981712
0.382682
0.266712
0.0146477
0.677277
33.0661
1338.86
-12.8632
-2.9085
0.365767
0.910886
-0.831092
-0.134431
-2.7018
-1.09752
1.80877
-1.60978
2.74746
-0.181469
-8.42272
-4.77449
-1.10699
1.83091
79.0978
-5.73061
12.8592
-0.63588
2.07496
2.46619
-0.109406
-2.38024
0.0709938
2.1674
-1.2209
-0.81249
0.0504656
-0.613273
1.52554
-0.460399
-0.855289
0.389709
9.93374
-5.08393
1.85296
0.0617497
-7.16367
1.00468
0.573643
-0.449446
-0.578459
1.21075
-0.474925
3.60846
-1.28713
-1.08018
-1.05585
0.878465
-2.405
185.914
0.262207
0.0630024
-0.765381
-47.098
12.6192
-0.941189
0.56243
-11.3231
-0.76554
-0.401396
0.593856
-4.57434
-0.438042
-11.3488
-0.706937
0.479236
1.17822
1.22991
0.448617
-0.455653
6.50554
-2.59921
28.627
-1.34169
-0.885792
0.209111
1.17397
9.6106
0.348887
-2.80403
-19.3242
-6.5489
0.068805
1.40463
-1.03299
0.436557
-1.37316
-0.671319
1.06587
-1.40204
-0.461943
-0.0337212
3.85534
2.65972
-2.89816
2.06642
-1.07937
-25.8213
-0.624254
0.0305436
-0.198715
-28.7246
-0.0549546
-0.00849858
2.05714
0.0641936
0.393196
0.0443178
-3.07881
-6.36855
10.1122
-6.17319
-3.00153
-0.0309395
-12.2899
-0.874573
0.801305
-0.690593
-7.94991
-1.63809
-0.0592214
0.950848
-1.79063
-0.120684
1.40749
2.28793
-0.193084
-4.26052
-1.21919
0.661351
-2.34721
0.288676
-0.454673
0.0626907
1.72021
-0.617021
0.905572
0.973476
-4.14412
2.55958
1.08847
-0.349922
-0.112211
-1.81899
0.602169
6.12042
2.70205
0.47644
0.225027
2.53608
3.0809
-4.27285
-0.395012
-10.2964
0.0393579
-0.354225
-1.71478
-0.774835
1.99777
-0.0531477
-1.69147
-5.85693
-0.179455
-0.159844
2.48082
13.8094
-0.136926
-0.337332
-2.40012
-2.8025
0.0329154
0.599911
0.8907
-0.197878
1.26853
0.141772
1.78071
0.938503
4.56726
-0.644418
-0.517687
1.18536
2.35281
0.136516
-0.620043
-30.3359
0.344491
2.01404
1.44578
-0.425281
0.442134
2.55668
-1.79474
2.27234
3.20952
-4.81132
0.676705
0.35944
-0.830352
-0.057046
-10.5736
-1.18327
-0.996708
0.600764
0.267668
-5.136
22.9177
1.56881
1.93791
-0.755546
-1.71409
1.50377
-0.783892
0.129529
-0.644991
0.196333
1.04744
-1.03428
-0.100399
0.13733
0.387112
-9.21938
-0.278978
0.406682
-0.0178872
0.0924805
0.571081
1.02659
-0.127973
-0.625835
0.558828
0.171075
-1.6542
-11.7848
0.220599
0.623175
-4.94746
1.37926
-0.430671
-0.820188
490.552
-1.41058
15.2501
-3.32712
-0.253571
2.25197
-19.8012
-1.52791
2.4642
-2.9201
0.858796
-1.44894
1.40484
-0.927562
-2.92507
-1.44952
-0.0396118
-0.841539
0.281289
-6.54113
-0.206081
0.128796
-0.976539
-25.7381
0.0932167
0.472882
-19.6002
10.6252
-1.77978
0.0800058
6.237
1.4979
-0.647526
-1.25657
-0.632455
1.06239
1.2769
0.123898
-1.1499
11.8893
-0.0992572
2.15264
2.36236
8.34369
-0.722419
-3.01761
-0.359799
-0.518205
-0.472093
8.31227
-1.06821
1.00099
-0.341113
0.0287891
0.83937
0.635026
-1.22415
2.37422
0.405028
-1.48724
-0.51924
1.45387
-4.36454
-3.48164
0.198424
-1.54048
0.579903
0.555012
-0.230162
5.57193e-05
1.05536
-0.168745
229.763
0.0225524
-1.55142
0.112726
-1.53562
1.66112
0.259223
1.47649
-11.2789
-2.59157
0.583112
1.98541
-0.520161
-1.81834
0.463442
-4.09062
0.111298
-1.4204
-0.562727
-0.680875
-11.7429
3.32979
-2.19087
2.59794
-0.0134054
-0.100403
-26.1718
-0.827679
0.707343
0.68872
5.06798
0.296235
-0.342921
0.340425
5.2711
0.370958
0.156546
0.0223394
-1.48173
0.734388
2.7007
0.133146
-2.7071
-0.413043
1.2638
2.11786
-1.04119
0.652156
-1.02746
-1.47235
14.7291
19.9742
1.36589
-0.135198
-0.00466994
5.58349
15.8909
-3.4882
-1.82769
-1.69242
6.32261
-0.536862
-0.330154
4.10972
1.45499
-4.20665
-3.1703
-0.0262287
-0.0908118
1.98114
-1.42378
-0.250036
0.69112
-0.55197
-13.9795
0.319322
6.12061
0.392995
-3.60434
0.0485523
-0.755304
0.438501
-1.99282
2.26243
-0.485048
0.176713
0.599635
-2.41973
-0.317635
-0.471712
0.82599
0.796645
-8.80127
0.41179
-0.480264
-0.0476899
1.64575
-5.30516
-4.75997
9.87595
3.73586
1.65751
-70.7687
-0.321507
-0.0785314
0.958106
-2.3274
1.52216
2.68714
1.33599
-1.13539
2.17471
-0.459411
-0.0973502
0.925489
0.88284
0.49218
-3.74967
-0.219441
-0.335929
3.83868
-1.04423
1.36885
1.63232
0.375485
0.154332
7.09333
0.642445
1.57758
-3.49647
0.947158
-0.149355
0.0903905
-8.10768
-1.27073
1.18056
0.435935
-0.205139
0.00531543
0.0510714
-4.1474
-0.751956
1.03151
-0.0112003
8.55417
91.059
1.81972
-1.2226
-4.11882
52.9415
1.35058
0.570512
-8.88035
-0.74485
-0.779832
-1.21472
-2.3889
1.51408
5.53077
1.42528
0.321441
0.726826
-1.10403
1.41239
0.0523173
1.24244
0.479797
-0.468778
-1.05648
-1.02542
0.108313
0.377579
-2.62015
-0.395732
3.65034
-0.470041
2.42213
-30.4345
-0.25458
-5.4756
-0.0797203
-2.62703
-1.91759
-5.39499
7.50007
-1.60279
-2.52607
-0.796544
-0.543518
0.061316
-0.986738
-0.138897
1.54884
-2.08563
-66.8413
-0.469663
-0.519801
-2.84308
0.996186
0.884601
1.12193
-8.19321
3.53374
-2.34975
-0.449689
-0.396496
-2.03776
-0.185955
0.185761
1.34656
-0.822795
0.784605
3.05952
0.981601
-7.40743
-0.448069
1.01177
-1.00807
0.0851126
1.04335
1.3021
-3.02906
-0.119835
-1.01726
-0.104384
11.6159
0.0519683
-1.79593
-0.38459
-5.36979
16.4685
0.597251
3.23951
-1.57746
-0.228106
127.601
0.224109
-0.22007
-0.856541
4.07691
-0.575075
5.59773
1.47518
-1.82571
-0.446781
-1.36362
-1.23162
-1.56004
-0.0314832
22.0089
0.903141
-6.22163
-2.8644
0.377634
0.627637
2.17376
1.73661
-0.386845
-4.43061
-0.926882
2.5864
-0.107841
7.63534
4.87147
0.288817
-1.89347
1.86116
0.809693
-0.367619
-0.0247621
1.01824
-1.36725
2.80199
2.04635
-2.41551
-2.80413
0.0373922
-0.112238
0.245922
0.354287
0.787899
1.93375
-2.05931
-0.70757
0.685083
0.820156
-0.627868
14.428
0.314245
-2.7575
-0.402746
-0.154225
-2.34152
0.114587
1.24139
-0.854636
-1.21967
-3.62068
2.08545
-1.11913
1.1779
1.06051
-0.904033
0.623993
5.2231
0.511793
0.0617441
-0.805564
0.982945
0.338365
0.0208894
-33.4787
-10.6008
3.34435
-0.532538
-0.156574
-0.112891
1.11981
-0.00717747
1.60775
-0.317736
-0.19063
0.303538
0.0145565
0.431748
-26.7038
-0.589629
-0.50742
-0.288919
-1.19459
0.913574
-0.945516
-101.176
-0.813202
-0.728603
0.462363
0.472616
-0.064726
-0.43152
0.888607
-0.987395
-0.185524
0.765398
-0.691081
1.92536
0.220869
-0.0860823
-0.756125
0.822145
0.868719
-5.34312
2.85105
-0.506298
0.462954
2.44182
-2.53931
0.133086
-0.379233
-2.47505
-2.28305
1.04305
-0.560668
4.16273
0.111352
-1.12105
0.15411
-1.89598
-0.645109
-1.04267
-0.10664
1.16721
-0.113076
0.248092
-0.659849
11.866
14.7223
-1.79621
0.14039
0.520679
-0.00326263
0.801413
14.406
0.613375
0.138648
0.0548635
0.102213
-3.51168
2.4081
0.984621
-1.60332
0.659642
1.15015
1.61218
-0.0332254
-0.757057
-7.41767
-0.258115
1.72771
-0.251097
0.807014
2.18044
16.4816
-1.23716
0.353055
1.6753
0.576984
0.547093
-0.572289
-1.93977
-0.946828
0.224562
-0.13601
0.476184
0.873566
12.9267
-0.210305
-0.677464
-0.221085
0.140965
-0.856144
1.35035
-1.0463
0.714083
0.923077
4.77935
8.51222
0.265031
-0.154657
56.4027
0.174768
-0.314043
-0.746555
-6.04138
-0.23116
2.04396
-0.311326
0.753163
0.307496
-0.271862
-1.9185
0.101148
1.01229
1.12604
-0.243802
3.77479
-0.236233
-4.21345
-1.30687
2.7121
-2.17535
-0.0603592
-0.420236
2.6044
2.06427
-56.049
0.471032
-19.7346
-0.629155
-3.2722
0.57047
4.83684
-12.5676
4.95574
-0.482352
-1.37579
2.58382
-0.796989
1.35292
-3.87905
1.12556
-0.87679
2.83712
-5.04064
0.236409
-0.054573
-0.375976
1.51824
0.308357
3.57404
-6.62356
-0.549804
0.854293
-0.38409
0.550477
1.1163
0.283926
0.325893
13.7338
-8.66366
2.15428
-12.3631
3.97034
0.0307741
0.269468
0.497691
-2.88672
-0.342262
0.894625
-2.03461
-0.201962
30.1309
-0.31212
0.397037
-0.865589
3.2448
-0.548997
-3.86703
-0.888827
-33.1044
9.44831
-1.87604
2.19644
1.85255
-0.101054
0.40655
-0.610612
-0.963858
0.667849
0.526819
-0.154316
-0.409782
-0.803949
0.424287
3.95883
1.28662
0.377233
-0.0570429
-0.541446
2.64111
-1.41413
-1.33341
-0.5103
95.9738
9.48763
1.38123
-4.30018
-0.418749
1.54957
4.44243
2.07301
4.06381
0.97527
0.783925
-0.632805
2.56301
-0.370534
5.63822
-1.54989
-0.434778
-0.16
3.66815
0.815644
7.2607
4.9659
-1.09706
-1.06668
-0.556072
-30.1297
3.62077
-1.41814
0.52954
-1.19227
0.0336757
-3.13325
0.418516
-1.03441
8.45892
0.712669
-2.21427
-0.516338
0.397131
-0.0980969
1.75763
1.43214
-0.287139
-0.868587
-0.506615
0.618876
-0.632624
-0.521918
-1.96494
-0.810009
0.806342
1.77175
-1.69611
-0.222043
-0.127624
0.440956
-1.40303
1.91097
-1.11183
-1.28542
-1.33171
-0.212837
-95.2864
-0.12549
-48.5303
0.53467
0.295514
1.52638
1.8911
-1.69144
-4.7985
0.674129
-0.829996
-0.227943
0.157872
-0.099746
3.0324
-1.30558
-211.762
-1.23071
-0.0495724
-1.91558
0.336467
-6.41886
-0.704085
13.2246
0.0948524
-0.144812
-0.182073
-0.120479
0.625678
-6.72437
-0.847015
2.12289
1.12427
-3.18338
-1.25272
0.583364
1.00957
-0.0946841
0.12863
4.219
-18.5296
-2.20108
-1.56797
-0.686108
-0.304417
2.85719
1.78058
-0.284254
0.230396
0.648631
0.381542
-3.02218
1.22809
-1.09336
0.196887
-0.96962
1.37085
-8.75757
-21.2978
-4.31266
1.43311
1.22484
-2.10791
-258.711
0.574151
7.60345
-1.33571
-0.365844
0.0983234
-0.0121314
-2.16639
-0.250973
-0.175061
-0.579577
-1.45646
9.79384
-0.401573
14.1235
-1.30688
-0.870046
0.573155
-0.0811416
-1.4743
-3.87516
-2.04869
-0.864692
-0.98642
1.67655
-0.671483
-1.20551
0.214788
0.719562
0.7297
-1.2151
-0.641069
-1.48468
0.0767143
-2.19746
4.39271
-0.31465
-0.285326
-0.448486
1.83005
-3.88425
-5.5944
-0.749727
-1.44943
-11.1109
0.0823607
-1.07687
-0.403034
2.73638
0.3691
-0.0698115
0.312579
0.792101
1.70906
1.24691
1.12438
0.0439788
0.219544
-1.25505
0.825148
-1.47434
0.0615661
3.72751
-0.850272
0.746999
-0.594434
0.802443
0.264352
5.70912
-5.37808
-1.24392
0.132705
-2.45705
0.0720515
0.319131
2.19631
-2.87382
0.246813
3.00439
-4.67283
-0.433629
-7.69707
-2.80331
-1.09815
-1.24793
-0.887345
0.359968
0.399832
1.43429
0.161603
-0.201357
21.6261
0.14123
-0.218513
1.61756
-19.1345
21.4481
-0.803397
0.346894
-1.83171
1.43639
-0.0732267
2.20666
-0.482519
0.683719
1.77795
-0.156497
-1.73157
-1.59258
-0.251285
-7.90286
5.36817
-13.6206
0.130469
-0.954133
4.00422
-6.71127
0.49118
-1.50825
-0.530926
-33.9145
0.483791
0.942104
1.15482
-1.38583
-4.95385
1.81039
-0.466577
1.99287
1.57665
1.13259
-0.0389341
0.175819
-0.985022
26.8789
0.246144
6.25599
-0.312046
0.488659
-0.778443
-1.59857
0.614022
-2.01834
0.708088
3.50475
-2.29782
0.768139
3.11485
-1.238
0.0953784
1.75851
3.37985
0.944454
-0.370053
2.84604
-4.33475
13.8787
3.71702
0.211547
0.0750157
-1.01171
0.496266
-0.557292
-3.38627
0.0628458
-1.54001
-0.146765
4.97772
-0.182901
2.95833
0.0864399
0.930247
-0.464293
2.86627
572.445
0.240731
-0.189275
1.1376
-0.352807
2.55888
-1.91107
-1.07898
0.660542
0.327874
-0.173995
-1.48385
0.372311
0.166674
0.552922
-1.20621
3.49117
1.22233
-0.99159
2.12285
-0.581074
-5.08753
1.10482
0.21547
2.19564
-1.34508
-3.80003
1.20524
1.52069
-1.06026
-11.7042
-0.0151577
14.8156
-3.38789
-1.15517
-1.23945
-0.471006
1.57705
-16.1915
-0.830389
-2.3663
-0.682992
0.615525
0.471222
-0.577308
-3.16785
-21.1425
-0.402468
2.51958
0.0186157
2.19634
-0.67336
-0.394545
1.0875
-2.61838
3.40805
-0.966854
0.449356
-0.243007
-0.150925
-0.368329
-10.6436
379.364
-90.3738
1.75857
1.86932
-7.03088
1.78207
1.40071
-3.78988
0.269319
-0.708526
0.233628
-1.18876
-2.72959
14.2817
0.126956
1.12145
14.3183
-6.0016
-0.780767
0.548562
0.0496041
0.554315
1.11993
2.7368
73.9272
-7.77681
-0.140271
0.334758
-0.578513
1.00266
0.14756
1.17396
-0.662701
-4.45296
2.61619
0.916013
-2.08427
-2.51342
0.899951
2.12556
-7.4902
0.0157204
3.73009
-1.19281
0.0283772
-0.0377285
-0.0670502
-1.47212
-1.78306
-0.689972
-0.430315
-0.631592
223.559
-0.245766
-1.41096
10.5029
-1.0157
0.25173
0.0896037
-11.5191
-4.70019
-1.26831
-1.86309
0.256189
-0.893504
-0.213687
-0.510847
-2.41494
-0.00446977
-0.347071
257.223
-1.11407
-0.682645
0.131506
-1.20834
0.524129
-0.12689
-0.0988888
-1.76722
0.522642
-9.22952
3.03005
0.900727
-1.56825
-0.798637
-0.841347
-3.01715
-1.64595
-0.0645496
6.24788
-0.391153
7.00773
-0.255587
5.62504
-1.48192
-0.129748
0.10483
0.66884
-0.763814
5.57714
1.31421
-0.0316388
-0.153118
-1.7492
1.38175
0.504784
2.24112
3.23985
-0.650731
-0.623767
-0.680524
1.52365
0.585392
0.673793
3.06888
-0.21817
0.636671
-1.03843
-0.695917
3.14021
-0.560587
-3.68525
-0.270367
-0.262762
0.828607
-2.1052
-0.807878
-0.416206
0.830725
0.043495
-0.272864
0.826686
-0.00723332
0.0805923
-0.0985255
49.4067
3.72444
-0.960038
-0.618418
0.665169
-0.572773
4.81962
-2.64144
-0.158242
5.41073
-2.15513
-0.341843
1.10042
-0.52608
2.04724
-1.8288
0.813013
0.518119
0.238111
0.691545
-0.466273
0.500989
-6.37029
-13.9826
-2.34602
1.10411
-7.47069
0.528081
-3.0536
0.198906
-0.142682
4.61835
-0.218263
3.87167
0.114762
-0.196772
-0.820893
3.61912
1.43426
1.90374
95.279
2.15609
1.35234
-1.02755
-1.58911
-0.288716
0.604968
-0.510508
-9.49524
-0.349442
3.78741
-1.66773
1.74116
1.13033
-1.4652
2.27259
-0.153869
-0.527679
1.55685
0.185226
-7.51939
0.411932
0.0754769
-0.0715153
-1.40648
2.84297
2.33648
0.154583
-3.57129
-2.76254
-1.92166
1.44387
-0.815044
7.92879
3.93857
0.00652721
-0.123058
34.8963
0.877901
0.296761
-0.507915
-0.555788
0.544455
0.0862562
0.24484
0.0536018
0.0636493
-0.119199
1.15926
-1.52367
3.35378
-0.32773
1.66214
3.20338
-284.127
-0.749309
0.539165
-0.483138
1.11697
-4.20257
15.1683
-0.411525
0.524752
-8.13427
-0.318858
-21.0851
2.83825
614.264
-0.737208
0.483439
-0.138287
11.8773
1.55049
-8.77796
-3.31701
-15.9499
-0.88705
1.05254
-3.65681
0.891833
-4.79153
0.54326
0.107006
-0.371685
-0.871347
0.695434
-5.00323
-19.7395
-1.04625
-2.0988
-1.37735
4.41712
4.60395
-2.39578
-2.13518
-0.800664
-0.490915
-1.96928
-0.375777
1.26442
-0.632656
0.860665
22.5625
1.31084
0.898267
0.765626
-21.8335
-0.234679
0.393634
0.578756
-0.59253
-0.556412
-16.0975
1.89715
-0.577363
0.795789
-0.201186
0.513179
-0.682891
-3.83867
0.467115
0.926503
1.18672
0.13173
0.577544
-0.0913097
1.02154
4.92724
-5.74771
-6.86446
0.377835
0.336261
-0.966262
-1.31989
0.70239
-0.829156
1.96487
-0.126094
-0.612509
0.310654
0.349704
0.0904731
1.03527
2.52942
-5.52168
-0.435075
3.16213
0.388965
-0.510151
-0.0752044
2.44179
-1.97212
0.933756
1.26513
1.14114
5.11722
-14.727
0.58285
-0.575836
-0.0323966
-1.12208
-0.580797
0.685349
0.419647
0.971225
-0.460406
-15.9211
7.41365
0.191866
2.74671
5.9464
-0.283121
10.4
1.46415
-0.306109
0.951012
5.56387
2.47376
1.91621
513.444
0.482391
-0.90738
16.1971
2.0144
1.00024
0.514473
-0.725847
-0.33963
-0.546449
-1.27077
0.242577
-19.5134
0.572718
-0.202949
0.86637
0.271085
2.48763
-0.402903
0.785649
2.58737
-15.9611
-0.434564
1.19937
1.88038
0.0126817
-1.76739
-0.317618
-0.560323
-0.81228
1.49748
-0.185572
39.2655
0.271969
-2.93106
2.23431
-0.789886
-0.305981
0.0584343
0.892126
-0.346948
1.20482
-0.178848
-0.517465
-1.43988
3.733
-0.946828
-0.748018
10.7612
0.724697
-21.7996
0.0396473
0.137347
-5.80141
-5.40761
-0.837999
2.38767
-1.38207
-0.625929
-7.9881
-2.11636
-1.00079
-1.86009
-0.693899
1.20688
11.263
0.890187
-0.502399
-0.832555
-6.47928
-0.451107
0.0649735
-1.05703
-0.772395
0.0156602
1.06416
1.4078
0.744918
-1.07177
-0.256203
-3.35369
4.8013
0.378131
-1.58183
-0.501168
-0.90271
-0.710751
-1.24427
-2.45338
0.754461
-0.334026
-0.0412608
1.20076
0.0432795
-1.36202
1.51708
0.372501
2.26391
-0.745605
-1.30137
0.252834
-0.436555
-0.80785
-0.658445
0.0499622
0.827654
6.33626
-2.20689
0.38986
-0.566588
-5.34479
6.78466
2.71658
-0.51983
-5.92287
0.258232
-5.90458
0.116969
1.13239
-0.44702
-1.38258
0.0478828
-3.57337
3.79756
-2.79493
22.9623
6.21949
14.9329
1.7492
-1.93528
0.616509
-0.10346
5.51072
-4.43095
4.55893
6.6109
-2.87611
1.75485
0.52815
-0.639626
1.07883
-0.948944
-0.579391
22.9931
-0.197994
0.958048
-0.25615
-0.099826
0.418121
-0.662976
-0.800077
1.34906
0.133601
0.834696
-5.78294
-7.98142
-2.81505
-2.05444
2.42536
3.14751
0.0168377
0.643688
2.48524
-4.57635
1.597
0.89191
-1.69221
-0.518182
1.35003
1.46194
4.07607
0.130046
-12.6566
0.238575
-3.11541
-0.391093
-2.37394
0.14459
0.864288
2.36228
-1.37593
1.8906
-0.593087
-0.313731
-0.32051
-0.5721
-0.289891
-0.0737009
-0.0314078
1.00021
-0.765807
-2.24164
-1.1451
-0.0910697
-0.621026
3.18452
-3.1311
1.50155
0.20559
8.66912
0.658863
10.2028
-0.83658
0.203126
-0.288198
-0.0621651
-0.0867999
33.5974
-0.728951
0.353205
2.08062
1.18387
-0.794757
-1.53913
4.98222
0.56579
-0.853032
-0.203949
-5.9932
0.56538
0.239814
0.467982
-1.04813
-0.313607
-20.3099
-0.0776298
-1.82417
1.32649
7.23713
-0.377721
-0.290231
0.931614
-2.18102
0.323227
0.0616253
0.182287
0.179827
33.1006
0.0220124
1.86578
82.936
-0.303769
-0.547303
-0.313924
1.05454
1.79604
-2.05572
-1.90625
-0.309949
0.291179
-1.98617
-1.57459
0.200486
-4.19922
-0.0227962
5.11118
-87.0953
0.6799
3.5903
-2.08106
1.44993
6.75575
2.23027
-17.7272
-1.78397
-1.50189
-0.826222
0.217914
-0.395387
12.3071
2.39881
-0.952396
0.0145684
-5.17218
0.462583
14.1489
-0.437228
-1371.19
-1.50454
-1.29717
0.110155
-3.12017
0.312977
-0.228101
-0.150974
0.117812
-0.765189
-1.73047
-95.3059
2.11779
-1.49093
-0.522416
1.69358
-0.20606
-7.51026
-2.14411
-1.81405
0.193713
-7.29563
-9.53319
13.39
-9.15604
-0.759172
-4.32758
-7.47914
-2.61349
0.715266
-0.896287
2.8717
5.86059
-0.926978
-1.148
1.17107
-2.99905
-0.7542
-0.433812
-0.145891
-0.945517
-2.23514
1.31726
0.0101636
0.792615
0.0048103
0.20203
0.354443
-2.06172
-0.701256
1.48084
1.20218
2.82987
0.0647275
-3.5545
5.02218
1.30918
2.40047
0.33118
2.33955
-0.616601
-3.6753
-0.0612862
0.284273
0.567527
-95.1791
1.18809
10.4733
1.65432
0.27609
-2.88663
-0.0221972
4.46828
-3.32406
-8.04251
-0.336915
1.0846
-0.194055
0.250799
2.99529
-0.241764
6.29214
1.38816
0.863415
0.241475
1.92836
0.913764
1.05209
0.462234
0.433248
-3.96413
0.723164
-1.57183
0.619041
1.56159
-1.79363
-4.59973
-4.47215
-0.234925
-0.283862
1.17115
-1.84311
2.55733
6.07906
-9.66974
7.52312
-1.13153
1.38295
-0.176497
-0.86149
-0.402054
-12.2035
3.37239
-0.0991708
-23.147
0.508599
1.13369
0.100123
-4.26356
1.47541
-2.24756
-0.944875
3.12126
-1.51472
1.31899
2.0851
0.742545
-1.9102
-2.87374
1.3702
-0.240043
-1.44178
0.219848
1.7911
0.268694
2.49347
-0.0874726
-0.826392
3.28406
0.381582
0.0231005
-7.70633
2.00571
1.33092
32.8496
5.47879
6.73899
-1.56807
1.17386
21.1217
-0.257253
-0.242381
0.275619
-0.994817
5.68254
-0.19119
-7.81713
-1.9206
0.871704
-0.116064
0.201608
0.969777
2.15357
0.279
-0.34059
-11.9147
2.40912
-1.10469
1.66811
0.538623
1.46397
-1.02724
2.14564
-0.464231
0.678186
-1.5598
-1.99083
-0.509441
0.330041
2.61165
-1.45708
0.667003
-0.281731
0.487246
0.358404
-1.30582
2.72221
0.684152
0.987687
8.23274
-3.27301
0.624233
-1.94106
0.957336
0.57867
-0.32486
-15.1245
-6.58396
-0.0613508
0.654213
-3.9284
0.622919
-1.30906
2.30728
0.553363
-8.35114
-0.52991
-3.54171
0.0217811
2.76433
0.608278
-1.49696
-1.40634
-1.05191
-0.649656
2.9872
-1.36357
3.42098
0.945227
-0.590147
1.25958
14.8155
0.742001
1.80697
0.702575
2.03413
0.492543
0.414131
0.140208
-0.475571
-0.304775
-0.478982
0.985186
0.6976
-0.324044
-0.774228
15.5349
1.52366
-0.115531
2.68658
1.29231
-1.77925
-0.984149
-0.852832
1.08176
4.97057
-4.6463
0.167156
-0.467746
-0.899461
2.71639
-1.55791
0.982488
1.00605
-3.06001
-1.49279
-2.07817
0.343575
-3.19065
1.56028
4.28849
-2.5174
0.566874
-22.8964
1.26356
-0.353098
-0.130773
0.0187363
1.65035
0.240128
0.469769
0.522826
0.028436
0.141747
-1.30887
-0.35618
0.287347
-1.5723
-2.84953
7.58092
-0.400764
0.346247
-0.502684
-5.78844
-0.0736846
10.7225
-1.01519
-0.235857
0.621504
0.541243
-0.02489
-1.35147
8.00987
-0.924194
-0.672663
1.22409
0.0502497
-2.346
3.78316
-3.95182
-0.621095
0.0750859
0.59978
-0.188708
-4.13883
0.808224
1.31085
2.40317
-0.575323
-3.68598
0.881527
-0.186732
1.22158
-0.412228
-0.449292
-0.43018
-1.48218
-1.30977
-3.78621
-6.74589
1.1844
-4.14354
245.952
-0.181407
-0.671264
-2.20781
-2.10266
1.5434
1.68701
-7.09456
-6.91806
-0.177666
0.0119374
-0.294553
5.24322
-2.50017
0.621511
0.11057
-1.91042
2.47606
0.0734491
-23.0966
-0.691523
14.5119
2.2994
1.0094
8.77769
0.916409
-4.46435
-21.1372
-0.621456
-0.507164
0.063671
-0.129962
0.507905
0.108651
-22.0296
1.05563
-0.46191
1.38783
-0.368618
-0.294576
0.288462
-1.07349
-0.192508
1.05542
-3.15747
1.02952
-0.794067
-0.108305
0.952523
68.5087
-0.817786
12.5475
-4.45217
1.48539
-0.477184
0.0920412
0.506941
-0.0181193
-0.168815
0.577101
-0.350191
1.64913
0.138134
3.87744
1.27927
-1.07509
16.7385
-1.72603
0.111792
1.25843
-2.5005
0.146915
-1.02854
-2.71241
4.32297
-0.597465
2.86853
-0.24225
1.14687
2.83075
0.279495
2.49311
-0.955613
-0.658128
-2.60702
-2.44321
1.16934
0.831851
2.87937
-9.49751
4.37884
-0.592153
-1.13855
-0.95573
-0.330083
-1.46247
1.75427
-1.18947
0.379601
2.28676
1.03832
-0.264151
-0.0972446
-0.365497
7.27425
-4.72405
2.70416
1.89581
0.367822
0.621832
0.879049
2.79093
0.829831
4.70485
-16.4881
-0.345811
-7.30895
-0.177391
2.42944
0.215803
11.7493
0.257557
-3.73513
0.373841
-9.40491
-0.641167
-0.0632018
-0.602918
1.62963
0.392073
1.61222
3.60922
1.3361
1.88129
-0.929923
-22.0676
0.776314
1.32404
-0.141726
-0.807778
3.64436
-1.08314
-7.51493
0.393058
-0.646273
-0.535512
0.804919
0.258513
-1.07109
-5.13685
-0.482064
-2.73608
-7.98316
-1.13633
3.10546
4.01929
1.01959
-0.124792
7.15333
-0.411731
-1.05108
1.41427
19.2926
-1.06004
-0.0661666
-0.0650013
3.28316
-0.800702
0.924675
-3.41663
-2.79011
0.106424
7.54253
1.16065
-1.23082
-2.38331
0.694912
-0.352738
-10.0625
1.14619
2.20908
20.525
-1.87741
0.213086
0.316056
0.782126
-1.00542
-1.08474
0.690377
-14.0727
0.90815
0.652225
1.41146
0.377194
0.447381
-2.2293
-0.540187
0.321442
0.137232
0.938495
-0.903857
-5.70595
3.9319
-1.57587
-0.376799
-0.786834
1.39324
-0.119754
-0.427304
-1.45463
1.47031
-1.31021
-1.5845
13.353
-6.89541
1.73699
-0.597214
2.03709
-2.13277
-0.918961
4.11611
-1.10955
2.6793
4.69134
0.358985
0.537732
-4.06142
0.894164
0.142871
-0.442758
-0.946984
0.290751
-0.948485
1.7524
1.53627
-0.301508
0.208992
-0.23966
-4.32403
-6.18421
-0.351212
0.940687
2.49561
7.21598
0.325916
-0.69155
0.434339
2.0606
1.44376
-0.514193
-0.349867
-1.263
-4.71694
0.896759
4.99022
13.5413
-1.00616
0.409255
1.88533
0.276478
0.682309
-0.504323
0.62319
-2.05884
-0.545413
-1.04672
0.639721
0.0565481
-0.310221
0.292542
0.0850712
-1.36158
3.13809
0.988276
-16.1213
296.975
-6.36072
-0.885661
-0.667685
-1.78397
-2.74185
-0.715886
-1.38087
-1.08164
-0.712812
0.181939
-0.248977
2.97828
2.51743
-1.08399
-0.0565946
0.930922
0.463441
0.297079
0.872255
-0.791799
-0.341993
2.64431
-0.812196
0.0932297
-6.25396
-0.158804
0.074815
0.350143
-1.09376
-10.7424
-0.131625
10.787
-0.416362
-32.1359
-0.792701
-26.8705
-4.84051
1.63446
-1.0906
0.460686
-2.35534
1.0498
-27.1153
-0.101737
0.0723242
0.128064
-0.0174786
-1.28875
55.5272
-0.517735
-0.146304
0.0363879
73.82
-2.13126
-1.78562
0.714816
-0.142789
-0.822762
-93.0678
0.681638
0.4788
-3.68205
0.228025
0.280745
-0.647722
-2.81779
2.15265
0.0407445
3.30163
-0.349212
-2.053
0.0606486
-1.57956
8.62205
-3.71588
1.43472
-4.50426
-0.776053
1.55958
2.20778
11.9996
0.0440779
19.8378
2.33781
1.52618
2.57192
14.5271
-3.8428
-0.0741866
-0.0710183
10.9617
-0.114353
1.88723
-1.89463
-3.13292
-5.41136
0.905025
-2.84972
-1.40043
26.8141
0.00307011
0.873744
0.625114
3.39693
1.18528
0.162126
-1.16239
-1.48246
-0.265423
0.257866
0.1899
-0.174659
4.86242
-17.6408
1.18596
0.236144
1.00919
-2.37079
0.151976
-0.381874
-0.0528531
-0.141488
-0.382926
0.664758
-0.662633
0.584183
-3.50094
0.956923
-0.142863
-0.350112
-0.37769
-2.91148
-2.22237
0.326252
-0.557205
-11.0107
-0.412621
-1.40005
-0.300352
1.05317
0.287925
79.4436
7.68083
-1.90813
0.326838
0.183182
2.70337
3.51221
-0.678891
-2.91618
-2.20135
2.50462
-0.134968
-20.2711
-3.12341
-0.239994
8.05208
-12.3393
-0.288112
0.310755
1.15689
0.483493
0.405117
-1.16023
-6.42553
5.59443
0.264008
-1.41597
-1.38063
-2.93631
0.620542
2.39353
-0.978551
-0.354053
-0.437102
1.22455
-0.0179122
-2.53481
0.279201
7.48822
0.560402
-0.19523
-2.4821
-6.45121
1.62305
6.26236
-1.61369
-0.876571
-0.462602
-1.46281
4.1474
-1.57704
-1.35778
1.55938
0.575489
-1.13537
0.270179
-0.619191
-7.91848
2.82025
8.89386
-3.55216
5.73362
0.349026
-0.758349
-5.62093
3.95065
0.236818
0.393753
-31.8247
1.24804
-0.390281
0.23504
0.788412
0.472518
-0.6226
-0.115453
-2.03566
-0.141147
0.861631
-12.9647
0.974622
-1.81793
-0.387475
-0.173607
-0.0867231
-1.44108
-0.474334
-0.0985205
-3.3479
-0.548106
-30.3301
1.0866
0.53663
0.349528
0.580598
-1.67822
-0.891086
-2.9774
0.955195
4.46236
-2.72388
-0.0740136
5.18764
6.96084
-2.47765
-18.7328
0.0881678
0.630957
5.08829
3.40453
0.343487
0.334471
-0.63803
0.250791
0.15375
0.654455
0.667648
-2.29426
-0.747222
-3.13577
-0.835271
-3.22478
0.03
-1.63299
3.0482
1.51036
-0.506173
-0.510224
-0.169017
-17.1469
0.706269
-0.698662
87.081
-0.0239983
0.684543
0.227408
-0.162804
2.37497
0.42272
27.7689
-0.814017
-1.59844
-0.363311
-5.68169
-0.068183
-0.236542
-3.816
0.180796
-4.34631
2.55821
4.66308
2.90961
-0.633052
-5.08231
0.0888589
3.72186
-1.7807
1.54262
-0.562367
0.524145
0.163752
-0.498389
-5.58616
2.08095
5.4604
-0.865623
-1.62714
0.283036
3.47447
0.786839
-1.02567
-3.56213
1.38423
-1.49521
-63.8175
-4.8083
0.637675
-5.50673
-0.550829
-0.00317899
0.889859
0.70764
-0.499641
-0.0691399
-7.14166
-0.671962
-3.4256
0.0841635
7.70802
-0.426629
30.624
1.25339
-9.33919
-0.226949
-0.684287
-0.677317
-0.275625
-0.107639
-11.588
-1.45794
-1.2646
-0.0886825
0.462317
-3.93404
2.12176
-1.32033
0.312343
1.24191
-8.43586
-6.94017
-4.23276
-2.49558
-91.9776
1.38811
-0.402854
-1.6013
-0.362041
0.0746403
-0.014699
-1.05089
-0.232965
1.90217
1.02083
0.000710763
-0.473287
4.44479
12.6027
0.388621
2.00035
-2.22503
0.0944119
0.755906
0.716596
0.00193175
-0.352712
0.379407
10.1837
1.72203
-0.672517
-0.537737
0.294573
-0.370873
-1.13663
-68.5102
-0.575068
-0.208127
3.30273
-0.428219
0.18531
-5.19467
0.824949
1.69633
0.252817
-0.657658
-0.194731
0.63249
-0.109523
-2.17077
0.799883
-4.42179
0.462314
0.872399
-0.382386
5712.92
-2.88855
-1.34735
-8.95735
-0.159459
1.43433
-0.306746
-0.213859
-1.43615
-0.371544
0.454403
0.0105308
-4.56413
-0.596461
-3.99485
-2.42013
-0.434177
1.05008
0.230168
0.544344
-0.978942
1.95276
0.016724
4.47351
-2.05492
0.511464
-4.17084
0.193281
-0.811862
-0.675786
-25.1407
1.27944
1.49863
3.57866
-40802.4
-2.33215
0.583467
-0.795953
2.18939
1.28681
-0.230725
2.94121
1.17687
3.5226
2.79361
-1.05268
0.960863
0.675012
0.707483
0.0703014
-1.03165
-10.3864
-0.412889
-40.3519
-0.775592
0.535162
0.291539
3.09021
-0.210826
-4.47341
7.85636
-0.575268
0.261823
-0.393906
-0.0683585
-3.2942
-1.49673
-0.0822884
0.333626
-2.32084
-0.175459
1.43149
-8.41909
-0.45239
0.768543
-0.618527
0.477365
-1.93435
-0.0715817
-25.1345
2.61116
-2.41008
-0.51167
0.778462
12.1874
6.28954
-2.71796
-8.2386
0.963537
5.70041
-0.206326
1.42573
4.70865
0.305815
-0.0217555
-1.0341
-0.144945
-0.242798
0.398488
1.86241
-33.2074
0.596934
-2.02295
-7.38279
5.03322
-0.897781
-0.637463
-1.45035
-0.442282
-0.310583
11.9844
-0.716962
-1.20505
-1.70788
-0.802601
-0.155957
1.09677
76.0616
0.656086
-2.30252
7.65951
4.27508
-2.54245
-29.9593
-0.967778
-0.999851
1.99378
1.5828
-2.2792
-1.6505
0.398994
1.27079
1.45604
0.0778322
-0.804783
-0.789525
-41.1742
-1.76636
0.156817
0.770246
-0.681495
1.43848
2.23943
0.501783
0.133253
-11.066
-0.995156
-4.65588
-0.0644909
-1.62658
0.828567
2.26441
0.432583
-1.80674
0.918478
0.19088
4.20973
-2.25812
1.55409
12.6701
-3.01766
0.618238
0.492175
-0.803841
0.39948
-2.2518
0.436863
0.798029
2.31811
1.41382
-0.13413
0.938127
0.592561
1.72132
-0.452096
-0.560399
-1.32021
1.53611
0.55699
-0.344949
-0.54168
-0.836757
0.610337
0.0246678
1.41069
-2.12028
36.0647
0.433912
-1.04336
-2.41331
-0.488815
-7.88932
-3.91182
1.98783
-0.171356
-3.70662
-0.0560896
7.9156
2.14153
-0.326165
-0.960293
-0.451747
0.648788
1.5935
0.909246
-6.97651
-0.233097
49.8417
-3.17887
0.548669
2.70176
-0.681355
-1.548
-0.370592
-101.189
-1.54754
3.55823
1.05801
-0.270584
0.0973964
1.21017
0.22995
0.215199
-0.250205
-0.942777
-0.765847
-0.218558
0.695916
-0.169448
-1.59083
0.84559
54.8984
0.541236
2.45883
0.172198
2.65238
-0.164997
1.28935
3.3746
1.58072
0.178699
1.67487
2.76008
-0.51003
-0.512593
-0.856816
-0.67201
-0.2181
0.397526
0.795968
-0.62215
-0.166288
0.892225
-0.187791
0.00494279
4.12972
0.421843
-1.23995
0.0281687
-0.423909
2.26912
1.14507
0.417167
1.92317
0.2102
-0.15986
0.471591
0.670748
-1.17667
-0.992063
-0.413781
2.4012
-0.0531025
0.596947
-0.133666
0.0835595
-2.36771
-1.97934
0.909795
6.2637
0.0386917
-0.164326
0.331265
1.40054
-60.1584
-1.68703
1.56483
-0.160137
0.132757
0.107102
-1.10637
-8.36301
2.01781
0.345105
-6.06915
-1.54571
-0.645305
-3.16609
-4.30655
0.139538
-1.3495
2.17258
-0.888273
-14.0275
6.52115
1.69052
0.547885
-4.10869
-3.01452
0.622501
0.754155
12.0092
-1.37638
-1.47978
-1.3487
0.574087
12.3585
-1.3932
3.07378
3.37974
8.88903
1.53037
0.910894
0.287869
-2.06241
-2.29374
-0.791308
-0.455187
-0.0685055
3.35144
0.597865
-18.6868
-1.54833
-0.026714
-0.0996406
2.67975
0.777851
-2.37702
2.54321
0.376924
-0.20067
0.661238
-1.19188
1.14117
1.17749
0.185507
-6.10663
-0.742895
12.385
7.22996
6.26691
-0.73132
15.6407
0.198362
-0.985566
0.437883
-0.862589
-3.6978
-0.0415612
-1.97933
0.133283
-1.0809
-0.268874
0.421324
0.280404
6.58452
0.794076
0.333694
1.47007
2.79606
0.818594
1.31287
0.352994
-0.322199
-1.36664
1.64854
-2.9818
-3.54942
0.169634
-4.28077
-0.340721
-0.879439
-0.208414
-4.19193
2.41258
-0.441448
0.282148
-0.326233
-20.3576
0.559176
-3.63758
-5.58993
-0.856397
-0.556005
-12.0781
-0.510139
-0.469637
-1.592
-1.03557
4.1255
-0.465964
-0.362516
1.07696
1.41415
5.19682
-0.471609
-2.11933
-0.109621
0.985758
-1.03569
3.79867
0.398098
-0.458091
-0.340057
-0.176129
0.543074
7.58441
-1.46488
-4.53953
-1.07669
0.0208104
0.586002
-1.24603
-0.682167
0.113152
-2.58455
-0.61841
57.263
0.365339
0.386255
-0.673904
0.943449
-0.769266
1.90152
-0.278949
-1.64752
1.75243
1.52964
0.245038
0.426475
-0.41007
4.14573
-0.157266
-2.7234
-24.1292
-0.6339
1.47178
1.40088
0.384315
-3.66128
0.610746
-4.12701
0.145002
-1.16912
-1.3156
-8.08304
5.30883
0.252954
-0.326557
0.865681
-0.059846
1.33442
0.0262808
1.16555
-0.769713
3.74064
0.316365
-0.700692
-0.410237
1.16851
1.50029
-3.36528
0.104499
5.98182
0.00571031
0.254984
-1.31549
-0.764766
-0.577812
0.607467
5.85886
0.367762
0.072124
0.768271
3.1578
-1.21225
-2.33538
-0.441813
-1.05963
-0.16955
-4.67314
-0.410562
-22.7218
3.30594
1.37787
-1.23361
-0.174295
-0.559018
0.359286
-1.13691
-10.5399
-5.83693
-53.002
1.2199
-0.131338
0.377649
-2.54412
-4.18681
2.2712
0.516117
0.553435
-3.20197
-0.332292
0.39217
-3.5131
-129.429
-15.8315
1.52729
-0.0744375
-0.696379
0.00481303
0.412005
0.573292
1.33047
1.19571
-0.354128
1.28704
-0.324728
-7.18377
-0.826676
0.437473
-0.361324
-0.83309
3.35839
0.596607
-0.0716048
-3.15617
0.241431
-1.82303
15.1421
-3.0461
1.4791
4.34001
-0.141357
0.225236
-1.06751
-0.208803
0.289843
-20.1437
1.13905
0.539037
0.776292
-1.51764
-0.468584
0.0483896
1.16917
1.14455
-1.71119
-1.54977
1.35954
-0.0831669
1.1313
0.573668
-0.77111
-1.56131
-0.615744
-9.80146
-0.643848
-1.29335
-0.407319
-1.66188
2.22446
0.420195
-3.60431
-0.126656
-0.278377
-0.329564
1.06108
-0.548085
-0.625789
1.16893
-0.812519
3.89578
0.124829
1.30301
3.51929
-2.86876
0.313987
-1.74131
-5.1702
0.345103
-0.0689461
0.720985
-0.789582
11.9717
3.12457
0.907588
11.7923
-2.42906
0.540094
-0.393086
-0.38
-0.119966
-0.9789
0.22157
-0.635333
0.56289
-0.0867527
16.5928
2.63615
-0.608715
-4.98597
-7.90082
-1.66081
0.518108
1.3035
0.00637072
-0.902569
0.341402
-100.382
0.9677
-1.73245
0.883302
1.25267
-6.67587
-0.226415
-0.88153
2.4838
5.46868
0.050136
0.972922
0.932821
0.0551867
0.273723
1.79913
-5.67823
-4.48067
-3.94744
3.25888
0.265469
-11.7908
1.14167
0.0851514
-0.025257
0.743127
0.744233
1.68099
4.96469
-0.278289
-0.201016
0.332581
3.27503
0.430231
-1.01449
2.67192
-0.856445
-0.101449
-1.10556
0.0245452
-4.20638
2.13112
0.324908
-6.93367
3.79108
-0.255711
-1.80687
5.18675
-0.471785
-4.95364
-4.80424
-0.555858
-0.287068
0.776126
0.533322
-0.193412
-2.09159
1.00536
-0.543039
-0.118773
1.37952
0.5935
0.256391
1.01466
-252.676
-1.95877
-0.224947
-0.630374
-0.105637
-0.837416
-1.15164
-1.09004
0.716778
-1.26869
-6.47455
0.186914
15.4291
2.52111
-0.0244585
7.65381
0.160459
0.303159
1.60408
-1.11881
-2.35702
-0.40274
-0.0867387
-2.32648
-1.56047
0.176049
15.7155
0.160501
-2.08657
-5.17502
5.97729
2.63219
-0.731541
0.181052
-1.22702
0.265013
-2.26607
2.56437
1.0238
-1.42359
0.162181
0.514852
3.00398
1.01922
2.13149
0.303583
-25.6857
1.01267
1.9341
-0.95975
1.25581
0.465699
-0.212011
-3.65128
2.5154
-0.48698
-1.74122
-2.74925
-0.016719
-0.524935
-0.78432
0.109716
1.29246
2.41467
2.92947
-0.774932
14.1915
-4.01686
0.839833
1.03856
0.485635
12.688
-4.19069
0.261939
2.0278
-0.305261
0.922747
0.403075
1.35502
-0.657695
2.52757
-10.4068
0.728424
-0.289872
3.46091
-0.186611
-1.38589
0.478685
2.39146
-0.0707927
0.0182231
-0.734383
-0.188789
-0.113161
1.40263
-1.61637
2.84911
-1.89346
-3.05333
2.41188
-0.65774
-0.0430726
0.95094
6.47197
2.3559
-3.75922
-8.38454
0.0173878
-1.73504
0.783172
2.05891
-0.387993
-1.93615
7.88299
-1.4499
-7.89568
-1.0142
6.45291
1.07366
-0.108133
-46.0817
0.980554
-7.6285
0.927726
1.40086
-9.78012
-1.19081
-0.0722906
14.2858
1.89052
2.42169
-0.904897
0.478816
0.616805
0.280735
1.6088
-41.6426
-7.83564
-45.1438
-1.26415
0.964565
-2.38655
1.76629
-4.54152
-0.836849
2.01601
2.0894
0.830375
-0.8757
0.783719
3.53473
1.73599
7.84363
0.252051
1.98092
0.260959
-4.69401
-3.17538
-0.573365
0.137453
-1.81362
6.08799
0.426906
3.39917
-3.94687
17.9251
-2.61992
0.565452
-1.15204
-0.104476
2.84675
-29.9505
0.356337
0.378526
1.69612
1.88807
-0.409727
1.10538
0.559073
-2.82129
1.34493
-0.533723
-1.2037
-2.32517
10.6066
-0.418056
-0.00280352
0.129151
0.0545165
0.0278872
1.88188
0.967041
8.67381
0.458092
-0.268109
-0.0125772
0.00919355
2.68409
-8.37508
-5.85014
-1.48453
1.27794
0.420632
-19.7384
1.38188
1.13013
-18.4064
1.41544
0.860279
-0.993244
-0.702533
0.391143
4.15011
-1.6666
4.17584
-0.806242
0.436114
0.0403906
-0.410871
-0.475845
-0.909038
1.78829
0.434134
-3.73861
-0.482461
-0.577289
1.4231
0.516274
-0.729114
2.8279
0.903051
-0.346759
1.45301
0.0864933
88.5346
3.21432
0.626823
0.903376
-1.69844
-0.00904234
-5.65018
1.42573
-0.126407
-0.0779077
-1.56573
0.949822
1.56574
0.360536
-1.46036
-0.440381
0.414508
9.28524
-26.7844
-1.95
-1.66512
0.74757
-0.457424
-0.370231
0.318755
-2.31699
11.5489
1.3064
-1.4875
4.40761
0.722916
0.0192886
2.19236
0.868077
0.358875
-2.696
-0.34103
5.567
1.249
-0.810443
0.0373457
-1.20537
-1.84504
4.89131
0.000119847
0.0529498
-1.97259
0.892974
1.51993
-0.648102
0.185467
0.211406
1.80739
-2.14691
0.709347
1.37195
0.338906
1.22987
-5.72741
2.62226
-4.24277
-9.65282
-7.05602
1.36047
0.298022
-2.86926
1.18975
0.493893
1.99921
2.77396
2.77573
1.21354
5.69148
-0.659083
5.08615
-0.858557
-6.37011
-204.11
-1.90662
-0.373601
-4.85043
0.154937
-1.95086
-2.15696
15.8567
-3.04301
1.02509
0.264907
-3.5808
0.196342
-3.33509
1.12688
0.919279
-1.03262
1.24548
0.301315
-0.703352
1.12382
0.393572
-0.507509
-1.0875
0.397434
-1.67057
-0.287199
0.594628
0.202637
1.02901
1.04427
1.63498
0.278684
0.244092
-0.338489
0.402042
0.572283
0.354758
-2.60069
-0.144549
0.830571
-0.390363
-28.59
12.6304
0.00156119
0.551469
0.184984
-1007.02
-6.25831
-1.37474
-1.1744
0.274766
0.406624
0.0776521
-0.470706
0.263308
-0.948462
163.137
0.624991
0.0667842
-1.1245
-0.213856
-1.05248
-0.977769
-0.0110213
6.75146
-17.4283
-0.634002
0.555356
59.6499
2.69482
1.28975
-0.114621
-1.04198
-4.21446
0.121836
4.5369
0.291261
-0.0912123
0.111512
-1.04075
1.14234
0.0780771
-0.369817
3.90335
5.0486
-0.228164
-1.45618
-6.5463
0.190411
0.312278
0.732372
1.72474
0.783594
1.12391
-1.51778
0.00896403
-0.603623
-0.328733
1.21503
-0.511486
0.154783
-3.96524
-0.0809798
-0.0468237
-7.22809
-0.96295
16.1918
-1.01007
-1.48996
-3.77827
-0.116864
0.436311
1.02331
-0.122535
-2.40413
-2.90707
0.371631
0.277632
0.355381
-13.0328
1.4257
19.3866
0.253068
3.20195
-6.19281
1.91678
-2.11875
0.497191
-2.30137
-0.254295
31.2706
1.36222
0.0100917
2.54934
-2.11993
0.203509
-0.627358
0.454802
0.658262
4.19975
-0.189629
3.04649
-1.00816
0.469713
0.497779
0.966848
0.00399734
-1.37829
-0.0923728
0.549333
0.240868
-1.51942
-1.47395
0.695154
1.97366
-1.78488
0.555266
-3.44792
1.62501
-0.884076
3.30068
-0.480514
2.81333
47.9862
-1.13636
-9.81102
-14.647
-3.12184
0.892129
0.533568
1.30088
0.142302
-4.53279
-2.69051
-0.458277
-8.64864
-0.503774
-0.376941
-15.9807
5.23362
-0.856431
-0.726176
-2.61646
-3.05985
-0.79298
-5.74513
-0.967077
0.521308
2.25533
-0.0179937
1.04759
-0.351934
-1.37257
0.0795057
1.15957
0.1802
0.264807
-0.535203
-3.68399
4.80142
-2.14109
0.216853
-8.27785
-0.0282054
-2.19419
-18.838
-0.580765
1.21229
-1.30782
0.141839
8.4728
-0.199737
2.07716
-1.78433
3.66365
-0.70885
-1.94664
-4.22395
0.0785045
-2.1654
-3.13379
2.4743
1.44469
-0.157869
-0.349911
-3.10785
61.4172
52.3539
-0.434105
0.864779
-7.6261
1.43313
5.16251
1.41726
-1.40139
-0.485
-1.87106
-12.225
-0.694282
-1.06822
-1.35681
5.34975
-5.57818
1.75569
0.275762
-1.96453
4.86084
-0.827611
-0.315677
-2.20216
-1.53328
0.317296
0.230049
-1.89308
18.5074
0.294498
37.628
0.436187
0.500804
4.22653
-0.881067
-1.09499
0.85859
-0.191696
0.422805
2.94667
1.04139
-0.251723
-0.497756
0.208461
-3.15434
-3.55047
-0.245886
0.502842
2.43331
84.0195
2.78476
-3.74334
1.7599
0.343593
-0.351325
5.4642
3.05953
-2.4236
-0.368252
-0.41155
-7.67643
1.19228
-1.09279
-0.599402
-0.243111
0.0684762
6.97516
241.314
0.155029
39.4329
1.21716
0.0341047
1.69996
0.309648
-1.28171
17.7273
-0.247999
4.22406
8.53076
5.25492
-0.745784
1.58385
7.02094
0.019741
0.115849
2.3982
-0.5123
-3.55749
0.106316
0.390298
0.129744
0.535215
0.964922
1.23308
-0.585249
6.44651
-0.871486
-0.193697
1.33635
52.1247
-0.951012
0.495135
0.761329
0.059713
0.191501
-2.66091
0.100034
0.344906
0.375869
-1.4022
-1.77502
2.56439
-0.631569
1.65023
18.8753
-0.951389
-0.218043
0.0360836
0.602846
-0.948209
-0.431447
-3.79359
5.94586
-9.01527
-0.569276
0.139431
-0.254383
1.60543
0.381852
1.32826
-0.120997
1.78268
0.189909
-1.92886
1.44313
1.6572
0.719347
3.27098
0.731441
-2.4644
13.862
-4.14046
-10.7594
-0.00384495
3.95393
-0.69674
-2.48376
3.2018
0.393288
-5.85666
0.0758443
0.173334
0.0711366
6.96726
-0.541546
1.48888
2.65236
-0.807962
-0.857463
-1.0552
0.893719
-0.67401
-0.258662
0.611692
-1.28376
-0.256186
0.390036
1.15706
-0.200904
0.373551
-0.753044
-12.3808
0.984578
1.95843
-0.497484
0.404318
0.526652
-0.407901
-0.0713157
-2.41499
-0.557748
-0.745098
-6.04111
-2.8529
-0.950429
0.33829
11.4898
5.71467
3.7297
-0.920225
0.0689029
0.235905
-2.84367
-0.79573
-0.742606
-0.6947
0.712215
-0.44978
-3.84098
0.127256
-0.140818
-0.235621
-0.249236
0.468842
1.57092
2.52054
-5.83657
-3.50325
0.396129
0.0264258
-0.30379
1.02503
-4.00813
-0.587357
13.5589
-1.17195
0.655797
1.0427
-0.21344
-1.53519
0.845491
0.928229
0.116971
-13.87
1.30713
1.5364
0.445922
1.48441
-3.01706
1.23027
0.698796
4.00103
-0.753588
2.0304
1.02236
-4.55695
0.699252
-0.164653
-0.333432
0.657477
0.241186
11.8625
4.42553
1.90072
-1.07098
1.36944
-0.112053
0.647058
-0.920162
-2.32997
2.38636
-0.441195
-0.292437
0.375585
-0.231614
-0.348976
0.242672
1.59402
19.1588
18.3948
-0.366841
5.81915
-2.55276
0.598123
0.537378
0.281816
-0.495457
-0.874964
-0.624305
2.4912
-2.06102
-0.25128
-0.372643
-2.20716
0.31017
-0.629822
-1.43138
-1.12292
3.18007
-0.133314
0.195885
-0.46784
3.62579
-0.0760017
0.370228
0.279076
-1.23654
-0.146099
28.3552
0.521694
-5.03689
0.805279
0.400284
-0.716171
0.434586
0.0902287
0.852786
-0.407128
6.15887
-0.0939149
0.383484
0.245991
-1.41085
2.22843
-17.2658
0.0477033
7.12556
-2.31154
0.18947
0.00430606
0.201014
1.30002
0.403041
1.16844
14.1595
-1.02173
-0.318577
-7.2119
1.32709
-1.47257
0.536481
-1.75708
5.72531
-0.318624
-0.791092
1.6017
1.73435
3.88906
1.5308
-1.49845
-0.457273
1.75488
0.361493
1.48854
8.89571
0.969165
3.90037
-1.80337
1.00139
3.88148
-0.484471
17.5164
0.222985
0.933638
-0.955411
7.19161
-0.737611
2.51323
1.81299
1.48539
1.01413
-0.250657
0.774808
-0.983222
0.715424
-0.972413
0.0215507
-1.37718
-1.57948
-0.00129487
0.48106
12.7198
-53.0967
1.4167
3.39076
-0.470884
0.56601
-1.36423
4.01198
-1.72216
-3.38121
-2.61807
-7.47747
24.9015
-0.798843
-86.4338
-2.18847
56.5976
-0.473269
-1.58311
-0.715074
-0.586114
0.916162
0.077246
-0.284821
0.836564
-8.92072
3.27541
0.256653
1.41065
-4.5614
30.2418
-14.2304
2.33628
1.01284
-0.919241
0.62428
-1.4117
0.813552
1.44219
0.0762034
-6.18175
0.902792
-0.118517
0.378797
4.34224
-1.32646
5.3042
-0.849408
0.898584
-0.663896
0.391002
-0.273443
0.294422
-0.595212
311.938
5.11786
-0.656109
4.7578
-0.533495
0.1363
0.854239
-0.42024
4.32511
-3.88597
1.03072
2.83774
2.13395
0.884429
-1.52703
0.749511
-1.7706
0.739404
0.970302
-0.464825
-4.65053
-0.363204
0.991298
1.43188
-4.00028
1.5294
0.372975
0.198495
-1.35284
-1.78145
-1.78162
-17.6366
-1.519
-0.998331
0.313701
-0.628354
-0.0696195
0.677022
0.301268
0.0703794
1.31742
-0.152319
-1.36316
-1.42486
1.68269
-0.565803
-0.273548
0.138886
-0.889967
-0.336397
-4.73099
5.00042
-1.72277
1.18553
1.55803
-1.09814
-0.0836848
-1.22405
-1.83322
-1.14421
1.37388
-0.286718
11.255
1.95919
0.324357
11.484
-1.09568
-1.96681
3.99728
0.100881
-7.22048
-1.33027
1.73384
2.29419
0.673915
-0.461203
0.597228
0.244044
0.486155
2.20109
9.58291
1.2946
7.42277
-8.64831
0.0928911
1.15496
18.7393
0.0089532
0.467438
-0.455858
-0.575223
1.18366
-0.0277551
0.744231
-0.73183
-1.38567
0.156488
0.0434234
-0.938223
0.0450076
-0.948953
-1.61481
-1.13031
0.38918
1.72806
-0.185747
-0.464321
3.13527
-18.9587
-3.0098
1.11578
-0.816337
1.2567
-1.45716
0.310744
2.34748
2.55036
-0.221183
0.388725
0.151862
-1.8502
-0.810038
3.36829
-1.52643
-7.36665
-0.0074993
0.148734
-0.388466
-0.917025
1.19682
-0.0900168
13.911
0.490853
-0.227454
-1.772
0.817429
0.805886
-1.96503
0.986252
-1.15301
-0.0501494
-0.769986
1.51329
2.93143
-18.3193
-2.0034
-1.47422
-0.256266
0.953817
-0.766275
-0.216186
1.44469
-0.279859
-1.30952
0.731275
-3.13059
-2.5345
-0.921353
-0.431465
-0.36187
0.892613
0.0465988
0.397199
1.17439
-0.455692
0.0451689
-2.47948
9.64424
0.330901
-1.89043
-0.96
-0.479803
-2.76139
-14.3391
0.918746
3.23497
-2.37485
-0.109339
45.8799
-0.481597
0.866503
0.241617
-0.731456
-13.1069
-0.0820641
0.508488
-1.07587
-0.707593
-1.42208
0.384148
0.400601
-0.807576
-2.17243
0.938309
-0.611502
5.87016
-0.641392
0.29068
-0.125547
-0.265864
0.764684
-2603.47
-2.32692
2.57437
-4.31685
-1.51132
-0.11901
6.80645
-1.05312
-0.251568
-53.0303
9.92748
-1.28504
-1.91193
-2.29117
-1.68583
-3.00866
0.615124
1.24101
0.835714
-0.181478
-1.11312
-1.29921
-5.32949
1.84934
-82.0276
-0.790051
0.862233
2.92616
-0.499632
-26.9557
7.51319
0.124262
-3.2889
-0.501596
0.569986
-1.10875
1.19728
0.415443
-1.05387
-0.590234
0.0379351
-0.917312
-1.03875
7.78694
-1.70622
0.0201169
1.36942
-75.9415
-1.88262
1.84391
0.345938
0.503661
-21.5226
0.621747
0.712138
2.10415
0.109164
132.236
-1.65592
-22.81
-2.72879
0.243681
2.02491
-0.782649
-0.197424
-1.13702
-0.154495
2.32655
-1.97844
-29.6562
-0.403951
-1.42098
1.36648
-0.349729
15.7862
-0.0871062
-0.501259
3.31034
-1.68452
1.00026
1.53794
0.162088
65.6287
-0.446449
-0.0936401
0.220698
0.649761
16.3295
6.80244
1.8821
2.80378
-0.184289
35.7783
-1.041
0.257107
-1.61918
0.33904
0.137582
-1.09579
-3.34135
0.282831
-0.431432
1.15665
1.06005
0.378494
-0.0449949
0.402488
0.876824
0.114326
-3.23545
0.704505
-0.451257
-1.65835
1.74553
-0.263643
7.35677
8.78283
-0.730561
5.30789
-0.0419858
-4.82121
0.527115
0.271788
1.77697
-1.59118
1.12953
-1.25697
-0.225262
0.377503
11.2297
2.77487
2.42052
0.892181
-1282.21
-1.3898
15.5957
-5.48606
-0.681816
-4.91386
-0.840672
-1.11687
-10.3659
0.239367
-0.172011
-0.0535691
1.22144
-1.71433
0.417116
0.717039
-0.812161
-0.213955
-2.01947
0.283751
-0.312703
-2.43763
3.14018
9.00352
-1.11282
-26.3637
-2.65751
-0.29766
10.2559
-0.391483
-68.909
1.99172
-2.57506
0.585702
-2.954
-2.06448
1.55169
-0.603668
42.7931
-10.4881
-8.40179
0.709459
0.100132
12.0506
-0.490038
28.5203
0.811644
-0.36337
1.50751
-1.72491
-2.55176
-2.17011
-1.01578
-0.910058
0.575498
-1.14417
0.952135
0.114382
0.395066
-0.306278
-0.571952
-0.041574
-0.898142
-0.404701
-0.207018
1.62709
-0.233866
-0.651195
-0.158835
-1.05844
0.610823
-0.66687
0.189675
-0.593542
1.84129
0.602879
2.02003
0.445597
-1.11147
0.365893
0.0569969
1.57197
2.00604
-1.39988
0.0495464
0.257506
1.03503
1.45446
24.2007
0.758434
1.34417
1.65162
-0.967502
-2.82323
-2.78813
0.474968
-1.61668
2.31777
-0.0282981
0.154091
-1.31789
2.92152
-0.66673
-0.708769
0.349376
-3.47816
1.23384
-2.20073
10.3836
1.36251
47.8452
0.0156503
0.22767
0.0455773
-0.46564
10.7363
-0.876026
-0.146875
-3.98236
1.48133
-0.000453594
-2.8995
-18.2705
-8.01506
1.19161
-1.43079
-0.339023
3.3969
1.97214
-1.1443
4.88053
-0.269723
-1.0427
-0.422352
-9.73021
-0.540124
0.113461
-6.92343
-0.627517
25.3762
10.8726
-0.66818
0.858982
-0.0680026
0.438413
1.06403
0.183154
-1.17825
-0.411794
2.08004
0.56422
0.564162
1.41171
3.70255
-0.345844
21.5691
-1.18536
0.289517
4.31537
1.39288
1.52977
1.54397
0.486387
220.265
0.611074
-2.02424
0.53487
-13.7712
1.34085
-0.0934167
-1.09059
-3.62644
-0.174818
-2.02209
2.21832
0.87375
-0.140702
-10.7783
3.12546
-0.746413
-1.11096
0.739875
0.135862
-0.26903
0.231893
21.7543
0.0602752
-4.13738
0.0159796
0.159059
3.09609
0.0669208
-1.68009
2.28409
0.946242
27.9968
0.0135004
-1.62328
3.39222
0.0308818
0.456509
3.40545
0.92019
-2.03555
1.68724
-0.955625
0.27921
-1.07965
1.19392
0.627692
-2.49313
-0.612173
0.838271
-4.64536
0.236879
1.84276
0.638663
4.44248
-0.383885
0.0629713
0.0804146
15.8207
-0.264323
-3.78029
-0.672149
-0.530738
-1.14899
2.26069
-0.698805
-6.88628
-1.29707
1.59347
-3.99644
-2.51052
-3.06649
1.52009
-0.561809
-1.42809
0.212144
2.69183
0.736689
1.65124
-29.5115
29.1239
0.733047
0.0911779
-0.299558
0.396251
5.3324
-5.0381
0.00850567
0.310622
0.172546
0.0257891
0.957277
-0.605106
0.999895
1.31435
8.18564
-1.58147
0.0683709
-0.892248
1.69827
0.246557
-1.40601
-1.58455
2.78586
-11.088
-22.8897
-3.01615
-0.571994
2.5539
1.5062
0.395055
-0.676549
0.670995
-0.112563
0.704497
-1.97055
1.09155
3.27191
0.0306106
-0.855777
1.58436
-0.619575
-0.00373089
-0.383311
-0.843132
11.9624
9.88773
8.13936
2.06842
-2.40661
0.605173
-0.542833
0.454341
0.08129
0.26668
0.0946019
1.05639
0.426054
4.18934
-11.7541
0.251183
1.85354
1.27921
34.7243
2.79176
-2.81787
0.47319
1.54675
0.264885
-0.0786387
-0.225046
0.140933
0.394347
-2.97019
-3.97573
0.353931
-1.60148
-2.95486
-0.0816855
0.399603
-0.859619
-1.04745
-4.4105
-31.0056
-0.355424
-0.179944
-0.0306273
-1.05228
0.178849
1.91848
-4.18823
3.89863
0.335161
-0.412053
-0.952185
-1.12339
-3.9899
4.8071
0.00780406
-0.662838
0.264381
0.507457
3.51793
1.73027
-0.337963
1.50308
0.966839
-0.60327
-1.01069
-2.0746
9.82319
-2.57663
-1.51591
-0.616685
-0.775027
1.02159
1.28875
0.879635
-27.211
1.41095
0.492412
-0.17038
-0.627116
0.803535
1.83074
3.0219
0.848421
0.319187
1.42498
0.893987
10.7612
1.09544
1.03366
-0.27442
2.12874
-2.00864
0.0928094
0.511033
0.206866
-1.32845
-19.8396
-1.23449
0.677442
-0.847817
-17.6432
0.733673
11.3895
-0.0586388
-0.81921
2.37352
-0.828315
-0.140361
4.99174
7.51015
-1.95994
-1.72236
-0.101708
-0.631058
-2.10608
2.41525
-0.922982
-4.01159
-0.258342
-0.151936
3.18836
2.47835
3.44239
327.842
3.28265
0.164495
0.251576
-2.46017
-0.788609
0.785437
0.356691
-2.72801
-14.5021
0.671205
20.0638
3.64915
-1.69762
0.344522
1.14286
-0.692367
0.60897
1.13164
-16.7925
4.74823
0.803763
-3.26175
30.3357
0.729228
-0.229762
1.04122
2.45465
1.15519
-1.34153
-0.942389
0.281023
-0.958353
0.679845
-1.61892
-0.0915029
-0.339737
-1.36727
1.40343
91.9898
1.03348
-3.95094
0.412297
-0.0464709
0.138795
-0.599052
-3.54513
-0.848968
-10.0943
0.0244153
4.86328
3.21374
0.257461
0.144068
-0.142023
-4.93053
0.707973
-0.271649
-68.5339
-0.171904
9.37122
-2.81559
0.103748
-0.596647
1.85841
-0.556915
-2.80309
0.920964
0.421309
0.16183
0.998626
0.339516
-1.9756
-13.9242
-1.0301
0.99537
2.54472
1.58577
-0.632318
-1.21448
-0.567236
4.62015
-0.408642
-0.420413
-2.01111
-1.99648
2.90076
-0.475014
3.02834
0.0898107
-0.545852
-0.728582
-0.656413
0.606706
0.424157
-2.52638
0.12654
-9.01596
2.42836
-0.27931
-1.80542
-22.4638
6.17157
0.0652993
-0.116542
0.926258
-0.139216
10.1835
0.210765
2.15443
19.2054
-1.68583
3.32575
4.61381
-0.792303
174
-1.63575
-0.153474
2.54173
1.05278
-0.689626
-1.62093
5.19822
1.02211
1.98746
-0.363576
-0.225697
-0.223868
-1.30134
-0.804236
-3.35619
1.00556
-3.6619
0.797291
-0.525724
-0.0617647
8.51438
-0.695777
-0.160642
0.263219
0.3611
10.6029
0.278763
10.5897
-5.65491
0.151198
-0.202745
0.282122
0.260983
0.200627
-0.689717
-0.743165
-1.36392
-0.390717
1.18469
-0.66321
-0.0140018
-0.103157
-0.0808563
-3.81365
-0.520601
-1.67066
0.435912
1.18176
2.60675
0.204658
0.869039
1.8064
4.98292
-0.701124
0.986225
0.985918
0.430664
2.2526
-3.32401
-1.2328
-0.76064
0.27644
-0.577231
0.184209
-0.425862
3.66282
3.47373
-29.1985
0.887957
-0.994973
-2.1472
0.762832
-0.0333691
-2.43375
0.416193
-1.29523
-0.613015
1.95093
-0.83783
0.438944
0.559275
0.196483
-0.025889
-4.50354
1.36216
-0.109075
-1.19615
5.38695
-8.95623
31.9189
-1.31991
-1.285
-0.669319
0.968158
0.713237
2.80285
7.09188
-1.01588
0.493716
-1.40519
-1.09085
-0.524519
0.0338081
-2.70379
-0.210466
-222.145
-0.192191
-2.59984
1.43787
1.86188
-0.551678
1.39021
0.174247
0.742392
-1.48178
-4.5711
0.399129
-0.534529
6.63023
-1.01237
-11.3158
2.70865
2.35314
-0.418081
0.322769
0.91192
-11.4803
0.168598
4.91835
-0.0656945
-0.447371
-1.1035
-3.08965
-0.319686
-0.749788
-4.9758
0.255666
0.831291
1.00853
0.80144
-2.07372
0.669681
-3.81228
1.22667
-0.501663
-0.226969
0.334689
0.658957
-2.27751
0.224688
0.227444
-1.32538
-2.52114
0.075545
0.69673
-0.35115
0.860617
2.45113
-0.595293
-0.896094
-4.05142
1.41106
1.43084
0.902837
-0.0465787
-1.0434
-1.37021
0.139974
-27.4965
-1.47061
-2.77533
-0.824933
-0.384803
1.66486
0.301431
1.06221
0.682061
-1.36853
1.79268
5.46008
6.44097
3.5759
0.375455
-0.123682
1.04024
-0.69336
-1.20989
-2.08849
-1.15877
1.16074
0.24827
1.77098
1.94997
-0.606532
-1.23569
-0.439919
0.536083
0.302986
0.746085
-0.54703
0.617002
-2.46222
26.82
0.588236
0.239712
1.43786
7.46168
-1.55592
-10.026
0.464879
0.968295
-0.307582
1.0063
0.671509
-0.629344
-1.42233
0.970822
0.967738
-3.41827
2.24037
-8.94605
-2.38936
-0.677649
-0.585843
-0.802111
0.15464
-0.641185
-38.0679
0.674152
-0.663289
-1.14324
2.20232
0.23518
-0.197704
-0.678876
-0.647957
-10.6983
2.92558
-0.792471
2.72041
2.75786
-0.374742
-1.86862
-0.687766
3.33533
1.28463
1.15112
3.7412
-0.516433
-0.510811
-6.7203
-1.41744
-7.15107
0.0371929
-1.00656
1.14461
-13.9207
1.17133
1.19723
-0.217678
-9.33956
0.229388
-0.342502
-0.119229
6.49636
-0.24238
-0.0205624
2.76783
1.44144
0.0742489
-0.674716
-1.19146
2.16638
-0.430934
6.49693
0.773764
0.64357
-2.12739
1.71667
4.40951
-3.37721
-3.475
-2.48729
-9.07262
-1.37744
1.23946
6.95457
-0.240098
5.16653
-0.440226
15.8218
-5.37458
0.0283941
5.71463
-0.328938
-2.70899
-0.680356
0.242245
-0.140292
8.901
6.76894
14.132
40.0709
2.37298
-0.199212
0.930221
1.17852
0.292118
1.18131
-1.10218
-1.6669
1.73347
-3.35487
-0.0449978
-0.0047937
0.357249
0.769275
-0.11668
-1.03836
-2.07944
1.23227
-1.74693
-0.297168
0.304449
-8.1926
0.548898
-1.64139
-0.223805
0.5038
0.0570305
0.158946
1.72678
-7.6625
-2.47666
-0.250001
-1.76532
1.55741
-1.11626
13.4083
-3.41158
0.759239
2.70944
1.06163
-0.0840687
-28.4864
0.638674
0.128939
-0.253915
-1.55412
73.9812
-4.24217
-1.28412
0.11066
4.69369
1.98052
0.480577
-2.81952
-5.54451
0.725734
3.73964
-0.814738
0.109505
2.80698
0.00440983
0.258891
0.320386
0.575288
0.630651
-0.130984
0.4691
2.5303
-0.0355316
-0.737259
3.06572
-11.0984
-4.99749
-0.105436
7.8706
-0.572451
-0.170285
-5.07145
-2.07985
-0.106703
-27.9045
2.00478
0.103892
-0.118925
7.34077
-0.953246
-5.35244
-13.3285
-0.801454
-0.662167
1.45002
-4.66156
-3.23403
1.66461
-0.457856
0.145676
0.248441
-1.36254
0.939778
-1.6296
-4.14668
-2.33371
0.704783
0.330184
-0.21407
0.189604
35.6349
0.322706
-0.696085
-0.283701
-0.682619
-1.50941
-0.529905
-3.1443
-0.981117
-20.0572
0.295975
0.265903
-0.0470739
-0.9692
0.310674
-1.45503
6.00091
0.764953
0.10186
32.7465
1.25094
-0.463197
-0.761578
-0.140334
-1.29462
3.19315
0.817007
-0.393804
-0.634737
-1.46051
2.24634
-1.17756
0.551009
1.26711
18.9059
-2.07134
-0.258388
-0.550518
-0.521675
0.953284
0.32353
6.17601
-0.692588
3.67552
0.867825
1.15154
0.470529
-1.42001
4.21556
0.115335
-0.0122671
-1.32412
1.408
2.4066
8.31312
0.758224
0.649273
3.93985
0.289866
-3.97236
-2.08339
-7.63377
5.06395
4.20183
5.53155
-0.582353
1.44825
0.008477
0.0348615
-0.487821
-16.5995
0.88415
-3.95331
-0.989651
1.28007
-0.963609
-2.95901
0.0497757
1.86521
-2.12732
0.874922
-1.98837
-0.614089
3.30454
-3.74135
2.98307
1.55919
0.302824
-0.0381238
2.61672
-0.735798
-0.967451
-0.329815
-1.63895
-1.43588
-0.404321
4.14281
-3.38124
4.23163
-0.164476
-1.75804
8.29658
-3.85488
-1.53368
-1.76128
0.911838
1.29406
0.32149
-0.931159
13.4633
-0.82118
0.635865
17.076
-0.459968
1.10706
-0.268461
11.7662
2.13925
0.286309
-0.598922
-1.83115
0.759968
-2.27063
-0.0529003
4.65935
-2.17234
-32.1535
0.399304
1.60875
-6.99853
-0.0440337
1.8319
0.272812
1.17653
0.813239
-5.11838
0.609773
6.46502
-0.259013
-7.02626
2.08031
1.58759
-0.513328
0.956844
0.272084
0.348568
0.0688576
0.295787
3.16398
-0.74454
2.4971
-1.35158
-2.514
3.79714
1.49394
-0.723468
-0.899182
1.44984
-0.177852
0.194104
-0.630207
0.41214
6.95504
0.440528
0.53165
-0.176427
1.21701
-3.79306
-0.448957
-257.395
0.373505
-0.166256
4.02369
-0.557094
0.243717
0.0667667
0.41771
2.75062
1.67637
0.290823
-1.99783
5.16535
0.331244
-4.17645
-1.92538
27.9555
0.92773
0.875222
11.9256
-0.474892
1.66764
0.0922091
-1.14929
-96.1257
3.02167
-0.624977
0.17295
-2.02855
3.60014
-8.53401
-3.26272
-1.61473
0.368819
6.05839
-4.36011
0.73984
-8.57749
-1.61614
-0.0747866
0.0589173
4.2473
-0.396375
-0.381912
1.28549
-1.50984
0.150395
-0.784362
-2.40136
0.863906
19.6844
17.0388
-6.63525
0.0181492
1.28192
24.0373
0.0836154
-2.24493
0.601966
0.279558
-6.1565
1.35002
21.5134
1.28243
-0.968587
-0.945091
0.0821617
-2.32104
-1.50667
-71.7207
-0.928408
-0.208343
0.500245
0.631887
-1.62376
-0.497255
-1.28134
0.188893
0.361407
-2.73626
-0.258213
2.65341
-1.78607
1.24161
1.14889
1.06353
-6.91188
-1.19275
-0.621958
0.167478
0.75302
0.958171
1.47126
-6.56714
-0.394271
2.31314
0.415505
-0.713851
-0.806822
-0.821697
-15.8624
2.97706
0.895978
2.02466
0.628637
0.743048
1.80655
-0.0207045
0.0279762
-0.604129
0.600039
-0.77325
-0.249949
-2.86415
4.25219
-0.794251
0.513122
-3.15697
-0.324704
-3.87734
-1.37932
2.95488
-0.71825
-1.39317
-0.109508
5.07993
-14.5685
0.0249248
-0.101847
-0.115828
-2.5573
1.14682
-23.1146
-1.79577
-0.281312
-8.68418
-0.0330911
0.748299
0.517781
9.73958
-2.23094
-0.278854
-0.0368368
2.08633
0.661925
1.09448
-6.24345
4.41762
-1.58025
-1.31204
-3.11822
3.20476
2.14835
-0.408614
1.30937
2.28707
0.11153
-1.59971
-0.97138
-0.0317763
1.30949
0.328438
0.616235
-3.15148
-0.728736
-0.826718
-1.52974
0.522993
0.30102
-0.655955
-1.93772
-5.36597
-22.1785
2.70433
-0.259917
