0.481214   0.49998   -0.492461
-0.338324   -0.367475   -0.49349
-0.484724   -0.324895   -0.344118
-0.336958   0.485123   -0.337349
-0.161019   -0.493839   0.477107
-0.0029824   -0.348232   -0.492743
-0.165657   -0.34981   -0.323441
-0.00119367   0.491646   -0.326079
0.163545   -0.492027   -0.480925
0.314813   -0.337113   0.498321
0.13736   -0.319721   -0.327256
0.33507   -0.482242   -0.322419
0.482694   -0.166663   -0.496571
-0.359095   0.00275498   0.488075
-0.494475   -0.008482   -0.341195
-0.312475   -0.155848   -0.373131
-0.15475   -0.181346   0.467978
-0.018071   0.0181762   0.489931
-0.177293   0.0288785   -0.348884
-0.00500419   -0.155806   -0.341121
0.140997   -0.173026   -0.499791
0.339698   0.0137818   0.491426
0.165028   0.00331047   -0.342334
0.315437   -0.161357   -0.337189
-0.486446   0.176555   -0.481863
-0.331106   0.332696   -0.497051
-0.492814   0.331251   -0.31682
-0.326415   0.182209   -0.334651
-0.17729   0.169987   0.480817
-0.00706705   0.34571   0.487338
-0.151995   0.323066   -0.319177
0.00173044   0.160804   -0.343705
0.1649   0.176179   -0.488753
0.333267   0.319071   -0.477104
0.148995   0.32234   -0.33701
0.345002   0.151513   -0.331415
-0.495607   0.477842   -0.154603
-0.335475   -0.334163   -0.18468
-0.496666   -0.343122   -0.00389571
-0.336402   0.494197   0.00236771
-0.172324   0.485824   -0.159111
0.00970185   -0.329607   -0.156376
-0.177193   -0.330245   -0.00504118
-0.00163534   -0.483691   -0.00659489
0.149941   -0.496352   -0.168893
0.337647   -0.33221   -0.173386
0.170723   -0.333481   -0.0112129
0.343504   0.492891   -0.00383941
0.495311   -0.160021   -0.174011
-0.32917   -0.0233219   -0.161005
-0.499041   -0.0125217   0.000406762
-0.347413   -0.166484   0.00879217
-0.151323   -0.160509   -0.159331
-0.000398273   -0.00100316   -0.179878
-0.163964   -0.0102254   0.00610439
0.00040484   -0.159556   0.00710553
0.160384   -0.156426   -0.166526
0.336543   0.0125577   -0.181336
0.159706   0.00504814   0.0103382
0.340187   -0.164348   -0.0223947
-0.498948   0.150581   -0.159227
-0.328002   0.311411   -0.143304
0.49018   0.318438   -0.0126018
-0.306526   0.160259   0.0105344
-0.166572   0.147481   -0.15472
0.00873176   0.316639   -0.146319
-0.144861   0.338366   0.0271903
-0.00512234   0.166718   0.0279732
0.165346   0.165019   -0.168929
0.314013   0.334246   -0.178416
0.164612   0.328656   0.0100524
0.317638   0.14812   -0.000270354
0.490397   -0.486179   0.163254
-0.328707   -0.32373   0.172016
0.498936   -0.346166   0.335134
-0.340532   -0.493999   0.324234
-0.164911   -0.494767   0.175272
0.00650212   -0.334584   0.15412
-0.140134   -0.346243   0.324898
0.0328912   -0.498996   0.329311
0.177617   -0.493383   0.148183
0.326605   -0.324683   0.15036
0.16684   -0.324402   0.331137
0.347509   -0.495334   0.31989
0.497404   -0.1714   0.175907
-0.338905   0.00159235   0.175747
-0.495956   -4.63543e-05   0.32615
-0.35842   -0.177587   0.343077
-0.163623   -0.166883   0.17179
-0.00827594   0.00760223   0.165257
-0.176023   -0.00540161   0.340121
0.00367232   -0.169681   0.311597
0.168684   -0.150608   0.163183
0.34922   -0.000339168   0.153067
0.164039   -0.00259625   0.335263
0.319578   -0.145215   0.342614
-0.495391   0.18139   0.16075
-0.32362   0.326363   0.152083
-0.492004   0.34338   0.347509
-0.350247   0.16659   0.329797
-0.167221   0.160897   0.186099
0.0301073   0.330475   0.173437
-0.17283   0.342111   0.317343
0.00409965   0.184403   0.337296
0.178316   0.163051   0.176674
0.343719   0.346863   0.177762
0.176222   0.344428   0.350048
0.341917   0.17895   0.35172
