0.481144   -0.499957   -0.492403
-0.338336   -0.367458   -0.493293
-0.48477   -0.324968   -0.344164
-0.33703   0.485162   -0.337333
-0.160826   -0.493825   0.477229
-0.00310914   -0.348357   -0.492611
-0.165543   -0.349749   -0.323564
-0.0012205   0.491433   -0.326154
0.163631   -0.491974   -0.480775
0.314853   -0.337051   0.498339
0.137459   -0.319861   -0.327278
0.334918   -0.482243   -0.322469
0.482607   -0.166618   -0.496538
-0.359231   0.0028963   0.487951
-0.494485   -0.00834187   -0.341233
-0.312327   -0.15588   -0.373083
-0.154551   -0.181341   0.467917
-0.0181092   0.0181865   0.489655
-0.177059   0.0288873   -0.348798
-0.00506748   -0.155895   -0.341032
0.14095   -0.172837   -0.499772
0.339693   0.013864   0.491405
0.165054   0.00333154   -0.342497
0.31551   -0.161481   -0.337093
-0.486393   0.176544   -0.481864
-0.331119   0.332632   -0.497225
-0.492814   0.331199   -0.317003
-0.326412   0.182266   -0.334522
-0.177283   0.16997   0.48082
-0.00719848   0.345642   0.487414
-0.151751   0.323007   -0.319087
0.00165638   0.160701   -0.343687
0.164839   0.176203   -0.48886
0.333263   0.31891   -0.477152
0.148971   0.322371   -0.33696
0.344835   0.151478   -0.331292
-0.495522   0.477924   -0.154651
-0.335577   -0.334208   -0.184728
-0.496668   -0.342975   -0.00403606
-0.336391   0.494117   0.00242984
-0.172231   0.48566   -0.159179
0.00982069   -0.329854   -0.156356
-0.177236   -0.3302   -0.00504508
-0.00169904   -0.483507   -0.0065936
0.150072   -0.496179   -0.168887
0.337672   -0.332342   -0.173387
0.170568   -0.333468   -0.0113066
0.343493   0.492804   -0.00369922
0.495147   -0.160041   -0.17395
-0.32928   -0.0233139   -0.161106
-0.499016   -0.0126017   0.000502291
-0.347457   -0.166521   0.00874503
-0.151487   -0.160652   -0.15928
-0.000368114   -0.000841561   -0.179866
-0.164159   -0.0102312   0.00614743
0.000506081   -0.159654   0.0070722
0.160502   -0.156455   -0.166463
0.336581   0.0124922   -0.181316
0.159754   0.00508429   0.0103998
0.340374   -0.164401   -0.0223821
-0.498978   0.150613   -0.159446
-0.328042   0.311357   -0.143361
0.490295   0.318448   -0.0127121
-0.306628   0.160234   0.0106422
-0.166555   0.147596   -0.154638
0.00880948   0.316612   -0.146156
-0.144722   0.338403   0.0272468
-0.00522498   0.16689   0.0281419
0.165534   0.164985   -0.168991
0.313809   0.334324   -0.178576
0.164613   0.328774   0.0100514
0.317437   0.148213   -0.000105378
0.490399   -0.486106   0.163284
-0.328696   -0.323733   0.172034
0.498788   -0.346109   0.335205
-0.340587   -0.494118   0.324373
-0.164969   -0.494935   0.175271
0.00655435   -0.334462   0.154207
-0.139965   -0.346274   0.324952
0.0329665   -0.498951   0.329236
0.177573   -0.493366   0.148463
0.326628   -0.324615   0.150152
0.166821   -0.324388   0.331164
0.34754   -0.495307   0.319843
0.497428   -0.171505   0.175843
-0.338999   0.00158673   0.175755
-0.495932   8.03825e-05   0.326071
-0.358359   -0.177471   0.34301
-0.163757   -0.167079   0.171775
-0.00830695   0.00763324   0.165264
-0.176017   -0.00526583   0.340011
0.00367964   -0.169738   0.311604
0.168761   -0.150788   0.163084
0.349185   -0.000263686   0.153189
0.163893   -0.00252449   0.335148
0.31969   -0.145345   0.342511
-0.495566   0.181512   0.160694
-0.323548   0.326429   0.152019
-0.491985   0.343437   0.347515
-0.350258   0.166706   0.329807
-0.167343   0.160858   0.186154
0.0301873   0.330408   0.17345
-0.172774   0.34202   0.317488
0.00401437   0.184258   0.337245
0.178532   0.162983   0.176757
0.343666   0.347007   0.177586
0.176265   0.344544   0.350068
0.342004   0.178972   0.351629
