0.458021
0.467964
0.501621
0.50679
0.545314
0.504778
0.501284
0.471931
0.491694
0.499229
0.576095
0.530176
0.51289
0.497514
0.498654
0.507024
0.545331
0.516574
0.501619
0.53484
0.541059
0.460347
0.515633
0.547755
0.479908
0.544551
0.517007
0.477566
0.523951
0.54497
0.530172
0.50567
0.489207
0.484269
0.4899
0.486001
0.479618
0.51231
0.518287
0.473984
0.48829
0.464999
0.511499
0.52651
0.491002
0.526632
0.511291
0.507926
0.486976
0.490773
0.546286
0.55703
0.461918
0.484636
0.478018
0.480097
0.50832
0.491989
0.54675
0.514913
0.498028
0.519566
0.512048
0.530821
0.472084
0.532007
0.493121
0.519789
0.462818
0.540303
0.493935
0.463491
0.513221
0.488758
0.508086
0.531406
0.518574
0.465474
0.478437
0.474927
0.535346
0.461339
0.496526
0.502491
0.462358
0.442547
0.466736
0.440724
0.549212
0.531617
0.510233
0.496597
0.506986
0.551939
0.583668
0.495604
0.536193
0.520831
0.527645
0.470954
0.507006
0.516113
0.539952
0.518771
0.496753
0.551194
0.498566
0.504323
0.52967
0.533681
0.529412
0.524255
0.493927
0.512493
0.493897
0.479845
0.520914
0.538505
0.481206
0.486272
0.561796
0.513692
0.54036
0.502897
0.526333
0.463801
0.487051
0.47957
0.468965
0.479532
0.470226
0.513938
0.527161
0.471236
0.453452
0.494782
0.487038
0.532133
0.51604
0.546362
0.501242
0.525035
0.498929
0.508779
0.524096
0.507598
0.510349
0.489354
0.469011
0.501078
0.506237
0.520021
0.47317
0.527611
0.460428
0.525736
0.474468
0.501004
0.489602
0.468905
0.475723
0.496041
0.528008
0.444822
0.491155
0.481311
0.456941
0.483123
0.430123
0.460542
0.453998
0.540266
0.513136
0.48746
0.49709
0.528009
0.485121
0.529155
0.498219
0.492919
0.500967
0.512974
0.492031
0.53189
0.498325
0.491912
0.514123
0.508676
0.502679
0.55354
0.474121
0.486441
0.51968
0.437432
0.508524
0.461328
0.48975
0.566114
0.478313
0.512035
0.469944
0.524529
0.536324
0.480417
0.488084
0.513017
0.489388
0.468094
0.514161
0.538809
0.450238
0.484083
0.493988
0.49104
0.524179
0.49844
0.530142
0.504273
0.545523
0.536919
0.515146
0.445544
0.528795
0.541648
0.53194
0.469919
0.479701
0.47282
0.486598
0.449565
0.510856
0.536398
0.478325
0.531344
0.49729
0.562838
0.551713
0.487911
0.526708
0.481825
0.536263
0.477343
0.459526
0.498029
0.508173
0.536266
0.473661
0.472871
0.519392
0.521513
0.469095
0.497309
0.518941
0.51529
0.487205
0.510637
0.501496
0.528855
0.449853
0.480302
0.518242
0.489723
0.513245
0.547733
0.474985
0.547374
0.501558
0.485193
0.432539
0.452486
0.475325
0.458634
0.454369
0.51468
0.439594
0.501582
0.46651
0.463781
0.52685
0.495025
0.524738
0.509592
0.489698
0.44833
0.504023
0.555191
0.528319
0.496159
0.475234
0.518736
0.527687
0.436416
0.554116
0.488788
0.45955
0.464202
0.507531
0.558151
0.444183
0.556786
0.511967
0.511228
0.456902
0.524592
0.539309
0.469888
0.514343
0.483204
0.504877
0.512855
0.505509
0.511384
0.492733
0.45361
0.562581
0.500106
0.493246
0.511804
0.486499
0.447606
0.47793
0.503197
0.482299
0.515449
0.516544
0.4931
0.469227
0.540607
0.491461
0.528345
0.51061
0.488562
0.504294
0.532761
0.548497
0.552412
0.549802
0.46117
0.518065
0.533003
0.492045
0.4869
0.516791
0.495071
0.49782
0.487807
0.503385
0.484404
0.56235
0.505824
0.481495
0.501012
0.512249
0.455013
0.493177
0.503325
0.470742
0.46314
0.507125
0.458392
0.570163
0.521767
0.516672
0.503107
0.496709
0.459852
0.492555
0.511447
0.452461
0.555874
0.505444
0.522723
0.509674
0.523466
0.543241
0.485849
0.522334
0.515566
0.528138
0.494628
0.49997
0.522088
0.508449
0.56905
0.548748
0.506102
0.4902
0.477611
0.484815
0.453531
0.523485
0.475639
0.564919
0.531369
0.508597
0.484647
0.529289
0.479409
0.506914
0.527692
0.511787
0.490487
0.501552
0.505751
0.552315
0.534246
0.452793
0.500122
0.496498
0.529409
0.493263
0.485825
0.527629
0.519574
0.457895
0.451034
0.425875
0.51752
0.493635
0.487513
0.519759
0.513033
0.473935
0.527073
0.484896
0.459243
0.513001
0.519049
0.505004
0.442477
0.544801
0.493779
0.530174
0.530636
0.521854
0.507114
0.527409
0.445072
0.458772
0.450934
0.538429
0.460998
0.565572
0.474683
0.50974
0.471398
0.495753
0.542919
0.509968
0.499466
0.524142
0.483878
0.519461
0.534551
0.499498
0.48406
0.487157
0.466622
0.52689
0.46382
0.499713
0.554247
0.484835
0.458985
0.487905
0.541089
0.522204
0.52348
0.515289
0.575918
0.489895
0.497971
0.454133
0.481136
0.472266
0.499529
0.473609
0.50482
0.513339
0.4673
0.485255
0.511278
0.532771
0.509196
0.510699
0.465128
0.516583
0.514604
0.486652
0.50388
0.437662
0.518109
0.462166
0.504046
0.491024
0.469225
0.493153
0.515755
0.528848
0.503156
0.499177
0.450897
0.520268
0.507559
0.547505
0.519768
0.530938
0.470332
0.549431
0.441238
0.467357
0.433413
0.513855
0.521436
0.560963
0.487593
0.48314
0.535949
0.506993
0.473352
0.506224
0.510532
0.513105
0.482703
0.534004
0.555343
0.472768
0.547055
0.471984
0.517684
0.498421
0.486092
0.485187
0.488265
0.509388
0.482664
0.490335
0.535978
0.499572
0.488701
0.480293
0.516192
0.489901
0.527135
0.50578
0.507559
0.490549
0.53484
0.469344
0.502337
0.477921
0.451591
0.506605
0.515232
0.491398
0.510033
0.589759
0.495749
0.484858
0.471673
0.478352
0.479066
0.54795
0.513877
0.502322
0.500416
0.512144
0.502893
0.442298
0.517992
0.536542
0.537885
0.56217
0.509363
0.468457
0.480983
0.488929
0.486407
0.50375
0.488346
0.46476
0.493759
0.531949
0.497247
0.476418
0.495776
0.501112
0.504169
0.466851
0.477015
0.467474
0.468916
0.504104
0.531231
0.504852
0.539741
0.532479
0.503886
0.508813
0.524494
0.470964
0.443175
0.480613
0.472775
0.523931
0.454571
0.4359
0.524114
0.509093
0.483882
0.45318
0.527161
0.487728
0.503821
0.487051
0.524889
0.462177
0.5591
0.481205
0.500821
0.455595
0.495032
0.466188
0.531261
0.458976
0.514651
0.516935
0.518556
0.470441
0.529351
0.495065
0.500355
0.541792
0.478034
0.490941
0.519901
0.487333
0.459779
0.500499
0.462329
0.489954
0.495025
0.511841
0.481977
0.509478
0.520269
0.516592
0.455726
0.468287
0.511281
0.471028
0.47734
0.539193
0.469831
0.491961
0.447829
0.490594
0.488938
0.452397
0.526832
0.503884
0.541629
0.551959
0.470005
0.538132
0.468216
0.477071
0.507436
0.527026
0.517088
0.48591
0.538064
0.473084
0.484019
0.493127
0.525126
0.474132
0.514991
0.489328
0.487607
0.457042
0.477536
0.490324
0.492718
0.493739
0.455585
0.481146
0.494378
0.504478
0.472844
0.499828
0.472721
0.483376
0.489677
0.445946
0.499614
0.521224
0.488508
0.43894
0.515191
0.490547
0.53274
0.531181
0.520401
0.467947
0.474185
0.480822
0.530579
0.468702
0.524015
0.489402
0.485022
0.508628
0.492223
0.459223
0.547588
0.578218
0.550607
0.545487
0.533308
0.454034
0.434262
0.518206
0.516016
0.542374
0.556593
0.518867
0.571992
0.520199
0.46284
0.456875
0.494619
0.478327
0.517121
0.490751
0.48506
0.521897
0.517989
0.499101
0.48395
0.49309
0.457509
0.486352
0.489101
0.491122
0.488841
0.498249
0.494222
0.514505
0.507351
0.482118
0.44366
0.520563
0.480228
0.516903
0.518151
0.487225
0.539617
0.447954
0.50659
0.502078
0.50428
0.511595
0.528813
0.523687
0.504753
0.514449
0.534401
0.530177
0.507034
0.46253
0.512492
0.470088
0.469783
0.525105
0.457615
0.530491
0.53003
0.458314
0.496535
0.467365
0.512412
0.513563
0.481116
0.523253
0.456914
0.505678
0.472199
0.477168
0.490128
0.495827
0.519499
0.511775
0.535038
0.534207
0.472508
0.502837
0.474301
0.497494
0.467426
0.525922
0.482065
0.506065
0.5251
0.485382
0.509286
0.475978
0.474977
0.500591
0.507569
0.510723
0.530081
0.514456
0.546524
0.517737
0.497996
0.479185
0.499636
0.544685
0.512875
0.504331
0.503646
0.520502
0.503451
0.502092
0.486463
0.456212
0.512078
0.52488
0.548571
0.510499
0.489778
0.540159
0.552967
0.495053
0.462308
0.497545
0.498609
0.50468
0.512238
0.483172
0.502379
0.487171
0.472054
0.526323
0.504564
0.517947
0.463265
0.48333
0.482849
0.484464
0.436534
0.493735
0.499832
0.46538
0.46782
0.443722
0.509048
0.519498
0.485539
0.511807
0.494509
0.479463
0.45374
0.511803
0.478767
0.475232
0.496291
0.518043
0.554483
0.502308
0.517092
0.507872
0.484521
0.509741
0.491291
0.486406
0.535546
0.512888
0.512525
0.498549
0.480151
0.445948
0.491171
0.52329
0.522488
0.479256
0.528617
0.515249
0.462423
0.516346
0.492546
0.488501
0.473201
0.535778
0.498234
0.44766
0.50763
0.512728
0.490866
0.54123
0.487781
0.515353
0.453872
0.522221
0.483197
0.53091
0.548268
0.521031
0.562629
0.526648
0.508019
0.495595
0.474278
0.530462
0.426423
0.513797
0.499555
0.596315
0.468499
0.473149
0.52536
0.549428
0.534396
0.472737
0.529874
0.516227
0.488825
0.532429
0.506865
0.504062
0.54149
0.434354
0.523513
0.535695
0.533553
0.501638
0.526749
0.503545
0.4751
0.449418
0.49311
0.548704
0.508633
0.533109
0.517107
0.529718
0.573568
0.488947
0.483116
0.496132
0.506758
0.481786
0.485773
0.481805
0.504026
0.455178
0.513896
0.462982
0.477717
0.488698
0.542918
0.456142
0.535259
0.497551
0.480833
0.470604
0.513749
0.519435
0.49266
0.490902
0.425547
0.483677
0.508426
0.503925
0.469891
0.527627
0.519657
0.505822
0.495521
0.525322
0.539394
0.513674
0.52933
0.493418
0.500714
0.526929
0.486014
0.449379
0.468776
0.513608
0.473757
0.456945
0.49138
0.506269
0.450912
0.483848
0.493035
0.522742
0.518716
0.526812
0.497555
0.456629
0.485006
0.538807
0.494157
0.532569
0.523959
0.53357
0.532087
0.481269
0.476843
0.462396
0.498753
0.489295
0.498791
0.468189
0.446378
0.458643
0.496579
0.471786
0.532163
0.501059
0.53243
0.505539
0.496978
0.542132
0.548828
0.519164
0.467553
0.500159
0.499351
0.492862
0.457197
0.504764
0.490516
0.4527
0.540022
0.450287
0.509643
0.553255
0.463696
0.478944
0.463732
0.492531
0.495699
0.508745
0.464358
0.514138
0.528099
0.511181
0.473579
0.531735
0.505846
0.473679
0.445862
0.50074
0.433583
0.491814
0.481025
0.502307
0.505962
0.5163
0.493189
0.484567
0.496491
0.449736
0.490756
0.476136
0.459881
0.518118
0.50239
0.496885
0.522925
0.502125
0.474027
0.510982
0.578875
0.503161
0.451887
0.487193
0.540352
0.539167
0.506514
0.501452
0.455757
0.515203
0.562821
0.446699
0.444205
0.473786
0.471163
0.544977
0.503978
0.489997
0.554409
0.476801
0.529483
0.476365
0.476046
0.532788
0.511735
0.482494
0.464289
0.532558
0.477353
0.514478
0.497208
0.485894
0.481069
0.53907
0.503877
0.511171
0.416754
0.517616
0.536524
0.486055
0.491964
0.54476
0.428716
0.505457
0.510995
0.52691
0.494543
0.521764
0.441456
0.505474
0.493828
0.502327
0.449359
0.51986
0.508346
0.459219
0.487725
0.425235
0.504066
0.48626
0.483703
0.460062
0.494397
0.528301
0.509205
0.498393
0.469465
0.497783
0.510061
0.461933
0.51639
0.513552
0.488681
0.506863
0.465593
0.476946
0.525245
0.490439
0.508105
0.460148
0.472393
0.532346
0.508905
0.521799
0.478446
0.475822
0.491259
0.524881
0.484133
0.533553
0.517091
0.491867
0.537836
0.453324
0.518354
0.52213
0.494352
0.498439
0.48443
0.516628
0.52217
0.517914
0.480534
0.504841
0.54426
0.501423
0.562143
0.518989
0.507386
0.514018
0.450433
0.510502
0.444926
0.495616
0.503739
0.493763
0.528211
0.540243
0.450025
0.492119
0.50138
0.540052
0.525373
0.551148
0.514754
0.489103
0.563482
0.494198
0.511717
0.501908
0.501193
0.515195
0.544118
0.501746
0.475018
0.513712
0.511193
0.543735
0.513695
0.517297
0.556993
0.507681
0.451747
0.456085
0.531334
0.505682
0.49907
0.504655
0.529262
0.469505
0.541528
0.546168
0.454032
0.452725
0.497562
0.47376
0.498602
0.46263
0.485823
0.524211
0.460648
0.506892
0.508813
0.518868
0.556085
0.510006
0.567545
0.516844
0.536114
0.514489
0.472219
0.535476
0.462778
0.541852
0.46391
0.523052
0.548035
0.488329
0.512279
0.528801
0.501349
0.520381
0.46429
0.505151
0.510791
0.494956
0.488949
0.457253
0.452663
0.469524
0.493061
0.514767
0.544634
0.536872
0.522991
0.520916
0.517389
0.549662
0.437458
0.513808
0.509797
0.499765
0.526327
0.495019
0.422596
0.517347
0.510428
0.520444
0.515589
0.464734
0.527387
0.488417
0.56336
0.510032
0.488475
0.440086
0.504501
0.515518
0.491466
0.467067
0.559361
0.505797
0.514518
0.471354
0.501305
0.510719
0.466069
0.442502
0.476489
0.518073
0.485741
0.497064
0.527156
0.501031
0.49127
0.52531
0.493441
0.495373
0.516442
0.490197
0.498695
0.461465
0.515056
0.473611
0.503325
0.526015
0.535887
0.494878
0.502148
0.478579
0.613683
0.476531
0.470262
0.497849
0.461161
0.502353
0.502431
0.492698
0.527029
0.502679
0.510987
0.492988
0.525019
0.511966
0.517247
0.515149
0.48894
0.543627
0.511449
0.517525
0.498739
0.527134
0.506193
0.48048
0.472587
0.532382
0.518415
0.496272
0.469972
0.526325
0.494857
0.493692
0.460814
0.516867
0.456071
0.552474
0.485594
0.509032
0.503922
0.482461
0.531493
0.488391
0.497622
0.502546
0.459557
0.476755
0.513266
0.49437
0.547871
0.465135
0.481895
0.515793
0.465744
0.48897
0.511066
0.529128
0.503924
0.510619
0.484941
0.519139
0.505815
0.474113
0.477895
0.565805
0.524713
0.507185
0.476634
0.466854
0.552062
0.525552
0.535831
0.475053
0.511725
0.494472
0.512277
0.495278
0.535262
0.532563
0.50255
0.486334
0.453235
0.50289
0.439197
0.532553
0.487523
0.536311
0.490434
0.520148
0.479652
0.5021
0.538355
0.533342
0.530142
0.490823
0.550669
0.485255
0.523871
0.494489
0.540939
0.548561
0.496453
0.438963
0.482349
0.460908
0.506628
0.473646
0.489973
0.470106
0.509678
0.423415
0.536575
0.564076
0.496847
0.49784
0.526912
0.530574
0.515782
0.502653
0.525559
0.48167
0.476993
0.498496
0.463249
0.497997
0.50132
0.561921
0.466725
0.517769
0.503425
0.52367
0.557113
0.525561
0.436293
0.499208
0.531808
0.465852
0.441748
0.496529
0.514873
0.48634
0.471995
0.526225
0.50096
0.546018
0.527161
0.488823
0.487738
0.443016
0.453869
0.504384
0.511846
0.547214
0.499813
0.509367
0.503357
0.522611
0.539357
0.495769
0.533753
0.484466
0.455149
0.497513
0.492425
0.506208
0.550749
0.469118
0.476683
0.491101
0.53927
0.501627
0.460281
0.473683
0.453039
0.520798
0.445462
0.455973
0.479274
0.532569
0.483512
0.543429
0.486772
0.490779
0.478837
0.505693
0.518617
0.492166
0.491551
0.507082
0.5459
0.473615
0.52358
0.511855
0.467459
0.53669
0.513283
0.449247
0.510631
0.494416
0.513587
0.51326
0.488018
0.485336
0.508641
0.522229
0.475279
0.479829
0.503982
0.523145
0.49492
0.443695
0.455215
0.575753
0.49112
0.534009
0.520217
0.531408
0.490552
0.512233
0.489847
0.461697
0.474239
0.479602
0.492177
0.521835
0.485412
0.539768
0.545236
0.493814
0.538386
0.463716
0.513274
0.544328
0.543461
0.491944
0.501537
0.47246
0.492824
0.488903
0.504558
0.53213
0.462477
0.494712
0.482966
0.46432
0.505181
0.55913
0.473811
0.484051
0.489404
0.502802
0.4994
0.537137
0.429303
0.530759
0.459653
0.501697
0.470703
0.5332
0.492975
0.509436
0.508105
0.448522
0.51064
0.471693
0.517705
0.443629
0.509695
0.51525
0.481423
0.486499
0.509371
0.512913
0.486962
0.456021
0.486026
0.543851
0.508865
0.484094
0.471584
0.518706
0.505601
0.464995
0.490504
0.49447
0.487661
0.47701
0.510259
0.484121
0.481671
0.531333
0.520331
0.496029
0.515518
0.483228
0.504721
0.508132
0.509497
0.500459
0.472979
0.541866
0.498468
0.513983
0.474743
0.460871
0.500033
0.485913
0.482795
0.519459
0.553723
0.499739
0.499642
0.465847
0.456211
0.507826
0.482596
0.515156
0.527525
0.461167
0.482386
0.547178
0.423293
0.526404
0.460274
0.503902
0.497995
0.50512
0.478693
0.521815
0.484226
0.530394
0.480398
0.523961
0.492989
0.425614
0.471134
0.476769
0.499987
0.530569
0.500816
0.516646
0.482947
0.449797
0.508232
0.491337
0.474941
0.518201
0.574253
0.491047
0.498745
0.438933
0.498566
0.494331
0.51719
0.498538
0.514917
0.503753
0.514547
0.504374
0.499873
0.496302
0.483921
0.499282
0.490098
0.473582
0.545656
0.508539
0.503146
0.496765
0.511765
0.484062
0.51677
0.511307
0.521366
0.480888
0.511741
0.536433
0.492143
0.500913
0.493192
0.544383
0.462813
0.498902
0.465472
0.474433
0.471619
0.465755
0.495513
0.49667
0.495827
0.514056
0.449718
0.490542
0.527252
0.520865
0.469366
0.493166
0.468784
0.502798
0.479524
0.492408
0.456946
0.538355
0.48648
0.529727
0.475455
0.522524
0.498697
0.547779
0.504805
0.508649
0.506272
0.537797
0.422863
0.522558
0.473916
0.541727
0.481481
0.563963
0.522454
0.504135
0.554128
0.540123
0.513828
0.458878
0.489528
0.466773
0.524632
0.47554
0.536324
0.45132
0.463149
0.500636
0.50375
0.463301
0.49491
0.508578
0.483326
0.507109
0.46177
0.477412
0.476558
0.491986
0.459491
0.52431
0.553666
0.474277
0.508854
0.465846
0.488318
0.45696
0.495274
0.538016
0.513382
0.471423
0.51194
0.47104
0.482701
0.496529
0.481464
0.503922
0.533869
0.519928
0.471046
0.463778
0.487039
0.466646
0.526165
0.464929
0.494732
0.509935
0.497767
0.472758
0.497674
0.479389
0.497988
0.517337
0.501637
0.501325
0.529378
0.601816
0.480309
0.526436
0.512649
0.510574
0.479164
0.499695
0.477935
0.54215
0.535362
0.517544
0.494571
0.53192
0.568654
0.43733
0.474381
0.469554
0.498313
0.484023
0.503488
0.476234
0.521068
0.509185
0.51764
0.486636
0.535063
0.467216
0.496043
0.490682
0.504831
0.503858
0.518724
0.570051
0.532277
0.491971
0.472392
0.494462
0.508688
0.489568
0.499833
0.492723
0.502743
0.465121
0.507805
0.523534
0.509554
0.53513
0.558457
0.521075
0.535716
0.508959
0.499266
0.52034
0.505368
0.525935
0.526477
0.477254
0.492279
0.529716
0.517077
0.458538
0.492941
0.524923
0.514267
0.526357
0.535685
0.451036
0.52146
0.442722
0.500808
0.528561
0.489794
0.48866
0.496716
0.502454
0.514155
0.483153
0.497084
0.517819
0.492722
0.526841
0.46403
0.532869
0.505024
0.535486
0.522309
0.494149
0.523512
0.498209
0.539514
0.549028
0.503652
0.555491
0.507304
0.470457
0.467524
0.491931
0.518636
0.508993
0.535949
0.448785
0.506022
0.487085
0.54412
0.501256
0.485796
0.500626
0.445754
0.515559
0.523399
0.542781
0.440761
0.510745
0.524679
0.475061
0.491428
0.490298
0.528205
0.500683
0.522115
0.508493
0.493602
0.49518
0.517468
0.526516
0.490896
0.49929
0.524152
0.53336
0.445873
0.529094
0.511097
0.506476
0.506465
0.48844
0.473253
0.507197
0.485136
0.438614
0.463873
0.485921
0.532297
0.530289
0.460302
0.492068
0.525726
0.532732
0.548287
0.543796
0.521014
0.495283
0.519798
0.472484
0.508018
0.466094
0.529368
0.546981
0.488333
0.513139
0.473949
0.472622
0.528782
0.422481
0.50128
0.480009
0.515914
0.468819
0.491775
0.458556
0.466531
0.493282
0.518925
0.499802
0.519213
0.503506
0.523213
0.555485
0.431876
0.480969
0.524549
0.45539
0.550333
0.520586
0.478215
0.459953
0.532876
0.49758
0.489336
0.512641
0.515874
0.516614
0.490851
0.497084
0.445386
0.478188
0.460016
0.523988
0.539788
0.517302
0.47841
0.512801
0.538416
0.499385
0.470464
0.473154
0.541227
0.488489
0.505502
0.521058
0.524476
0.492752
0.508301
0.524878
0.4774
0.492119
0.49316
0.526063
0.514931
0.473338
0.516495
0.539645
0.501416
0.507216
0.522939
0.529506
0.460352
0.513139
0.519966
0.493408
0.515143
0.485865
0.466023
0.542788
0.515866
0.489572
0.507184
0.492319
0.497057
0.524183
0.487319
0.474241
0.49151
0.488949
0.556772
0.522452
0.515093
0.468301
0.464566
0.531363
0.49758
0.514962
0.509109
0.49453
0.514498
0.495335
0.482432
0.468038
0.474986
0.512149
0.582927
0.543656
0.450679
0.489368
0.531616
0.506763
0.470599
0.494378
0.506919
0.434032
0.497061
0.482423
0.532952
0.475881
0.477606
0.478322
0.406334
0.408692
0.537932
0.53044
0.496508
0.481798
0.470861
0.451933
0.534584
0.484227
0.526299
0.474253
0.515689
0.496219
0.487235
0.477922
0.509841
0.450507
0.476736
0.515568
0.516336
0.468366
0.550971
0.502232
0.526644
0.485417
0.48324
0.497937
0.460833
0.502211
0.49403
0.497519
0.482495
0.504572
0.512077
0.502736
0.457202
0.5387
0.501449
0.471625
0.519464
0.506053
0.52964
0.460141
0.503211
0.49298
0.481687
0.501054
0.490788
0.48013
0.515294
0.435107
0.475468
0.506623
0.48198
0.449453
0.512476
0.493987
0.499233
0.478341
0.533532
0.484859
0.458691
0.461083
0.459908
0.541452
0.485328
0.512278
0.499004
0.538794
0.472663
0.499301
0.519436
0.48772
0.528981
0.462063
0.499639
0.502643
0.499569
0.480032
0.514989
0.539081
0.519973
0.481523
0.488439
0.455956
0.475264
0.480249
0.499671
0.53765
0.510322
0.464143
0.47776
0.47084
0.436137
0.591445
0.502363
0.551087
0.517126
0.509048
0.498411
0.464192
0.514462
0.498117
0.549328
0.427327
0.490422
0.511972
0.483756
0.48492
0.488751
0.491234
0.550807
0.50431
0.516035
0.51124
0.488816
0.536172
0.529102
0.51672
0.512626
0.474701
0.503427
0.508744
0.494371
0.482563
0.537557
0.568928
0.522793
0.535619
0.458552
0.555916
0.51606
0.492401
0.503445
0.509116
0.503105
0.453367
0.511707
0.504711
0.508484
0.494913
0.543741
0.568926
0.505743
0.493155
0.450382
0.493575
0.494307
0.572473
0.518415
0.528857
0.544878
0.543826
0.477112
0.49843
0.508357
0.497826
0.490781
0.491745
0.493272
0.507584
0.51233
0.528645
0.496729
0.526317
0.482852
0.521236
0.473877
0.494722
0.442218
0.478015
0.430886
0.503117
0.505691
0.565268
0.556441
0.533346
0.491556
0.500736
0.496759
0.465449
0.484761
0.444541
0.499107
0.524102
0.551579
0.482383
0.568851
0.529816
0.480279
0.445998
0.495011
0.539906
0.502822
0.495887
0.459337
0.554224
0.522563
0.501302
0.503892
0.540663
0.512977
0.482509
0.502165
0.505414
0.46239
0.490307
0.528686
0.493003
0.499741
0.467819
0.512162
0.531083
0.556343
0.509543
0.49713
0.474999
0.568671
0.492672
0.489127
0.487114
0.507162
0.475684
0.468366
0.4959
0.516031
0.499184
0.466942
0.469802
0.4891
0.464031
0.554539
0.480854
0.486648
0.471709
0.517667
0.523079
0.498271
0.491985
0.537401
0.500636
0.526761
0.492814
0.450645
0.520745
0.528001
0.497525
0.519909
0.536374
0.531873
0.46426
0.4866
0.513688
0.489183
0.492686
0.532832
0.499274
0.509602
0.532972
0.576745
0.522116
0.505625
0.52203
0.506349
0.48535
0.467536
0.472022
0.466876
0.482779
0.504404
0.47613
0.526651
0.475149
0.49608
0.5466
0.526478
0.4912
0.511217
0.480041
0.457542
0.518476
0.516308
0.454997
0.492826
0.478901
0.510732
0.46678
0.557043
0.494123
0.51282
0.564574
0.460087
0.445625
0.471939
0.515798
0.538992
0.484594
0.531586
0.492744
0.533418
0.516567
0.518503
0.496464
0.499642
0.495832
0.452803
0.502946
0.528073
0.454601
0.514115
0.486534
0.509272
0.501946
0.508743
0.445626
0.5635
0.527502
0.472843
0.525632
0.528777
0.464936
0.50661
0.544204
0.492447
0.500177
0.474486
0.493725
0.491278
0.459422
0.506383
0.506063
0.485058
0.511891
0.51492
0.454599
0.458721
0.532369
0.503676
0.498513
0.49798
0.498491
0.441457
0.434338
0.463478
0.507813
0.487584
0.529779
0.46846
0.499634
0.44319
0.454799
0.494948
0.51659
0.533538
0.49497
0.513449
0.471014
0.476349
0.552088
0.491161
0.501059
0.481153
0.517057
0.523705
0.521589
0.59465
0.530036
0.505375
0.434832
0.487085
0.502852
0.452892
0.525806
0.504647
0.488678
0.497685
0.467499
0.522876
0.493982
0.471681
0.500828
0.536086
0.477729
0.491616
0.534354
0.49781
0.492867
0.476854
0.488763
0.487253
0.505058
0.485731
0.521122
0.516764
0.503695
0.485406
0.463886
0.485327
0.510168
0.450231
0.543686
0.503058
0.518403
0.533641
0.46487
0.511731
0.51267
0.478553
0.482815
0.526307
0.477646
0.461282
0.472009
0.482487
0.495759
0.503977
0.473887
0.475275
0.456781
0.530566
0.449446
0.493563
0.494697
0.501223
0.561617
0.495723
0.466838
0.470347
0.482403
0.521225
0.530279
0.493057
0.469786
0.473262
0.5305
0.455201
0.4994
0.497393
0.517318
0.501887
0.465964
0.481205
0.523079
0.519522
0.499489
0.459988
0.518119
0.49637
0.50124
0.52342
0.518491
0.456628
0.494475
0.478283
0.490954
0.50301
0.534943
0.522177
0.530234
0.50286
0.476147
0.513261
0.483542
0.452762
0.524377
0.501005
0.477365
0.516686
0.518503
0.482959
0.47152
0.542631
0.489539
0.512539
0.515474
0.492799
0.494973
0.472824
0.521927
0.512275
0.472852
0.521374
0.492664
0.481224
0.520651
0.501061
0.501673
0.495607
0.503888
0.501917
0.470525
0.511412
0.469519
0.478991
0.491022
0.497396
0.519094
0.501236
0.500111
0.501349
0.486675
0.516396
0.482064
0.554869
0.486523
0.536916
0.502919
0.511654
0.545555
0.431872
0.522193
0.514311
0.515556
0.509905
0.55686
0.524679
0.490166
0.518183
0.502586
0.462668
0.48163
0.53237
0.457242
0.548614
0.472309
0.532612
0.491675
0.534149
0.515965
0.490546
0.452744
0.506587
0.493804
0.46231
0.493627
0.491826
0.480291
0.482588
0.536389
0.510766
0.463722
0.45465
0.491819
0.504238
0.486573
0.541425
0.511527
0.491458
0.450605
0.462577
0.487316
0.486988
0.541739
0.462607
0.492807
0.481216
0.489697
0.484962
0.522346
0.469351
0.487406
0.447162
0.472156
0.533935
0.53517
0.43195
0.508777
0.485869
0.504606
0.559443
0.479752
0.518956
0.507349
0.455315
0.471594
0.532958
0.513515
0.479982
0.540006
0.490169
0.514939
0.51381
0.507376
0.530505
0.488175
0.493339
0.492533
0.48011
0.472254
0.503518
0.567771
0.548474
0.526225
0.540958
0.508134
0.549069
0.49144
0.523203
0.507974
0.468504
0.493625
0.429014
0.489767
0.539187
0.479703
0.554666
0.520201
0.480512
0.494385
0.501268
0.548527
0.533556
0.561535
0.538091
0.502172
0.514295
0.505289
0.506917
0.464623
0.500328
0.455944
0.502399
0.530578
0.47613
0.50562
0.493443
0.503353
0.481807
0.488675
0.4806
0.519567
0.480378
0.531894
0.464472
0.456081
0.46856
0.479441
0.460143
0.514213
0.486083
0.527578
0.502616
0.536212
0.528509
0.464147
0.46827
0.478998
0.508575
0.467822
0.447332
0.480171
0.501042
0.472118
0.502365
0.561285
0.526071
0.509181
0.557771
0.523381
0.496107
0.458326
0.525308
0.479797
0.491278
0.494349
0.460628
0.531234
0.518318
0.530612
0.535824
0.508092
0.487993
0.531877
0.522996
0.515072
0.526054
0.491921
0.513836
0.50304
0.492703
0.460906
0.520217
0.543162
0.475565
0.507521
0.530816
0.5183
0.501191
0.520888
0.498733
0.506674
0.530065
0.537232
0.515139
0.522795
0.470134
0.526318
0.503936
0.530656
0.503844
0.492654
0.55243
0.514192
0.503706
0.516458
0.483023
0.54001
0.491361
0.449393
0.540919
0.487374
0.485178
0.500064
0.452846
0.49047
0.511351
0.454285
0.521793
0.437921
0.533523
0.495109
0.512763
0.48458
0.495923
0.537626
0.504543
0.500583
0.525014
0.473518
0.512489
0.512667
0.524663
0.520396
0.517322
0.462757
0.499826
0.470886
0.49495
0.508818
0.453739
0.546489
0.492292
0.452968
0.47364
0.491208
0.494132
0.511862
0.489994
0.479935
0.465976
0.514339
0.474242
0.466608
0.507934
0.501338
0.470058
0.527129
0.454612
0.513072
0.523127
0.502059
0.506021
0.478478
0.51444
0.554059
0.484502
0.511923
0.482098
0.455117
0.48267
0.442182
0.506637
0.468529
0.517365
0.518679
0.524868
0.450644
0.484629
0.499993
0.48723
0.487387
0.560688
0.519634
0.493663
0.500533
0.503962
0.494076
0.482991
0.498756
0.583078
0.498066
0.440825
0.488439
0.535906
0.482191
0.460979
0.469252
0.544612
0.507714
0.525407
0.499499
0.531719
0.493674
0.487646
0.506218
0.482192
0.481254
0.464782
0.515065
0.536532
0.490411
0.532934
0.534947
0.509892
0.563776
0.491242
0.492429
0.522201
0.512814
0.529383
0.510909
0.524313
0.501258
0.503597
0.499547
0.515161
0.470799
0.496227
0.506977
0.484935
0.544047
0.503779
0.544767
0.539272
0.519761
0.448497
0.585657
0.489464
0.515334
0.518445
0.501557
0.473677
0.541554
0.501123
0.46631
0.52419
0.534627
0.545575
0.578228
0.555648
0.530463
0.478036
0.487382
0.509332
0.476232
0.476076
0.472666
0.478441
0.544184
0.49627
0.473626
0.459394
0.532729
0.450382
0.482052
0.474146
0.459798
0.485061
0.558335
0.428517
0.483447
0.550058
0.497595
0.53154
0.46475
0.509952
0.470565
0.520826
0.517939
0.464399
0.594253
0.458938
0.482823
0.471891
0.49736
0.465787
0.534464
0.502033
0.515464
0.532042
0.535119
0.511336
0.510981
0.458554
0.523458
0.487522
0.502871
0.456797
0.43603
0.487352
0.461132
0.525323
0.456013
0.442963
0.561045
0.527239
0.534217
0.471721
0.502188
0.433685
0.507355
0.474592
0.517218
0.508348
0.468587
0.498031
0.545418
0.517973
0.565318
0.484382
0.466006
0.403902
0.48927
0.495791
0.456214
0.419619
0.50382
0.466647
0.509133
0.479321
0.583595
0.439523
0.486318
0.542499
0.461344
0.539644
0.510165
0.539529
0.527065
0.472866
0.521048
0.553292
0.504409
0.522171
0.434228
0.511797
0.549336
0.50768
0.501522
0.526827
0.46605
0.475175
0.532741
0.503598
0.555191
0.498146
0.51189
0.506434
0.409295
0.498346
0.503139
0.515458
0.510521
0.549866
0.501556
0.539299
0.49564
0.451723
0.483602
0.498811
0.513295
0.483967
0.452404
0.496813
0.518523
0.492297
0.502778
0.488842
0.509543
0.496201
0.49103
0.489923
0.501808
0.545607
0.484514
0.462349
0.474328
0.491048
0.505963
0.459486
0.483253
0.502347
0.50758
0.490586
0.517725
0.510816
0.519895
0.54162
0.502993
0.489966
0.500395
0.477121
0.505797
0.539742
0.546905
0.548053
0.447013
0.529267
0.520754
0.470682
0.556571
0.513099
0.484688
0.531477
0.485627
0.506012
0.480558
0.503014
0.501015
0.501287
0.531778
0.425901
0.526952
0.487521
0.495536
0.511724
0.519016
0.448947
0.51978
0.481998
0.495386
0.524277
0.529971
0.47814
0.430352
0.499053
0.520592
0.47746
0.445085
0.466523
0.536433
0.550158
0.530675
0.512018
0.508633
0.502348
0.498437
0.505865
0.500498
0.520092
0.502481
0.479795
0.50807
0.469447
0.489544
0.491879
0.510479
0.507532
0.501094
0.524977
0.515044
0.539611
0.522693
0.513702
0.492152
0.567188
0.495633
0.5349
0.524896
0.492121
0.545833
0.506644
0.488481
0.471748
0.504999
0.480746
0.514396
0.500033
0.499056
0.483783
0.474347
0.489724
0.468843
0.511641
0.488966
0.470531
0.49807
0.51257
0.606272
0.44831
0.563548
0.473759
0.53491
0.500277
0.492676
0.516427
0.517146
0.491225
0.473202
0.494424
0.526637
0.505765
0.510245
0.511353
0.475957
0.491574
0.425579
0.531208
0.488893
0.48867
0.474193
0.467522
0.482512
0.509692
0.463108
0.476038
0.463981
0.536201
0.517462
0.475887
0.487167
0.495999
0.498859
0.494292
0.473992
0.476454
0.510991
0.499779
0.515555
0.548853
0.467513
0.498906
0.468029
0.508759
0.477197
0.451511
0.478308
0.527397
0.47134
0.459471
0.524436
0.519037
0.468447
0.443979
0.505788
0.499415
0.541175
0.506337
0.488024
0.480148
0.510541
0.477262
0.49781
0.464181
0.472399
0.489713
0.442296
0.487242
0.531182
0.530225
0.49837
0.470312
0.495909
0.47377
0.486673
0.528115
0.493457
0.487121
0.515375
0.508619
0.474099
0.475743
0.508725
0.508556
0.48431
0.519192
0.575362
0.489957
0.531834
0.500031
0.541393
0.5327
0.488022
0.501268
0.493233
0.478079
0.47243
0.487299
0.505217
0.468381
0.474686
0.463374
0.516973
0.497487
0.498625
0.528578
0.545563
0.517481
0.513684
0.487327
0.487386
0.506283
0.488563
0.524373
0.49485
0.491285
0.512161
0.528338
0.542812
0.47402
0.456764
0.568754
0.509776
0.490828
0.488507
0.481618
0.488862
0.494555
0.500103
0.488469
0.473542
0.492251
0.510828
0.543974
0.463137
0.513899
0.498786
0.477035
0.473083
0.497149
0.470426
0.510411
0.514961
0.543071
0.522331
0.463848
0.531294
0.447926
0.500273
0.505738
0.530105
0.565947
0.480535
0.498281
0.524252
0.518143
0.528492
0.451167
0.540512
0.492112
0.509462
0.498782
0.513447
0.517873
0.416826
0.495914
0.479024
0.544713
0.422408
0.526984
0.533008
0.55405
0.524123
0.513798
0.449113
0.503309
0.53589
0.5168
0.491928
0.54582
0.544808
0.524851
0.4596
0.511724
0.530609
0.528524
0.531291
0.464897
0.44236
0.51191
0.53439
0.500896
0.42744
0.497939
0.4865
0.49091
0.507787
0.552224
0.517189
0.506733
0.468398
0.530411
0.504502
0.491755
0.493106
0.484054
0.461241
0.50296
0.492619
0.509997
0.496015
0.49895
0.469819
0.478277
0.514047
0.498973
0.467338
0.483541
0.512754
0.537982
0.472387
0.494981
0.507092
0.462691
0.463863
0.46978
0.53966
0.473663
0.476709
0.475075
0.450577
0.478404
0.468551
0.463442
0.482122
0.490477
0.523595
0.516885
0.433139
0.48963
0.508789
0.494351
0.468209
0.487937
0.54725
0.487756
0.506584
0.516962
0.493963
0.461527
0.485892
0.45093
0.478741
0.500657
0.515606
0.490922
0.451444
0.482285
0.535274
0.505075
0.484481
0.555778
0.492521
0.559811
0.467557
0.486342
0.505814
0.54707
0.469702
0.537136
0.486989
0.512564
0.453559
0.494913
0.548554
0.510046
0.466934
0.484171
0.570742
0.526595
0.476619
0.484818
0.483347
0.503916
0.529477
0.508355
0.52731
0.510655
0.475791
0.477577
0.501083
0.500731
0.479882
0.534786
0.546749
0.492681
0.502992
0.493518
0.480914
0.505027
0.533429
0.488794
0.505365
0.512648
0.48898
0.470876
0.462484
0.519179
0.476596
0.547544
0.480443
0.530419
0.554327
0.509891
0.503151
0.513753
0.460542
0.516631
0.499973
0.448598
0.535398
0.541918
0.520216
0.522854
0.539584
0.471689
0.527376
0.460381
0.485327
0.453519
0.468152
0.464483
0.564668
0.464988
0.55123
0.44241
0.509995
0.485571
0.500825
0.505883
0.481851
0.517036
0.479998
0.522621
0.479003
0.477366
0.478726
0.513896
0.535776
0.453184
0.521754
0.463096
0.481653
0.455711
0.491194
0.52031
0.468145
0.515222
0.508909
0.507918
0.497921
0.479031
0.543644
0.482212
0.531203
0.497985
0.507939
0.466018
0.424435
0.486472
0.509793
0.437342
0.506207
0.450953
0.524109
0.489029
0.535452
0.451999
0.478888
0.48444
0.506906
0.424852
0.511202
0.50414
0.508833
0.473499
0.517929
0.478603
0.448019
0.453258
0.506246
0.56194
0.457023
0.476885
0.488901
0.501631
0.528708
0.529194
0.469237
0.509279
0.483023
0.465193
0.460995
0.477381
0.521058
0.546737
0.467869
0.477112
0.511368
0.50269
0.467839
0.472122
0.473552
0.567615
0.50726
0.433356
0.514107
0.483967
0.509722
0.50988
0.549545
0.502811
0.504676
0.510736
0.501775
0.408048
0.450821
0.512795
0.520747
0.529165
0.519261
0.529642
0.559372
0.477489
0.511427
0.486468
0.495693
0.500973
0.476763
0.525979
0.487338
0.472479
0.515175
0.510318
0.453223
0.466591
0.509257
0.534014
0.467533
0.54994
0.451266
0.492929
0.460958
0.470036
0.449876
0.474235
0.504208
0.507633
0.481694
0.502402
0.438776
0.507587
0.432537
0.466198
0.489986
0.513255
0.473478
0.41171
0.47729
0.489387
0.526663
0.516378
0.456839
0.478546
0.475882
0.489046
0.531321
0.536043
0.446915
0.511024
0.51206
0.498383
0.482643
0.483175
0.498381
0.44023
0.497918
0.464008
0.469244
0.544888
0.489203
0.523789
0.512141
0.483292
0.503982
0.489675
0.494261
0.516527
0.524926
0.526853
0.450916
0.476844
0.503835
0.500701
0.476238
0.482212
0.500335
0.544962
0.561137
0.529369
0.510348
0.540937
0.503529
0.490402
0.489329
0.472688
0.475826
0.527827
0.465259
0.523264
0.554695
0.483205
0.506417
0.506934
0.508078
0.534251
0.498903
0.522446
0.464482
0.51548
0.49894
0.512287
0.479532
0.487351
0.494934
0.552978
0.484793
0.478938
0.534301
0.461366
0.473852
0.509113
0.470058
0.531943
0.52067
0.491244
0.482187
0.460176
0.535199
0.466406
0.518753
0.536855
0.511266
0.470116
0.511799
0.498457
0.521714
0.507576
0.523
0.51852
0.515823
0.482433
0.48408
0.475041
0.513987
0.494055
0.547007
0.468882
0.494652
0.508327
0.448937
0.478197
0.528538
0.466957
0.506939
0.543874
0.555104
0.470296
0.527471
0.510987
0.466295
0.488682
0.535639
0.511273
0.462549
0.477294
0.529202
0.481616
0.486067
0.489519
0.50236
0.543551
0.496353
0.503842
0.504296
0.478783
0.51302
0.429244
0.45749
0.505723
0.490856
0.474122
0.480793
0.492035
0.532159
0.463723
0.512274
0.478202
0.491344
0.451087
0.496829
0.487113
0.4768
0.486515
0.49355
0.464651
0.45503
0.510552
0.467869
0.516312
0.472045
0.455474
0.503465
0.474831
0.447028
0.500306
0.45893
0.513825
0.523264
0.504346
0.51421
0.532455
0.441333
0.534206
0.491805
0.516099
0.469569
0.549375
0.48774
0.488041
0.506791
0.511284
0.497296
0.497183
0.492289
0.480904
0.480508
0.536761
0.488083
0.519843
0.532435
0.529085
0.458447
0.519974
0.503184
0.481293
0.461696
0.476564
0.492712
0.537117
0.46924
0.46993
0.485385
0.479672
0.526904
0.470604
0.479304
0.480251
0.523511
0.503017
0.475402
0.478145
0.481739
0.502698
0.561299
0.53647
0.496229
0.491986
0.494927
0.499018
0.503974
0.519262
0.492922
0.493117
0.481963
0.516694
0.538777
0.51351
0.517095
0.481496
0.515765
0.51225
0.46336
0.565706
0.459623
0.509607
0.51128
0.539479
0.476009
0.540993
0.514621
0.452894
0.517716
0.574906
0.459372
0.501277
0.496655
0.526883
0.539979
0.539043
0.475611
0.504475
0.48786
0.497045
0.534748
0.448229
0.507173
0.458449
0.517897
0.483699
0.502855
0.508121
0.523602
0.509457
0.515927
0.470523
0.445925
0.516134
0.481063
0.461137
0.480031
0.491466
0.531424
0.506391
0.477528
0.59636
0.475764
0.567114
0.486574
0.466977
0.472787
0.460494
0.501753
0.557827
0.517788
0.505565
0.538717
0.490884
0.496548
0.437195
0.538586
0.505713
0.501495
0.473601
0.487126
0.475611
0.575135
0.542374
0.52368
0.554771
0.495745
0.510024
0.494871
0.511454
0.480337
0.490035
0.508076
0.502183
0.509879
0.534437
0.469652
0.521943
0.54179
0.453902
0.49294
0.505411
0.514696
0.471341
0.511026
0.514186
0.48045
0.504028
0.499277
0.485048
0.528426
0.509236
0.432632
0.474224
0.477067
0.478389
0.472667
0.492671
0.487709
0.514727
0.479421
0.53738
0.535665
0.529491
0.532989
0.45369
0.403575
0.55162
0.529881
0.533616
0.48202
0.525968
0.539146
0.525202
0.452411
0.545028
0.483262
0.457878
0.53713
0.499185
0.448792
0.498841
0.551947
0.53047
0.501804
0.49545
0.525698
0.494841
0.473059
0.508632
0.51223
0.517973
0.487963
0.502309
0.539608
0.499568
0.516285
0.543838
0.481596
0.461175
0.51664
0.48047
0.486395
0.462534
0.520738
0.486817
0.497652
0.521425
0.482403
0.488344
0.502731
0.492044
0.486345
0.445869
0.463252
0.466884
0.511717
0.476085
0.502895
0.447142
0.495417
0.513091
0.48747
0.51663
0.51017
0.485944
0.462251
0.524213
0.482373
0.517225
0.50158
0.519755
0.474699
0.48762
0.535727
0.518583
0.488474
0.471514
0.54003
0.549469
0.500817
0.52861
0.511287
0.481122
0.451543
0.49655
0.506422
0.502202
0.484838
0.509563
0.518412
0.509846
0.490692
0.498125
0.544485
0.491706
0.541106
0.434632
0.531575
0.436515
0.516054
0.490089
0.494054
0.508152
0.53422
0.50682
0.458716
0.528239
0.513501
0.482191
0.452044
0.462239
0.526263
0.468341
0.494721
0.524079
0.504379
0.512941
0.50843
0.484288
0.469022
0.485961
0.509897
0.506646
0.460229
0.517454
0.50722
0.54835
0.541225
0.541358
0.523449
0.528702
0.512517
0.530307
0.482436
0.511303
0.500756
0.486469
0.521956
0.484767
0.487356
0.493386
0.529085
0.486955
0.56189
0.473843
0.512849
0.477715
0.53524
0.528741
0.489139
0.495147
0.477519
0.471994
0.552887
0.540377
0.505761
0.476436
0.512512
0.495852
0.486371
0.495748
0.471632
0.482145
0.547344
0.5174
0.493035
0.55828
0.525247
0.491601
0.429928
0.480571
0.55197
0.501279
0.489434
0.524976
0.47624
0.498064
0.503375
0.497968
0.474901
0.419291
0.511303
0.510923
0.488964
0.50102
0.550809
0.503015
0.509411
0.502071
0.500087
0.547643
0.477781
0.484072
0.497775
0.507355
0.506507
0.482526
0.525051
0.482301
0.524028
0.483895
0.535005
0.497197
0.519661
0.523691
0.494264
0.481803
0.513242
0.480591
0.521895
0.499921
0.494532
0.51157
0.480568
0.461902
0.517387
0.483036
0.464982
0.475676
0.503695
0.552998
0.492562
0.491293
0.512081
0.469235
0.481419
0.503981
0.486369
0.478488
0.510574
0.50072
0.508822
0.491669
0.487451
0.505331
0.593139
0.49008
0.467637
0.517078
0.502218
0.477653
0.511896
0.457794
0.485688
0.474199
0.505468
0.532511
0.512206
0.514682
0.474616
0.488615
0.461518
0.4795
0.525446
0.508513
0.491286
0.520786
0.509996
0.490816
0.503682
0.509725
0.514583
0.515036
0.476745
0.469881
0.515422
0.4748
0.495506
0.501549
0.506506
0.484583
0.49788
0.432117
0.494755
0.454949
0.500319
0.447439
0.54743
0.501316
0.528232
0.489235
0.516809
0.48123
0.496176
0.503497
0.487137
0.475157
0.482806
0.494916
0.528829
0.535792
0.49559
0.542319
0.494951
0.480884
0.470299
0.49013
0.514961
0.534571
0.490252
0.48084
0.510715
0.512239
0.510331
0.493494
0.50974
0.483889
0.520763
0.473193
0.480769
0.531027
0.465665
0.516616
0.476554
0.472059
0.471356
0.518552
0.498924
0.491216
0.479437
0.454452
0.521129
0.535982
0.529628
0.533992
0.502439
0.498043
0.497383
0.510657
0.490005
0.502753
0.48126
0.472335
0.503
0.54211
0.495064
0.547933
0.484008
0.506258
0.49975
0.495002
0.512694
0.47849
0.480095
0.453384
0.546729
0.45878
0.521135
0.459868
0.524987
0.480825
0.509368
0.548867
0.468002
0.4876
0.48372
0.484109
0.510699
0.500432
0.521281
0.546342
0.46238
0.486593
0.512802
0.502057
0.478984
0.4504
0.462964
0.558225
0.522609
0.542838
0.490401
0.478051
0.483301
0.484695
0.482505
0.472741
0.528108
0.468213
0.509981
0.504287
0.522396
0.512257
0.546179
0.49427
0.538442
0.515999
0.516182
0.533671
0.496276
0.56611
0.51067
0.528706
0.461803
0.512482
0.539542
0.49767
0.447184
0.517453
0.480303
0.493802
0.528483
0.503555
0.486226
0.519163
0.47558
0.51477
0.479266
0.504527
0.539352
0.486316
0.532753
0.500295
0.421114
0.497928
0.508839
0.543414
0.539333
0.505674
0.53572
0.495324
0.468602
0.477277
0.509619
0.525911
0.495881
0.515949
0.476533
0.498478
0.539006
0.477755
0.488749
0.520736
0.48246
0.517473
0.481127
0.536803
0.525409
0.487988
0.522142
0.505226
0.497014
0.50819
0.494699
0.488015
0.50399
0.494392
0.491709
0.49569
0.48545
0.500262
0.521432
0.483352
0.470002
0.520273
0.527585
0.512759
0.550113
0.481666
0.499219
0.515426
0.488748
0.49993
0.535356
0.471738
0.48326
0.602798
0.519396
0.581075
0.491559
0.507758
0.508286
0.507959
0.535538
0.518076
0.50146
0.529212
0.526768
0.492345
0.47454
0.467132
0.469461
0.482537
0.482804
0.51368
0.49569
0.485579
0.489417
0.470693
0.457888
0.493442
0.493437
0.4711
0.523596
0.476745
0.512572
0.526162
0.497495
0.506877
0.555715
0.513726
0.545688
0.481631
0.510241
0.532491
0.517257
0.499355
0.509066
0.487294
0.498081
0.476624
0.502474
0.480412
0.481921
0.474416
0.579714
0.513875
0.443774
0.507817
0.555355
0.547797
0.500484
0.49423
0.515411
0.469726
0.523629
0.465108
0.458232
0.530003
0.499667
0.496197
0.535159
0.428142
0.472349
0.5113
0.475944
0.505224
0.492398
0.51455
0.553938
0.497306
0.539452
0.426206
0.476043
0.484846
0.501279
0.486958
0.512432
0.523144
0.485248
0.51575
0.471028
0.498796
0.457072
0.496122
0.471759
0.487171
0.461817
0.546064
0.495566
0.465894
0.44217
0.466385
0.533191
0.48935
0.518983
0.462597
0.488718
0.489204
0.479074
0.455323
0.492887
0.495936
0.485296
0.54421
0.481171
0.486388
0.483872
0.500359
0.451617
0.452333
0.514
0.53228
0.477458
0.515054
0.484713
0.480352
0.479486
0.530942
0.464017
0.474804
0.50319
0.47311
0.525286
0.482209
0.495665
0.504017
0.515922
0.495496
0.48728
0.504116
0.483292
0.522478
0.503117
0.531511
0.502916
0.487892
0.49917
0.507633
0.573929
0.543958
0.508318
0.48393
0.526807
0.474451
0.451055
0.514576
0.558358
0.597293
0.475991
0.440188
0.468982
0.470655
0.505115
0.517567
0.447188
0.517578
0.498828
0.510452
0.506389
0.514111
0.525737
0.526285
0.48895
0.485959
0.522219
0.463999
0.54251
0.538654
0.476745
0.517817
0.453569
0.466235
0.463976
0.512065
0.503337
0.513448
0.543621
0.532009
0.460849
0.426459
0.499062
0.515697
0.498351
0.517086
0.490739
0.551822
0.503943
0.535542
0.479315
0.548604
0.486497
0.476695
0.493586
0.488679
0.487833
0.55485
0.548178
0.525011
0.527162
0.512033
0.545991
0.532816
0.542802
0.514809
0.510423
0.512506
0.506149
0.534594
0.48235
0.47864
0.552919
0.476506
0.556877
0.509898
0.526656
0.451709
0.464854
0.495071
0.509505
0.478291
0.474152
0.470062
0.495251
0.545645
0.465715
0.450903
0.499619
0.547376
0.519367
0.537794
0.48285
0.457711
0.444393
0.505149
0.509529
0.49644
0.479879
0.522664
0.470693
0.517357
0.539823
0.542396
0.47319
0.495228
0.458007
0.526862
0.501319
0.496273
0.477638
0.433153
0.48572
0.487155
0.570757
0.518056
0.484544
0.467496
0.532402
0.489207
0.511879
0.540904
0.494552
0.477241
0.538441
0.549509
0.514828
0.433973
0.489541
0.46703
0.474959
0.501588
0.435308
0.515341
0.514015
0.507844
0.528177
0.469563
0.471411
0.472299
0.502652
0.50667
0.564665
0.498544
0.532324
0.542606
0.466937
0.507458
0.459163
0.492925
0.569316
0.476478
0.510069
0.511939
0.432888
0.479881
0.495692
0.515388
0.525563
0.475087
0.48652
0.48162
0.558664
0.48997
0.511225
0.506293
0.488291
0.456195
0.522284
0.565586
0.50644
0.42356
0.493859
0.492931
0.496897
0.560364
0.486945
0.494256
0.450891
0.524778
0.486784
0.496748
0.507517
0.522245
0.547541
0.48613
0.463921
0.473887
0.449253
0.46745
0.530254
0.520928
0.542037
0.564393
0.504389
0.490141
0.492565
0.502101
0.561405
0.455296
0.467806
0.548516
0.502835
0.529638
0.461034
0.529229
0.530685
0.474372
0.5051
0.490857
0.481207
0.508168
0.497972
0.487923
0.493455
0.472678
0.515535
0.528263
0.507587
0.499069
0.476663
0.521938
0.48795
0.550578
0.525557
0.538671
0.475918
0.496074
0.52634
0.468793
0.497503
0.539638
0.484928
0.49271
0.490729
0.491164
0.453161
0.493878
0.487773
0.472969
0.490198
0.460303
0.486867
0.527422
0.486185
0.529549
0.478972
0.490587
0.523181
0.562268
0.484214
0.496882
0.498351
0.509236
0.493089
0.479757
0.444433
0.506918
0.477425
0.513381
0.432453
0.506538
0.496121
0.510351
0.511728
0.491667
0.500644
0.550412
0.532115
0.459331
0.535295
0.485195
0.493537
0.519627
0.507238
0.503972
0.477771
0.468865
0.471298
0.515422
0.457501
0.521212
0.53452
0.480418
0.547639
0.493867
0.505501
0.530825
0.543908
0.500738
0.503477
0.539317
0.473697
0.509644
0.502186
0.475207
0.474172
0.528027
0.493494
0.491295
0.482663
0.482182
0.475776
0.456731
0.494308
0.485005
0.492084
0.470892
0.481969
0.517249
0.533057
0.483276
0.473408
0.527307
0.459614
0.514412
0.590736
0.504497
0.500405
0.482785
0.487119
0.480876
0.519029
0.522775
0.485755
0.506562
0.496017
0.528617
0.496118
0.533569
0.520581
0.509368
0.51246
0.533167
0.497131
0.5599
0.50959
0.48175
0.481555
0.452897
0.510906
0.500223
0.47226
0.516881
0.523704
0.521901
0.490994
0.485239
0.496745
0.47393
0.488412
0.511278
0.43509
0.477218
0.459428
0.474291
0.487202
0.459881
0.47332
0.491634
0.529313
0.469213
0.493601
0.431826
0.482054
0.50716
0.502666
0.563663
0.484354
0.494319
0.526192
0.506342
0.469604
0.507446
0.502312
0.545608
0.489084
0.475486
0.49055
0.500912
0.517658
0.479113
0.455523
0.498588
0.476738
0.478789
0.510413
0.556039
0.499503
0.506334
0.505194
0.49195
0.473397
0.505022
0.494639
0.467505
0.464882
0.54318
0.511077
0.483625
0.521462
0.506308
0.51693
0.509223
0.515972
0.502721
0.492007
0.505472
0.51813
0.527694
0.430563
0.501089
0.508358
0.591133
0.503131
0.493637
0.498869
0.453755
0.52811
0.491836
0.487014
0.526792
0.52813
0.5239
0.4459
0.530197
0.52617
0.53688
0.517273
0.464381
0.506451
0.472028
0.501666
0.530454
0.525092
0.541175
0.570811
0.42399
0.535529
0.479126
0.437318
0.537296
0.503704
0.497067
0.586619
0.535216
0.538016
0.53199
0.486181
0.559425
0.539039
0.467139
0.52698
0.546267
0.514007
0.438457
0.47224
0.50308
0.491061
0.552068
0.428445
0.518062
0.508266
0.467757
0.483609
0.508635
0.482391
0.533477
0.457814
0.493334
0.502454
0.525865
0.451013
0.472206
0.463035
0.411781
0.493105
0.47073
0.512353
0.495852
0.561263
0.502247
0.480109
0.459044
0.529539
0.493912
0.500096
0.483237
0.535729
0.531154
0.432569
0.546828
0.480508
0.505661
0.49139
0.556338
0.523824
0.521869
0.490932
0.569045
0.473561
0.506978
0.537747
0.541625
0.501472
0.519476
0.452007
0.48981
0.521371
0.491183
0.523704
0.504068
0.474592
0.497808
0.51862
0.50629
0.497717
0.48302
0.529057
0.522495
0.497569
0.471044
0.524341
0.466556
0.478463
0.512757
0.476083
0.479936
0.486734
0.540314
0.50321
0.492439
0.507526
0.485285
0.421765
0.53898
0.50884
0.475301
0.504464
0.497373
0.447861
0.534226
0.495025
0.462125
0.464537
0.530837
0.562262
0.459255
0.527434
0.511027
0.478944
0.507127
0.50685
0.498513
0.510416
0.458293
0.560199
0.509068
0.467993
0.477357
0.544655
0.503271
0.492112
0.529856
0.512072
0.51276
0.490256
0.487148
0.471156
0.515015
0.514639
0.502328
0.541913
0.521647
0.494659
0.462148
0.52736
0.485206
0.539117
0.519959
0.477498
0.459507
0.513198
0.47467
0.540557
0.488466
0.505223
0.450716
0.496498
0.498456
0.428161
0.504049
0.497792
0.489179
0.490913
0.489136
0.462454
0.458048
0.504357
0.471986
0.464346
0.473094
0.507157
0.464175
0.505753
0.489377
0.496344
0.472904
0.46721
0.503924
0.477657
0.492061
0.459609
0.484175
0.540653
0.469302
0.503561
0.544949
0.54358
0.504147
0.531033
0.458921
0.503017
0.512098
0.544241
0.505619
0.513281
0.56976
0.516815
0.513935
0.530596
0.48599
0.532231
0.483153
0.497032
0.474054
0.484498
0.527486
0.449203
0.499803
0.526129
0.469141
0.486743
0.450862
0.538355
0.564888
0.495532
0.511839
0.488627
0.491148
0.510699
0.490546
0.490366
0.492603
0.504384
0.500233
0.509987
0.509312
0.483274
0.512848
0.556192
0.447348
0.480894
0.478301
0.516517
0.457949
0.489669
0.504747
0.486157
0.420187
0.537756
0.464892
0.554048
0.48215
0.51563
0.443303
0.481219
0.505641
0.417451
0.489742
0.51641
0.48939
0.442179
0.523513
0.53395
0.535786
0.519474
0.483823
0.508909
0.506121
0.505341
0.491162
0.45451
0.489352
0.522559
0.504696
0.536806
0.479379
0.500866
0.500675
0.501627
0.495831
0.481907
0.53686
0.47879
0.493384
0.493961
0.527965
0.528571
0.464574
0.481413
0.517109
0.505453
0.501142
0.484013
0.468291
0.504129
0.52889
0.490888
0.524877
0.532774
0.481047
0.454319
0.509103
0.488586
0.485157
0.518292
0.537595
0.480588
0.51848
0.516807
0.487899
0.464699
0.476912
0.546957
0.451038
0.516067
0.472414
0.571769
0.495071
0.503673
0.483963
0.487814
0.43468
0.522194
0.527013
0.512582
0.481762
0.446138
0.466481
0.46662
0.502046
0.52124
0.538235
0.525439
0.482715
0.508127
0.51411
0.486184
0.586058
0.493244
0.545432
0.444072
0.534123
0.542052
0.540063
0.543593
0.509395
0.499484
0.577955
0.479481
0.536484
0.512677
0.520227
0.542442
0.479836
0.540958
0.516751
0.554659
0.52245
0.488102
0.49726
0.560055
0.500619
0.541857
0.510967
0.514321
0.48968
0.465731
0.4497
0.459716
0.445787
0.518045
0.489553
0.539627
0.508691
0.503256
0.526058
0.497895
0.510542
0.520535
0.46786
0.527911
0.515708
0.514627
0.543925
0.556472
0.496598
0.483962
0.489245
0.517407
0.470518
0.511036
0.494074
0.459966
0.502529
0.490063
0.541669
0.516976
0.509323
0.476886
0.479557
0.477761
0.549122
0.516154
0.499303
0.500831
0.532585
0.500772
0.499811
0.521332
0.509732
0.498605
0.519125
0.488266
0.447885
0.531457
0.549758
0.496473
0.495627
0.511314
0.522526
0.50838
0.517771
0.468847
0.523906
0.52052
0.476346
0.54919
0.501906
0.519805
0.502607
0.459971
0.49545
0.524582
0.505046
0.496624
0.542282
0.495434
0.488432
0.499953
0.510378
0.490766
0.498856
0.510968
0.517885
0.442143
0.499803
0.51799
0.456565
0.504402
0.494227
0.501012
0.483763
0.505522
0.527653
0.508333
0.507882
0.521271
0.487285
0.550457
0.492383
0.489602
0.482139
0.506256
0.513292
0.549831
0.519182
0.496398
0.495231
0.511575
0.550495
0.51904
0.510955
0.518446
0.546447
0.462792
0.519415
0.481529
0.539885
0.481942
0.527329
0.457608
0.496339
0.538945
0.479268
0.447169
0.525249
0.48918
0.471269
0.467166
0.457197
0.512977
0.452946
0.483547
0.492163
0.469902
0.463133
0.468554
0.503792
0.50031
0.534031
0.487784
0.534682
0.499166
0.478879
0.492016
0.547679
0.467134
0.488133
0.518802
0.488198
0.503919
0.46917
0.498831
0.462549
0.488892
0.484494
0.492047
0.507288
0.543967
0.533473
0.468543
0.494577
0.533752
0.512583
0.499215
0.518566
0.467959
0.519164
0.531185
0.497781
0.511085
0.483704
0.532983
0.518538
0.514356
0.515626
0.464506
0.504366
0.53494
0.467596
0.496731
0.496448
0.527416
0.513351
0.4862
0.460079
0.552523
0.474031
0.50927
0.502134
0.448163
0.498043
0.491128
0.52456
0.487674
0.499421
0.49457
0.458876
0.490368
0.55972
0.493548
0.496694
0.539338
0.468414
0.556484
0.511251
0.501523
0.546815
0.494341
0.514963
0.515048
0.490502
0.518476
0.427984
0.498821
0.565274
0.513237
0.512795
0.5394
0.521614
0.478348
0.489796
0.500128
0.492665
0.576041
0.478919
0.477526
0.500728
0.467966
0.462259
0.499963
0.497273
0.486861
0.492715
0.453576
0.501464
0.537988
0.513649
0.540473
0.572203
0.515334
0.524564
0.484188
0.498688
0.507585
0.487792
0.467411
0.474485
0.478853
0.541202
0.526973
0.510117
0.529177
0.501921
0.531111
0.48917
0.51979
0.466072
0.473984
0.482914
0.50815
0.509525
0.502465
0.478437
0.44773
0.494671
0.490195
0.475297
0.487588
0.4482
0.4839
0.535691
0.50669
0.524907
0.456979
0.493135
0.518001
0.482502
0.525354
0.484666
0.507349
0.462448
0.490585
0.491552
0.492045
0.491799
0.435253
0.523526
0.504275
0.531073
0.53561
0.461527
0.464255
0.513121
0.456488
0.493967
0.468152
0.528027
0.513482
0.461499
0.495769
0.469013
0.46739
0.505318
0.503002
0.454366
0.56593
0.523962
0.504053
0.550383
0.497709
0.543643
0.518418
0.530317
0.473467
0.507076
0.547632
0.494359
0.489586
0.485843
0.526786
0.505621
0.538861
0.491259
0.52581
0.507138
0.553537
0.438757
0.435514
0.484891
0.495615
0.500794
0.513404
0.481837
0.459421
0.493263
0.474257
0.507961
0.491442
0.48043
0.420465
0.501344
0.502425
0.533381
0.567143
0.505238
0.446743
0.486984
0.527006
0.516171
0.534032
0.570372
0.500004
0.498052
0.548082
0.525938
0.522731
0.497306
0.488005
0.521844
0.442596
0.524011
0.476663
0.533048
0.501758
0.464063
0.52136
0.485849
0.50583
0.547349
0.501807
0.46094
0.472347
0.526935
0.530342
0.499986
0.513999
0.484279
0.489428
0.520711
0.481628
0.525445
0.541403
0.505505
0.472
0.493345
0.50551
0.508538
0.485326
0.530995
0.527179
0.516404
0.487566
0.480775
0.484585
0.467269
0.492486
0.494723
0.497465
0.513536
0.478489
0.520827
0.433205
0.493032
0.495204
0.500349
0.505192
0.533705
0.494849
0.531148
0.488425
0.566836
0.51335
0.512032
0.497404
0.483772
0.486236
0.523119
0.471272
0.451169
0.484293
0.477216
0.541234
0.509754
0.503984
0.537212
0.52523
0.521602
0.457635
0.454486
0.494884
0.460927
0.488391
0.473336
0.46971
0.49339
0.534929
0.476417
0.513594
0.518925
0.530948
0.526195
0.478529
0.543075
0.514411
0.537425
0.540626
0.511847
0.451566
0.475633
0.483386
0.485085
0.460722
0.516623
0.493237
0.493352
0.500801
0.491991
0.47234
0.523336
0.499642
0.495666
0.503656
0.446764
0.407084
0.506455
0.483285
0.497837
0.497807
0.52161
0.515061
0.484175
0.558942
0.47641
0.492426
0.536287
0.507444
0.514756
0.462556
0.530543
0.512231
0.535787
0.50776
0.480678
0.446092
0.511506
0.469145
0.512796
0.482357
0.490423
0.497545
0.478899
0.511333
0.512216
0.496712
0.503932
0.471506
0.498405
0.513782
0.481335
0.540512
0.494042
0.441996
0.482123
0.520868
0.515422
0.530693
0.502469
0.505472
0.468798
0.457568
0.514814
0.497867
0.515122
0.478192
0.457483
0.522274
0.495801
0.577805
0.477825
0.458384
0.474459
0.490366
0.493861
0.485926
0.539729
0.449872
0.479454
0.503987
0.484045
0.468948
0.47799
0.50011
0.493467
0.499692
0.509578
0.534152
0.523504
0.501797
0.486762
0.431908
0.465964
0.532928
0.513753
0.513498
0.531819
0.506374
0.494174
0.531527
0.50508
0.490957
0.522318
0.494005
0.49269
0.488216
0.47293
0.50703
0.515438
0.501847
0.424495
0.472246
0.534879
0.504415
0.511046
0.514057
0.531279
0.486332
0.52749
0.501612
0.527567
0.472094
0.513445
0.490555
0.48431
0.508793
0.460596
0.509539
0.5007
0.511884
0.468565
0.496505
0.496558
0.483229
0.444296
0.449731
0.450348
0.526398
0.519957
0.538645
0.498219
0.514238
0.47436
0.479395
0.509048
0.48371
0.502888
0.5002
0.530512
0.492991
0.530949
0.501456
0.551163
0.505834
0.495939
0.475609
0.45353
0.438209
0.502719
0.501795
0.503228
0.492194
0.527614
0.510248
0.49909
0.492141
0.50592
0.481468
0.479306
0.498105
0.497934
0.505159
0.528586
0.531538
0.458495
0.473933
0.511335
0.47825
0.465042
0.516777
0.535842
0.513633
0.449187
0.477283
0.494486
0.485155
0.496805
0.471654
0.494959
0.507114
0.531638
0.441464
0.507506
0.532665
0.477416
0.52619
0.463172
0.518103
0.52349
0.540507
0.478077
0.514421
0.49899
0.481354
0.458697
0.51113
0.500487
0.539754
0.503164
0.46734
0.478175
0.482415
0.513585
0.515115
0.495576
0.488082
0.504368
0.550086
0.517745
0.513666
0.501575
0.504337
0.53301
0.465132
0.538277
0.506549
0.443207
0.508154
0.48094
0.484416
0.527449
0.553536
0.531815
0.524322
0.514399
0.4924
0.512346
0.483288
0.498062
0.476139
0.482599
0.448179
0.532095
0.466133
0.441698
0.557182
0.477627
0.458233
0.524286
0.478548
0.539602
0.517012
0.507993
0.481596
0.506632
0.514778
0.536926
0.504989
0.489367
0.500354
0.476172
0.477272
0.52238
0.502628
0.532315
0.494673
0.504574
0.51386
0.544972
0.531176
0.52309
0.447762
0.464344
0.475854
0.515748
0.547341
0.479778
0.582472
0.466993
0.487508
0.454352
0.486351
0.472358
0.477448
0.480471
0.493501
0.516442
0.497768
0.441478
0.487019
0.439412
0.487395
0.494284
0.495752
0.487006
0.495249
0.478012
0.500229
0.519067
0.481684
0.503652
0.560848
0.511578
0.434685
0.539745
0.483344
0.487225
0.505839
0.499063
0.506512
0.529469
0.471066
0.461323
0.477197
0.515136
0.451123
0.546908
0.497551
0.51052
0.516863
0.496599
0.519562
0.436002
0.494272
0.502336
0.481831
0.464191
0.504257
0.503981
0.533637
0.506573
0.542218
0.517105
0.54125
0.483675
0.512364
0.466787
0.461519
0.483753
0.461816
0.482431
0.44772
0.554989
0.489461
0.458595
0.502677
0.506203
0.494573
0.466841
0.514139
0.471084
0.460212
0.513595
0.547432
0.540936
0.46637
0.489026
0.510371
0.500939
0.527899
0.49194
0.485435
0.514926
0.502193
0.47569
0.434219
0.513671
0.531643
0.520098
0.499137
0.501703
0.495855
0.534402
0.517405
0.497627
0.518634
0.496205
0.492274
0.502961
0.504729
0.461451
0.526545
0.504494
0.491355
0.450413
0.493336
0.435154
0.439468
0.464693
0.469125
0.508396
0.449812
0.510245
0.46405
0.501101
0.508734
0.491405
0.54448
0.569996
0.528758
0.480945
0.462851
0.506585
0.518928
0.471136
0.499766
0.485599
0.519919
0.49083
0.533362
0.491958
0.43891
0.573558
0.540941
0.521252
0.469223
0.481641
0.51787
0.488738
0.40973
0.511319
0.52874
0.511847
0.519025
0.503894
0.505801
0.491215
0.489356
0.487893
0.489651
0.565222
0.485334
0.507236
0.4972
0.47305
0.502395
0.470433
0.531893
0.531261
0.500039
0.505788
0.511204
0.528878
0.474825
0.457621
0.52639
0.475998
0.488137
0.518506
0.469518
0.520908
0.503716
0.492522
0.47275
0.470719
0.499957
0.544526
0.554897
0.480524
0.461965
0.450433
0.480241
0.506059
0.498389
0.513518
0.504617
0.50489
0.518012
0.481734
0.493767
0.521109
0.52111
0.541038
0.518954
0.40855
0.520575
0.519743
0.474845
0.437515
0.527809
0.478878
0.534659
0.440026
0.518374
0.483566
0.437581
0.518579
0.502417
0.500419
0.503438
0.543425
0.524856
0.465947
0.509648
0.493361
0.47033
0.510982
0.515424
0.485037
0.487921
0.53612
0.498259
0.545782
0.510635
0.473179
0.537658
0.534939
0.504653
0.557665
0.48115
0.508725
0.503343
0.557266
0.467561
0.503595
0.471043
0.501351
0.48255
0.533134
0.501607
0.456493
0.481414
0.483455
0.456715
0.502997
0.50416
0.472119
0.558954
0.507456
0.517835
0.545564
0.484656
0.526315
0.501131
0.490057
0.461512
0.485451
0.506251
0.471156
0.51594
0.470769
0.49304
0.50669
0.535231
0.52482
0.560381
0.508258
0.479452
0.464421
0.459863
0.466233
0.478116
0.464308
0.486707
0.523294
0.486622
0.501786
0.522958
0.491468
0.447451
0.547412
0.487952
0.527684
0.471144
0.506681
0.421036
0.492852
0.472025
0.557734
0.491561
0.459447
0.503707
0.470079
0.451139
0.472616
0.459357
0.50933
0.443169
0.479799
0.471722
0.482959
0.46462
0.493864
0.497928
0.512065
0.515087
0.55476
0.474042
0.514158
0.528113
0.544681
0.4944
0.51196
0.479771
0.451752
0.460699
0.543222
0.509516
0.517228
0.495852
0.44655
0.458302
0.501202
0.46762
0.498258
0.498964
0.491845
0.456996
0.535229
0.463864
0.443142
0.526363
0.528788
0.574807
0.526158
0.472412
0.534605
0.490217
0.518813
0.458835
0.473596
0.494585
0.469173
0.463771
0.518852
0.525175
0.537263
0.487027
0.513581
0.461005
0.510383
0.51206
0.46506
0.499084
0.496952
0.487731
0.539611
0.492921
0.563864
0.474814
0.523587
0.468297
0.542354
0.532277
0.535374
0.501305
0.517385
0.538334
0.483411
0.55365
0.495553
0.481251
0.475225
0.480226
0.4865
0.454924
0.47248
0.503941
0.512851
0.474225
0.517044
0.492828
0.423658
0.445109
0.513067
0.494405
0.466367
0.504486
0.490083
0.482307
0.492298
0.524865
0.512118
0.480188
0.540638
0.548757
0.50782
0.487882
0.465954
0.487846
0.476605
0.51483
0.52422
0.511928
0.49581
0.485778
0.522357
0.51261
0.473877
0.473735
0.516293
0.466781
0.534536
0.5352
0.492535
0.514845
0.507014
0.512652
0.528258
0.518718
0.497259
0.519309
0.474913
0.534596
0.515175
0.461149
0.530342
0.505484
0.472874
0.461199
0.484419
0.478492
0.52895
0.49109
0.493197
0.491897
0.453758
0.534875
0.436582
0.506971
0.500717
0.500114
0.494506
0.509574
0.438623
0.491226
0.496635
0.486509
0.529984
0.500107
0.500577
0.481655
0.480366
0.469006
0.543616
0.476845
0.453751
0.490682
0.492952
0.542533
0.518922
0.540808
0.50947
0.503207
0.521852
0.447656
0.510006
0.49258
0.509115
0.51404
0.43315
0.53354
0.517313
0.536524
0.493546
0.46787
0.543512
0.536903
0.50972
0.550732
0.511703
0.420938
0.530416
0.494911
0.50027
0.539368
0.454454
0.469839
0.535481
0.51618
0.459097
0.530367
0.495989
0.529149
0.53194
0.520316
0.493353
0.487643
0.471309
0.495787
0.463568
0.522687
0.53018
0.523239
0.484621
0.544305
0.518612
0.477331
0.49505
0.501117
0.479694
0.533532
0.518533
0.487206
0.504009
0.460495
0.489478
0.501252
0.597616
0.507197
0.46464
0.492925
0.518544
0.549842
0.505745
0.461556
0.466803
0.473536
0.46814
0.482056
0.53291
0.463722
0.510445
0.483121
0.519931
0.462382
0.510235
0.492684
0.554042
0.474005
0.520726
0.475646
0.508599
0.486322
0.513482
0.458864
0.516728
0.460804
0.49214
0.46841
0.49743
0.517927
0.532143
0.564093
0.530202
0.542201
0.521497
0.496249
0.483173
0.541973
0.497537
0.469793
0.519752
0.508977
0.464714
0.490538
0.468802
0.502674
0.488392
0.488782
0.513316
0.534334
0.529667
0.505158
0.492621
0.515904
0.476195
0.453752
0.513089
0.548626
0.524044
0.487482
0.522367
0.556428
0.525548
0.480748
0.462121
0.479082
0.488195
0.514344
0.504303
0.530123
0.489513
0.487641
0.48592
0.454536
0.532984
0.503023
0.487331
0.481208
0.539968
0.457607
0.519053
0.545149
0.502643
0.517212
0.472085
0.464471
0.49296
0.477603
0.546747
0.41714
0.492618
0.427999
0.535035
0.432492
0.48905
0.541844
0.411491
0.552511
0.542427
0.449844
0.48759
0.517876
0.498673
0.510277
0.494641
0.493772
0.503505
0.501554
0.5002
0.520472
0.472481
0.502061
0.543013
0.523671
0.482063
0.472257
0.541455
0.439604
0.546703
0.474041
0.500496
0.499916
0.496934
0.542385
0.472185
0.521299
0.503488
0.504228
0.484643
0.514905
0.552423
0.469644
0.48457
0.510509
0.526265
0.48027
0.518278
0.500452
0.506168
0.529997
0.50623
0.47834
0.530089
0.502934
0.516098
0.487513
0.461979
0.473633
0.489337
0.504279
0.506992
0.454579
0.506273
0.570913
0.537701
0.54595
0.49471
0.50342
0.49634
0.482636
0.487047
0.509071
0.508056
0.493529
0.520917
0.468691
0.460179
0.538079
0.458339
0.478729
0.542502
0.485111
0.508382
0.50808
0.513589
0.488909
0.51835
0.494678
0.478081
0.517571
0.528479
0.396859
0.450036
0.498622
0.535155
0.514482
0.507271
0.486899
0.50764
0.494818
0.491724
0.529695
0.503316
0.488208
0.510836
0.504175
0.506451
0.488483
0.464941
0.512055
0.475472
0.513151
0.485681
0.516544
0.493758
0.488348
0.490421
0.476557
0.518949
0.49356
0.527701
0.513192
0.485768
0.5111
0.508685
0.493465
0.47736
0.535365
0.469635
0.476326
0.490148
0.486845
0.480399
0.485924
0.477202
0.555905
0.493914
0.547149
0.475127
0.461335
0.471724
0.498436
0.519463
0.488653
0.490515
0.526835
0.523602
0.513194
0.524665
0.520343
0.496221
0.472943
0.499812
0.532507
0.492232
0.526147
0.492428
0.484294
0.462245
0.518694
0.480427
0.518215
0.525547
0.486244
0.529767
0.50973
0.481599
0.476142
0.502084
0.530907
0.525045
0.504087
0.448336
0.501356
0.469241
0.550564
0.533458
0.511415
0.533296
0.532055
0.507042
0.502619
0.527627
0.452001
0.475025
0.490421
0.503039
0.546537
0.537396
0.474184
0.508309
0.489991
0.496919
0.539441
0.551292
0.54515
0.463867
0.517412
0.508541
0.51329
0.521779
0.466799
0.548444
0.518971
0.499228
0.542834
0.522876
0.514601
0.472602
0.498603
0.532364
0.509762
0.484911
0.48363
0.469772
0.480302
0.525595
0.564724
0.477499
0.482196
0.486361
0.514103
0.503191
0.45517
0.518025
0.489769
0.478976
0.471086
0.523381
0.51316
0.479201
0.502107
0.481073
0.539061
0.521703
0.513609
0.495492
0.442783
0.497576
0.506872
0.467683
0.499611
0.554472
0.456532
0.542275
0.46151
0.468402
0.5678
0.535416
0.456102
0.489061
0.458442
0.488732
0.492909
0.503672
0.440533
0.5343
0.491858
0.494334
0.496969
0.515631
0.459055
0.483895
0.527748
0.52968
0.494823
0.485341
0.521015
0.454859
0.459007
0.469693
0.503877
0.480075
0.508541
0.507425
0.497979
0.459777
0.532286
0.4684
0.514843
0.540023
0.518129
0.505317
0.465984
0.510564
0.467349
0.485672
0.492777
0.477937
0.501252
0.457242
0.551104
0.544579
0.495066
0.48208
0.515753
0.478956
0.504105
0.534021
0.479592
0.521704
0.477198
0.534716
0.512506
0.512793
0.512385
0.483168
0.475101
0.494698
0.499874
0.503794
0.532168
0.506591
0.437269
0.487996
0.560919
0.48455
0.542063
0.484252
0.508986
0.512774
0.506391
0.491717
0.507187
0.500829
0.489056
0.54235
0.492055
0.511895
0.529817
0.536543
0.503133
0.507038
0.500942
0.497278
0.570039
0.490492
0.511026
0.507789
0.584292
0.500962
0.556079
0.44775
0.520903
0.453937
0.462878
0.462972
0.514737
0.510022
0.499579
0.503613
0.486636
0.514286
0.508602
0.545915
0.514306
0.481624
0.556777
0.422443
0.422978
0.493136
0.487761
0.52585
0.500824
0.558517
0.551711
0.51115
0.504147
0.549471
0.557237
0.551514
0.517333
0.459134
0.480601
0.472575
0.492567
0.472516
0.517203
0.500255
0.454319
0.512955
0.470319
0.557099
0.533593
0.44959
0.462104
0.462134
0.456938
0.530849
0.551871
0.509238
0.505235
0.518954
0.506626
0.539024
0.477239
0.500433
0.498873
0.469245
0.512892
0.527664
0.526682
0.498711
0.491398
0.486418
0.521026
0.499718
0.53907
0.434427
0.515381
0.484
0.511935
0.505964
0.542592
0.487193
0.498113
0.477443
0.514007
0.466812
0.464951
0.479029
0.525872
0.498751
0.495932
0.547267
0.547997
0.457288
0.462346
0.513724
0.489683
0.473617
0.454726
0.484652
0.547917
0.497889
0.539049
0.53666
0.492833
0.539766
0.58271
0.563407
0.455438
0.4925
0.455247
0.498305
0.5026
0.525517
0.468846
0.458244
0.46431
0.430528
0.483605
0.493329
0.528203
0.476141
0.452564
0.527633
0.536345
0.496006
0.4815
0.505964
0.449287
0.51546
0.488491
0.501651
0.512387
0.541697
0.508243
0.550346
0.519393
0.472449
0.506179
0.514834
0.468293
0.528188
0.527305
0.495873
0.454435
0.412837
0.464828
0.554031
0.505906
0.518
0.483549
0.507557
0.50618
0.515709
0.513016
0.491252
0.449034
0.524684
0.515449
0.54137
0.520724
0.525108
0.473423
0.491521
0.484428
0.466924
0.512322
0.524601
0.501964
0.506637
0.472558
0.565729
0.467755
0.467641
0.506554
0.491206
0.530079
0.529057
0.50549
0.478484
0.474574
0.44809
0.540823
0.482158
0.445008
0.460894
0.455565
0.480963
0.516319
0.486965
0.49033
0.480799
0.56492
0.462037
0.499144
0.488762
0.491267
0.484501
0.490023
0.563194
0.489697
0.46034
0.435319
0.514751
0.530523
0.491573
0.526825
0.513481
0.509406
0.433223
0.530649
0.476923
0.498988
0.553797
0.506858
0.44422
0.487782
0.514278
0.478879
0.511245
0.481343
0.460637
0.517672
0.501749
0.520694
0.454862
0.485669
0.489513
0.513021
0.479499
0.495472
0.496533
0.479633
0.530709
0.478325
0.4822
0.546187
0.51484
0.477343
0.508515
0.53018
0.493522
0.490517
0.526308
0.470709
0.482264
0.568475
0.527471
0.515488
0.44758
0.532014
0.508221
0.470142
0.497624
0.524395
0.498358
0.494756
0.51134
0.533405
0.491557
0.502698
0.51113
0.478186
0.511665
0.506704
0.514035
0.455827
0.500017
0.527227
0.49644
0.482722
0.538768
0.548055
0.517279
0.505694
0.49524
0.534191
0.504771
0.477887
0.522281
0.467005
0.491664
0.45442
0.53965
0.521642
0.493995
0.542807
0.511405
0.491705
0.548368
0.513146
0.484313
0.466197
0.502744
0.483072
0.52228
0.473733
0.505752
0.492471
0.541784
0.559016
0.469509
0.572967
0.523339
0.546576
0.490962
0.527172
0.483961
0.506779
0.536742
0.462696
0.475659
0.4991
0.506532
0.495935
0.524936
0.55766
0.499957
0.490609
0.47831
0.494031
0.521984
0.486081
0.488846
0.492306
0.461837
0.510428
0.498708
0.501433
0.530432
0.54329
0.532724
0.509815
0.501326
0.523475
0.497968
0.447178
0.49018
0.536332
0.514355
0.518705
0.477739
0.475896
0.501255
0.47643
0.511327
0.496789
0.56512
0.502902
0.529859
0.540893
0.513132
0.552116
0.477366
0.533785
0.487856
0.462707
0.48004
0.495943
0.457919
0.458407
0.501788
0.463709
0.479699
0.520775
0.523309
0.49503
0.555035
0.549189
0.509681
0.504947
0.519943
0.553097
0.501466
0.45587
0.489359
0.541546
0.494333
0.457603
0.512887
0.454967
0.502188
0.512139
0.416574
0.524232
0.508833
0.508227
0.555688
0.501968
0.433128
0.480695
0.513523
0.471149
0.542675
0.459545
0.501213
0.425942
0.471017
0.54381
0.483561
0.529825
0.453354
0.515181
0.51589
0.545969
0.485769
0.506394
0.566902
0.504886
0.482974
0.499386
0.522559
0.554343
0.489576
0.52822
0.505975
0.52654
0.569845
0.511765
0.468326
0.547552
0.531016
0.501155
0.525774
0.504045
0.495087
0.467002
0.52741
0.472247
0.484151
0.531383
0.499209
0.514193
0.44423
0.479587
0.489
0.476227
0.452631
0.546631
0.487458
0.524781
0.513816
0.483542
0.530102
0.494409
0.498791
0.468399
0.475319
0.473093
0.433002
0.51715
0.523394
0.48981
0.487758
0.479184
0.491562
0.49937
0.48016
0.492679
0.530075
0.539516
0.516551
0.474706
0.50428
0.475292
0.484478
0.491109
0.527718
0.53567
0.488178
0.531138
0.511237
0.427452
0.452564
0.481861
0.453121
0.551435
0.530745
0.517329
0.485228
0.505835
0.510045
0.517519
0.490158
0.541983
0.471552
0.472032
0.504422
0.49729
0.42817
0.443561
0.502633
0.470464
0.556197
0.526129
0.517717
0.50401
0.475411
0.503083
0.482129
0.498983
0.492677
0.529862
0.535094
0.497011
0.454065
0.506527
0.46086
0.484581
0.480489
0.495055
0.492965
0.4946
0.451855
0.526405
0.489523
0.480207
0.514733
0.512341
0.454525
0.505862
0.518533
0.537029
0.520151
0.480696
0.455212
0.423391
0.495105
0.519128
0.46748
0.489235
0.49396
0.463747
0.570534
0.45814
0.512523
0.505458
0.492305
0.470113
0.454208
0.475898
0.477215
0.467011
0.482435
0.477113
0.488455
0.537727
0.474037
0.473503
0.513779
0.508144
0.478687
0.471033
0.539808
0.480849
0.429335
0.518708
0.449858
0.469622
0.558667
0.437315
0.450276
0.503681
0.496578
0.580429
0.510298
0.506699
0.523657
0.502688
0.500413
0.485583
0.56569
0.480327
0.454257
0.544022
0.494181
0.468989
0.519008
0.505798
0.537886
0.503786
0.479307
0.512863
0.500362
0.516642
0.509691
0.503182
0.468532
0.545888
0.460538
0.513343
0.457269
0.503132
0.472535
0.500928
0.59499
0.50239
0.484655
0.451657
0.535271
0.486483
0.480656
0.416291
0.459474
0.465702
0.469086
0.512305
0.485389
0.503734
0.501815
0.47532
0.526898
0.475861
0.496076
0.535313
0.529645
0.494417
0.495021
0.522578
0.467731
0.496512
0.521795
0.438464
0.556415
0.51903
0.522128
0.505873
0.515844
0.475878
0.470436
0.524524
0.510782
0.472517
0.504443
0.495984
0.521369
0.472743
0.463318
0.583465
0.509886
0.502745
0.514323
0.491386
0.548542
0.507424
0.482985
0.499697
0.483273
0.503977
0.501777
0.527976
0.468559
0.497749
0.502314
0.544288
0.508253
0.455351
0.516071
0.483805
0.507429
0.450036
0.488609
0.512199
0.510246
0.474356
0.512324
0.458796
0.488823
0.475066
0.512706
0.474501
0.448136
0.495309
0.523115
0.469479
0.501926
0.52906
0.563075
0.45561
0.474622
0.482832
0.49508
0.528709
0.514287
0.559658
0.49492
0.505508
0.491569
0.490327
0.540518
0.490403
0.479675
0.506895
0.454284
0.456972
0.52036
0.443454
0.493989
0.489255
0.500927
0.469173
0.497146
0.4878
0.557248
0.468604
0.493916
0.495473
0.4978
0.454246
0.503524
0.478038
0.503709
0.436384
0.479189
0.494498
0.479823
0.505188
0.486578
0.512206
0.491789
0.520083
0.500765
0.541735
0.484151
0.471376
0.456712
0.506524
0.50446
0.509156
0.488268
0.502278
0.548409
0.544461
0.480673
0.451141
0.52097
0.487699
0.481593
0.485634
0.428555
0.54935
0.525654
0.447357
0.497193
0.507922
0.537506
0.545456
0.51172
0.520179
0.508395
0.529856
0.510983
0.488631
0.491248
0.484263
0.534067
0.511292
0.559285
0.493927
0.472526
0.508701
0.473133
0.553171
0.473642
0.453213
0.541465
0.517692
0.489689
0.495552
0.510151
0.536617
0.448221
0.543629
0.474927
0.539334
0.518371
0.488629
0.542572
0.522085
0.468166
0.463362
0.505616
0.419323
0.537859
0.467877
0.525544
0.524837
0.544276
0.477346
0.469534
0.507642
0.531176
0.507214
0.515696
0.497634
0.520635
0.490606
0.571838
0.486013
0.490434
0.573014
0.462739
0.495467
0.46247
0.499233
0.500944
0.555126
0.497183
0.547578
0.50607
0.50528
0.558995
0.496358
0.49763
0.536862
0.537766
0.487614
0.546371
0.510698
0.521268
0.503133
0.519131
0.501523
0.55367
0.547713
0.532209
0.441757
0.495042
0.474707
0.518249
0.490056
0.496875
0.518824
0.571644
0.539622
0.508614
0.521199
0.51745
0.521281
0.510208
0.481731
0.458822
0.506324
0.505678
0.533678
0.477964
0.544118
0.492694
0.51553
0.465585
0.549479
0.493177
0.445137
0.46389
0.504812
0.499908
0.501108
0.468066
0.512017
0.504155
0.506473
0.501298
0.56916
0.499323
0.519614
0.478293
0.446909
0.475606
0.477459
0.502326
0.519738
0.500668
0.515941
0.460793
0.506893
0.471329
0.522726
0.514286
0.508128
0.511274
0.4472
0.514187
0.459201
0.529776
0.492733
0.503765
0.462144
0.476429
0.516196
0.4478
0.535286
0.496907
0.509751
0.495722
0.488057
0.514728
0.429906
0.483257
0.505545
0.51404
0.508833
0.467598
0.517826
0.488422
0.522954
0.471085
0.529052
0.5307
0.523794
0.498407
0.501318
0.488777
0.536091
0.512315
0.488279
0.502478
0.508187
0.522849
0.493542
0.476417
0.479667
0.485087
0.458824
0.543872
0.51128
0.500402
0.54687
0.456681
0.502111
0.456245
0.52414
0.486148
0.519031
0.489429
0.498264
0.499973
0.473404
0.427944
0.535258
0.500187
0.490066
0.516277
0.511507
0.477114
0.533561
0.56925
0.495516
0.574337
0.526655
0.519379
0.544424
0.469692
0.476102
0.51274
0.510284
0.447265
0.490689
0.508358
0.501111
0.525415
0.516533
0.516107
0.521692
0.505807
0.484655
0.518126
0.499164
0.488463
0.515817
0.508756
0.458357
0.547824
0.487616
0.517984
0.441902
0.444838
0.498858
0.473411
0.480106
0.520049
0.466184
0.515729
0.525593
0.522717
0.507972
0.512717
0.557707
0.49094
0.480497
0.50675
0.501684
0.567802
0.521364
0.470833
0.497592
0.478531
0.525199
0.548134
0.484027
0.523674
0.546609
0.460046
0.501587
0.543287
0.515411
0.517762
0.541102
0.477142
0.509121
0.532361
0.451635
0.525949
0.457712
0.488416
0.523247
0.508595
0.515637
0.516112
0.499525
0.490394
0.486116
0.466881
0.514883
0.487356
0.47269
0.517556
0.491619
0.491477
0.523044
0.458039
0.501744
0.532031
0.510086
0.497481
0.488575
0.497891
0.475304
0.52398
0.543096
0.475859
0.549379
0.472801
0.470078
0.510014
0.495068
0.528097
0.448972
0.467071
0.537351
0.513163
0.484563
0.492762
0.465846
0.534191
0.522393
0.524231
0.484485
0.502548
0.483945
0.49344
0.443464
0.50057
0.516597
0.486596
0.508446
0.475868
0.553341
0.524593
0.562043
0.549152
0.537265
0.459465
0.492552
0.490572
0.505802
0.49186
0.554969
0.509569
0.449747
0.474528
0.469255
0.503248
0.512035
0.476822
0.490878
0.498264
0.521289
0.495221
0.488615
0.501221
0.455131
0.484858
0.524624
0.512593
0.49826
0.457076
0.521778
0.539155
0.490294
0.497991
0.493264
0.549932
0.518379
0.513073
0.519452
0.53066
0.489564
0.522745
0.507026
0.511771
0.507939
0.473991
0.545383
0.534885
0.491544
0.482992
0.485294
0.532822
0.504036
0.523761
0.464835
0.498128
0.45613
0.487809
0.477578
0.515118
0.461796
0.489815
0.458059
0.530431
0.524234
0.474322
0.499494
0.487111
0.456599
0.48844
0.508778
0.527186
0.472511
0.525566
0.553739
0.557781
0.531308
0.485127
0.45766
0.475733
0.593087
0.49333
0.456068
0.435731
0.488493
0.499928
0.500791
0.496964
0.538285
0.47601
0.536272
0.503292
0.43766
0.527799
0.453159
0.481926
0.480351
0.531466
0.514153
0.485625
0.527478
0.52396
0.517124
0.513416
0.476181
0.484863
0.530498
0.584818
0.513003
0.564242
0.485899
0.552591
0.527048
0.551534
0.493064
0.478994
0.507905
0.530437
0.512022
0.480564
0.473328
0.464822
0.457543
0.516407
0.531697
0.460656
0.510839
0.475007
0.484226
0.53894
0.553548
0.464548
0.481958
0.484673
0.478972
0.461754
0.542504
0.476815
0.505586
0.484243
0.521564
0.454282
0.427806
0.481399
0.474206
0.542944
0.459034
0.498756
0.520911
0.458646
0.571956
0.480902
0.523385
0.471244
0.461115
0.467892
0.535141
0.494651
0.522747
0.520187
0.471833
0.497906
0.486879
0.567096
0.506372
0.482253
0.516695
0.473746
0.503799
0.499242
0.460173
0.551556
0.500923
0.524835
0.458977
0.487238
0.435726
0.49454
0.479623
0.525304
0.541539
0.524553
0.461909
0.469095
0.470971
0.523916
0.479608
0.525319
0.534619
0.532694
0.548427
0.477116
0.489532
0.461163
0.526236
0.540626
0.482444
0.475021
0.490557
0.500078
0.522776
0.441604
0.458323
0.526399
0.4804
0.482129
0.572898
0.45433
0.453167
0.444944
0.443368
0.503064
0.519208
0.464796
0.481093
0.465398
0.53899
0.513119
0.518529
0.490398
0.462148
0.474332
0.475309
0.514586
0.514076
0.473153
0.5166
0.476633
0.507288
0.457934
0.498713
0.530577
0.482536
0.485003
0.506989
0.612553
0.534708
0.539034
0.540947
0.496036
0.508477
0.514416
0.491693
0.490603
0.518728
0.522654
0.486606
0.539209
0.490738
0.550775
0.536276
0.518983
0.505135
0.515755
0.528716
0.500529
0.502611
0.589957
0.515841
0.510755
0.533409
0.442591
0.507206
0.49421
0.49657
0.462181
0.496015
0.437941
0.453949
0.495057
0.50239
0.504859
0.463995
0.554858
0.438916
0.470628
0.470299
0.528046
0.523439
0.459067
0.409903
0.520445
0.524139
0.481065
0.456378
0.459792
0.541861
0.472017
0.51267
0.549298
0.514723
0.50277
0.528703
0.487233
0.449974
0.439086
0.52876
0.46752
0.498135
0.454626
0.443616
0.536351
0.524387
0.522442
0.522451
0.539813
0.412244
0.499988
0.499513
0.507532
0.494474
0.512648
0.500561
0.517333
0.556297
0.580779
0.524066
0.485914
0.435848
0.575266
0.482177
0.500539
0.516896
0.536597
0.516457
0.536739
0.468843
0.522453
0.473378
0.507043
0.478974
0.448812
0.534595
0.505704
0.561987
0.469569
0.436964
0.534465
0.511774
0.479671
0.49735
0.494314
0.47048
0.516773
0.487181
0.548282
0.499822
0.516398
0.481779
0.490232
0.52967
0.545627
0.49945
0.504682
0.508905
0.500294
0.415346
0.442632
0.533528
0.4707
0.535089
0.468413
0.537049
0.530843
0.543158
0.57255
0.558129
0.466164
0.511047
0.525636
0.470495
0.504808
0.500184
0.528233
0.500122
0.4874
0.544621
0.451776
0.484673
0.540337
0.458485
0.505498
0.460213
0.517598
0.493193
0.494373
0.500183
0.476063
0.53944
0.473073
0.471639
0.489358
0.488946
0.530936
0.513766
0.545204
0.540972
0.492958
0.503643
0.501293
0.488599
0.491793
0.484286
0.504669
0.539776
0.525772
0.459951
0.489631
0.528131
0.497939
0.503704
0.509152
0.478545
0.461103
0.552253
0.464812
0.562503
0.493896
0.533054
0.500243
0.438195
0.452864
0.568673
0.423096
0.500393
0.525557
0.513421
0.570522
0.485092
0.509643
0.53725
0.533162
0.473915
0.513039
0.561916
0.512663
0.503281
0.480051
0.504412
0.487705
0.513349
0.478538
0.432656
0.533538
0.431711
0.49308
0.488455
0.510046
0.526869
0.499177
0.452734
0.513315
0.516461
0.503449
0.498019
0.515727
0.465265
0.49486
0.493202
0.499561
0.557965
0.501957
0.485561
0.549115
0.541675
0.48112
0.505047
0.426343
0.503243
0.540836
0.475838
0.455005
0.526307
0.556977
0.530162
0.498332
0.493125
0.504104
0.479377
0.515216
0.466167
0.557781
0.537328
0.479901
0.484476
0.47291
0.520956
0.450202
0.519789
0.523072
0.483189
0.509229
0.487427
0.475893
0.52308
0.475642
0.526954
0.489424
0.518228
0.507401
0.517596
0.46453
0.504454
0.524052
0.563425
0.458304
0.497745
0.532512
0.483318
0.493487
0.483465
0.501381
0.470668
0.528916
0.477832
0.478764
0.487872
0.485973
0.526655
0.458612
0.50058
0.48606
0.486348
0.490574
0.486707
0.464088
0.512198
0.438369
0.505216
0.542977
0.478902
0.46167
0.489665
0.494178
0.538376
0.49651
0.501516
0.489205
0.419821
0.449194
0.508214
0.487186
0.487059
0.438737
0.48103
0.493429
0.488133
0.512807
0.467669
0.544001
0.502176
0.482193
0.464646
0.461331
0.518541
0.498784
0.474422
0.455814
0.533198
0.572064
0.502315
0.528446
0.5374
0.459122
0.478167
0.559464
0.493609
0.443181
0.537781
0.458008
0.483693
0.535638
0.549126
0.477795
0.454385
0.506623
0.508303
0.543807
0.485009
0.489072
0.510278
0.525002
0.502471
0.481316
0.499383
0.508034
0.498517
0.523187
0.504582
0.506989
0.474256
0.500636
0.514497
0.47414
0.556946
0.463872
0.437208
0.526715
0.524051
0.48401
0.499814
0.494683
0.509558
0.473243
0.492759
0.48455
0.467565
0.483519
0.473927
0.544179
0.478128
0.478745
0.5075
0.51362
0.510381
0.485497
0.542582
0.526957
0.487917
0.487253
0.436586
0.560168
0.501435
0.467135
0.498397
0.480008
0.513653
0.504173
0.496285
0.518898
0.491488
0.558081
0.505597
0.480837
0.480501
0.507547
0.521207
0.483327
0.506607
0.527044
0.519735
0.490315
0.540048
0.547149
0.506529
0.481143
0.516639
0.51339
0.442419
0.46053
0.461273
0.488591
0.485225
0.574549
0.49869
0.513751
0.521042
0.437639
0.506524
0.532423
0.500287
0.475618
0.525598
0.54362
0.523506
0.52972
0.492499
0.498233
0.511956
0.476645
0.449412
0.573958
0.507947
0.489624
0.53622
0.503752
0.499948
0.475498
0.499869
0.462791
0.487465
0.502822
0.566005
0.528954
0.450679
0.495969
0.567868
0.531814
0.52985
0.480263
0.497455
0.485155
0.489491
0.533124
0.50395
0.457993
0.482305
0.506224
0.47442
0.49912
0.567883
0.503661
0.491772
0.500163
0.481176
0.451156
0.484982
0.532158
0.51573
0.551253
0.496584
0.550636
0.51668
0.529544
0.522428
0.47423
0.508519
0.506905
0.528705
0.491796
0.512627
0.482752
0.561231
0.513047
0.519567
0.524305
0.472004
0.477705
0.481149
0.506878
0.468021
0.46817
0.497253
0.500173
0.527368
0.480701
0.542426
0.485603
0.477566
0.540115
0.53724
0.489617
0.501188
0.483002
0.519415
0.478048
0.493745
0.494454
0.489708
0.506478
0.518828
0.493309
0.477573
0.511616
0.455528
0.530915
0.481575
0.558689
0.513108
0.498404
0.499584
0.529854
0.527951
0.477485
0.493724
0.568621
0.447773
0.489752
0.46509
0.495297
0.488092
0.529509
0.513233
0.468438
0.465977
0.515107
0.515411
0.497324
0.506048
0.483797
0.520599
0.520446
0.503755
0.505106
0.483276
0.445008
0.500912
0.437718
0.461964
0.492446
0.448503
0.534878
0.537548
0.534964
0.561749
0.493308
0.566345
0.478085
0.542449
0.470642
0.442952
0.46421
0.503573
0.50637
0.497855
0.462208
0.441136
0.541307
0.484799
0.518007
0.538323
0.500572
0.462934
0.451209
0.486894
0.495079
0.518716
0.522719
0.550841
0.496553
0.482577
0.558385
0.47732
0.521055
0.515367
0.503662
0.509845
0.486024
0.529553
0.514283
0.46875
0.445832
0.540187
0.517954
0.503912
0.490865
0.480641
0.442055
0.464742
0.505103
0.488103
0.512368
0.502446
0.457233
0.463848
0.457809
0.499544
0.500263
0.423263
0.536184
0.461662
0.52466
0.550644
0.475959
0.476581
0.530005
0.52376
0.49904
0.47556
0.530154
0.443179
0.479579
0.511922
0.486928
0.531362
0.523783
0.5219
0.507303
0.536519
0.485753
0.542761
0.459134
0.476236
0.494322
0.503181
0.540375
0.455866
0.475926
0.480895
0.476831
0.466678
0.488477
0.532614
0.473418
0.488787
0.521258
0.501198
0.523936
0.473834
0.525833
0.555104
0.524366
0.472441
0.502973
0.545097
0.474673
0.511431
0.500592
0.473223
0.474135
0.525806
0.477711
0.489052
0.565178
0.490502
0.549423
0.538185
0.480732
0.506901
0.457882
0.508027
0.4901
0.489113
0.514311
0.495826
0.478347
0.48502
0.527014
0.503974
0.494199
0.527089
0.500415
0.45758
0.501462
0.497952
0.490107
0.509303
0.508954
0.445742
0.508916
0.476454
0.523952
0.44421
0.498984
0.505362
0.504158
0.522595
0.434865
0.518005
0.50318
0.480261
0.44264
0.495911
0.504524
0.47111
0.510042
0.506317
0.479108
0.552746
0.502601
0.485603
0.471285
0.515416
0.490802
0.514979
0.498391
0.53571
0.443265
0.493455
0.478796
0.500033
0.500929
0.473058
0.473483
0.492831
0.497262
0.51133
0.526134
0.5046
0.469485
0.516079
0.486736
0.504642
0.535804
0.487408
0.503701
0.553601
0.443666
0.531999
0.499502
0.470759
0.464031
0.534668
0.544826
0.501093
0.496649
0.482185
0.556238
0.45711
0.51137
0.47436
0.562366
0.510431
0.500448
0.507392
0.503601
0.458158
0.476882
0.474485
0.480307
0.518993
0.513759
0.498735
0.554556
0.46413
0.469616
0.53327
0.470366
0.517911
0.514819
0.423671
0.497472
0.503244
0.533958
0.447644
0.533593
0.496793
0.489254
0.506971
0.50023
0.488931
0.519985
0.466716
0.476972
0.453455
0.572929
0.5267
0.449318
0.49207
0.538816
0.520249
0.515021
0.54864
0.499803
0.505192
0.513937
0.508204
0.562961
0.422141
0.506399
0.515752
0.474778
0.535025
0.5151
0.489776
0.531677
0.468897
0.4755
0.535577
0.491552
0.500002
0.499736
0.483349
0.491317
0.51311
0.43906
0.506015
0.45547
0.451121
0.449788
0.501838
0.490679
0.511931
0.517759
0.556799
0.481375
0.58756
0.506319
0.571731
0.481365
0.500553
0.462816
0.47923
0.466461
0.512644
0.46861
0.485321
0.463124
0.440683
0.467599
0.470898
0.498123
0.544831
0.478263
0.547926
0.524209
0.514021
0.464221
0.49541
0.456809
0.503682
0.488303
0.510124
0.596728
0.550733
0.475143
0.517117
0.463873
0.510838
0.437279
0.544972
0.466993
0.502931
0.429777
0.51084
0.444426
0.516001
0.498365
0.540235
0.470873
0.513149
0.496085
0.496597
0.495183
0.507906
0.503461
0.545617
0.474149
0.547818
0.477182
0.489331
0.517324
0.4903
0.512299
0.504979
0.477858
0.475746
0.472939
0.543632
0.544336
0.492918
0.506538
0.443574
0.488651
0.521588
0.476581
0.473468
0.544871
0.487458
0.478869
0.420267
0.464142
0.504331
0.556292
0.52691
0.510594
0.488561
0.56712
0.514766
0.493262
0.490763
0.471814
0.475859
0.569035
0.549785
0.513349
0.519847
0.481605
0.523954
0.496051
0.540773
0.521444
0.46458
0.537954
0.488579
0.521786
0.526731
0.481669
0.44039
0.455637
0.54227
0.538769
0.506554
0.518788
0.550157
0.492696
0.546459
0.463853
0.529024
0.525169
0.45911
0.510316
0.477003
0.471127
0.503467
0.455601
0.493835
0.50717
0.52356
0.492148
0.480229
0.478525
0.483359
0.525515
0.439497
0.519529
0.476417
0.498486
0.476456
0.46262
0.475273
0.436203
0.468581
0.53085
0.495624
0.577308
0.534447
0.418912
0.470261
0.536102
0.524411
0.467681
0.517773
0.480719
0.558582
0.507273
0.521016
0.562323
0.507041
0.503617
0.500341
0.490305
0.467335
0.523548
0.486601
0.488511
0.494232
0.483405
0.51891
0.52748
0.496747
0.516157
0.492176
0.447691
0.507428
0.492038
0.559396
0.508841
0.478909
0.457697
0.503719
0.520121
0.542732
0.478865
0.485274
0.51652
0.475431
0.501542
0.497759
0.506142
0.526884
0.476688
0.539806
0.453533
0.515927
0.473445
0.5461
0.544033
0.568238
0.575862
0.44327
0.494135
0.481484
0.488141
0.445546
0.512862
0.512735
0.4734
0.47518
0.479165
0.503143
0.500948
0.502631
0.520331
0.494884
0.527076
0.501518
0.526407
0.495373
0.534367
0.493341
0.525639
0.483735
0.544519
0.45696
0.515933
0.49455
0.529684
0.507846
0.507323
0.503858
0.477323
0.512099
0.550461
0.522433
0.473575
0.500223
0.476117
0.51132
0.480145
0.475677
0.510701
0.494639
0.519703
0.513182
0.532796
0.484656
0.514804
0.491805
0.51571
0.544119
0.495321
0.507796
0.471037
0.470855
0.569389
0.482197
0.448244
0.50964
0.482874
0.478223
0.525264
0.466328
0.532352
0.503391
0.545108
0.499253
0.506603
0.531436
0.483499
0.512889
0.50162
0.518977
0.512507
0.478778
0.47414
0.491951
0.525218
0.458729
0.528685
0.506823
0.4964
0.505275
0.533117
0.501548
0.5042
0.504397
0.437716
0.511305
0.487847
0.525522
0.512763
0.524001
0.476378
0.453772
0.509653
0.53053
0.493368
0.509493
0.530507
0.554806
0.492692
0.48004
0.521314
0.458562
0.530287
0.508832
0.503578
0.535905
0.49694
0.506673
0.469491
0.452651
0.447087
0.510334
0.52561
0.455413
0.478629
0.553405
0.440059
0.565461
0.478763
0.514414
0.498241
0.542345
0.500828
0.527206
0.492069
0.48229
0.497171
0.528592
0.487713
0.516344
0.463019
0.528262
0.476856
0.463304
0.556379
0.525964
0.486477
0.532403
0.518946
0.520949
0.482139
0.52076
0.513023
0.488681
0.489795
0.520598
0.52947
0.439811
0.521119
0.451231
0.471653
0.516423
0.497337
0.510809
0.500421
0.480537
0.506586
0.472836
0.505089
0.459881
0.499785
0.53245
0.485445
0.475934
0.490018
0.577466
0.469768
0.469226
0.480438
0.539194
0.523861
0.536909
0.575682
0.538008
0.496101
0.487592
0.481807
0.518699
0.503508
0.458441
0.529735
0.500574
0.533821
0.509549
0.447221
0.507337
0.4886
0.500561
0.504329
0.491725
0.532334
0.49458
0.53743
0.469917
0.532575
0.474325
0.48671
0.550702
0.446075
0.505561
0.4922
0.524417
0.49595
0.522795
0.503317
0.476649
0.504853
0.452233
0.456921
0.551703
0.499167
0.487009
0.48889
0.500839
0.499208
0.519678
0.474206
0.500263
0.510451
0.486967
0.540565
0.463903
0.470761
0.471802
0.490493
0.475929
0.518655
0.517597
0.516982
0.498056
0.487564
0.489805
0.517645
0.476604
0.571119
0.499739
0.55238
0.484323
0.554453
0.52566
0.539555
0.55199
0.486514
0.496121
0.485704
0.524765
0.4784
0.460591
0.473743
0.458315
0.4927
0.482332
0.464701
0.429706
0.458863
0.528547
0.507962
0.488057
0.519572
0.502799
0.495028
0.529962
0.463139
0.55468
0.461796
0.524674
0.536915
0.481767
0.51435
0.524063
0.536715
0.468822
0.443266
0.452327
0.547256
0.479274
0.431439
0.480482
0.498619
0.503958
0.520424
0.500608
0.503714
0.502125
0.500283
0.524863
0.451773
0.49971
0.507964
0.504267
0.552851
0.499873
0.54918
0.532246
0.478344
0.470804
0.458816
0.457941
0.492525
0.485791
0.534842
0.514291
0.530093
0.510556
0.550751
0.475873
0.49474
0.512853
0.5015
0.481511
0.563731
0.49934
0.507983
0.446649
0.503501
0.514707
0.495001
0.550492
0.511268
0.508072
0.507767
0.502913
0.527661
0.491652
0.471911
0.516123
0.505365
0.476682
0.512007
0.486105
0.508776
0.501617
0.553617
0.448822
0.499683
0.48759
0.50385
0.50618
0.483954
0.506137
0.49543
0.526763
0.464242
0.444188
0.509292
0.516335
0.473709
0.501326
0.500683
0.463101
0.505763
0.514309
0.463781
0.50274
0.494811
0.493858
0.519835
0.508201
0.533027
0.49871
0.483814
0.489261
0.528137
0.501941
0.534573
0.45686
0.467222
0.474545
0.483541
0.507187
0.501526
0.541294
0.506912
0.530541
0.497297
0.473843
0.456367
0.459956
0.457626
0.506124
0.463298
0.514591
0.500314
0.496985
0.501554
0.552885
0.516748
0.525105
0.503707
0.490476
0.456797
0.481176
0.495821
0.497892
0.524718
0.522347
0.49575
0.552999
0.491085
0.54393
0.479944
0.493225
0.525726
0.493382
0.453772
0.502536
0.526684
0.47154
0.460363
0.47819
0.490182
0.566133
0.422956
0.522252
0.506618
0.512554
0.445778
0.522873
0.497563
0.506896
0.538421
0.510336
0.468782
0.516258
0.468753
0.502871
0.544267
0.531313
0.589328
0.497226
0.506289
0.486146
0.50232
0.529017
0.536464
0.51035
0.537975
0.447831
0.462829
0.518399
0.491574
0.502106
0.447947
0.471274
0.543909
0.508763
0.483013
0.505364
0.550281
0.492621
0.532986
0.463627
0.483015
0.520561
0.527729
0.514024
0.492477
0.505464
0.474175
0.500207
0.451627
0.494916
0.494494
0.479483
0.439069
0.479674
0.485289
0.46304
0.505628
0.526901
0.422801
0.493437
0.509437
0.503164
0.499131
0.48436
0.514546
0.492198
0.494477
0.537649
0.498037
0.472438
0.530387
0.522583
0.520663
0.549318
0.519028
0.522434
0.455999
0.467325
0.513473
0.473286
0.503111
0.496835
0.473997
0.490124
0.537734
0.420701
0.465393
0.545181
0.526976
0.485611
0.480309
0.533556
0.48253
0.433216
0.473586
0.501094
0.447401
0.496017
0.492628
0.469539
0.461156
0.523023
0.488777
0.54394
0.488683
0.540168
0.514707
0.467336
0.457466
0.500502
0.532833
0.497699
0.54838
0.489143
0.489737
0.492141
0.484996
0.47799
0.541608
0.493395
0.496408
0.505214
0.465701
0.503552
0.508568
0.494502
0.522803
0.54007
0.519145
0.529074
0.495727
0.479049
0.560892
0.515463
0.50881
0.490764
0.548533
0.452061
0.473435
0.522472
0.534166
0.457431
0.524566
0.503485
0.476178
0.493385
0.463294
0.517497
0.496679
0.507826
0.510406
0.497193
0.492451
0.512357
0.525968
0.496111
0.514412
0.489655
0.509916
0.512773
0.510593
0.445612
0.548673
0.472089
0.487638
0.501239
0.492777
0.479012
0.485812
0.509338
0.490523
0.489473
0.502527
0.550939
0.512625
0.413574
0.489388
0.506501
0.482888
0.496046
0.537746
0.496884
0.499901
0.518978
0.537774
0.489076
0.54474
0.531809
0.506058
0.491697
0.499696
0.473578
0.466697
0.475264
0.453006
0.502457
0.510927
0.50222
0.504611
0.507532
0.530257
0.49173
0.497922
0.51786
0.468119
0.504243
0.472605
0.533786
0.445034
0.490821
0.463381
0.555531
0.472301
0.492229
0.529844
0.514044
0.509187
0.462797
0.512288
0.499112
0.528646
0.454041
0.508558
0.479751
0.456551
0.513056
0.516909
