0.521863
0.543516
0.343512
0.477771
0.502484
0.582632
0.332366
0.498163
0.41433
0.612996
0.570294
0.493049
0.533956
0.568928
0.541228
0.498946
0.613624
0.419207
0.565194
0.611721
0.545635
0.466088
0.539221
0.679769
0.57124
0.536542
0.530658
0.622232
0.599751
0.481365
0.48849
0.487902
0.503484
0.597771
0.438315
0.370409
0.454161
0.591094
0.526575
0.495346
0.46639
0.391232
0.479686
0.494932
0.513843
0.639446
0.543683
0.385862
0.583778
0.461149
0.570011
0.565937
0.535504
0.440307
0.41308
0.445137
0.628431
0.411073
0.705214
0.426732
0.285325
0.482285
0.674617
0.654069
0.556392
0.610451
0.371983
0.538656
0.54982
0.636839
0.471371
0.585176
0.594395
0.504317
0.310976
0.529043
0.499829
0.669534
0.639416
0.502136
0.580415
0.42611
0.433158
0.642327
0.607633
0.454419
0.55072
0.462442
0.557345
0.413618
0.389256
0.394261
0.617187
0.491535
0.609167
0.423196
0.519798
0.528042
0.692345
0.42927
0.567493
0.427542
0.499697
0.450015
0.414033
0.37619
0.59355
0.480922
0.669083
0.479477
0.490582
0.629066
0.39101
0.535797
0.610888
0.635526
0.533634
0.56163
0.48882
0.382232
0.61256
0.683962
0.511218
0.398859
0.45671
0.515554
0.548654
0.485395
0.410693
0.52872
0.345327
0.466011
0.653624
0.34319
0.433218
0.689847
0.500024
0.443732
0.63614
0.494359
0.348429
0.443122
0.529309
0.446827
0.643322
0.606104
0.420051
0.47967
0.516029
0.449962
0.615281
0.535182
0.370187
0.437328
0.441378
0.435319
0.477422
0.476851
0.482066
0.392154
0.548855
0.44735
0.699953
0.37464
0.548062
0.461086
0.407321
0.447288
0.411121
0.381761
0.551824
0.6964
0.439351
0.412883
0.482693
0.459471
0.330394
0.472118
0.46309
0.573397
0.613247
0.46725
0.494224
0.457095
0.452871
0.489382
0.416862
0.544185
0.390011
0.638993
0.355861
0.481338
0.381841
0.500487
0.473339
0.407921
0.409067
0.380849
0.59611
0.432577
0.615109
0.528036
0.683023
0.522338
0.54299
0.544738
0.397802
0.419927
0.635552
0.513112
0.353048
0.604846
0.564626
0.346143
0.39099
0.513899
0.55479
0.381225
0.46664
0.536755
0.567323
0.431616
0.598966
0.502188
0.509994
0.311376
0.555699
0.470621
0.538304
0.44941
0.537415
0.648582
0.413808
0.508255
0.626507
0.540723
0.485148
0.723227
0.466675
0.455
0.657404
0.577551
0.53856
0.47666
0.515411
0.529105
0.597141
0.626651
0.466654
0.4044
0.43653
0.520076
0.369363
0.47542
0.447781
0.440325
0.51144
0.53495
0.535343
0.344506
0.605848
0.386015
0.457781
0.615798
0.368071
0.661054
0.458389
0.578353
0.541282
0.486457
0.25132
0.590372
0.334842
0.408087
0.428858
0.330982
0.541758
0.393415
0.555461
0.396534
0.400709
0.525889
0.514193
0.52195
0.468292
0.507166
0.471173
0.442744
0.567087
0.582831
0.723674
0.413348
0.375184
0.507225
0.397478
0.297347
0.522783
0.56301
0.559131
0.545279
0.661508
0.451099
0.508718
0.575603
0.372043
0.366564
0.518771
0.474458
0.575727
0.476166
0.384954
0.329857
0.71573
0.413114
0.654137
0.615927
0.473431
0.604684
0.395485
0.442819
0.485627
0.548333
0.480195
0.487916
0.528201
0.451916
0.535495
0.523976
0.531863
0.453641
0.538538
0.359806
0.395601
0.637388
0.615819
0.50913
0.663463
0.559014
0.413721
0.403234
0.63029
0.499266
0.605844
0.563058
0.442029
0.358935
0.402716
0.546314
0.656259
0.511866
0.529527
0.385298
0.528536
0.331458
0.337501
0.430986
0.4902
0.506277
0.414541
0.419061
0.683263
0.4604
0.360761
0.473489
0.417995
0.494123
0.494543
0.463265
0.418846
0.560658
0.554727
0.527962
0.424324
0.594437
0.464576
0.4877
0.606449
0.506653
0.52313
0.553166
0.575412
0.463668
0.48958
0.651309
0.435071
0.463897
0.526284
0.282332
0.554889
0.328813
0.466047
0.523605
0.52397
0.623684
0.569298
0.496134
0.55278
0.423669
0.336784
0.5092
0.288216
0.540908
0.443405
0.498793
0.507618
0.528214
0.358816
0.575474
0.557367
0.575008
0.520422
0.397292
0.601687
0.711112
0.324397
0.483356
0.547274
0.634031
0.400332
0.483732
0.509383
0.375342
0.435164
0.621236
0.485
0.421826
0.411991
0.520802
0.498705
0.506954
0.629404
0.442002
0.68688
0.388365
0.666965
0.530379
0.485866
0.52695
0.56245
0.503199
0.489694
0.383179
0.466485
0.585251
0.643036
0.446283
0.5402
0.31032
0.534969
0.511929
0.461528
0.303965
0.559207
0.723997
0.505765
0.363212
0.406406
0.596101
0.366029
0.548803
0.454178
0.428472
0.579237
0.505614
0.520431
0.635818
0.523214
0.426877
0.44567
0.601808
0.550587
0.477819
0.569873
0.375784
0.525054
0.394356
0.569571
0.627333
0.525684
0.272458
0.520766
0.374353
0.584851
0.463813
0.553293
0.400226
0.325441
0.393415
0.362273
0.575723
0.362947
0.4147
0.442264
0.401279
0.538085
0.417858
0.709743
0.385247
0.445553
0.406943
0.579544
0.57377
0.524553
0.561405
0.46088
0.447882
0.576711
0.497671
0.638562
0.503475
0.577013
0.546405
0.705054
0.529752
0.543377
0.36106
0.408981
0.601791
0.530506
0.473356
0.485719
0.602844
0.713623
0.411309
0.435688
0.591997
0.427725
0.495433
0.615973
0.532821
0.62798
0.528738
0.410906
0.598629
0.536898
0.596156
0.447225
0.56997
0.343886
0.489012
0.519436
0.639988
0.522821
0.570173
0.591008
0.643263
0.433275
0.59549
0.537021
0.423768
0.370995
0.407171
0.293896
0.457556
0.533285
0.514696
0.681831
0.545813
0.464901
0.478913
0.565562
0.493899
0.550088
0.614922
0.519084
0.391994
0.516391
0.429398
0.459951
0.612985
0.51585
0.407948
0.51878
0.543216
0.449215
0.66815
0.509585
0.261716
0.398812
0.393891
0.466568
0.483548
0.535662
0.466625
0.412988
0.482891
0.566503
0.609182
0.327734
0.411477
0.486329
0.65775
0.475235
0.528028
0.602067
0.577659
0.464315
0.554288
0.593022
0.638584
0.501635
0.473305
0.473723
0.364797
0.505339
0.385567
0.424772
0.476102
0.544527
0.538628
0.35735
0.435052
0.470189
0.645837
0.576982
0.416109
0.403212
0.60982
0.612195
0.712335
0.545095
0.466306
0.473698
0.495274
0.376998
0.463946
0.509701
0.643614
0.512742
0.495748
0.523002
0.556292
0.471384
0.397744
0.41547
0.465633
0.435014
0.530514
0.325538
0.466171
0.357357
0.559205
0.524347
0.574764
0.588857
0.547655
0.536152
0.43764
0.48382
0.482255
0.548623
0.499981
0.455271
0.541177
0.578663
0.35369
0.543143
0.524579
0.35937
0.478954
0.561418
0.561428
0.613763
0.49523
0.589843
0.508559
0.380903
0.537279
0.375866
0.357594
0.460032
0.371877
0.612382
0.565345
0.538356
0.470821
0.456954
0.623335
0.568088
0.555865
0.558096
0.482045
0.558395
0.531193
0.554277
0.445537
0.347854
0.519081
0.411243
0.552044
0.423052
0.614348
0.463303
0.556193
0.548956
0.573231
0.624187
0.628444
0.476676
0.45231
0.333115
0.587407
0.694242
0.513116
0.501693
0.580634
0.486025
0.608018
0.527268
0.729526
0.466428
0.463053
0.538357
0.45398
0.453467
0.573298
0.537785
0.592392
0.547869
0.526408
0.509155
0.432647
0.483317
0.469968
0.652268
0.569723
0.513455
0.538254
0.513125
0.305533
0.401293
0.654056
0.374138
0.60662
0.376627
0.421161
0.470163
0.635346
0.4271
0.423151
0.595999
0.470192
0.58853
0.344106
0.570954
0.430789
0.500138
0.426875
0.526128
0.423317
0.490279
0.584507
0.380019
0.621882
0.558333
0.580486
0.468088
0.501516
0.418352
0.493389
0.591899
0.538401
0.570101
0.581595
0.55347
0.392963
0.463118
0.463664
0.640449
0.491447
0.419421
0.530019
0.427752
0.52161
0.580474
0.501548
0.46127
0.358141
0.444053
0.450755
0.589294
0.533448
0.456623
0.401092
0.607259
0.469435
0.426865
0.620077
0.481449
0.48588
0.425964
0.521848
0.417284
0.50106
0.540293
0.394759
0.537804
0.54023
0.542115
0.469651
0.537991
0.467592
0.443924
0.544424
0.680541
0.457373
0.402059
0.280531
0.598723
0.519643
0.435204
0.387021
0.571931
0.496488
0.623412
0.607753
0.43958
0.444179
0.45327
0.527418
0.518945
0.51694
0.574823
0.511973
0.392589
0.467963
0.435909
0.699131
0.530993
0.483281
0.359489
0.354526
0.516011
0.464123
0.529641
0.509168
0.43079
0.573387
0.451804
0.493837
0.481763
0.561842
0.452928
0.586007
0.418346
0.589703
0.48713
0.484959
0.415973
0.559178
0.512503
0.330689
0.488077
0.573634
0.404687
0.382233
0.392656
0.639003
0.472833
0.471049
0.499046
0.52304
0.443584
0.44507
0.480517
0.488075
0.3787
0.419057
0.598329
0.512872
0.491953
0.646871
0.342873
0.419227
0.530907
0.431299
0.497502
0.518925
0.589226
0.587054
0.590711
0.496685
0.515115
0.572569
0.502255
0.644716
0.381532
0.406221
0.58886
0.664511
0.683797
0.482598
0.295132
0.451494
0.630211
0.604443
0.515297
0.57817
0.591324
0.445897
0.471398
0.391365
0.573465
0.462667
0.573569
0.339222
0.482171
0.464737
0.528022
0.443547
0.441127
0.667259
0.458349
0.533142
0.432252
0.335243
0.505797
0.653754
0.622555
0.437662
0.574109
0.670257
0.443376
0.426619
0.484577
0.476697
0.487654
0.457178
0.606925
0.529819
0.490831
0.663497
0.331642
0.721715
0.561024
0.506886
0.449402
0.607194
0.424093
0.61141
0.403185
0.50153
0.549224
0.502674
0.578727
0.464181
0.620655
0.565393
0.49893
0.584129
0.621173
0.435402
0.287844
0.582453
0.292992
0.441702
0.469866
0.647764
0.341668
0.514187
0.469757
0.620126
0.448637
0.472667
0.379119
0.639086
0.558033
0.612814
0.354955
0.471449
0.603392
0.404662
0.515932
0.434399
0.539882
0.419273
0.701969
0.629624
0.447663
0.499208
0.562787
0.604039
0.272025
0.58842
0.64104
0.452749
0.565914
0.537193
0.415641
0.479878
0.400478
0.497761
0.370931
0.63288
0.509252
0.526221
0.45729
0.525958
0.531615
0.606368
0.508844
0.56823
0.421136
0.411087
0.383858
0.612242
0.584438
0.61691
0.593478
0.438482
0.516208
0.287376
0.484413
0.591493
0.19597
0.540816
0.541205
0.683233
0.412254
0.618185
0.373704
0.479285
0.479778
0.466564
0.45537
0.583562
0.615282
0.453972
0.578029
0.437124
0.437616
0.531087
0.288717
0.446721
0.457734
0.35553
0.374219
0.458711
0.424197
0.594313
0.558945
0.493953
0.48982
0.520087
0.581757
0.459319
0.465089
0.416823
0.61738
0.451435
0.623971
0.410526
0.408014
0.368294
0.427736
0.44064
0.470779
0.444343
0.432428
0.487738
0.546615
0.624691
0.6456
0.473141
0.456258
0.494047
0.497944
0.546091
0.528928
0.576026
0.495435
0.474088
0.469341
0.51843
0.517622
0.552034
0.528679
0.580155
0.427682
0.445795
0.445138
0.635323
0.659871
0.485816
0.719687
0.41028
0.549989
0.626409
0.492648
0.369081
0.474488
0.386337
0.586736
0.563081
0.463854
0.486325
0.482183
0.360271
0.555868
0.49912
0.489557
0.469967
0.454401
0.427721
0.585922
0.478489
0.459336
0.527412
0.579946
0.511456
0.433271
0.587217
0.571588
0.438305
0.670604
0.386406
0.472001
0.434684
0.534644
0.441667
0.349248
0.518326
0.428356
0.460589
0.46549
0.274032
0.364384
0.417061
0.47124
0.483395
0.499955
0.464218
0.422335
0.474881
0.502312
0.500569
0.385227
0.409901
0.510277
0.504916
0.596233
0.620491
0.457596
0.555701
0.54037
0.614227
0.423666
0.450398
0.515388
0.362008
0.677279
0.540587
0.346634
0.384316
0.57902
0.598317
0.518379
0.551594
0.507918
0.529398
0.487212
0.31436
0.477999
0.44924
0.643151
0.378679
0.610357
0.536872
0.384077
0.442623
0.226357
0.582746
0.469125
0.509343
0.527622
0.345982
0.416658
0.392378
0.428399
0.436649
0.31244
0.628821
0.405945
0.438722
0.593646
0.315978
0.534565
0.489346
0.574318
0.487133
0.468904
0.430012
0.277914
0.742049
0.54214
0.345293
0.44255
0.647836
0.544695
0.604742
0.564577
0.425802
0.449084
0.523602
0.546113
0.33991
0.446532
0.557927
0.512159
0.602482
0.56099
0.549764
0.662909
0.512755
0.606161
0.437998
0.426903
0.543931
0.451171
0.650501
0.580627
0.494328
0.66051
0.593208
0.600195
0.418281
0.573862
0.551734
0.610737
0.452393
0.491457
0.521172
0.499115
0.552776
0.53056
0.479686
0.555598
0.558904
0.518729
0.421527
0.410112
0.499705
0.389473
0.665104
0.528702
0.557508
0.345917
0.55172
0.535812
0.40548
0.558114
0.450611
0.528036
0.534175
0.359626
0.585914
0.444937
0.382819
0.608998
0.501172
0.562574
0.490954
0.581745
0.177028
0.275363
0.486071
0.558484
0.517702
0.431887
0.622852
0.574839
0.621901
0.690293
0.489653
0.598728
0.55378
0.558885
0.49784
0.500675
0.429569
0.48756
0.469621
0.582765
0.535506
0.575682
0.439981
0.431863
0.592687
0.362054
0.58836
0.362724
0.484472
0.562582
0.415687
0.516628
0.562057
0.421275
0.482402
0.581152
0.543856
0.540198
0.423095
0.496707
0.424293
0.454006
0.55337
0.515478
0.407653
0.614685
0.384579
0.478367
0.482605
0.452118
0.462041
0.575593
0.553019
0.476111
0.542371
0.456551
0.340713
0.485496
0.525545
0.554562
0.575745
0.549941
0.457325
0.492151
0.58988
0.430089
0.617676
0.532453
0.528857
0.401654
0.510789
0.5424
0.499077
0.649092
0.572339
0.433293
0.56434
0.394483
0.409614
0.544395
0.508262
0.427241
0.390115
0.53516
0.477983
0.400276
0.594283
0.351742
0.524801
0.558242
0.547952
0.533382
0.457359
0.563486
0.650167
0.524325
0.322997
0.485327
0.411987
0.556872
0.432915
0.41829
0.421903
0.471204
0.546751
0.494924
0.553485
0.437592
0.532206
0.458821
0.6309
0.346633
0.615354
0.363465
0.467906
0.633126
0.437235
0.462539
0.595968
0.399208
0.532391
0.457308
0.497099
0.602396
0.54493
0.466714
0.457074
0.574135
0.497782
0.485791
0.454619
0.434493
0.530743
0.498046
0.502222
0.368627
0.422943
0.507409
0.45417
0.530634
0.515372
0.655399
0.597456
0.440425
0.349068
0.489113
0.541169
0.639243
0.534613
0.645671
0.619992
0.569442
0.468545
0.418743
0.527444
0.444165
0.512329
0.472778
0.494473
0.472535
0.44949
0.470571
0.529046
0.705992
0.536553
0.479771
0.432345
0.571398
0.463405
0.523985
0.407196
0.556527
0.438707
0.344074
0.474367
0.613586
0.615973
0.435288
0.512347
0.446364
0.475956
0.625851
0.436239
0.446659
0.480957
0.662626
0.631383
0.645594
0.516678
0.56949
0.457355
0.44545
0.537249
0.544035
0.537931
0.597643
0.529062
0.658223
0.452685
0.392465
0.409019
0.428625
0.545805
0.526226
0.472834
0.521862
0.667781
0.511401
0.50901
0.560878
0.365574
0.295433
0.294107
0.397664
0.636902
0.553791
0.384946
0.618072
0.564254
0.422933
0.423349
0.54432
0.644275
0.438776
0.469066
0.400839
0.728127
0.646313
0.376488
0.509068
0.58847
0.445999
0.53079
0.576836
0.428678
0.542528
0.359129
0.547938
0.449909
0.561627
0.332501
0.577552
0.491671
0.700492
0.57391
0.399106
0.461492
0.477496
0.588456
0.548228
0.569332
0.346781
0.53097
0.409395
0.382353
0.64338
0.426826
0.550918
0.415675
0.524468
0.66155
0.61388
0.674743
0.47239
0.454854
0.520656
0.564937
0.525079
0.434717
0.468632
0.384031
0.49949
0.427142
0.474764
0.51315
0.473679
0.57721
0.63658
0.521834
0.693147
0.417061
0.575276
0.502833
0.567079
0.396417
0.326503
0.552275
0.620099
0.491289
0.644494
0.610807
0.565167
0.306472
0.485141
0.38136
0.663248
0.487472
0.533657
0.63914
0.535368
0.657477
0.442436
0.449486
0.492688
0.495008
0.644751
0.509213
0.450227
0.367856
0.409897
0.527066
0.489843
0.63896
0.605429
0.458911
0.638116
0.25982
0.532088
0.413287
0.52474
0.367092
0.497069
0.442944
0.587067
0.397976
0.391241
0.737993
0.486407
0.540031
0.435945
0.636288
0.501732
0.331041
0.564999
0.466681
0.46639
0.424549
0.307533
0.640749
0.413464
0.536696
0.437277
0.508641
0.3954
0.58998
0.453934
0.494661
0.543525
0.569561
0.562252
0.428205
0.633083
0.407751
0.614431
0.585697
0.419419
0.512288
0.481479
0.359126
0.610919
0.554047
0.519159
0.36682
0.644353
0.529789
0.594127
0.522087
0.428234
0.515594
0.435913
0.47534
0.619815
0.426584
0.480347
0.645329
0.601356
0.398574
0.470072
0.355116
0.521286
0.607273
0.477757
0.388405
0.465878
0.340656
0.517648
0.381865
0.627071
0.540136
0.611062
0.46906
0.532056
0.426161
0.57147
0.491613
0.600257
0.523857
0.374786
0.393239
0.49333
0.604348
0.580478
0.312255
0.523799
0.557372
0.469143
0.488211
0.48797
0.510823
0.562155
0.498249
0.488724
0.512841
0.289022
0.43883
0.513843
0.492076
0.468075
0.568438
0.535464
0.51175
0.466104
0.52691
0.396313
0.433143
0.502584
0.446987
0.448319
0.604132
0.564098
0.473735
0.509259
0.588393
0.494597
0.507452
0.503034
0.550916
0.627109
0.385683
0.549221
0.515434
0.52253
0.619974
0.467511
0.509403
0.581124
0.402986
0.36267
0.512157
0.492347
0.401594
0.455639
0.421861
0.488629
0.551605
0.426405
0.556889
0.368738
0.369698
0.534257
0.40725
0.456346
0.498241
0.481071
0.351687
0.559424
0.398581
0.58323
0.356074
0.596098
0.408458
0.617809
0.368742
0.452578
0.579142
0.408662
0.528348
0.538799
0.407944
0.51802
0.49992
0.507384
0.581702
0.509229
0.754702
0.401568
0.646888
0.546266
0.509421
0.197705
0.521943
0.395635
0.540604
0.507968
0.367483
0.396289
0.489567
0.508893
0.529979
0.663194
0.473705
0.561369
0.37456
0.290155
0.519708
0.387712
0.422546
0.417541
0.534318
0.37144
0.409341
0.530526
0.528266
0.445388
0.378319
0.553465
0.60901
0.433761
0.326317
0.406054
0.55789
0.513789
0.416359
0.486864
0.507335
0.562563
0.473256
0.449905
0.633745
0.554725
0.577674
0.53983
0.681671
0.576593
0.574331
0.451401
0.63492
0.322377
0.509915
0.578856
0.450205
0.6381
0.516375
0.52079
0.468971
0.578845
0.455193
0.506172
0.523022
0.544956
0.638264
0.407145
0.549572
0.562827
0.441021
0.5042
0.731337
0.475887
0.423415
0.469383
0.477311
0.711422
0.474382
0.533135
0.559836
0.588845
0.495423
0.400408
0.623594
0.335053
0.43892
0.58166
0.482155
0.672489
0.416812
0.604386
0.517687
0.445524
0.395259
0.570772
0.499477
0.450808
0.390916
0.427136
0.53687
0.437191
0.484445
0.610744
0.382256
0.640855
0.666884
0.539655
0.499732
0.621269
0.43451
0.411206
0.515064
0.46361
0.547808
0.47476
0.462572
0.413254
0.670172
0.544353
0.544565
0.507975
0.401981
0.316858
0.618945
0.473478
0.525645
0.361282
0.630617
0.647882
0.677275
0.544846
0.402317
0.500786
0.460584
0.461444
0.500491
0.512537
0.518647
0.528128
0.291851
0.479335
0.479154
0.61523
0.506223
0.509782
0.388767
0.475759
0.521323
0.578524
0.55222
0.539681
0.485084
0.302584
0.391774
0.738722
0.491153
0.506042
0.542665
0.427315
0.523185
0.43865
0.700156
0.365314
0.383568
0.714048
0.433834
0.528093
0.622192
0.533167
0.284756
0.509676
0.48089
0.558473
0.561098
0.584496
0.469182
0.504663
0.447899
0.593432
0.586943
0.511443
0.446552
0.619733
0.509614
0.464002
0.55965
0.620462
0.451593
0.526834
0.536824
0.57908
0.523425
0.356493
0.59719
0.344799
0.498409
0.558949
0.644027
0.42433
0.50426
0.557131
0.387326
0.491645
0.555445
0.434317
0.589818
0.481382
0.441813
0.518962
0.652117
0.531521
0.489155
0.576623
0.552596
0.540947
0.507306
0.674572
0.45763
0.507536
0.641429
0.384756
0.517817
0.51238
0.642087
0.4907
0.56582
0.515781
0.569751
0.563991
0.631437
0.330639
0.54935
0.475978
0.589536
0.638852
0.490491
0.410286
0.756477
0.516368
0.488989
0.441797
0.550647
0.232494
0.425309
0.547709
0.532721
0.689105
0.475567
0.616294
0.441302
0.565371
0.450696
0.318994
0.539528
0.533616
0.479418
0.511467
0.488307
0.411962
0.450634
0.429214
0.561776
0.51935
0.430868
0.543413
0.420629
0.598585
0.27238
0.542582
0.65893
0.573025
0.327585
0.505695
0.54003
0.602536
0.585383
0.432381
0.537234
0.504336
0.545053
0.695829
0.594817
0.504363
0.443311
0.484016
0.52503
0.484784
0.55017
0.4949
0.556723
0.493264
0.549221
0.551185
0.551196
0.47964
0.517971
0.400298
0.400916
0.525602
0.623841
0.565189
0.526718
0.533023
0.451478
0.411588
0.589123
0.536554
0.576979
0.497351
0.529381
0.406112
0.404672
0.569493
0.55589
0.304883
0.482065
0.374572
0.691585
0.468475
0.408595
0.448012
0.597957
0.570828
0.553806
0.44801
0.391288
0.342529
0.500569
0.499657
0.666767
0.407131
0.628978
0.414875
0.346076
0.401125
0.556547
0.453821
0.464095
0.443177
0.65033
0.393362
0.610349
0.518253
0.526587
0.568263
0.540801
0.542269
0.353627
0.450699
0.275646
0.472875
0.37345
0.533725
0.498711
0.432019
0.557809
0.384325
0.674084
0.405886
0.614324
0.431669
0.595621
0.287872
0.458273
0.556193
0.484923
0.530192
0.565673
0.445144
0.453432
0.369753
0.523292
0.580194
0.544262
0.493925
0.491209
0.522773
0.569395
0.41183
0.493543
0.362713
0.457855
0.496769
0.552991
0.295868
0.430501
0.665419
0.384774
0.4963
0.617053
0.559422
0.465651
0.548671
0.53098
0.594996
0.393587
0.606476
0.517873
0.546179
0.55374
0.441715
0.492932
0.62735
0.606351
0.551659
0.383187
0.640638
0.512203
0.588314
0.490081
0.553848
0.411236
0.476216
0.688043
0.674534
0.469976
0.384181
0.57466
0.385833
0.413376
0.416637
0.588106
0.509698
0.556713
0.490161
0.507409
0.663144
0.353156
0.660841
0.651225
0.573138
0.572631
0.568102
0.390708
0.31576
0.427618
0.4606
0.592126
0.445249
0.461485
0.369838
0.504833
0.478575
0.415005
0.397091
0.710229
0.501145
0.486668
0.379308
0.447334
0.559287
0.502416
0.599574
0.530591
0.505117
0.51043
0.407792
0.37554
0.559426
0.616592
0.517191
0.44797
0.358216
0.376235
0.54228
0.45219
0.448492
0.557833
0.643896
0.474025
0.49896
0.494226
0.446952
0.394188
0.591231
0.637028
0.496507
0.387625
0.457172
0.629828
0.517804
0.524481
0.628027
0.415819
0.545879
0.588296
0.460929
0.495471
0.490379
0.527066
0.408426
0.649886
0.401208
0.452788
0.696654
0.54544
0.600632
0.405119
0.477778
0.43536
0.547459
0.294767
0.42232
0.473844
0.398925
0.442248
0.61701
0.458357
0.435915
0.627629
0.533779
0.315722
0.417133
0.466878
0.435519
0.44764
0.427856
0.530451
0.484231
0.351258
0.48889
0.619749
0.417197
0.530405
0.49136
0.517048
0.556793
0.513136
0.422951
0.424552
0.41957
0.691193
0.451231
0.408173
0.59022
0.597014
0.52968
0.561681
0.626075
0.533924
0.492047
0.506831
0.55773
0.375116
0.500664
0.445112
0.451451
0.84706
0.51434
0.576722
0.498963
0.512963
0.441456
0.402412
0.500262
0.471893
0.343898
0.623809
0.405066
0.289217
0.457436
0.557861
0.37854
0.37395
0.394191
0.581008
0.356903
0.418658
0.492801
0.518717
0.55856
0.617535
0.381921
0.596009
0.51638
0.378279
0.622677
0.564589
0.39673
0.643388
0.595701
0.522217
0.470913
0.736512
0.498365
0.339943
0.604615
0.549471
0.417856
0.612818
0.431004
0.485577
0.545696
0.549732
0.573083
0.474879
0.49935
0.517972
0.480951
0.476954
0.416529
0.558153
0.549571
0.486876
0.487837
0.485131
0.482682
0.459982
0.59336
0.590526
0.468486
0.371058
0.40884
0.462482
0.332714
0.523583
0.54706
0.438295
0.534723
0.424637
0.600049
0.505513
0.47223
0.641113
0.447747
0.367164
0.560311
0.552852
0.598751
0.586706
0.350296
0.518329
0.528765
0.628348
0.554182
0.468508
0.38238
0.408354
0.540186
0.444497
0.503806
0.472955
0.365068
0.494632
0.462194
0.518503
0.508844
0.546605
0.437147
0.669486
0.677521
0.370266
0.630079
0.530022
0.539468
0.546723
0.567013
0.524473
0.36106
0.559371
0.558472
0.442792
0.407215
0.522465
0.382066
0.506228
0.47244
0.562869
0.453414
0.469024
0.508034
0.470599
0.651022
0.571723
0.511045
0.333799
0.560731
0.461705
0.440628
0.37376
0.505388
0.596598
0.627416
0.39561
0.325328
0.44616
0.441534
0.570308
0.475327
0.508288
0.484886
0.563563
0.603622
0.554749
0.473329
0.427294
0.578647
0.62228
0.574362
0.569274
0.529092
0.464679
0.365967
0.316564
0.462917
0.481492
0.48221
0.488376
0.530953
0.438954
0.311236
0.393981
0.400701
0.398776
0.411284
0.471297
0.605963
0.570434
0.51034
0.58177
0.43793
0.302552
0.555065
0.477181
0.543346
0.429036
0.574607
0.554
0.495384
0.58556
0.524935
0.610917
0.502844
0.512043
0.579321
0.525172
0.523312
0.556738
0.430574
0.563304
0.545895
0.397552
0.370684
0.541952
0.409166
0.396233
0.413474
0.454334
0.519934
0.501039
0.325896
0.578015
0.438471
0.613524
0.533593
0.479608
0.595821
0.535053
0.666361
0.432018
0.508809
0.508684
0.509119
0.559866
0.558389
0.672032
0.524026
0.528702
0.496936
0.536751
0.509368
0.493653
0.450126
0.510244
0.360833
0.423112
0.47902
0.675242
0.400805
0.513103
0.567974
0.54286
0.441304
0.307948
0.504008
0.494776
0.446189
0.542851
0.413255
0.530139
0.358253
0.424038
0.520112
0.432835
0.456842
0.462067
0.494724
0.47475
0.41161
0.373937
0.454424
0.570636
0.398046
0.46962
0.484747
0.500214
0.44039
0.338649
0.445657
0.513143
0.547566
0.452364
0.528598
0.432471
0.407766
0.497477
0.630006
0.472195
0.60729
0.556546
0.506893
0.28457
0.439285
0.650999
0.580142
0.352759
0.568003
0.462344
0.551134
0.444491
0.514195
0.547161
0.597322
0.442311
0.427282
0.56153
0.312392
0.566083
0.609907
0.410504
0.656629
0.403341
0.560517
0.338254
0.583107
0.363135
0.499576
0.474514
0.605339
0.468983
0.645056
0.452954
0.47201
0.506565
0.40281
0.517094
0.614407
0.54177
0.437473
0.529396
0.332184
0.324739
0.3895
0.49916
0.383082
0.395512
0.50397
0.444832
0.542231
0.506914
0.436785
0.406371
0.596649
0.580304
0.403889
0.423285
0.640582
0.609806
0.439126
0.49397
0.437289
0.430655
0.426366
0.531965
0.612917
0.467279
0.471523
0.534765
0.548071
0.576741
0.380094
0.480801
0.432722
0.503166
0.505839
0.470223
0.450066
0.558785
0.436225
0.325104
0.554963
0.347209
0.480266
0.664694
0.612585
0.644566
0.524384
0.271349
0.462889
0.454127
0.621903
0.36276
0.676546
0.350043
0.481821
0.486096
0.467956
0.425811
0.522466
0.449711
0.530958
0.363114
0.455677
0.608014
0.662882
0.636636
0.467121
0.61514
0.542543
0.570494
0.758382
0.56305
0.627824
0.461908
0.516441
0.41967
0.438466
0.487723
0.376173
0.482714
0.589677
0.40943
0.541489
0.564799
0.442208
0.492289
0.530742
0.625488
0.534502
0.354194
0.612028
0.465877
0.56255
0.459892
0.494005
0.601363
0.573079
0.576199
0.637853
0.528203
0.535689
0.503816
0.455999
0.499502
0.559581
0.601391
0.563245
0.426249
0.520476
0.417437
0.5459
0.519023
0.563379
0.445736
0.614563
0.386007
0.646783
0.419855
0.306171
0.502912
0.493966
0.462405
0.400942
0.470465
0.516987
0.504646
0.519832
0.575059
0.479011
0.592097
0.468134
0.368207
0.460592
0.591741
0.490853
0.580419
0.495534
0.416479
0.405461
0.58513
0.441961
0.482435
0.577679
0.428298
0.454209
0.414756
0.505898
0.439302
0.621184
0.417514
0.579871
0.438765
0.336789
0.623357
0.379287
0.558926
0.468066
0.438508
0.67788
0.592185
0.686661
0.39876
0.418663
0.383446
0.729244
0.552077
0.525941
0.481886
0.252518
0.483431
0.419714
0.467768
0.448421
0.397508
0.498093
0.469938
0.485166
0.57489
0.353365
0.489607
0.539735
0.317353
0.387324
0.44607
0.587448
0.397905
0.491488
0.659964
0.514245
0.531177
0.357845
0.489704
0.417293
0.47981
0.585731
0.33672
0.459548
0.412443
0.750482
0.535114
0.5439
0.528946
0.499477
0.441367
0.572518
0.668511
0.441197
0.539717
0.357033
0.616229
0.392929
0.278847
0.645167
0.423776
0.452735
0.455479
0.42945
0.359843
0.661316
0.460534
0.503637
0.405916
0.519393
0.503454
0.532456
0.513055
0.426227
0.430329
0.400315
0.435274
0.504916
0.451445
0.50458
0.455162
0.48007
0.493882
0.45907
0.417364
0.473518
0.494789
0.573373
0.485552
0.483651
0.450946
0.373619
0.5385
0.514028
0.540269
0.430338
0.420903
0.516887
0.430844
0.559015
0.464551
0.517158
0.693151
0.458982
0.495495
0.582636
0.531073
0.356262
0.54282
0.605902
0.647342
0.415992
0.364656
0.563656
0.659024
0.490054
0.60705
0.419052
0.678681
0.465534
0.611327
0.532687
0.676834
0.479639
0.485556
0.447849
0.541345
0.366687
0.455757
0.515662
0.449355
0.50281
0.412473
0.525749
0.467387
0.513985
0.468318
0.608036
0.595258
0.613016
0.542144
0.571321
0.569401
0.531102
0.485446
0.444245
0.541253
0.609604
0.56662
0.384266
0.446301
0.61765
0.528714
0.620291
0.579439
0.561183
0.33629
0.594564
0.392238
0.349105
0.427019
0.369451
0.427776
0.582111
0.383639
0.564743
0.608633
0.429863
0.641901
0.591103
0.693688
0.462113
0.350125
0.545275
0.619341
0.399411
0.495988
0.532692
0.540781
0.449015
0.616184
0.583098
0.388932
0.591633
0.404559
0.524811
0.458693
0.584615
0.434362
0.483259
0.444108
0.547235
0.610238
0.569405
0.536073
0.593666
0.365569
0.523687
0.398235
0.379297
0.320814
0.581108
0.336672
0.625995
0.418455
0.523086
0.479008
0.591951
0.550179
0.3817
0.678572
0.451737
0.591922
0.461956
0.459233
0.452181
0.462399
0.447691
0.416531
0.509707
0.620749
0.456743
0.390739
0.31475
0.518906
0.511025
0.627461
0.40888
0.524347
0.387101
0.541417
0.500252
0.428811
0.512918
0.49902
0.483013
0.458641
0.576296
0.535378
0.72629
0.602354
0.410815
0.521344
0.398381
0.471075
0.424721
0.396242
0.691776
0.407463
0.338469
0.481889
0.414639
0.458738
0.396543
0.493544
0.414359
0.529453
0.519154
0.563406
0.398816
0.429623
0.559475
0.592278
0.520975
0.433841
0.431996
0.645043
0.492428
0.567006
0.477669
0.605551
0.491526
0.632287
0.531429
0.506565
0.531713
0.496949
0.45774
0.450372
0.455682
0.651664
0.419782
0.335703
0.421
0.758933
0.647907
0.506564
0.642803
0.406248
0.372985
0.538629
0.759198
0.57961
0.590268
0.478797
0.584997
0.573038
0.5194
0.553555
0.619406
0.449684
0.62619
0.561755
0.573293
0.670194
0.371782
0.467454
0.38166
0.603916
0.354836
0.408415
0.466945
0.53861
0.512362
0.535913
0.418787
0.704254
0.644807
0.501463
0.355856
0.526602
0.531052
0.6061
0.435403
0.526087
0.598911
0.527828
0.376132
0.577727
0.516783
0.442871
0.560025
0.547627
0.672063
0.456345
0.478757
0.521728
0.701956
0.457985
0.490306
0.542411
0.6423
0.418539
0.451397
0.368594
0.460033
0.442461
0.491405
0.474932
0.434932
0.592536
0.493326
0.605761
0.556238
0.402044
0.447472
0.599397
0.499808
0.490103
0.343476
0.398424
0.651395
0.495809
0.366267
0.4616
0.641714
0.446803
0.461616
0.492982
0.458883
0.377882
0.536893
0.403933
0.503894
0.515288
0.662652
0.523602
0.45472
0.342291
0.640666
0.473516
0.504692
0.561703
0.604055
0.521915
0.540771
0.570935
0.315101
0.533445
0.627329
0.665228
0.626412
0.529833
0.561082
0.484688
0.571026
0.577181
0.362789
0.520738
0.647104
0.415489
0.571337
0.497621
0.562823
0.546048
0.50585
0.444584
0.607106
0.592307
0.761439
0.574347
0.811794
0.649865
0.604221
0.483511
0.470915
0.641191
0.531223
0.2905
0.482644
0.590704
0.660818
0.426691
0.479601
0.635847
0.419285
0.496331
0.313101
0.589765
0.389156
0.420885
0.456985
0.571222
0.484939
0.48343
0.296654
0.617382
0.421872
0.488726
0.468939
0.395072
0.643306
0.454578
0.718416
0.326158
0.472369
0.550134
0.535813
0.542656
0.453515
0.49672
0.444114
0.48721
0.449588
0.546853
0.597991
0.374549
0.46004
0.55706
0.262202
0.42956
0.425901
0.570107
0.534558
0.417592
0.487158
0.522289
0.579103
0.582631
0.558134
0.391389
0.535115
0.408951
0.586529
0.500933
0.567571
0.621883
0.361711
0.596375
0.624692
0.643316
0.43791
0.408824
0.568182
0.617563
0.537925
0.321953
0.541811
0.523212
0.40298
0.5577
0.543945
0.386589
0.454335
0.696394
0.469657
0.51245
0.432304
0.546931
0.588045
0.647551
0.478282
0.482627
0.42038
0.492686
0.425415
0.558363
0.484706
0.478846
0.46354
0.624659
0.372523
0.423116
0.444019
0.454296
0.323178
0.479928
0.490084
0.497108
0.561575
0.403298
0.478333
0.47858
0.464856
0.635688
0.456985
0.657862
0.423645
0.439087
0.466537
0.460839
0.463514
0.383965
0.42843
0.503869
0.392264
0.411707
0.467363
0.423821
0.338673
0.386167
0.532871
0.430044
0.548315
0.449944
0.585798
0.493871
0.302089
0.501033
0.41529
0.69131
0.62308
0.305458
0.551922
0.514528
0.537367
0.46151
0.342601
0.567756
0.354421
0.431233
0.55286
0.46325
0.532701
0.454758
0.562165
0.432921
0.596081
0.563138
0.61787
0.471263
0.466736
0.405279
0.613438
0.525211
0.480106
0.604622
0.45655
0.546536
0.347561
0.461174
0.492741
0.52243
0.532404
0.414533
0.550168
0.599875
0.704821
0.683522
0.471155
0.519445
0.541418
0.398057
0.596124
0.474151
0.434956
0.638883
0.565544
0.508967
0.279925
0.700787
0.60553
0.476646
0.399566
0.494931
0.462698
0.465468
0.47997
0.605916
0.553921
0.61453
0.476899
0.619208
0.396602
0.432215
0.460911
0.534553
0.485085
0.533455
0.566468
0.581002
0.478837
0.411427
0.310599
0.549168
0.368023
0.359282
0.446788
0.556353
0.382095
0.657567
0.519678
0.560155
0.60703
0.342929
0.48624
0.536185
0.576827
0.573753
0.469015
0.435529
0.504906
0.608344
0.407063
0.537558
0.421014
0.511288
0.670247
0.713739
0.379285
0.303603
0.602464
0.418046
0.50306
0.372326
0.659463
0.419615
0.432099
0.455136
0.506861
0.59325
0.537816
0.41566
0.544001
0.583432
0.572154
0.325073
0.419247
0.65742
0.515723
0.465627
0.402378
0.663103
0.490842
0.571721
0.279674
0.60721
0.505083
0.52415
0.53734
0.469499
0.490974
0.513156
0.498877
0.568565
0.607456
0.485895
0.48204
0.594885
0.568739
0.493956
0.441002
0.426718
0.466176
0.456559
0.659339
0.644496
0.548781
0.455042
0.459481
0.559325
0.528004
0.374281
0.394233
0.571223
0.572415
0.306654
0.486012
0.472717
0.357891
0.53418
0.479403
0.413431
0.438955
0.504453
0.47268
0.641281
0.606878
0.61601
0.593897
0.635906
0.500174
0.528738
0.687193
0.549965
0.433115
0.614955
0.374923
0.573916
0.507886
0.466799
0.561246
0.639908
0.376008
0.575532
0.442786
0.580409
0.614655
0.398393
0.392012
0.457194
0.483486
0.428631
0.378933
0.376325
0.627625
0.484335
0.496756
0.504733
0.492401
0.331678
0.457129
0.504045
0.515484
0.558229
0.520573
0.597265
0.462044
0.411917
0.627764
0.38395
0.568541
0.421313
0.497253
0.61949
0.460795
0.612823
0.455277
0.474123
0.511938
0.440434
0.46327
0.587323
0.60589
0.443637
0.708706
0.533158
0.571979
0.349144
0.524897
0.512275
0.456319
0.532031
0.405368
0.486107
0.495593
0.551929
0.578444
0.568955
0.558843
0.47989
0.507658
0.393546
0.522913
0.431552
0.383623
0.465704
0.547145
0.522224
0.572978
0.523767
0.512986
0.459528
0.490039
0.518347
0.594095
0.389205
0.656787
0.428097
0.522605
0.509727
0.5168
0.427072
0.417148
0.371328
0.568778
0.519338
0.338269
0.375091
0.585261
0.656438
0.436865
0.487697
0.382183
0.653339
0.461262
0.487487
0.504884
0.318502
0.588559
0.357435
0.496194
0.51368
0.545866
0.440679
0.41223
0.359076
0.487062
0.574222
0.451518
0.599498
0.59069
0.516429
0.563074
0.547107
0.444624
0.583956
0.599057
0.516425
0.483129
0.513717
0.47764
0.567179
0.541933
0.365536
0.521701
0.470656
0.396949
0.38109
0.438971
0.615146
0.352258
0.414779
0.509264
0.566142
0.442992
0.452141
0.344413
0.496885
0.418725
0.331449
0.286531
0.504907
0.373013
0.5841
0.510232
0.430177
0.484704
0.409426
0.494434
0.49049
0.436633
0.599563
0.629355
0.549711
0.477339
0.629984
0.624357
0.534513
0.391425
0.531338
0.382229
0.515215
0.544185
0.458208
0.505561
0.466373
0.566123
0.57042
0.400815
0.422711
0.542987
0.542527
0.545734
0.646059
0.476952
0.51709
0.4857
0.518891
0.684566
0.31738
0.524673
0.480098
0.497088
0.435136
0.476338
0.518629
0.528847
0.508993
0.541079
0.540614
0.579241
0.409205
0.774411
0.525603
0.434003
0.4443
0.612489
0.587531
0.531362
0.605275
0.620323
0.456057
0.658722
0.662972
0.528325
0.493881
0.445478
0.534252
0.422809
0.465675
0.517607
0.532584
0.556072
0.474252
0.579646
0.418696
0.641679
0.479592
0.689693
0.466894
0.400579
0.516356
0.493042
0.462672
0.523678
0.525516
0.580095
0.547261
0.416487
0.315714
0.534161
0.424716
0.49148
0.56999
0.334776
0.647178
0.57378
0.613485
0.48216
0.49394
0.485798
0.557769
0.408447
0.359932
0.47646
0.437396
0.541307
0.469255
0.660625
0.554325
0.385581
0.329393
0.534351
0.44582
0.488568
0.641718
0.531599
0.491476
0.554565
0.483924
0.388027
0.474961
0.574316
0.580005
0.47749
0.516142
0.534965
0.573414
0.486861
0.489176
0.676162
0.619012
0.494817
0.642226
0.557926
0.409445
0.6202
0.434412
0.405913
0.651576
0.505585
0.405617
0.499689
0.508575
0.601674
0.294782
0.469656
0.623327
0.518151
0.422319
0.468239
0.438747
0.606614
0.452249
0.480967
0.630657
0.441212
0.549709
0.443075
0.568829
0.362612
0.549446
0.527242
0.421825
0.25092
0.350915
0.468104
0.621272
0.69319
0.655622
0.589154
0.501173
0.411122
0.562321
0.497662
0.4279
0.314607
0.435704
0.513239
0.336482
0.646719
0.464196
0.495663
0.488817
0.385786
0.422493
0.437604
0.669439
0.470166
0.554452
0.587863
0.634446
0.511361
0.591979
0.470756
0.429241
0.261074
0.525519
0.367261
0.490687
0.497858
0.641786
0.523565
0.549315
0.498958
0.644355
0.452619
0.347207
0.462996
0.572738
0.294344
0.48717
0.349098
0.435573
0.500102
0.628848
0.498113
0.473549
0.507057
0.547368
0.401528
0.467695
0.468057
0.470167
0.383718
0.608646
0.502655
0.707621
0.46315
0.542535
0.534901
0.593091
0.358168
0.709106
0.483528
0.448021
0.502976
0.487702
0.470147
0.587709
0.439468
0.366726
0.511095
0.583381
0.550489
0.352228
0.558545
0.59618
0.600201
0.431215
0.356508
0.298714
0.447134
0.505328
0.477356
0.39977
0.495578
0.51051
0.504485
0.587831
0.450931
0.538275
0.526745
0.509014
0.544615
0.474222
0.410269
0.495061
0.394215
0.469407
0.413305
0.356999
0.564433
0.4602
0.409711
0.460103
0.294503
0.552256
0.486698
0.49578
0.457687
0.384223
0.582479
0.566001
0.418477
0.586805
0.429428
0.595911
0.453119
0.352821
0.568388
0.590236
0.499104
0.633865
0.499737
0.449111
0.599229
0.379213
0.43686
0.458959
0.605872
0.532582
0.527624
0.574045
0.411085
0.50238
0.409508
0.50433
0.368157
0.521066
0.563991
0.525241
0.570242
0.409249
0.535842
0.425001
0.551708
0.360145
0.582915
0.605121
0.377799
0.360019
0.422102
0.349705
0.588267
0.460247
0.337041
0.379164
0.560573
0.416599
0.51322
0.603989
0.458302
0.411403
0.466103
0.494194
0.330402
0.474176
0.727895
0.480056
0.426878
0.416379
0.458573
0.599786
0.396571
0.495906
0.646811
0.509741
0.432638
0.726929
0.566426
0.37281
0.431364
0.450735
0.253962
0.540609
0.629926
0.483174
0.47304
0.445085
0.488742
0.454338
0.331112
0.51518
0.48402
0.45611
0.414214
0.534167
0.676143
0.413188
0.405381
0.553277
0.3195
0.393235
0.452314
0.377263
0.579409
0.371748
0.54995
0.537499
0.521734
0.567306
0.503544
0.368264
0.340839
0.662788
0.737895
0.501819
0.291495
0.628217
0.418342
0.297908
0.390365
0.460828
0.449145
0.22331
0.552698
0.458007
0.514898
0.397064
0.629852
0.438706
0.630566
0.516991
0.413268
0.528984
0.465804
0.483145
0.470529
0.427268
0.409165
0.533804
0.379123
0.564987
0.437819
0.609645
0.523536
0.478187
0.558428
0.461709
0.521296
0.60576
0.58477
0.518797
0.443604
0.429907
0.417776
0.429909
0.496166
0.474462
0.593568
0.397361
0.625856
0.576707
0.565148
0.316199
0.518831
0.448293
0.383355
0.435536
0.555733
0.640897
0.742708
0.35744
0.389589
0.632248
0.457776
0.388994
0.612046
0.64813
0.53568
0.563157
0.473558
0.536002
0.410373
0.444043
0.423154
0.605851
0.604305
0.532261
0.433413
0.653911
0.583107
0.485913
0.476264
0.484861
0.368922
0.472902
0.515249
0.448142
0.477999
0.570164
0.679859
0.604007
0.54818
0.425439
0.587575
0.63493
0.521907
0.497228
0.379248
0.518005
0.450369
0.488539
0.533421
0.573955
0.384418
0.490064
0.525245
0.508377
0.417878
0.348401
0.695585
0.46085
0.548868
0.474949
0.49597
0.377523
0.424776
0.511105
0.374991
0.422827
0.636489
0.465385
0.571776
0.345909
0.527524
0.638088
0.582181
0.417438
0.483677
0.54914
0.563299
0.452389
0.468807
0.584736
0.541931
0.534447
0.472393
0.578403
0.592637
0.457641
0.534488
0.542115
0.650987
0.400841
0.513677
0.463077
0.42765
0.350742
0.263695
0.681814
0.38893
0.488958
0.584298
0.567182
0.369388
0.358855
0.612031
0.403924
0.382167
0.527741
0.516521
0.408401
0.592644
0.460048
0.4679
0.48813
0.421043
0.417119
0.541007
0.360733
0.539625
0.399237
0.421972
0.547942
0.330082
0.445512
0.382829
0.46028
0.566763
0.507253
0.589761
0.588037
0.591352
0.410458
0.61062
0.414165
0.544632
0.723033
0.587336
0.564737
0.420949
0.542374
0.438844
0.61256
0.611007
0.618939
0.460154
0.449605
0.49862
0.431429
0.383189
0.44385
0.477038
0.529201
0.465015
0.396173
0.550493
0.457553
0.369089
0.612922
0.486552
0.481483
0.605149
0.309783
0.384948
0.623567
0.393371
0.562571
0.628477
0.331573
0.418421
0.420568
0.481604
0.591435
0.439023
0.49804
0.6024
0.501208
0.518666
0.459547
0.533432
0.421646
0.443089
0.314681
0.537238
0.519007
0.490146
0.43785
0.441997
0.615721
0.417695
0.528738
0.563042
0.464546
0.535132
0.529064
0.565819
0.461837
0.524186
0.411262
0.535926
0.415545
0.474613
0.454712
0.621864
0.483586
0.500404
0.425144
0.516113
0.398189
0.402133
0.572844
0.44016
0.391857
0.541079
0.465278
0.499117
0.440569
0.59074
0.469768
0.571533
0.439835
0.431353
0.301846
0.600044
0.629248
0.453076
0.454895
0.348473
0.481135
0.533421
0.52673
0.391015
0.568956
0.354586
0.458713
0.499122
0.431056
0.526306
0.60305
0.391723
0.645407
0.379844
0.433885
0.514392
0.530961
0.398751
0.417819
0.713105
0.491238
0.552017
0.359474
0.668197
0.51578
0.595242
0.537736
0.454148
0.555082
0.405447
0.348292
0.590827
0.684644
0.515154
0.568093
0.551814
0.373755
0.611357
0.45737
0.495428
0.474636
0.565016
0.414814
0.384088
0.547575
0.456686
0.501563
0.457622
0.537671
0.463916
0.449611
0.626162
0.418809
0.576045
0.670266
0.548244
0.620505
0.502011
0.578278
0.459732
0.553233
0.536803
0.547271
0.519206
0.44786
0.552181
0.512095
0.435424
0.524828
0.477291
0.433732
0.44249
0.508682
0.534795
0.442368
0.388351
0.403598
0.498141
0.47427
0.502255
0.545517
0.335607
0.318087
0.506782
0.446513
0.506735
0.486195
0.340084
0.247024
0.476779
0.626718
0.553952
0.491573
0.514798
0.491852
0.453343
0.543594
0.541022
0.678107
0.542983
0.555002
0.689099
0.5541
0.646674
0.406114
0.548871
0.491521
0.564936
0.431568
0.455286
0.614903
0.436603
0.347842
0.489079
0.485807
0.469993
0.498021
0.454846
0.437062
0.60929
0.529414
0.602136
0.472679
0.501752
0.519664
0.455184
0.449058
0.43138
0.766971
0.416915
0.553128
0.384658
0.660044
0.612836
0.493027
0.514005
0.343419
0.440446
0.316961
0.464553
0.593767
0.589796
0.67586
0.429888
0.422803
0.500806
0.545458
0.502355
0.422445
0.522981
0.423423
0.583589
0.667818
0.543143
0.517161
0.520856
0.59376
0.446807
0.637912
0.434866
0.360431
0.578821
0.516784
0.404652
0.523659
0.568903
0.45832
0.475165
0.525645
0.487691
0.447251
0.453193
0.621667
0.598939
0.424039
0.457236
0.558373
0.573483
0.644853
0.586962
0.519334
0.430589
0.441584
0.277868
0.653442
0.572332
0.39754
0.406773
0.401801
0.576609
0.55444
0.413758
0.438728
0.51442
0.566326
0.6062
0.442491
0.457048
0.416035
0.710497
0.611408
0.438747
0.50983
0.437131
0.540928
0.540581
0.565843
0.524686
0.477337
0.361026
0.411934
0.628441
0.463679
0.638966
0.508603
0.419174
0.393558
0.494705
0.312571
0.557793
0.388419
0.554627
0.496668
0.611423
0.513931
0.525113
0.441635
0.376571
0.651127
0.581363
0.515482
0.574999
0.537884
0.436727
0.556017
0.487925
0.596403
0.558181
0.472175
0.594182
0.462296
0.393571
0.479769
0.477951
0.430908
0.476251
0.38729
0.571708
0.536503
0.372736
0.547384
0.499993
0.579933
0.538995
0.489627
0.489635
0.320423
0.451022
0.550216
0.412067
0.447089
0.475288
0.514221
0.523329
0.345818
0.344715
0.486006
0.567416
0.377131
0.305796
0.50344
0.508577
0.480666
0.502477
0.411551
0.458187
0.521891
0.462433
0.511207
0.461834
0.396674
0.651367
0.598488
0.512229
0.609353
0.560942
0.510347
0.353577
0.439901
0.29599
0.592202
0.743022
0.715842
0.526606
0.503067
0.634801
0.504516
0.370765
0.573867
0.452729
0.641341
0.473078
0.534547
0.516634
0.509677
0.44532
0.525603
0.488375
0.487935
0.634342
0.509669
0.603069
0.479539
0.483013
0.498766
0.251143
0.441379
0.449793
0.612863
0.376838
0.626378
0.45258
0.385354
0.458804
0.455787
0.502447
0.631083
0.538391
0.436851
0.492901
0.392549
0.461272
0.441452
0.510275
0.479903
0.598021
0.461373
0.330899
0.620374
0.609274
0.555789
0.570657
0.532741
0.621093
0.506625
0.55256
0.54248
0.576158
0.3974
0.557968
0.453209
0.626417
0.431179
0.427076
0.490059
0.532816
0.503267
0.574288
0.530588
0.537731
0.344258
0.384119
0.438877
0.475735
0.549073
0.45323
0.61842
0.588317
0.507612
0.444235
0.399438
0.608178
0.452639
0.516901
0.476242
0.478742
0.540526
0.502363
0.210269
0.574484
0.580493
0.485984
0.514424
0.387722
0.427946
0.464483
0.534331
0.347491
0.457565
0.542949
0.442149
0.436109
0.331739
0.537385
0.458553
0.369092
0.480002
0.548382
0.618513
0.504007
0.405068
0.571566
0.4965
0.543913
0.631111
0.510443
0.506741
0.40101
0.5099
0.557248
0.394149
0.386109
0.500426
0.507453
0.431545
0.389568
0.537635
0.573526
0.438811
0.519297
0.405901
0.563598
0.339589
0.661476
0.532859
0.490637
0.471157
0.529602
0.519226
0.377766
0.463095
0.467486
0.520229
0.625355
0.500387
0.571838
0.494272
0.605498
0.486562
0.500049
0.43447
0.649514
0.622512
0.728809
0.398657
0.394081
0.516614
0.529178
0.453514
0.551652
0.341767
0.523735
0.548436
0.570748
0.45498
0.291437
0.334748
0.55178
0.595144
0.585803
0.545922
0.384012
0.574585
0.432056
0.454395
0.569281
0.480057
0.568845
0.420628
0.398128
0.598776
0.50017
0.450023
0.543927
0.485128
0.62314
0.373331
0.540674
0.383675
0.397184
0.466169
0.610027
0.324094
0.42034
0.62327
0.603256
0.403647
0.478258
0.503099
0.523695
0.572846
0.631521
0.658456
0.595346
0.5399
0.606929
0.568685
0.343249
0.409593
0.458361
0.589122
0.351238
0.572211
0.362843
0.433409
0.562727
0.558142
0.517443
0.404286
0.290128
0.573773
0.602624
0.488498
0.498539
0.534313
0.477679
0.431443
0.429327
0.509167
0.373861
0.707172
0.429229
0.495475
0.650861
0.399384
0.450591
0.535463
0.382222
0.509028
0.488379
0.393206
0.535344
0.50414
0.51958
0.506445
0.611694
0.527546
0.510623
0.529079
0.512841
0.578045
0.45844
0.579954
0.397949
0.580714
0.630796
0.513575
0.698351
0.461933
0.471512
0.428368
0.454829
0.344788
0.636203
0.528117
0.443215
0.380451
0.524165
0.352196
0.453964
0.531171
0.672017
0.590232
0.491287
0.420505
0.574753
0.396806
0.65751
0.566412
0.499795
0.521838
0.488241
0.512825
0.5597
0.572267
0.404013
0.375345
0.409127
0.320654
0.343992
0.41666
0.331705
0.476331
0.447399
0.567337
0.482407
0.434735
0.348255
0.707592
0.451079
0.420525
0.449088
0.525672
0.512726
0.440136
0.339215
0.46848
0.330199
0.459377
0.623232
0.400053
0.574893
0.421697
0.525332
0.28353
0.531093
0.522764
0.535081
0.502233
0.549582
0.656953
0.460269
0.435481
0.416148
0.35139
0.552471
0.40477
0.500602
0.70317
0.570938
0.50593
0.451944
0.435376
0.55044
0.442907
0.505292
0.38751
0.538687
0.578768
0.666208
0.655991
0.468964
0.519578
0.53804
0.500311
0.333589
0.446752
0.457902
0.430498
0.423826
0.413534
0.406932
0.491502
0.50188
0.321194
0.460429
0.260128
0.3706
0.490602
0.44352
0.370141
0.406504
0.44478
0.557964
0.481177
0.42177
0.418064
0.545719
0.707071
0.220793
0.607512
0.554915
0.419234
0.516965
0.48216
0.473826
0.740709
0.475267
0.465777
0.398505
0.646523
0.546328
0.50872
0.599666
0.585958
0.45756
0.564535
0.454479
0.542382
0.627
0.586916
0.508863
0.446241
0.565476
0.662644
0.535939
0.356861
0.532738
0.596147
0.656236
0.528664
0.41316
0.461292
0.4853
0.577443
0.576654
0.536038
0.374316
0.462301
0.590405
0.435575
0.609374
0.398895
0.447076
0.659575
0.534998
0.419604
0.375075
0.569182
0.667577
0.596241
0.696543
0.609356
0.564305
0.440943
0.498659
0.592214
0.513266
0.500859
0.583913
0.356972
0.610288
0.562263
0.364946
0.62213
0.588189
0.479709
0.669606
0.445515
0.364043
0.645871
0.421827
0.70781
0.470078
0.517675
0.463968
0.735201
0.733859
0.614351
0.586226
0.576748
0.573348
0.503045
0.52876
0.652132
0.472489
0.487595
0.422143
0.385373
0.602936
0.416107
0.43177
0.640173
0.557543
0.522965
0.471841
0.572487
0.461255
0.520872
0.654557
0.615956
0.42501
0.458582
0.640139
0.415833
0.508282
0.359922
0.553309
0.52701
0.355903
0.459737
0.431844
0.591791
0.374761
0.652387
0.57284
0.413019
0.41603
0.468421
0.642302
0.538192
0.428537
0.495041
0.513695
0.570196
0.548891
0.455996
0.601071
0.520261
0.394016
0.466526
0.452399
0.418794
0.621693
0.478973
0.368729
0.499685
0.524747
0.434699
0.514813
0.473733
0.524503
0.437925
0.386797
0.606804
0.629131
0.367111
0.502629
0.618354
0.522514
0.539526
0.480789
0.615932
0.649252
0.5446
0.67298
0.781301
0.46144
0.561711
0.616393
0.423794
0.492834
0.378016
0.371183
0.616525
0.626038
0.421959
0.408771
0.431097
0.518329
0.428072
0.516601
0.486412
0.451755
0.448707
0.584983
0.527222
0.573121
0.628314
0.441633
0.648042
0.589496
0.655888
0.599545
0.478043
0.48486
0.411224
0.583826
0.542565
0.52352
0.520588
0.503099
0.516862
0.405919
0.63744
0.631119
0.587708
0.542461
0.463833
0.564219
0.338488
0.610979
0.528105
0.520204
0.373405
0.563473
0.534502
0.644336
0.596419
0.447737
0.400344
0.388014
0.460549
0.509503
0.496364
0.625791
0.703164
0.440735
0.505856
0.476342
0.482877
0.639682
0.518234
0.493012
0.533686
0.648325
0.372647
0.389574
0.551969
0.532848
0.567265
0.566812
0.731968
0.472745
0.449869
0.505559
0.465384
0.624194
0.305356
0.491821
0.520706
0.523331
0.5558
0.639595
0.317908
0.395032
0.588687
0.477034
0.514125
0.332849
0.428941
0.561545
0.515942
0.615697
0.570384
0.58949
0.433922
0.626953
0.482238
0.566073
0.594997
0.541559
0.606303
0.401072
0.328337
0.346769
0.460433
0.496014
0.540336
0.562174
0.463939
0.388436
0.494337
0.524602
0.600536
0.618856
0.610716
0.503553
0.534467
0.38606
0.402944
0.512766
0.495424
0.356361
0.465278
0.583558
0.447898
0.392423
0.327669
0.56555
0.660567
0.367301
0.493546
0.62042
0.491369
0.629305
0.576081
0.474292
0.40387
0.383322
0.348561
0.39439
0.530552
0.454215
0.424504
0.455593
0.498655
0.497933
0.483132
0.662503
0.534191
0.525943
0.75583
0.592649
0.359755
0.508624
0.489219
0.526476
0.501764
0.423236
0.500461
0.429706
0.522738
0.612099
0.440434
0.453732
0.594265
0.516599
0.48038
0.619647
0.326254
0.552647
0.637676
0.451541
0.568121
0.493223
0.456339
0.424696
0.697514
0.623624
0.557883
0.494291
0.612224
0.535038
0.37818
0.470256
0.540884
0.722075
0.505912
0.503886
0.388096
0.549885
0.538276
0.651861
0.329608
0.456468
0.469543
0.383265
0.473167
0.455825
0.428099
0.795265
0.600662
0.607559
0.477611
0.403046
0.607198
0.518558
0.397911
0.569645
0.252721
0.442382
0.461259
0.441299
0.541807
0.641981
0.419581
0.453938
0.447262
0.581365
0.61832
0.476442
0.693136
0.311861
0.45253
0.356296
0.712788
0.518566
0.48082
0.533258
0.497632
0.692638
0.612797
0.486671
0.452172
0.595038
0.585609
0.482044
0.470965
0.577352
0.445231
0.682521
0.653135
0.525321
0.248113
0.690878
0.570058
0.490695
0.598809
0.487646
0.501845
0.377052
0.43922
0.531019
0.458252
0.545187
0.405077
0.584142
0.599637
0.50371
0.565278
0.535424
0.57359
0.550476
0.459719
0.677488
0.482864
0.530472
0.551229
0.610394
0.500228
0.375771
0.40725
0.534752
0.34587
0.59321
0.526865
0.500348
0.342972
0.465385
0.52883
0.575923
0.367089
0.430603
0.616202
0.505711
0.604941
0.607419
0.433211
0.618372
0.538269
0.429374
0.429991
0.453943
0.36835
0.455561
0.4508
0.474433
0.59682
0.522655
0.661346
0.62368
0.47842
0.504012
0.430855
0.602109
0.461287
0.441479
0.484497
0.322002
0.330421
0.515538
0.4418
0.50891
0.669951
0.619392
0.356672
0.614836
0.459825
0.602648
0.474667
0.408808
0.422548
0.550191
0.523101
0.51047
0.435597
0.561896
0.549666
0.432318
0.525125
0.698792
0.425147
0.496201
0.456604
0.461306
0.625877
0.389711
0.538005
0.765215
0.511558
0.428104
0.451154
0.580924
0.314063
0.487343
0.526892
0.501702
0.452851
0.673931
0.479653
0.506497
0.292618
0.497115
0.517092
0.582954
0.558813
0.409127
0.540393
0.37627
0.626632
0.579054
0.550864
0.329495
0.599134
0.56598
0.578467
0.480919
0.490082
0.357023
0.547889
0.384164
0.427159
0.535886
0.397796
0.316599
0.591153
0.647554
0.568874
0.541725
0.606772
0.524752
0.476301
0.491121
0.500677
0.641805
0.68227
0.531611
0.342395
0.461508
0.584179
0.483253
0.483701
0.440643
0.534126
0.553784
0.412123
0.55976
0.205323
0.355149
0.43418
0.642853
0.421061
0.567728
0.703977
0.432554
0.561851
0.5179
0.712795
0.586469
0.46636
0.534559
0.755284
0.560279
0.541773
0.55021
0.387896
0.643236
0.599201
0.51227
0.495181
0.511679
0.529771
0.470198
0.579566
0.466187
0.537001
0.604088
0.490246
0.518005
0.541115
0.660326
0.506816
0.590357
0.470892
0.75997
0.493253
0.500283
0.358699
0.445447
0.537902
0.586613
0.454318
0.431213
0.595051
0.44971
0.473199
0.523988
0.443767
0.468611
0.494759
0.478196
0.47957
0.461174
0.626361
0.352244
0.55461
0.452881
0.348581
0.531243
0.481949
0.619899
0.557412
0.481814
0.519576
0.372037
0.519006
0.504609
0.549793
0.541218
0.452596
0.550144
0.369575
0.441103
0.357215
0.663602
0.507552
0.363466
0.597836
0.524208
0.383221
0.576978
0.466569
0.444815
0.624025
0.594
0.43452
0.297311
0.555907
0.571018
0.509959
0.429493
0.482991
0.508348
0.518408
0.439012
0.471988
0.614738
0.520278
0.570024
0.456966
0.502477
0.381676
0.398178
0.580107
0.478654
0.51402
0.36955
0.584077
0.398186
0.39807
0.359162
0.471629
0.444234
0.408007
0.514708
0.648072
0.501634
0.551195
0.551102
0.562217
0.488983
0.339231
0.561493
0.561448
0.514977
0.405928
0.410349
0.576517
0.624654
0.587835
0.474251
0.451707
0.501145
0.682949
0.49602
0.335979
0.588576
0.503206
0.617789
0.650734
0.501733
0.536409
0.458671
0.549801
0.288117
0.533201
0.402615
0.487303
0.508024
0.43471
0.462104
0.508992
0.398261
0.656496
0.583304
0.482707
0.685133
0.544419
0.35829
0.483566
0.512323
0.418059
0.509985
0.549514
0.549282
0.617304
0.515422
0.522863
0.645776
0.567747
0.53296
0.293443
0.498187
0.480494
0.39909
0.558986
0.593214
0.402033
0.560435
0.518374
0.594587
0.529767
0.406587
0.513372
0.23843
0.408853
0.569394
0.634473
0.502884
0.62596
0.354331
0.506481
0.617628
0.615579
0.369579
0.569451
0.378916
0.594505
0.418421
0.570619
0.435754
0.440118
0.420611
0.382942
0.412852
0.628089
0.528308
0.465874
0.535956
0.445135
0.502226
0.384006
0.525213
0.592444
0.313604
0.299188
0.522164
0.595404
0.637641
0.551764
0.516016
0.535254
0.404004
0.546546
0.634799
0.41828
0.570042
0.359146
0.467046
0.498193
0.482337
0.678297
0.579609
0.667296
0.492198
0.499779
0.397251
0.432086
0.490747
0.587593
0.509622
0.488891
0.629202
0.517984
0.571261
0.515195
0.389992
0.521959
0.660234
0.592252
0.474332
0.641911
0.661039
0.57463
0.571871
0.517983
0.637412
0.622297
0.478046
0.519791
0.460642
0.610886
0.324774
0.439135
0.559032
0.435762
0.390088
0.459319
0.454127
0.425503
0.452363
0.61671
0.549334
0.580437
0.554736
0.470157
0.536563
0.551852
0.545371
0.593894
0.586505
0.477504
0.459161
0.509561
0.488182
0.489047
0.506528
0.472955
0.503388
0.407017
0.534916
0.531142
0.401646
0.438981
0.628616
0.465563
0.441314
0.596498
0.412553
0.536742
0.562446
0.546487
0.425642
0.446234
0.557061
0.512662
0.529361
0.331438
0.482419
0.442625
0.517142
0.508892
0.582939
0.456266
0.490229
0.381676
0.686395
0.691089
0.465607
0.526564
0.539992
0.360079
0.481639
0.676521
0.451969
0.53775
0.567035
0.5142
0.604337
0.489986
0.538774
0.49204
0.502393
0.363312
0.394608
0.394611
0.726618
0.649207
0.465765
0.558807
0.3526
0.539099
0.595493
0.56754
0.504593
0.385648
0.509048
0.332532
0.408349
0.485967
0.54077
0.481852
0.608838
0.602376
0.383858
0.667813
0.618492
0.536342
0.528482
0.410852
0.661582
0.571212
0.653842
0.495022
0.380374
0.699375
0.439814
0.430727
0.568665
0.349463
0.363797
0.400306
0.498351
0.529236
0.448392
0.602116
0.404621
0.599763
0.625535
0.508717
0.495435
0.59652
0.582712
0.554799
0.450884
0.51305
0.456875
0.370468
0.478069
0.562783
0.541693
0.475516
0.587126
0.434665
0.473753
0.45031
0.454016
0.658205
0.463348
0.398908
0.635708
0.493575
0.635462
0.620043
0.503383
0.562378
0.446592
0.401588
0.35927
0.534722
0.443019
0.454138
0.702766
0.488212
0.426165
0.499327
0.611434
0.454496
0.390651
0.4285
0.502524
0.668976
0.600687
0.54738
0.440639
0.539332
0.470414
0.422341
0.357166
0.348455
0.513831
0.54392
0.647099
0.507439
0.429925
0.423188
0.30888
0.67424
0.588628
0.53661
0.592885
0.453642
0.483233
0.535014
0.424175
0.594137
0.51489
0.332295
0.565137
0.397361
0.274804
0.389489
0.38365
0.655702
0.489767
0.509819
0.592388
0.433706
0.496639
0.560366
0.424893
0.508906
0.511419
0.435966
0.614034
0.587703
0.458509
0.380978
0.538498
0.511917
0.525819
0.384529
0.602907
0.57164
0.711321
0.364876
0.417214
0.440013
0.426683
0.458503
0.540988
0.445545
0.623611
0.629578
0.458213
0.697619
0.508518
0.415399
0.448238
0.38078
0.611151
0.52345
0.518485
0.633465
0.472797
0.595692
0.464558
0.426767
0.419694
0.455714
0.723362
0.558878
0.587268
0.554381
0.38487
0.580836
0.460836
0.529575
0.628159
0.569186
0.498374
0.495689
0.447328
0.461199
0.601006
0.678474
0.632948
0.468259
0.396808
0.610875
0.474645
0.383049
0.503579
0.505475
0.550453
0.496168
0.536187
0.519179
0.468558
0.537783
0.424118
0.525761
0.427067
0.559972
0.50486
0.611889
0.457407
0.37535
0.558735
0.612271
0.417004
0.56763
0.350825
0.399531
0.396844
0.489726
0.345582
0.444451
0.609562
0.565034
0.559789
0.362191
0.423665
0.407511
0.419464
0.460134
0.509526
0.376174
0.686344
0.402953
0.46277
0.479655
0.519581
0.510548
0.370681
0.346422
0.638262
0.504468
0.587245
0.376306
0.650388
0.518442
0.382464
0.288944
0.51393
0.488648
0.431568
0.58478
0.395591
0.639344
0.409732
0.434232
0.192897
0.379481
0.457947
0.510664
0.485251
0.425937
0.485655
0.582774
0.479553
0.468974
0.475773
0.38204
0.516035
0.595569
0.457741
0.460832
0.499927
0.486222
0.514205
0.656828
0.624571
0.600879
0.386978
0.479355
0.45162
0.469597
0.447879
0.633268
0.313941
0.603554
0.400106
0.596019
0.60685
0.442068
0.475738
0.46351
0.533297
0.451207
0.495013
0.580382
0.568635
0.589646
0.552994
0.470344
0.610596
0.357383
0.399255
0.482178
0.58009
0.542943
0.276208
0.467045
0.538467
0.584689
0.4817
0.502718
0.486855
0.561873
0.621499
0.48035
0.513201
0.331048
0.417302
0.569435
0.652649
0.623466
0.335878
0.576552
0.426864
0.619082
0.404992
0.413542
0.427944
0.512808
0.381704
0.490728
0.512534
0.388612
0.538702
0.450816
0.371768
0.417114
0.434267
0.459085
0.54267
0.49229
0.73151
0.265513
0.426631
0.422914
0.5325
0.354436
0.480597
0.494356
0.392909
0.4974
0.546579
0.616375
0.682805
0.624795
0.485124
0.672515
0.459204
0.431921
0.478366
0.486743
0.61602
0.635104
0.56828
0.722944
0.577032
0.593479
0.295763
0.532906
0.497492
0.61208
0.606179
0.468418
0.540006
0.641848
0.586976
0.573094
0.490294
0.592189
0.403012
0.569572
0.478488
0.47171
0.295207
0.557688
0.471552
0.572746
0.608157
0.639273
0.502484
0.715317
0.512322
0.48517
0.401905
0.466135
0.386421
0.56013
0.297664
0.548276
0.525659
0.421182
0.548089
0.557161
0.641405
0.505122
0.674506
0.498457
0.417952
0.620729
0.358644
0.463524
0.491988
0.561354
0.570569
0.558037
0.320385
0.353487
0.492747
0.499413
0.501951
0.456936
0.605887
0.598653
0.618764
0.632249
0.302169
0.542237
0.362705
0.590987
0.49149
0.589693
0.612824
0.444493
0.46636
0.502465
0.629163
0.466766
0.491051
0.719704
0.628654
0.387074
0.480657
0.596607
0.408727
0.427927
0.535653
0.320932
0.584247
0.504041
0.397614
0.523309
0.303402
0.597901
0.491687
0.696979
0.608179
0.527579
0.621464
0.342577
0.505035
0.522395
0.381872
0.353593
0.511409
0.422077
0.455701
0.458127
0.54368
0.615027
0.659402
0.532575
0.712209
0.531321
0.403783
0.602857
0.389087
0.406079
0.535213
0.64882
0.51421
0.32881
0.422973
0.427445
0.505315
0.494378
0.358381
0.330472
0.537586
0.471199
0.531293
0.392076
0.458475
0.502299
0.449642
0.462217
0.503348
0.554866
0.567605
0.461288
0.477589
0.433898
0.488039
0.631688
0.470778
0.375605
0.504822
0.401944
0.668583
0.536161
0.45069
0.379006
0.527976
0.491444
0.416241
0.384337
0.481402
0.463392
0.405684
0.349437
0.435538
0.488587
0.395
0.586405
0.430244
0.64471
0.358103
0.649182
0.523358
0.550477
0.52666
0.501087
0.466931
0.554686
0.249166
0.504284
0.540556
0.529998
0.514916
0.446792
0.507393
0.587091
0.4085
0.52267
0.458527
0.424783
0.460427
0.581001
0.611284
0.531781
0.659536
0.659304
0.427121
0.35566
0.492776
0.516987
0.614724
0.554701
0.678029
0.584481
0.48394
0.348221
0.555551
0.643667
0.616157
0.481012
0.603703
0.555234
0.516771
0.617513
0.544556
0.448574
0.415348
0.481349
0.405025
0.489869
0.479132
0.455853
0.39914
0.643956
0.705491
0.4612
0.597092
0.445631
0.558954
0.623776
0.54666
0.495998
0.61845
0.45341
0.412664
0.499486
0.400377
0.544095
0.500059
0.757174
0.323125
0.513812
0.526296
0.532032
0.478682
0.499101
0.508576
0.501718
0.476941
0.519982
0.33162
0.614539
0.52834
0.630874
0.561582
0.664223
0.530458
0.573116
0.571734
0.499104
0.624189
0.44473
0.545534
0.381365
0.385118
0.503041
0.522723
0.511945
0.515736
0.515786
0.554057
0.536753
0.404101
0.576337
0.330308
0.449804
0.514584
0.498653
0.551158
0.508901
0.57632
0.407599
0.699612
0.57949
0.534985
0.540252
0.487552
0.522324
0.633533
0.473813
0.538059
0.440535
0.387512
0.59576
0.470126
0.401768
0.420582
0.63186
0.451393
0.550983
0.525868
0.347672
0.484518
0.529554
0.51876
0.539151
0.592823
0.7163
0.446805
0.428
0.470826
0.406053
0.622294
0.277376
0.565296
0.441411
0.543183
0.643584
0.452443
0.413284
0.467968
0.179386
0.476888
0.645862
0.510142
0.504539
0.418011
0.481638
0.617855
0.459201
0.44933
0.682101
0.404405
0.555819
0.556509
0.459727
0.395184
0.545134
0.379648
0.456896
0.356704
0.411912
0.545455
0.487358
0.473329
0.416051
0.354939
0.355868
0.437335
0.494657
0.692246
0.571629
0.617926
0.440748
0.620262
0.47115
0.57483
0.274183
0.62861
0.766158
0.582105
0.320458
0.399661
0.332178
0.627764
0.512983
0.458192
0.553424
0.554864
0.434478
0.570308
0.539598
0.609675
0.613099
0.457261
0.330249
0.562549
0.488927
0.489779
0.502302
0.467123
0.366445
0.428546
0.496389
0.423475
0.668624
0.576443
0.477594
0.510863
0.508247
0.308187
0.546263
0.555662
0.592093
0.442984
0.614471
0.400145
0.373609
0.625825
0.5638
0.5377
0.469693
0.583052
0.500036
0.580145
0.55721
0.417809
0.520412
0.622737
0.664874
0.611025
0.409033
0.472514
0.676115
0.393524
0.576092
0.405596
0.458555
0.454912
0.456513
0.519057
0.535723
0.454854
0.383641
0.443012
0.416631
0.502369
0.553612
0.37853
0.698833
0.468764
0.596012
0.626998
0.5606
0.399845
0.566468
0.376573
0.657832
0.393007
0.376786
0.611332
0.541322
0.504855
0.578258
0.608758
0.51002
0.554957
0.513773
0.691174
0.515895
0.591373
0.454353
0.496765
0.436046
0.583569
0.535731
0.4358
0.527661
0.508353
0.51061
0.697687
0.481477
0.594457
0.532217
0.574476
0.589337
0.591377
0.584781
0.666454
0.441494
0.628111
0.376561
0.335435
0.56927
0.427419
0.511048
0.471386
0.548704
0.441219
0.551965
0.438003
0.580814
0.57275
0.397688
0.462871
0.464086
0.251133
0.680723
0.437829
0.574838
0.523949
0.607852
0.495163
0.471057
0.733451
0.556576
0.525255
0.535356
0.642056
0.443485
0.501312
0.572664
0.472721
0.480179
0.476802
0.378278
0.529838
0.332355
0.421216
0.391902
0.466276
0.397704
0.359787
0.553295
0.462186
0.518218
0.682794
0.475158
0.481197
0.542562
0.59006
0.548881
0.569636
0.454103
0.536292
0.498775
0.464386
0.580251
0.342868
0.600421
0.375013
0.498721
0.341708
0.478747
0.505783
0.556334
0.716848
0.301472
0.583203
0.616006
0.409345
0.483536
0.454695
0.547529
0.351137
0.418137
0.624047
0.377772
0.493484
0.450012
0.489253
0.515941
0.595612
0.506571
0.548366
0.469501
0.539189
0.402524
0.438999
0.366407
0.534256
0.633614
0.477097
0.399253
0.382235
0.575091
0.56059
0.506971
0.561647
0.300543
0.503575
0.609704
0.502157
0.436717
0.566633
0.412479
0.512572
0.569952
0.44892
0.393304
0.428426
0.319839
0.507642
0.491308
0.544763
0.595757
0.57056
0.510566
0.499754
0.551886
0.407124
0.45521
0.674767
0.456329
0.323881
0.311476
0.576519
0.48998
0.54978
0.492289
0.466931
0.390745
0.576988
0.460031
0.306316
0.558749
0.522847
0.443098
0.375519
0.538166
0.478609
0.561895
0.442637
0.491269
0.71055
0.379862
0.339948
0.580351
0.379113
0.495191
0.516667
0.473133
0.341687
0.388828
0.633156
0.487276
0.504655
0.644409
0.462218
0.489641
0.490336
0.355738
0.563089
0.465896
0.484444
0.237444
0.593772
0.476123
0.429688
0.554429
0.527314
0.412023
0.431143
0.385753
0.437669
0.571373
0.439008
0.638553
0.520763
0.565329
0.574388
0.627647
0.516396
0.374225
0.363714
0.536431
0.49659
0.567478
0.547432
0.574699
0.486025
0.403237
0.528587
0.44902
0.58017
0.623382
0.426917
0.561278
0.526757
0.559518
0.504103
0.651018
0.536202
0.665577
0.42577
0.397215
0.386604
0.49266
0.625893
0.495085
0.488958
0.521731
0.539219
0.623584
0.578187
0.569812
0.467324
0.41919
0.695641
0.485274
0.643947
0.47162
0.528665
0.447874
0.565208
0.557088
0.572879
0.48915
0.450353
0.624746
0.382785
0.548805
0.498634
0.451914
0.476334
0.582699
0.407957
0.483741
0.559061
0.438078
0.320928
0.472912
0.533444
0.511664
0.663911
0.335027
0.359074
0.406236
0.544733
0.535281
0.629291
0.401316
0.474651
0.422072
0.529898
0.653593
0.38022
0.623148
0.645582
0.642712
0.470667
0.619935
0.379656
0.678045
0.52642
0.615666
0.45277
0.482074
0.474395
0.612923
0.34619
0.566016
0.615681
0.416241
0.455291
0.513297
0.47124
0.475377
0.51887
0.486525
0.511251
0.584879
0.489928
0.473571
0.533721
0.455584
0.413516
0.488378
0.357989
0.473657
0.4773
0.542145
0.298744
0.562812
0.600449
0.500485
0.686194
0.465326
0.426479
0.442202
0.597993
0.357475
0.485674
0.535301
0.668566
0.515031
0.392724
0.445863
0.541452
0.444414
0.545174
0.495398
0.530286
0.495161
0.48835
0.282321
0.554052
0.569309
0.512343
0.383152
0.612227
0.543326
0.546716
0.549091
0.465442
0.51822
0.318531
0.513564
0.587287
0.613448
0.339337
0.526395
0.552882
0.520242
0.48673
0.430201
0.329843
0.529991
0.446128
0.494662
0.537264
0.453294
0.578368
0.424263
0.43834
0.445309
0.478763
0.655161
0.53226
0.553031
0.493237
0.456777
0.510992
0.500116
0.457167
0.453756
0.446588
0.624878
0.422549
0.583912
0.674623
0.387088
0.53913
0.407782
0.539414
0.659192
0.555109
0.685423
0.566619
0.617586
0.503048
0.536057
0.628865
0.44955
0.636615
0.496219
0.470011
0.491503
0.483781
0.592003
0.453681
0.514157
0.382092
0.441053
0.401688
0.47024
0.561652
0.499909
0.58798
0.420382
0.541435
0.572343
0.553725
0.452803
0.504551
0.594307
0.40916
0.512424
0.518092
0.411111
0.587843
0.655028
0.663183
0.662475
0.318913
0.542093
0.340864
0.491051
0.582994
0.391927
0.419427
0.590071
0.517373
0.602723
0.38883
0.505722
0.636063
0.663164
0.387825
0.509886
0.430388
0.566207
0.469402
0.258867
0.315708
0.441655
0.470201
0.753725
0.589914
0.523162
0.349498
0.417852
0.469314
0.765285
0.563395
0.507408
0.467536
0.626209
0.639846
0.570237
0.583077
0.331767
0.32013
0.468904
0.461114
0.536391
0.432412
0.583464
0.395212
0.496606
0.363001
0.609587
0.43455
0.572703
0.390948
0.467679
0.562285
0.474203
0.351589
0.638609
0.610689
0.564755
0.594674
0.541671
0.378674
0.442076
0.5027
0.570413
0.617336
0.508563
0.535074
0.401943
0.649147
0.548211
0.363729
0.495357
0.586403
0.425451
0.565826
0.594898
0.614576
0.521535
0.439151
0.353473
0.306177
0.424096
0.605854
0.392164
0.530765
0.585512
0.470133
0.411344
0.626719
0.465683
0.295505
0.569032
0.60041
0.67487
0.467275
0.64211
0.418383
0.532195
0.605846
0.486024
0.358184
0.455449
0.496472
0.608597
0.48346
0.49782
0.501099
0.273584
0.408941
0.647172
0.317906
0.449575
0.52095
0.603493
0.454185
0.419899
0.619051
0.450147
0.47816
0.569132
0.44446
0.43455
0.615405
0.461839
0.560858
0.37389
0.555454
0.529185
0.653217
0.501523
0.634243
0.479025
0.510265
0.569671
0.458013
0.445108
0.556224
0.52404
0.634287
0.59102
0.497439
0.56599
0.375554
0.584483
0.549521
0.517873
0.441286
0.257648
0.310642
0.507177
0.583902
0.368986
0.646586
0.485089
0.564325
0.382436
0.453197
0.49511
0.602729
0.579388
0.461852
0.707342
0.630128
0.419181
0.553563
0.634072
0.606415
0.563686
0.547358
0.542283
0.470481
0.481644
0.528547
0.578716
0.488041
0.548356
0.482513
0.423096
0.562788
0.456364
0.599635
0.485169
0.476504
0.552738
0.516994
0.561157
0.623747
0.518604
0.262453
0.265257
0.506751
0.506533
0.46677
0.451824
0.456148
0.551416
0.409346
0.443846
0.543149
0.470443
0.363242
0.683345
0.448805
0.467834
0.50509
0.519325
0.455972
0.459915
0.555517
0.448896
0.429606
0.436192
0.515721
0.427197
0.551014
0.572029
0.465802
0.261741
0.571686
0.408566
0.490497
0.506808
0.552329
0.415499
0.397925
0.573517
0.352734
0.552342
0.496978
0.571192
0.338096
0.443805
0.29898
0.595651
0.567418
0.584906
0.509235
0.480047
0.62961
0.391445
0.274099
0.323886
0.492935
0.411465
0.449185
0.315833
0.533392
0.313319
0.554347
0.465953
0.407691
0.365985
0.481045
0.362994
0.436429
0.627229
0.51774
0.572348
0.363098
0.455263
0.358918
0.490309
0.654544
0.459513
0.463393
0.470251
0.608508
0.406118
0.527499
0.536364
0.533877
0.593798
0.538793
0.500555
0.569256
0.515704
0.475911
0.298153
0.405504
0.42288
0.520187
0.658033
0.477844
0.40496
0.444661
0.522797
0.293178
0.50373
0.64611
0.634619
0.458238
0.475171
0.585721
0.502398
0.474187
0.515621
0.604027
0.465825
0.3633
0.567664
0.575741
0.472009
0.59335
0.521387
0.370103
0.48027
0.465332
0.626623
0.582377
0.610733
0.530127
0.6318
0.602102
0.552348
0.39976
0.565033
0.483752
0.445951
0.418858
0.573075
0.385402
0.45801
0.361934
0.433748
0.341039
0.560662
0.622131
0.5575
0.432145
0.633676
0.45705
0.693681
0.624167
0.603965
0.457269
0.457193
0.533507
0.538273
0.503209
0.391122
0.390656
0.504654
0.475942
0.58098
0.565091
0.518391
0.287589
0.636184
0.517573
0.587942
0.496911
0.554399
0.445451
0.476577
0.475747
0.584365
0.386618
0.495307
0.591888
0.402832
0.647733
0.442738
0.474049
0.421242
0.622329
0.407472
0.624529
0.437759
0.46445
0.648684
0.445217
0.450293
0.483417
0.470497
0.542543
0.446137
0.525376
0.505783
0.57701
0.583832
0.707223
0.425007
0.322937
0.582905
0.568564
0.585753
0.504025
0.437082
0.507301
0.43854
0.470379
0.466617
0.564496
0.504569
0.382619
0.325363
0.624126
0.341016
0.668683
0.478193
0.49335
0.5095
0.418968
0.564416
0.528927
0.363344
0.485428
0.5628
0.475396
0.469271
0.25024
0.473836
0.580648
0.679138
0.429695
0.334857
0.454519
0.46735
0.578896
0.483649
0.536025
0.549569
0.562932
0.586167
0.234862
0.398355
0.460117
0.343997
0.412799
0.47134
0.462944
0.297168
0.570595
0.467595
0.34236
0.437959
0.406047
0.427781
0.541005
0.551315
0.708816
0.39373
0.461027
0.597495
0.557639
0.543075
0.712099
0.552586
0.685565
0.514554
0.585274
0.422506
0.378825
0.539607
0.518284
0.446109
0.574977
0.595909
0.517934
0.503036
0.425939
0.398436
0.505182
0.441921
0.791544
0.643721
0.44857
0.444584
0.429232
0.522895
0.451591
0.441842
0.445516
0.519161
0.35965
0.496545
0.574833
0.305313
0.452225
0.569485
0.451421
0.45693
0.385853
0.383782
0.439831
0.696866
0.453582
0.403386
0.28971
0.686671
0.426491
0.441315
0.580479
0.480549
0.342926
0.513253
0.421525
0.657505
0.311061
0.452138
0.473535
0.447275
0.390409
0.399354
0.5566
0.365693
0.417926
0.488166
0.610712
0.475097
0.544306
0.535014
0.574276
0.385419
0.546114
0.454295
0.546266
0.511562
0.479377
0.312252
0.497649
0.402708
0.440244
0.435603
0.497701
0.559176
0.498363
0.590531
0.520841
0.552452
0.468579
0.34766
0.499605
0.664012
0.486594
0.448639
0.589393
0.55858
0.454201
0.689972
0.510605
0.607426
0.519731
0.639696
0.433791
0.377341
0.459318
0.502554
0.473452
0.60091
0.624632
0.44928
0.556104
0.643713
0.422683
0.425614
0.62823
0.784065
0.393337
0.456685
0.56976
0.520943
0.550152
0.462376
0.278684
0.525698
0.550184
0.399302
0.49244
0.553205
0.558357
0.545022
0.411685
0.428048
0.472051
0.440118
0.692097
0.421388
0.471511
0.603755
0.669807
0.734131
0.561717
0.638353
0.486105
0.602007
0.471331
0.438998
0.677038
0.638217
0.674351
0.52321
0.593525
0.629237
0.400093
0.596705
0.417613
0.69943
0.39713
0.570758
0.740505
0.560078
0.416808
0.546809
0.567972
0.658465
0.481973
0.483932
0.518796
0.742635
0.606521
0.464785
0.681841
0.457444
0.731409
0.575671
0.597402
0.487539
0.342743
0.516344
0.428443
0.562885
0.337568
0.355165
0.487348
0.342471
0.402997
0.345252
0.383827
0.491803
0.374288
0.517239
0.559575
0.569833
0.5375
0.46427
0.275332
0.440931
0.542361
0.534856
0.315961
0.527531
0.39096
0.549221
0.479164
0.519073
0.567896
0.654749
0.413468
0.652881
0.477507
0.536185
0.471107
0.382573
0.453806
0.496175
0.441412
0.449656
0.608742
0.421814
0.530356
0.473916
0.284423
0.452792
0.551857
0.678236
0.574914
0.466778
0.596475
0.563452
0.48324
0.39767
0.243135
0.4489
0.479223
0.502327
0.479478
0.594243
0.523771
0.491415
0.596495
0.518238
0.325247
0.539987
0.62304
0.530038
0.593543
0.493427
0.365871
0.488682
0.35749
0.384376
0.420828
0.406371
0.51121
0.476278
0.420778
0.511174
0.355064
0.549149
0.485958
0.384785
0.496792
0.64322
0.542331
0.490947
0.478489
0.47606
0.373584
0.51018
0.495037
0.548811
0.472395
0.596435
0.369616
0.557161
0.556596
0.671288
0.551916
0.422674
0.515849
0.671316
0.504685
0.560113
0.654463
0.56427
0.44423
0.596371
0.595987
0.549667
0.500497
0.356635
0.615185
0.459439
0.562356
0.433416
0.663036
0.574251
0.473718
0.354064
0.550376
0.471113
0.346106
0.362396
0.355802
0.51793
0.453304
0.530054
0.523476
0.530584
0.473718
0.313233
0.616441
0.508202
0.446056
0.670389
0.591081
0.562217
0.603973
0.556561
0.558353
0.454857
0.455293
0.609929
0.397402
0.562676
0.371431
0.546231
0.487204
0.380769
0.452655
0.576673
0.421845
0.683273
0.634795
0.56494
0.575071
0.555805
0.403033
0.538954
0.579726
0.415438
0.478402
0.572987
0.487713
0.433858
0.642614
0.555758
0.376095
0.479319
0.566838
0.560153
0.564965
0.493015
0.610065
0.530164
0.612703
0.51551
0.552674
0.400706
0.454261
0.478836
0.630829
0.56591
0.548078
0.479892
0.537333
0.41153
0.597276
0.550768
0.454556
0.527088
0.510736
0.441614
0.585079
0.41338
0.469701
0.431684
0.445653
0.400963
0.565515
0.584185
0.39013
0.595264
0.574134
0.56054
0.426959
0.463911
0.433029
0.509705
0.596898
0.481943
0.386104
0.448161
0.67655
0.350488
0.362257
0.246205
0.373355
0.604566
0.453214
0.436157
0.377663
0.625623
0.556246
0.658129
0.737517
0.574424
0.447413
0.558954
0.621751
0.559937
0.450945
0.559926
0.537064
0.659827
0.470391
0.508956
0.564656
0.508182
0.547165
0.632778
0.482078
0.46611
0.512101
0.404834
0.535912
0.39081
0.29566
0.544448
0.430904
0.518765
0.6624
0.562935
0.501175
0.578665
0.735337
0.57225
0.529143
0.449694
0.475826
0.471817
0.477769
0.480802
0.584586
0.529153
0.501763
0.38659
0.589488
0.369914
0.503367
0.435428
0.685741
0.393
0.398343
0.445439
0.49409
0.426318
0.457793
0.503967
0.502661
0.53886
0.491433
0.626155
0.458073
0.324691
0.437945
0.568259
0.671439
0.574499
0.528042
0.411329
0.60489
0.450304
0.48585
0.630869
0.604235
0.478981
0.434259
0.468114
0.443398
0.380195
0.56984
0.518538
0.646234
0.644391
0.472984
0.553227
0.451379
0.476456
0.718854
0.388742
0.585728
0.620681
0.654801
0.62108
0.412189
0.482644
0.409862
0.33939
0.417326
0.463647
0.501958
0.435033
0.504523
0.423319
0.508423
0.42164
0.658284
0.486027
0.465489
0.481777
0.445313
0.606703
0.562354
0.355842
0.517967
0.511724
0.595448
0.688836
0.48575
0.430465
0.448538
0.450603
0.420428
0.633153
0.564277
0.545199
0.560428
0.490637
0.372847
0.524982
0.380119
0.471718
0.343293
0.425074
0.489615
0.393644
0.523197
0.533805
0.530721
0.541409
0.432302
0.514768
0.534647
0.571471
0.47572
0.39611
0.407108
0.415524
0.442341
0.44269
0.406451
0.499943
0.554072
0.526713
0.58042
0.396521
0.531538
0.512485
0.527188
0.620142
0.541853
0.4709
0.646283
0.588989
0.494106
0.439286
0.445027
0.462939
0.548166
0.542244
0.46613
0.575747
0.502453
0.489092
0.602035
0.576658
0.526285
0.46355
0.46167
0.497069
0.402425
0.62128
0.555204
0.55786
0.445467
0.51092
0.662462
0.633031
0.461667
0.534225
0.550591
0.385256
0.515869
0.560946
0.506629
0.588987
0.571115
0.414065
0.350591
0.356739
0.466606
0.441026
0.494689
0.484163
0.599606
0.486571
0.514333
0.529552
0.476928
0.48281
0.396512
0.543387
0.601625
0.57216
0.431201
0.663568
0.660515
0.578764
0.411405
0.591932
0.678159
0.644022
0.507475
0.467704
0.602913
0.541863
0.581316
0.653492
0.490696
0.489373
0.606108
0.449457
0.652079
0.56841
0.357175
0.551282
0.428334
0.473836
0.539617
0.567565
0.46206
0.403977
0.418341
0.512259
0.628019
0.60895
0.516104
0.587791
0.389795
0.712473
0.545197
0.574473
0.547914
0.522791
0.338404
0.741839
0.545041
0.648334
0.444847
0.497537
0.593885
0.533736
0.556352
0.389384
0.493427
0.431845
0.529956
0.47623
0.399115
0.427338
0.472183
0.583238
0.612627
0.527579
0.350707
0.357219
0.456846
0.536332
0.299046
0.437635
0.401665
0.425964
0.379882
0.558906
0.406241
0.523763
0.672658
0.49964
0.543339
0.62798
0.551069
0.394405
0.471372
0.569245
0.616066
0.523686
0.519777
0.532968
0.550001
0.497635
0.453339
0.458339
0.557548
0.449239
0.381108
0.529581
0.459007
0.652551
0.375504
0.375054
0.501632
0.481579
0.567268
0.589847
0.354599
0.625487
0.581858
0.297483
0.553241
0.575711
0.482927
0.466362
0.558179
0.500631
0.488511
0.496556
0.494964
0.323408
0.425538
0.492606
0.339871
0.518626
0.388303
0.437916
0.617451
0.243362
0.466513
0.58639
0.375483
0.418291
0.308547
0.386929
0.602936
0.47448
0.485532
0.656417
0.456583
0.581469
0.621891
0.616812
0.461876
0.372287
0.457959
0.41198
0.453714
0.481004
0.410308
0.619887
0.622731
0.408469
0.495403
0.475776
0.532724
0.431837
0.58221
0.621961
0.574851
0.573528
0.639389
0.49985
0.424222
0.445229
0.542687
0.599834
0.564502
0.582573
0.708164
0.484661
0.546165
0.486113
0.616873
0.501923
0.544008
0.584227
0.49662
0.701275
0.679563
0.433564
0.426432
0.472022
0.574023
0.372668
0.529348
0.516685
0.397313
0.4444
0.419175
0.476182
0.478928
0.402785
0.466813
0.222247
0.546159
0.519905
0.451798
0.332709
0.455348
0.508469
0.264659
0.465255
0.481771
0.475677
0.425747
0.445305
0.533801
0.424018
0.586132
0.383627
0.456955
0.514602
0.576208
0.639311
0.393466
0.50868
0.667633
0.443727
0.462988
0.402953
0.514218
0.501097
0.63008
0.57431
0.437397
0.381305
0.524073
0.549613
0.521907
0.520561
0.276959
0.416156
0.487292
0.445563
0.644923
0.588424
0.500863
0.53676
0.57914
0.446773
0.597745
0.546353
0.411469
0.463662
0.573619
0.386665
0.420657
0.433056
0.6158
0.404488
0.444694
0.518632
0.538268
0.357044
0.40493
0.536403
0.486284
0.405186
0.307589
0.587395
0.476203
0.539459
0.488293
0.256
0.536121
0.554642
0.565239
0.489617
0.51298
0.688407
0.466633
0.475233
0.311748
0.339713
0.498027
0.428538
0.532308
0.382563
0.615164
0.411225
0.569674
0.590742
0.567971
0.392077
0.643164
0.389171
0.48132
0.567494
0.520154
0.547496
0.438178
0.55705
0.500032
0.631539
0.530779
0.589742
0.42399
0.528234
0.645432
0.596522
0.376264
0.559677
0.446606
0.624766
0.442459
0.501904
0.625898
0.49028
0.390574
0.324046
0.581525
0.482492
0.640365
0.563453
0.293955
0.638431
0.486652
0.452442
0.363311
0.601139
0.342216
0.512275
0.474157
0.578125
0.465897
0.429998
0.553315
0.415502
0.441523
0.633774
0.486313
0.403407
0.57329
0.582316
0.458107
0.628366
0.36323
0.484064
0.583696
0.588186
0.536376
0.56172
0.494249
0.58504
0.579265
0.577775
0.644379
0.512337
0.457384
0.536637
0.606186
0.551021
0.577215
0.479005
0.615687
0.490922
0.358462
0.484101
0.43727
0.592775
0.382129
0.495385
0.511784
0.506542
0.380041
0.485386
0.553905
0.461654
0.431447
0.575268
0.364382
0.344808
0.332331
0.624756
0.522817
0.580929
0.403048
0.50805
0.426571
0.63294
0.499925
0.391348
0.54145
0.63595
0.496427
0.627609
0.329777
0.381492
0.299546
0.484176
0.721485
0.467435
0.667001
0.318879
0.593848
0.429198
0.59091
0.420262
0.425488
0.36788
0.61353
0.327534
0.490261
0.490949
0.540712
0.645889
0.556678
0.681095
0.618674
0.57281
0.558453
0.508889
0.439743
0.550983
0.601826
0.604863
0.642665
0.463448
0.37528
0.606639
0.473129
0.586614
0.52727
0.496732
0.370113
0.516758
0.377601
0.546649
0.443694
0.585633
0.428066
0.382919
0.50993
0.580817
0.237985
0.490664
0.448452
0.486419
0.630255
0.470351
0.448384
0.559778
0.593545
0.463332
0.508217
0.459763
0.64626
0.561824
0.555271
0.442321
0.527895
0.618921
0.450347
0.438874
0.483408
0.574292
0.443224
0.533214
0.606234
0.51117
0.544603
0.552504
0.50557
0.560272
0.480133
0.488011
0.463551
0.666261
0.592144
0.46121
0.347939
0.432387
0.554702
0.350864
0.445962
0.558922
0.467636
0.496726
0.584919
0.491024
0.595122
0.595468
0.505169
0.391645
0.414496
0.604475
0.35115
0.655119
0.640875
0.569128
0.446035
0.577039
0.393252
0.489193
0.515651
0.39607
0.667658
0.539953
0.627301
0.5233
0.583035
0.46369
0.509092
0.374772
0.665438
0.447169
0.615415
0.622812
0.336193
0.400722
0.504188
0.381781
0.569629
0.454568
0.39149
0.443872
0.386028
0.388004
0.44922
0.580594
0.44539
0.507069
0.611387
0.425536
0.607664
0.486334
0.554681
0.654068
0.425055
0.390414
0.418925
0.37559
0.532033
0.590852
0.433048
0.453949
0.398682
0.493984
0.512209
0.571658
0.612991
0.495416
0.391674
0.553538
0.557735
0.376741
0.663096
0.365414
0.347556
0.660111
0.57881
0.503475
0.591878
0.436299
0.48977
0.589941
0.549274
0.581874
0.582753
0.59065
0.43891
0.38111
0.482456
0.370196
0.574705
0.568254
0.484112
0.60024
0.587809
0.605787
0.382247
0.636616
0.503043
0.314289
0.561206
0.580869
0.534916
0.469545
0.513069
0.341835
0.468849
0.48251
0.548587
0.512897
0.39323
0.577765
0.566759
0.580538
0.44792
0.386075
0.44868
0.479826
0.454841
0.366692
0.541275
0.412433
0.396274
0.475018
0.396557
0.642842
0.606477
0.491248
0.432026
0.488346
0.442268
0.625634
0.477833
0.318472
0.398182
0.615976
0.476337
0.579451
0.331836
0.532982
0.599684
0.65937
0.56512
0.609107
0.451024
0.509614
0.526852
0.406513
0.514996
0.538233
0.5025
0.339754
0.523107
0.490867
0.356621
0.36883
0.49963
0.434831
0.693626
0.378225
0.55364
0.46201
0.422494
0.55756
0.382824
0.526171
0.391076
0.499473
0.554673
0.43033
0.355602
0.530368
0.530708
0.479785
0.351006
0.589653
0.599331
0.716454
0.527727
0.37308
0.482955
0.550135
0.520571
0.355826
0.485024
0.602318
0.615288
0.61094
0.542546
0.578159
0.67848
0.538767
0.649778
0.48227
0.616456
0.522991
0.618668
0.493921
0.528675
0.428911
0.441697
0.617292
0.521391
0.559578
0.422735
0.522405
0.547128
0.585421
0.541543
0.392347
0.53561
0.46298
0.417534
0.492424
0.481771
0.658381
0.538442
0.376856
0.556473
0.391164
0.519493
0.548655
0.705548
0.414109
0.458724
0.388292
0.6028
0.644663
0.354077
0.2668
0.522587
0.563606
0.547873
0.458909
0.497607
0.396584
0.664313
0.671874
0.72751
0.494117
0.405616
0.505587
0.603974
0.425735
0.572428
0.459617
0.417853
0.503828
0.474126
0.402805
0.514032
0.452882
0.394627
0.421024
0.459618
0.43968
0.379359
0.358744
0.391077
0.680129
0.608983
0.570015
0.505956
0.438315
0.425513
0.594505
0.56481
0.333422
0.476459
0.574212
0.26896
0.570139
0.442604
0.526464
0.479702
0.608177
0.715055
0.488859
0.244599
0.586519
0.387182
0.551739
0.596481
0.518038
0.627078
0.593851
0.690766
0.470096
0.29616
0.436793
0.546749
0.546756
0.479536
0.433899
0.458456
0.488231
0.493772
0.509156
0.440719
0.503194
0.537661
0.461814
0.376067
0.449572
0.451656
0.452275
0.628082
0.379455
0.451551
0.384922
0.386828
0.463742
0.502066
0.603486
0.611991
0.51214
0.495944
0.314594
0.439348
0.404162
0.504197
0.655112
0.516183
0.546724
0.463112
0.518912
0.431297
0.47399
0.463652
0.55869
0.505211
0.305066
0.50888
0.578454
0.406205
0.475191
0.605018
0.532317
0.557812
0.456034
0.451776
0.445205
0.403389
0.480726
0.497577
0.471123
0.493396
0.489261
0.525295
0.504591
0.461004
0.409873
0.534139
0.560873
0.451658
0.592029
0.583302
0.540643
0.572222
0.606665
0.463002
0.394686
0.325322
0.529268
0.558545
0.404283
0.594532
0.621462
0.573028
0.492888
0.546
0.62669
0.574307
0.484734
0.512167
0.395641
0.531861
0.625983
0.423184
0.45704
0.409172
0.484055
0.451657
0.749414
0.37725
0.440751
0.436359
0.329481
0.514921
0.594805
0.550505
0.472769
0.561514
0.389476
0.580245
0.482095
0.587558
0.680827
0.578986
0.319539
0.549125
0.36229
0.463159
0.477515
0.491445
0.461161
0.315079
0.604594
0.367409
0.522646
0.458502
0.501677
0.636584
0.397077
0.472515
0.504159
0.510387
0.545924
0.609379
0.365704
0.409005
0.682239
0.681955
0.359254
0.495729
0.361144
0.386333
0.510906
0.454288
0.435991
0.225291
0.482265
0.474838
0.495824
0.498212
0.516916
0.414211
0.599766
0.523074
0.566633
0.596058
0.323949
0.556157
0.41294
0.416516
0.436625
0.575066
0.499672
0.521006
0.717069
0.390719
0.492136
0.617809
0.333914
0.553914
0.378514
0.494031
0.298525
0.622094
0.429125
0.49958
0.509056
0.651953
0.629174
0.464797
0.700798
0.483489
0.500615
0.517344
0.418456
0.381137
0.628743
0.463991
0.325978
0.597613
0.509158
0.402917
0.669543
0.526084
0.430705
0.632157
0.409369
0.40629
0.610031
0.519809
0.535925
0.450256
0.593379
0.701649
0.486208
0.553197
0.541239
0.471745
0.67568
0.655263
0.611489
0.431723
0.461516
0.31973
0.556646
0.464307
0.352765
0.493284
0.550853
0.496737
0.48307
0.513993
0.562228
0.519713
0.461553
0.532625
0.286202
0.527486
0.417505
0.41291
0.555458
0.544703
0.454494
0.476391
0.542122
0.505662
0.52953
0.557469
0.367802
0.451567
0.572898
0.434291
0.537122
0.411437
0.564288
0.401082
0.41036
0.532283
0.380853
0.447564
0.630827
0.524169
0.432818
0.611076
0.62261
0.485797
0.602254
0.467027
0.474293
0.576235
0.500662
0.423305
0.424296
0.398409
0.560969
0.384259
0.363451
0.75999
0.479585
0.549895
0.37043
0.5773
0.324123
0.615896
0.495674
0.487853
0.522424
0.340101
0.50942
0.437175
0.448508
0.441061
0.529471
0.505507
0.521063
0.694301
0.544327
0.540033
0.430122
0.491915
0.5473
0.458241
0.407528
0.53111
0.497245
0.488064
0.556828
0.397335
0.521517
0.510402
0.558215
0.507616
0.476805
0.569669
0.564143
0.479715
0.383437
0.517981
0.301238
0.592749
0.548806
0.458606
0.594143
0.40489
0.495529
0.554318
0.426899
0.393766
0.509968
0.666257
0.457507
0.585193
0.426735
0.588939
0.40129
0.535867
0.564813
0.647029
0.498673
0.435627
0.63091
0.519511
0.483016
0.594935
0.605672
0.656871
0.664123
0.383171
0.32839
0.456927
0.543044
0.483399
0.49581
0.464921
0.273801
0.429202
0.490686
0.463511
0.587673
0.489225
0.455686
0.418274
0.495641
0.66505
0.628297
0.544356
0.38464
0.468027
0.452328
0.559883
0.423233
0.540676
0.581658
0.491775
0.592335
0.68831
0.591843
0.499571
0.456608
0.58647
0.415205
0.382893
0.492158
0.529831
0.515042
0.638185
0.38615
0.588178
0.514564
0.530345
0.523984
0.435092
0.596199
0.544863
0.579629
0.614959
0.386876
0.486117
0.324769
0.513949
0.544928
0.387426
0.372366
0.500556
0.36423
0.4985
0.370272
0.601358
0.411191
0.515906
0.460517
0.4776
0.51024
0.522176
0.419898
0.568233
0.593422
0.599185
0.397485
0.565035
0.429728
0.481421
0.464681
0.485438
0.649789
0.314769
0.493455
0.408675
0.481551
0.486443
0.478374
0.240901
0.712569
0.691681
0.518056
0.574875
0.394534
0.402837
0.671677
0.509856
0.405656
0.606485
0.406147
0.497333
0.386544
0.37417
0.349587
0.578201
0.465187
0.432427
0.666729
0.377022
0.48668
0.597688
0.471867
0.618993
0.463302
0.641711
0.494979
0.535237
0.56059
0.353149
0.416649
0.322059
0.535019
0.660889
0.687413
0.319772
0.338916
0.38478
0.547154
0.476737
0.508242
0.679385
0.460171
0.464225
0.348855
0.536364
0.481545
0.60774
0.536889
0.711139
0.47043
0.600421
0.448861
0.539441
0.465896
0.564144
0.637149
0.409378
0.440938
0.423965
0.566453
0.454648
0.450293
0.361505
0.526861
0.434513
0.487675
0.512922
0.439163
0.566173
0.368058
0.377093
0.368016
0.475156
0.45064
0.499613
0.458602
0.329341
0.318097
0.498263
0.512393
0.522268
0.527766
0.395546
0.517653
0.571318
0.650374
0.523939
0.550307
0.59643
0.611946
0.569466
0.460786
0.544946
0.554507
0.619232
0.462493
0.328236
0.431206
0.478533
0.537502
0.435703
0.551496
0.523175
0.575113
0.391817
0.391983
0.552621
0.458902
0.521783
0.48857
0.509591
0.617879
0.591483
0.325538
0.431748
0.357377
0.487306
0.437159
0.501082
0.485313
0.401496
0.637495
0.656628
0.549426
0.488648
0.493993
0.43614
0.701128
0.558963
0.560499
0.412343
0.501598
0.673904
0.485328
0.38939
0.685728
0.40986
0.410002
0.525151
0.599561
0.555466
0.474292
0.444953
0.426841
0.408175
0.643178
0.412407
0.520293
0.535735
0.471361
0.422934
0.453274
0.568178
0.520953
0.485621
0.607399
0.585951
0.547955
0.459037
0.411792
0.469819
0.673172
0.506627
0.449556
0.578153
0.553163
0.737306
0.447123
0.317246
0.366881
0.496892
0.562075
0.57026
0.533593
0.575987
0.385088
0.650453
0.477742
0.499939
0.571601
0.344283
0.456343
0.466517
0.418857
0.610047
0.464564
0.3969
0.403923
0.497651
0.5351
0.56564
0.398325
0.355148
0.54697
0.475191
0.47492
0.587676
0.559366
0.440648
0.322624
0.334406
0.486177
0.650316
0.584631
0.629134
0.526806
0.467738
0.635744
0.410147
0.568914
0.540793
0.61444
0.644971
0.478717
0.483509
0.625295
0.435646
0.494451
0.596204
0.527401
0.570137
0.438635
0.489574
0.324385
0.485518
0.464766
0.478375
0.571675
0.408544
0.654051
0.710297
0.416622
0.639243
0.477827
0.495676
0.587102
0.343151
0.541263
0.503659
0.544246
0.317811
0.524005
0.390448
0.514889
0.399169
0.533351
0.525248
0.419388
0.573487
0.485613
0.379552
0.610429
0.360395
0.431271
0.445372
0.43844
0.632715
0.339559
0.448052
0.559244
0.638672
0.558085
0.619297
0.399571
0.492132
0.463141
0.496011
0.396054
0.596469
0.516303
0.510614
0.523347
0.567715
0.542954
0.63842
0.626965
0.52259
0.448362
0.46773
0.576495
0.397055
0.486925
0.55825
0.35479
0.461008
0.500221
0.453474
0.598776
0.594747
0.639476
0.512629
0.50749
0.392823
0.388087
0.627845
0.532991
0.560915
0.599811
0.492141
0.569741
0.571343
0.468262
0.583873
0.458114
0.442854
0.543325
0.533258
0.417628
0.510294
0.510119
0.536606
0.525545
0.449804
0.44614
0.483885
0.45646
0.525153
0.372197
0.56523
0.49849
0.320842
0.41277
0.522044
0.361715
0.527603
0.581427
0.5083
0.494465
0.645907
0.506902
0.32767
0.423106
0.573123
0.615481
0.612113
0.530927
0.53994
0.485309
0.607541
0.491772
0.561686
0.488244
0.532191
0.574028
0.570158
0.534889
0.473327
0.5306
0.391601
0.438416
0.587898
0.490497
0.43645
0.512821
0.472771
0.46766
0.466467
0.521228
0.470178
0.502642
0.404895
0.389857
0.573985
0.652781
0.455255
0.503301
0.602422
0.446482
0.494409
0.596726
0.602884
0.617236
0.405518
0.560612
0.354452
0.533
0.516515
0.473678
0.43373
0.536563
0.409724
0.579595
0.409643
0.512524
0.56824
0.523137
0.632815
0.496508
0.524713
0.361366
0.485152
0.642235
0.378134
0.565497
0.355257
0.462089
0.54428
0.529067
0.505294
0.556789
0.605415
0.498022
0.394935
0.649794
0.524885
0.438348
0.42802
0.44208
0.59224
0.45689
0.587531
0.302891
0.364484
0.390956
0.424539
0.512114
0.569103
0.682352
0.466715
0.369878
0.534485
0.351466
0.512056
0.48902
0.413351
0.487019
0.47344
0.386043
0.464837
0.467125
0.639632
0.486173
0.660834
0.527268
0.418374
0.658163
0.482232
0.390829
0.627179
0.394452
0.570671
0.477787
0.597451
0.452317
0.501442
0.607219
0.557569
0.771624
0.64315
0.409227
0.560543
0.48483
0.469774
0.461907
0.521878
0.43484
0.590745
0.568996
0.433269
0.316342
0.564657
0.393822
0.617748
0.456272
0.562263
0.565165
0.391916
0.548996
0.544345
0.470685
0.500874
0.461867
0.520116
0.553505
0.491492
0.52676
0.551754
0.527609
0.489623
0.633224
0.670712
0.42765
0.446906
0.538866
0.371417
0.60882
0.422769
0.712599
0.547982
0.512381
0.667265
0.526379
0.43957
0.612507
0.570361
0.511041
0.450019
0.36004
0.343306
0.491889
0.507359
0.438797
0.597709
0.619637
0.628852
0.35006
0.487941
0.612331
0.657171
0.440851
0.582499
0.5239
0.533343
0.491636
0.729941
0.354922
0.472094
0.479087
0.585035
0.42127
0.505203
0.529502
0.360732
0.396232
0.5585
0.578534
0.571599
0.441746
0.42814
0.452845
0.534326
0.344376
0.621753
0.4893
0.590944
0.471639
0.530131
0.607344
0.620369
0.564331
0.395041
0.650172
0.503905
0.580452
0.638816
0.610328
0.610321
0.606378
0.321334
0.355343
0.466141
0.550886
0.490016
0.469062
0.476756
0.437671
0.388468
0.424255
0.363998
0.411971
0.589384
0.502161
0.585789
0.576928
0.617353
0.574578
0.503498
0.475316
0.527172
0.664124
0.362628
0.432247
0.503307
0.598304
0.552454
0.574495
0.546124
0.472993
0.61025
0.442052
0.510509
0.540974
0.43571
0.607548
0.562503
0.741145
0.681206
0.319157
0.419588
0.584026
0.483501
0.582612
0.540232
0.309196
0.502541
0.49796
0.52833
0.530268
0.632949
0.366675
0.618165
0.483045
0.453854
0.48476
0.405507
0.492476
0.482671
0.537458
0.590483
0.474028
0.398467
0.411201
0.397838
0.485118
0.500523
0.438419
0.440215
0.542208
0.567735
0.490836
0.590073
0.319205
0.384462
0.43688
0.325883
0.542785
0.498463
0.578822
0.5182
0.400261
0.476532
0.685286
0.421272
0.475632
0.423467
0.534737
0.535775
0.429423
0.529987
0.485585
0.508327
0.537957
0.615244
0.488522
0.433386
0.607667
0.429522
0.456727
0.523173
0.480089
0.482779
0.709547
0.41123
0.443151
0.56464
0.405301
0.555257
0.564388
0.321467
0.478807
0.604826
0.561697
0.556142
0.399286
0.499626
0.427282
0.616169
0.564236
0.463843
0.52038
0.435741
0.544932
0.562314
0.544428
0.397384
0.499151
0.384064
0.424261
0.578802
0.366765
0.418869
0.398999
0.550557
0.463818
0.592462
0.546226
0.690204
0.590715
0.425997
0.353093
0.5785
0.470146
0.485416
0.54997
0.443329
0.530374
0.486328
0.622272
