-1.88273
-2.78087
-1.08379
-49.841
-0.166558
-0.791969
-2.03127
3.37733
11.1131
1.66209
-2.13
0.12612
0.542591
0.0752347
-1.98906
0.103988
6.35525
0.317184
-1.09087
1.03387
0.701926
0.781687
0.50891
1.57054
0.25751
-14.3693
-0.346619
0.323008
-0.3174
0.531688
0.138809
-0.814744
-0.203693
-0.897423
1.44738
-1.32975
0.402181
0.147359
-5.0581
0.196552
2.16626
-1.03333
0.171832
0.692282
-50.6705
-0.0898549
-0.698852
-39.8222
0.490758
0.897157
1.14243
2.07328
-0.216371
-1.88937
-1.48508
-3.02022
-0.0149933
-0.854432
-12.1975
2.12109
0.585389
2.20234
0.500052
0.897325
-2.10518
-1.69602
-2.08192
0.19824
-0.0841721
-9.63604
0.0619706
0.812175
0.382371
0.773553
-1.50691
1.83346
0.945753
-2.72493
-0.244117
0.120863
0.104169
-0.811081
-0.994874
0.129856
2.65961
0.200329
0.817928
-0.872423
-0.238224
1.85167
0.744395
-0.806982
-1.0151
0.574928
0.249511
-5.52631
-1.10098
-0.901092
-0.660197
-1.90895
0.227959
-0.597266
3.46453
-0.390007
0.403188
1.14029
0.345141
0.436552
0.604714
0.402834
0.31311
0.450248
-0.536034
1.87647
0.511654
-0.631318
-0.824582
-3.6654
7.28041
-2.34385
3.93759
4.89388
1.15753
-0.145165
-1.03414
-3.91283
0.581621
0.198346
-1.03245
-5.48268
0.183932
-4.118
-1.1426
-0.794618
-0.58199
40.472
-6.83219
-0.29395
-2.31013
-2.51268
0.521803
-0.997364
1.34961
-0.0190726
1.08575
-0.653994
-0.495029
0.917586
-1.3527
-0.0864979
-1.13298
0.280617
0.721578
-0.692796
6.59542
0.505163
-0.88431
0.956781
-2.61984
0.231956
-0.349315
-0.147968
1.10134
0.502317
-0.376054
15.5935
-0.162322
0.266828
-0.239514
-4.38349
-0.801746
4.36316
11.9026
-4.65693
-0.431006
-7.72437
1.03098
0.833169
1.91403
6.30786
0.161113
0.0903227
1.42648
-0.504834
0.488318
-3.92351
-0.725233
-39.7145
-0.578263
0.704756
2.06153
-0.791527
-0.10113
0.045015
0.225305
-11.3903
0.161067
-0.0504947
0.0970488
-0.256277
1.63734
1.61057
1.98558
-1.50349
0.961898
12.0421
0.782577
-0.138716
1.57873
1.55243
1.22149
0.874941
-7.70351
5.68892
-12.7689
-3.37433
-0.217223
-1.10688
-0.201991
-1.54691
-0.751816
0.590927
-12.7255
-1.29188
1.47984
0.128047
-0.580741
-0.382045
20.6932
-0.334763
0.213548
-0.374765
-0.145785
1.3643
0.113177
-1.0027
8.05788
9.28773
-0.183073
0.664477
-1.96064
10.8668
-0.439126
-0.577064
-6.25614
3.05291
0.995294
-0.123816
-0.355737
3.90035
7.54323
3.52324
1.5537
-2.91795
-0.352941
-0.398929
-0.795806
1.21193
2.75438
-1.7002
-0.731855
2.38509
0.500419
1.44474
-1.33736
-0.524589
-0.277616
0.494254
0.739168
-1.61769
2.01816
1.63551
-0.335426
-0.422536
-4.15706
-32.961
-0.699748
5.32812
2.25251
-15.1307
-1.42852
-1.03908
1.58699
0.398887
1.70494
2.07769
-1.22167
-0.240727
0.319366
0.875673
-0.376732
21.8985
1.33205
0.658713
-0.242253
0.279186
-0.496336
4.00935
2.4135
4.45251
0.976335
0.0515968
-0.167576
-72.4082
-1.14737
-1.45695
0.170953
-0.455873
1.37315
-1.41549
-0.24953
-0.0689041
-0.129096
2.57401
-6.08069
1.57991
2.33412
-0.467921
0.761071
-0.527105
-1.44607
0.374109
4.40742
0.875776
0.310529
0.346027
-1.4153
0.735249
0.608342
6.67243
0.876704
-4.51794
1.77916
-0.735449
-0.507744
-1.81944
4.24784
1.3206
0.543597
-0.0798676
-0.359621
-0.169944
-3.51659
1.64527
2.13044
-2.45456
7.52085
-1.14933
-2.05196
-0.0525252
0.590973
-3.2729
1.80101
0.521907
-2.19121
0.45537
0.955739
0.847681
-258.006
-0.0280219
2.19335
-1.08131
-34.8252
-1.15865
0.200191
1.78924
-0.383029
1.11575
-0.850657
0.0398957
0.743656
0.835092
-8.93909
-3.70408
0.422134
0.0178386
-0.929546
-0.337845
-1.86549
-0.2168
-0.735958
-4.62303
-0.0224289
0.694783
49.0675
0.376169
1.30836
4.53685
0.0281727
-0.228139
0.542796
0.262673
0.552746
4.60086
-0.608656
0.082899
0.485095
0.95653
1.78838
-3.08167
0.108487
-8.67697
1.02262
-1.35551
0.00998481
-32.5537
-8.59719
0.102118
-170.332
0.0849308
-0.321025
0.438388
-1.25275
0.398883
-1.05874
0.254356
0.215832
-0.00673977
1.16774
0.362371
-12.4255
-0.021246
0.258037
1.40335
-39.4005
0.212973
-0.475685
0.624645
0.0014297
-66.4577
1.29094
1.06904
0.395273
0.489515
1.29394
-0.0441686
0.940529
-15.0319
0.53944
0.484074
0.237823
-5.8724
-2.23801
-1.13785
30.3873
-0.0529517
1.26088
2.22078
1.37572
22.4558
-0.0212801
1.07416
10.7348
2.37699
-0.2572
1.61171
-0.901324
-2.54847
-0.750933
-4.65507
-12.3209
-0.325651
0.47623
-0.908095
-0.480882
0.519866
0.419891
11.0331
0.91799
0.890795
-1.0905
0.917593
-0.918246
2.84685
1.67551
1.3609
-0.243033
0.746937
-2.83177
6.41059
0.742661
-1.37445
-2.37016
-1.25937
-28.2034
-2.82497
-7.32676
-1.8558
-0.123631
0.0542591
1.11585
-0.261133
0.435811
-0.592329
-0.335496
1.08323
2.86718
-1.67634
-0.0177115
-3.27329
-1.45988
-0.155871
0.721115
-0.826561
6.29459
3.38187
1.21474
-3.17666
-1.06756
-3.99852
-0.803369
1.92104
-0.292606
-3.54617
53.1724
4.47806
-0.328069
0.593365
-0.334005
1.85148
1.10702
-2.64508
0.846942
2.27555
0.67124
-0.67892
-1.44568
-4.58489
-0.669948
0.413243
2.58901
0.231632
1.49963
-0.800316
-0.270193
-15.8301
0.787162
4.93988
0.702982
1.41575
0.232705
0.478269
1.09918
-0.312148
1.03752
1.97571
1.29262
0.979785
-1.55432
-1.0815
-1.42704
2.70229
0.153975
4.19739
0.215676
2.29995
-0.58212
0.904897
1.84355
-0.178903
-0.194263
-0.101361
1.27746
-0.0219065
-2.02669
0.777067
0.0488855
1.00501
-0.155627
0.769656
2.08225
1.40307
-2.94401
-13.8691
0.0958189
1.83769
-1.24026
-0.419182
83.9389
-0.142348
-0.650378
1.15995
0.486597
-2.11388
-0.486843
0.713574
-1.89217
0.459292
-2.45767
-8.10036
-4.05058
0.963363
1.06529
0.376145
-0.717617
-1.86975
0.511703
-2.84335
11.6611
7.89905
-1.57795
13.8745
-1.13305
-3.95461
-0.545112
0.613132
8.51986
-6.53296
-0.115289
1.00179
0.861866
0.897413
-0.373468
-11.2389
-1.92803
1.79174
-0.00694956
-1.09756
-0.649091
107.494
-1.47996
-2.0927
0.314004
-0.779263
27.3145
-1.09199
223.176
0.193388
-1.00564
-0.805089
-0.803729
-2.37582
-1.59336
0.978936
0.0691886
13.3442
28.8069
-0.984429
0.626942
0.109719
-0.258975
-28.0962
0.79681
-0.156455
-2.0296
-0.0528676
0.413752
-0.910858
0.940806
1.00106
-0.143006
-1.71285
-14.4287
-3.40572
0.663564
1.44402
-0.397959
5.91784
-2.37201
2.78346
-0.950345
-0.295533
0.652015
0.134054
-0.728499
-1.32279
-14.7438
0.827091
0.818429
-0.0232457
-1148.72
0.972608
0.867958
0.0540433
1.13114
-0.320099
-1.03393
0.486494
-0.196302
1.0031
-1.53545
1.52309
6.6043
-6.59436
0.900293
-0.816362
0.801049
2.35504
0.250298
-1.57817
-2.04374
-0.371344
-0.0207582
-13.8745
-7.98289
2.10578
-0.484666
1.05339
-0.00749964
0.713065
2.47778
1.47995
2.69613
-0.0484967
0.349877
1.75504
2.88299
3.42589
1.42219
-0.201364
1.33667
0.327221
1.66622
-4.08753
-1.2207
-1.19505
-0.0705346
2.67759
-0.0906842
-6.85254
0.815715
-0.153117
-1.52836
-0.151602
0.555585
0.412821
2.2392
0.762731
-0.405565
0.702631
-1.67829
0.078888
8.56506
0.997823
3.63439
0.599339
-0.194488
0.495002
-2.00569
-0.0335926
-5.79527
2.73644
-0.229912
0.345515
11.6772
-103.648
-33.148
0.869637
0.0135028
-1.88875
-1.39552
1.32586
-4.54357
-7.54489
0.744597
1.5771
1.19797
2.10271
1.51076
-0.465197
0.407565
-0.0763963
-1.21367
-1.46948
-9.76651
1.15133
-1.40015
-0.310937
-2.53315
0.18516
0.360774
-11.0767
-2.40148
4.33647
15.9044
-9.00892
-0.903414
0.321028
-1.6114
1.95458
-2.66527
3.98414
0.216779
0.0730657
0.400353
0.228651
-0.434922
-6.98547
2.12796
-0.469923
-0.199288
-0.853554
-0.744697
0.449513
-2.14693
1.32287
0.263674
-17.1118
-0.468715
17.8939
2.09493
-0.592713
-0.140399
-3.64021
0.826585
-8.26173
-0.317502
2.5963
0.686227
0.0660744
0.359942
0.24085
0.90185
-0.10876
-0.210231
-0.667213
-1.41328
2.19336
0.855423
-4.95096
-0.0359321
2.28415
-0.882769
-0.417116
-0.242548
1.55591
0.708443
6.89575
-0.967273
-1.8895
1.75448
0.0482366
0.582894
-0.47159
-1.61355
0.271077
-0.38387
-0.985478
0.389725
5.98992
-0.608631
1.20367
-6.16058
-2.39983
1.16184
-0.566437
0.605519
-3.34453
-843.116
0.197974
-106.818
0.402708
1.89075
-0.0761788
0.424318
-1.00626
3.79754
-0.0745562
0.518235
0.242101
-3.0072
-3.75933
-1.83319
0.0349579
0.979715
3.18684
-0.439674
-2.62322
-1.53544
-0.38898
-3.93462
0.777764
-1.88048
0.944114
-0.310018
3.52102
1.28158
0.586474
1.28242
0.198633
-4.54871
3.69922
-6.39891
1.28101
-1.12161
-0.0227778
0.514816
-1.01446
5.21354
-0.200481
-0.195426
1.31186
1.22378
-5.68301
0.497377
3.07808
-0.221566
7.05498
1.37895
-1.76581
-1.26808
0.0645325
-0.530658
-1.67066
-1.95799
-1.86797
0.113737
-1.04456
0.718817
-1.6163
0.762871
16.0472
1.29448
0.0169938
0.183161
-1.48314
-0.29053
0.255837
-1.25905
4.93365
-3.02754
-0.750452
3.40299
-2.1605
1.99563
-1.19772
-9.68424
-0.358113
-3.50301
1.22671
1.82275
0.819101
-0.719701
4.90368
3.56803
-4.72761
1.04417
0.200326
-0.291164
2.88714
0.611521
-0.0849239
2.9356
-1.42528
0.630421
0.349967
9.69466
-1.41045
3.19835
0.990841
3.10766
1.09365
-0.652864
-4.75634
-0.325323
0.590671
2.65007
-2.01083
-3.33212
-0.328108
-0.0354006
0.054043
-0.524547
0.643964
7.1148
-1.41724
0.352947
11.5407
2.0331
1.84001
1.84764
-0.466296
1.14048
0.606227
0.699935
-5.61388
-0.662249
0.851638
0.171499
-0.241458
-0.441758
-0.0882568
-0.241246
-0.358408
-0.844281
-1.756
-14.6111
0.857516
-1.68
2.51003
-0.50498
0.105357
-0.669952
0.272626
-1.49593
1.0135
-0.452952
0.622668
0.959901
-2.0743
-0.363612
4.74381
0.698283
-0.437668
-4.69996
-0.196652
0.270836
2.18594
0.833058
1.08774
0.832701
-0.27512
-1.78985
-10.929
0.500028
-6.75497
-0.365904
0.189192
1.11971
-0.88003
3.11711
-2.10558
-1.38813
0.509813
-4.7483
-1.05394
-0.822504
-0.666008
-1.18492
-0.432627
-0.792097
-0.914879
1.79011
0.351409
0.274096
0.0802336
-0.972474
-0.26854
1.74845
2.10135
-2.25798
-0.730789
-0.555403
-1.23138
2.46071
-0.273444
-0.956739
-3.71756
-0.13149
0.365766
-0.222577
10.3806
3.96541
6.36832
-0.0209331
1.56113
0.154291
0.239906
-2.08753
5.27991
-0.867846
2.38754
1.52489
0.971116
4.74775
-1.11779
-0.219361
0.0657832
0.373429
0.625669
2.41053
-4.99315
1.78117
0.166227
1.38817
-0.0836208
3.60001
0.642749
-2.48676
-0.052387
5.39429
0.228939
0.368343
0.541052
-0.450589
2.58504
-0.775423
-0.366927
-0.46709
-1.01187
-0.49245
-1.16381
0.4006
-1.80875
-5.68483
-1.81506
1425.07
0.411052
0.603572
0.0697379
-0.618519
-5.09802
2.21539
0.206638
0.122753
-0.24975
0.0676359
-0.0136206
-28.0101
-6.06589
18.2835
-0.762907
-5.06429
2.93917
2.38517
-8.22662
0.277847
-0.957547
-0.651911
-3.89352
45.5866
-25.9919
-137.701
0.880909
-14.1102
12.3581
-3.75098
0.432432
0.147509
0.316611
-3.71153
-0.968274
-0.736312
1.03307
1.07951
31.6593
-1.37009
0.565626
8.64897
-1.64381
-0.683587
-1.57755
-4.98698
-1.78004
1.0511
4.84462
0.267086
-6.69797
1.20569
1.3714
1.5289
0.992929
-0.766723
1.12426
-2.23643
-1.84619
-1.04859
-4.23734
3.40147
0.871404
0.200757
0.0326282
-0.610722
-8.54766
1.33862
-107.17
1.52905
-1.75016
-2.30347
-1.94625
-0.332797
0.864967
-5.21706
-0.0100537
-0.671303
-4.52409
1.74226
0.893876
-1.50388
2.1945
1.144
0.631288
-0.0838404
-6.67217
0.172246
0.0473991
-0.536788
1.83396
-2.38242
4.80166
4.36638
-0.285061
-0.0141832
9.32749
-0.218855
0.374117
-0.406402
0.644527
1.81917
-0.132337
0.0210338
0.0476989
1.22629
0.90224
0.0681341
-2.46155
-2.81299
-0.254236
-1.03727
-7.45843
2.26721
0.864888
-1.21982
0.806597
14.1165
-1.26639
-1.04584
-0.316448
-0.542295
-0.483598
0.112523
0.964163
-0.393612
2.12029
-0.431086
16.3286
1.3238
-0.0248776
-0.909072
-235.193
-0.330596
10.5233
-1.75243
1.95766
0.204066
-1.57835
1.84218
0.714107
3.3601
-0.24618
1.97229
-0.107188
0.373639
-0.448779
2.79609
1.89147
-0.39141
-1.13346
-1.42334
-1.23088
-0.105682
3.53881
0.11299
2.4893
-1.68686
-1.48372
0.389679
-11.8275
22.4326
0.890539
-5.12166
-0.340764
0.0024976
-0.305292
0.230056
-2.78218
-0.674509
-4.37418
-1.0367
0.326322
-0.485952
0.811303
0.454743
-0.211471
1.13959
-0.315113
-5.20689
0.799454
-0.101605
0.0169287
0.427605
0.521354
-1.74575
-0.694285
0.842074
3.50607
2.24758
-1.2047
-2.24669
1.07723
-1.15211
-0.642905
-1.36559
1.17275
0.0685578
-0.393896
-0.777352
5.77153
-0.774702
6.32213
2.76886
-0.961287
-0.975809
-0.105126
-2.23246
5.31748
-4.22799
-3.72993
-1.03416
2.60515
6.68464
-1.82994
1.08167
-0.183054
0.0224738
0.465195
-3.19074
-0.199866
-21.854
-1.68684
-1.64992
0.841722
1.26899
-17.5176
-0.5455
-0.258686
0.286835
2.25301
0.0353659
0.121863
-1.68892
0.119372
0.805338
1.06544
0.146165
1.01817
-2.56221
-1.47771
-2.22812
-0.46725
4.00944
2.18349
-2.26773
-0.992216
-1.6944
0.809261
-0.769194
1.14219
12.4884
-0.0198525
-2.74681
0.145871
-7.82587
-0.0177493
7.92669
0.786329
0.630761
2.43852
-0.682677
-0.390211
0.350548
-0.904839
-1.40583
0.493047
-0.95179
-0.358436
0.449737
-0.93792
-26.9247
1.06057
0.321919
2.69871
4.81305
-1.43605
-1.59303
0.523538
1.03196
5.75515
1.03529
-0.82517
-1.11714
0.472843
-0.390573
0.230823
-1.65269
-0.174339
-0.777542
-0.992249
-1.71198
-0.128352
0.547232
0.441832
-19.5791
-0.384916
1.57847
0.155483
-2.89069
0.621058
4.55486
0.273423
6.88787
-18.22
0.00853617
6.70931
-0.119704
1.15755
97.3412
0.423798
-3.58827
0.673703
-0.263858
-0.452636
-115.503
-1.26087
0.951325
0.0195245
0.163251
-0.882339
-0.872535
0.412335
-2.36855
0.294852
1.09254
1.00881
-2.39039
13.1413
3.59639
6.69837
0.15014
-0.391076
-0.507452
-0.760014
1.47639
-0.0460966
-0.527516
-2.66746
0.368018
0.310059
-0.473636
0.597542
-0.627963
0.181967
7.36592
2.06308
0.0839424
0.480385
0.166076
-0.951406
-0.281479
-1.01664
-2.66874
0.913993
2.01426
1.06722
0.334959
0.666506
-3.16251
0.947411
-1.04127
-0.984688
-2.68299
0.542647
1.84546
-0.00973527
-2.54671
-0.386703
2.74086
-0.164126
-0.443946
5.59119
1.07363
-0.519735
-0.144502
-0.647081
-0.672061
-0.120712
-1.008
1.10942
0.153761
-0.27616
-0.336314
1.67584
-16.778
0.284188
-2.554
1.77534
-6.15896
0.144304
0.648829
1.37031
-0.658571
-0.125104
-0.0599275
0.834367
-0.572486
-4.53617
-138.765
0.514158
-0.954516
-0.000795769
-2.65472
-0.525878
0.228534
0.375172
5.56503
1.1321
0.706589
0.690445
0.00980423
5.44519
-0.394188
1.43311
0.864112
-1.39415
-1.49196
-1.89111
-0.0686851
-1.05842
1.31176
1.6945
-2.71851
-0.502611
-8.74663
-0.337789
-3.92939
-2.63901
0.17272
-0.983036
1.8923
-6.53114
-3.35746
-1.872
-12.9676
0.647321
1.54892
-1.34786
-0.0337627
-0.0799986
-19.1506
2.25652
1.14041
0.324435
-11.6773
0.347537
-0.897885
1.82577
-0.491698
-0.528662
-0.903634
0.000694351
-3.8577
-0.0392499
0.140081
0.0142087
-4.03185
1.59736
-0.255251
-1.77465
-0.80647
-1.82501
0.656746
-6.57965
0.438948
-3.52372
0.528076
-1.50155
-2.07823
-0.896718
1.30694
6.83502
-0.949307
-0.27675
0.195581
-1.90199
5.85354
0.811802
-10.0923
1.12623
-2.21779
-2.43632
-0.786227
0.303224
1.49303
-3.4058
1.04491
-1.49795
-1.70695
2.88842
-2.30606
-0.671214
-0.475708
-0.185927
1.6015
-1.50008
6.33486
0.517074
-0.558135
3.62445
1.15339
-1.24385
0.411132
-0.365159
-0.421621
-0.669164
0.949761
-12.89
-1.45445
2.24483
0.989227
-2.27661
0.99527
15.723
-3.03033
0.224347
-0.0892362
-0.299038
0.112784
-19.2975
2.01982
8.36103
-1.72477
0.0651833
1.12515
3.8188
-9.50955
0.0747261
0.32536
-0.0842879
-0.319507
0.539378
1.44498
0.352009
4.31372
0.0394078
-1.70373
0.517095
0.409225
-2.51135
-1.86234
3.142
-3.70821
0.966286
-0.122005
-0.309181
2.43691
1.94567
0.500756
1.87906
-0.791045
93.3895
-8.82903
-0.375875
-4.43407
4.67255
-1.17152
1.04723
0.219837
-4.99799
0.534513
-1.68567
1.55082
0.00516881
0.366419
0.0711844
-1.52034
-0.463598
0.905327
0.534272
-1.38205
1.31658
-1.2646
-1.17303
-1.59958
0.699574
0.351514
0.63005
2.70233
-1.83971
1.44184
-1.29425
-0.789821
0.783561
2.60992
-0.259098
3.70065
0.229158
-0.396259
-3.10347
-6.47889
-4.87426
-6.72559
-0.213763
-2.15391
1.9151
-2.3473
-1.8189
1.40578
1.15493
1.17421
1.3869
1.11782
1.96143
-3.73074
-2.40755
0.275579
0.368381
-0.542076
2.17174
0.664088
-0.878871
-3.06932
3.186
0.447098
-1.01313
-0.391823
-0.423454
-5.65217
0.113691
-0.780657
-1.22224
-2.95298
0.161656
1.18474
-1.03299
15.5267
-0.685035
3.33159
-0.713111
-2.38485
0.191854
0.0190946
-0.635555
6.31356
2.47054
-2.9582
0.024128
-0.0653577
-1.41452
-0.757289
7.48934
-1.18271
-2.83935
-1.43836
0.0720436
-0.301479
-1.77711
-0.387476
0.190328
-0.73242
-6.8584
2.35906
1.20307
-0.518349
-0.935129
-4.48915
3.79013
1.07312
3.21101
2.01332
0.499171
3.23579
0.667077
0.00997855
0.588215
-2.53022
1.08072
-3.38589
-0.364478
0.490365
-0.820357
-0.448019
-2.47276
1.81971
0.794209
-2.97025
1.39316
0.182399
-0.141041
0.833056
0.901768
-1.33902
-0.771709
-0.322328
-2.79248
7.86104
0.911577
-26.6676
2.6512
11.3437
-4.14786
1.45531
0.877233
12.8261
1.37584
0.80482
2.24945
6.91804
-0.540433
1.00317
-0.758699
0.0590866
2.82133
1.26008
-1.50515
8.01662
0.00253057
1.98242
0.927432
-0.168629
-0.0981778
0.462046
-4.18089
-0.834378
-0.0328008
-33.3148
0.160786
-0.715595
-1.31871
-2.27967
0.142081
-0.261765
-0.755391
-0.640018
-0.0548481
0.00403794
-1.42812
-1.25866
-0.303813
0.599637
-11.3388
-14.9594
-1.70007
-2.85701
0.277392
-0.977098
-0.705893
-1.0035
-0.403157
-2.1849
-0.0868603
-0.256918
1.27004
0.430844
-0.363409
-0.63622
-1.22344
-0.118092
-0.444179
6.66937
2.87404
0.111312
-0.0275514
-4.21144
-2.27981
-1.82014
-0.217867
-0.336174
-4.3273
-0.537592
-12.4465
0.802264
0.35061
-0.296154
0.498722
1.06385
2.63278
2.66793
-0.304876
2.15426
4.55667
-0.60081
-2.99401
1.34058
-0.548
-1.34305
0.368316
0.71179
0.527786
0.514986
-9.21008
1.54921
-0.206624
-17.3393
3.3896
-1.94341
9.5814
-0.401264
0.961738
-2.42493
0.187493
-0.176866
-1.22921
-0.586923
-0.991845
-0.57093
-0.0695192
0.202352
1.93236
0.907053
-5.36899
0.103661
-2.28546
-4.36193
0.71163
1.20836
0.374362
-1.3169
31.8587
-5.982
5.68298
0.330254
0.280625
-0.222601
-2.55294
-0.540134
0.157738
1.39915
0.929388
-0.160652
4.45059
-1.84333
-0.489387
-0.225679
2.14237
-0.742352
0.700387
-1.71914
-0.420711
-1.40882
1.24191
2.10994
-0.822659
-0.74015
0.166122
14.5942
1.52869
1.10399
-0.351358
1.36513
-0.565386
-1.49999
-0.885954
0.0647517
0.738667
1.63763
-0.0194071
0.756747
1.12385
-1.34625
0.666354
4.97027
6.22396
0.501482
1.03385
0.285886
-3.31999
-2.59434
-0.694728
1.69681
0.129507
10.3004
-1.43641
-1.91792
-1.16446
1.42971
2.16788
0.0589933
2.24544
-1.34761
0.492759
-1.19469
0.858649
0.663029
-3.10127
3.75045
-4.28829
0.174286
-0.641364
0.858174
-2.71132
23.3753
1.15713
0.430491
-0.662362
-0.356958
0.304742
0.318357
-0.268424
-1.50222
0.256874
-0.75034
1.68445
-3.43396
-0.252206
0.213496
0.197654
6.66916
0.627163
-1.46555
0.244708
-2.12055
-33.8603
0.381838
-0.590402
-6.88757
-2.58124
-0.218851
0.242285
-0.528856
-0.0649438
0.358305
-2.32104
-0.655144
0.894715
-1.7139
-2.37098
0.150338
-0.99581
-0.277912
-7.38318
-0.798772
1.19996
-1.55317
0.444915
0.770492
-0.452521
-2.25943
-1.93637
-0.478006
-1.24466
-0.908107
1.88114
1.96179
-0.757527
10.7475
-2.94804
-0.125586
-3.8768
2.86441
0.533655
0.629502
-3.03208
-0.53512
-0.630066
-0.978839
2.73683
-1.20193
-1.19417
-1.08922
-0.393901
2.51459
3.7682
-6.64133
0.768585
0.512724
0.282248
0.416321
0.762578
1.30878
0.617017
-0.707284
47.8696
55.0548
0.459789
5.01654
4.41768
-1.58354
-0.959942
0.858177
-12.979
-10.3411
0.767485
2.02173
6.74688
2.34096
9.1982
1.76539
-1.84756
-1.73308
0.567696
0.333362
-0.144839
3.07471
-1.2889
-0.479323
0.174621
4.05074
-0.0623253
-0.800616
-4.00547
-0.548772
1.2005
-5.63653
0.0344353
0.311893
1.54052
-0.331826
-3.68629
-1.9377
-0.942908
-0.332885
-0.0430406
2.58337
0.429227
0.164633
-0.45771
-0.804006
-2.97717
0.235542
-0.24149
-1.23297
-0.316887
0.52132
-3.65528
0.290162
-2.6128
-4.6708
8.61878
-0.819678
0.373039
0.0568119
0.626618
0.232168
17.5516
4.42442
-7.89129
-0.332211
-0.238151
-25.1612
1.0334
-8.40683
0.453352
2.65396
2.36662
-35.0913
10.017
-4.7677
-0.638383
-0.198371
-0.545589
-0.588797
-0.42207
2.02097
0.542566
0.34243
0.0229676
-0.819508
-0.0311689
-0.783309
-4.78038
-0.22553
0.304278
-1.18036
1.97808
-2.75886
0.473275
2.90036
-16.632
-0.619279
-1.63597
56.9673
-0.145944
-0.276124
-0.187217
0.157852
1.13634
1.5536
0.114116
-0.527021
-0.647056
0.245927
-0.69147
-0.584244
0.054171
1.38983
2.41934
-2.40879
3.98243
-2.12101
2.00507
-3.21565
-0.805564
13.4982
-2.01633
5.04811
0.371305
0.945298
-0.521288
0.741369
-4.52989
-0.581561
-0.094441
-0.492829
1.99272
1.39819
-0.0237015
-0.72171
2.45662
-0.605772
-0.628206
18.4591
8.16183
-0.870983
1.27855
1.63992
0.0512569
-0.571893
-0.604437
2.06175
-0.192553
2.44408
0.892246
0.498978
0.021457
1.33673
0.187116
6.62619
-23.128
-1.37158
-0.921857
-2.67774
-0.713136
-0.351615
1.52214
0.383862
1.36249
5.06424
-0.28954
-0.402884
-11.145
-0.803168
-0.841072
0.722068
1.52988
1.1291
1.01053
-1.32103
2.17528
7.44269
0.898642
-0.904199
2.47296
-0.533898
0.36188
5.17778
-0.128017
-1.04453
1.31063
0.385851
1.1101
0.00344454
-0.0598256
0.940322
-1.51985
4.08816
-1.233
-0.640214
2.21525
-0.995041
-0.449365
-1.95944
3.4243
-1.25022
-0.160532
-0.121441
-0.0607007
-4.54522
-0.407327
88.8422
-18.0684
0.530936
8.31253
0.124757
9.87961
2.48759
1.27799
-2.37585
3.10641
0.269748
13.4251
1.75536
-1.73607
-1.01283
-0.0221653
0.491044
-1.74675
-0.243283
-1.28572
1.05664
-0.495247
-0.437023
-0.743131
-1.82256
-0.056927
0.250328
1.24484
3.80351
0.532842
0.992754
-0.425931
-4.70015
7.38981
-0.0624521
-1.89667
12.524
-0.134822
-4.45644
0.79867
-1.1212
-0.236473
0.152057
0.603419
1.27414
0.80602
-0.390977
0.0355743
0.444396
0.306736
-17.3761
-0.516103
-0.562559
0.804241
-0.26767
-5.53387
-1.66358
-0.0951054
9.56027
-0.635376
2.2187
121.165
-3.50854
0.63181
-0.644945
2.53803
-0.725944
0.334826
-1.77392
17.6517
0.159008
-0.405064
2.23269
-1.15842
-2.91493
0.117127
-0.956309
2.9926
-4.19245
-26.3073
0.228567
-0.184325
5.82668
-1.30981
0.362455
0.638328
-0.512734
-6.5588
-0.874165
-0.69411
-6.99843
0.55418
-7.17191
0.810744
-0.348322
0.577632
0.00177371
0.277382
-0.102565
10.1861
0.66732
3.79586
-3.80083
-13.4686
-2.88422
-7.5568
-1.12895
3.23571
0.302752
-1.61265
0.868189
0.0433545
0.386525
-1.65569
1.76529
-8.33112
-0.117071
1.05309
2.49121
-0.0835806
-0.343684
-0.831204
-0.861971
0.0557102
0.794328
-0.651196
0.837385
-0.329699
0.429327
0.395397
0.941014
-14.5506
-0.716007
1.7224
-0.537448
-0.177564
4.14813
0.14249
1.58919
-0.755304
2.3891
-0.341892
-1.11861
-3.64497
-0.57195
0.614377
-1.60137
2.00801
-0.748763
-0.22225
-0.537408
-0.0593248
0.196748
0.681385
-1.72384
-0.155644
-1.06594
1.71649
0.598604
1.20397
-1.38343
0.251699
0.230716
-0.43815
-2.40398
0.573568
3.691
0.287871
-4.25445
0.129179
0.668457
-6.56762
1.15986
-3.14936
-0.309847
-1.54002
-1.54102
13.6318
0.797147
-54.2466
1.86432
-1.26574
0.484212
1.39898
1.91235
0.245076
-1.91119
-0.333365
-1.25282
0.0803305
0.923571
0.794567
0.401646
2.7688
-0.59452
-0.209542
-0.4697
0.109897
-0.0910649
0.198812
38.6775
4.07909
0.599923
0.243648
0.924751
1.0983
-1.02202
1.14123
-0.32941
-15.8068
2.15396
-1.16812
-5.60271
-7.67813
0.0681288
0.777226
-0.268744
-1.04362
1.72239
-0.0405305
-2.90772
0.363389
0.47294
1.4817
1.23626
4.10294
0.537915
0.0284374
1.46155
0.85863
0.0780567
1.86826
1.98719
0.897101
-0.0169898
2.46279
0.133728
4.58463
-2.55147
1.3724
-1.22646
0.688258
0.72248
7.15348
-0.789231
2.0921
-1.71862
0.602983
0.0133003
4.78739
1.76939
-1.20268
-7.00735
1.43212
1.62073
-3.10384
0.764109
-0.15175
0.307986
-0.872023
1.92297
-1.36965
0.461249
-0.0036971
0.105025
0.209069
-4.65143
1.54614
0.801066
3.53716
1.09441
1.01454
-4.93113
4.54237
-0.891817
2.63724
7.54238
2.11366
-1.2439
6.95015
0.246849
-0.872374
-0.611564
-11.0869
-1.06633
26.0818
1.17224
6.25073
-1.73039
-0.263126
-2.51539
-0.254796
0.608506
-0.294858
1.28743
-1.01154
-5.23687
-5.327
0.310723
-2.95343
-0.768035
-0.958696
-2.69495
0.361096
2.50096
-0.4189
0.807946
-1.32737
-0.709128
0.146318
-3.35638
0.581038
0.806008
1.23922
-1.09564
-1.32997
-0.213087
0.61423
3.54083
-0.829497
-0.732999
-3.72149
0.689386
-0.783656
0.221896
-6.21561
-1.66621
-4.72539
0.23767
1.38261
-0.340972
2.5342
1.39523
0.280781
4.02811
-1.34019
-1.8615
0.885206
-0.236888
-1.04833
-0.390221
-0.915764
0.206543
-0.166012
-1.68293
-1.07382
-0.799276
-1.78982
4.72374
1.21769
-0.0673304
-1.35364
-8.61584
-1.01544
0.673863
-1.12324
0.949749
0.645612
-0.408263
10.8194
0.0657524
-1.99587
-1.05553
-2.10882
-4.99328
-3.07183
8.71045
-1.36207
0.53176
-0.244735
-0.109468
0.86256
1.1088
0.992583
0.30554
-5.98297
-0.465011
3.83994
-0.841833
-1.64963
-0.386584
-0.162318
0.633792
-2.32794
-0.517449
-0.0443779
-0.289672
0.414564
6.50086
-0.663843
-0.127191
-0.058102
0.614719
-2.85442
4.13492
10.6723
3.41828
-0.477901
-0.618857
-0.052395
-7.65598
0.166839
-6.70581
-2.31162
10.7192
0.459558
2.24306
0.540248
-0.687557
-0.680199
0.0697805
0.406913
1.02031
-13.3317
-0.00350021
2.2262
0.473045
-1.67553
2.06149
3.50304
11.8622
-0.675926
0.564177
-24.5627
1.20386
-0.456282
-1.91584
-0.420247
-0.219596
-0.374363
-5.22168
-12.2855
-10.4648
-0.0630349
1.89722
0.481241
7.56346
-0.534565
-0.344102
0.946509
0.997682
0.454614
-0.425884
-2.46603
-0.218394
-2.53618
91.2332
0.879609
0.0260423
-0.230716
5.15135
0.774841
0.187147
1.09793
-4.87776
2.91906
0.129357
-1.58329
0.272157
4.18945
-2.76225
0.615808
0.412479
-4.65776
-0.905497
7.59882
-10.6829
-7.5221
2.0633
10.5035
-4.9076
-1.11799
13.1178
-9.11477
2.48571
1.52813
582.693
-0.948351
-2.33804
1.88614
-0.0178096
1.75593
0.393408
24.725
-1.76418
-1.77397
0.407168
-0.734361
-0.221761
3.74683
0.248676
-0.915374
0.477667
0.730122
-37.4521
-0.63416
0.0444817
-0.398681
-0.489231
0.969826
-23.8783
-0.234317
0.0572931
-0.639768
2.51601
0.256426
-2.6944
-1.32212
-1.87421
0.889812
-97.0866
1.83165
-2.26867
0.410541
8.34701
1.69917
13.9594
-0.837608
-0.149943
6.21517
0.354027
-1.44784
3.83695
-1.58889
-0.0762379
-55.8564
1.14383
0.639194
0.552447
-5.5166
0.728067
-1.86893
1.37985
-16.8073
-0.962049
1.67795
-0.422065
-8.78942
0.181479
-3.48945
-0.107567
-3.09412
-0.128402
-1.99803
8.37664
-1.51428
0.443243
5.51416
-7.35255
-0.081306
-0.0426295
0.420567
-0.228634
-131.29
-2.14687
-1.13832
1.02577
1.81578
2.59256
-1.12876
-1.24898
-1.52484
-7.50184
0.476486
-8.26392
-0.207147
0.263297
3.26159
0.19957
1.10605
-6.58029
12.5343
-0.457841
-0.685833
0.686559
-2.58955
-0.575139
-0.873841
-0.528466
0.980827
-1.49079
-0.608626
-0.753207
5.15727
-0.706036
-0.269947
-3.33563
-0.279058
-0.803925
0.306253
0.137286
-0.461992
0.476989
0.904536
-0.598095
-0.552913
-0.300149
-0.031232
1.90628
5.79996
-0.194717
0.371862
-0.633617
-1.72814
-1.1252
-2.00987
66.7531
-0.259754
-0.482701
-1.15593
-0.415678
0.698683
1.19289
0.0890437
-6.12774
0.662229
-0.0870326
-0.0215067
-1.13091
1.89541
-1.75829
-0.256108
-0.503943
0.894341
-1.17179
-234.143
-1.73415
3.19344
1.20743
-2.13285
0.89941
-1.1626
5.20529
-0.0768746
-0.554146
-2.02754
-0.72684
-4.7201
-4.56358
-1.26781
-2.56816
9.1926
0.799093
-0.126852
-0.261385
-4.44791
0.169423
-0.252031
-1.03939
0.824729
0.600967
1.82236
1.28787
85.1685
-3.07241
0.601786
7.76154
1.276
-0.268313
2.46855
-0.206727
-1.01066
0.681171
-1.16377
-0.00290755
0.0249718
-0.602439
-13.0733
4.24447
-0.262237
-1.60873
-1.25408
-5.22495
-7.19881
0.12154
0.847007
0.190415
-0.81353
-1.30111
-3.87086
-0.413813
1.46093
-0.0647017
-0.281004
-0.444384
-3.95309
1.6481
1.54065
-0.995404
0.323937
-0.617281
0.842469
-1.43353
0.317082
7.18008
-0.163814
-0.688464
2.30783
0.28762
-2.40375
0.485173
8.45406
0.322012
-0.41809
-0.241308
0.811717
1.55954
-0.63026
0.745535
1.25158
-3.62688
-3.3326
1.26372
0.277556
-15.6035
-0.940914
-1.66158
-0.957002
-1.52605
-0.374475
1.71209
-2.40141
-0.771485
7.07519
0.0616396
-3.08778
2.53608
-1.06556
2.56777
-0.396081
0.165164
1.87302
2.4151
1.47037
-1.89655
-0.938148
-0.503097
-0.860721
-0.181963
-3.41133
-0.808401
-1.08577
-6.03633
-1.51983
1.79822
-4.56927
-0.27929
-0.295306
-0.254711
0.800659
0.564757
-1.02755
0.750547
0.0813245
1.07935
-0.0136591
0.595059
-26.0486
3.23334
8.35061
0.658278
-0.0832457
-1.07249
1.43749
-3.98866
0.461647
-0.0753098
0.902937
0.301374
-0.118981
9.92023
0.812462
5.6439
0.906306
-1.95186
-0.229598
0.787923
-14.2262
1.50408
-9.79388
2.92938
-0.892016
-0.957326
-0.127909
0.506781
-0.370063
1.22875
-1.08451
-1.99869
0.951865
-2.85094
3.02179
-1.22764
-1.94423
-0.43659
0.416793
-0.403311
1.13998
0.00686294
-0.1462
-0.712479
-0.520899
10.6737
-0.6442
-0.361319
-0.42071
0.195662
1.32727
-0.226122
-4.22354
-5.15678
-1.57461
0.450075
5.39291
0.00753186
-7.61731
-1.18945
0.61569
0.277354
-0.484996
2.09471
3.12865
-0.190243
-1.01012
0.402332
1.6142
1.5054
780.236
1.32062
0.708319
0.680484
-2.28891
4.18403
0.0406813
-3.287
0.430547
0.397062
0.402175
4.57608
0.466764
-2.44426
-1.85244
91.6635
2.36736
-3.25044
-7.4562
-7.88705
-0.279568
1.44192
1.33437
-3.20919
-0.632131
0.17427
2.51021
0.322796
-2.31391
0.820968
-1.55802
-1.11819
-0.975539
0.625869
-0.1374
-0.766506
0.0962519
-6.29536
1.72726
-0.621474
0.0773338
0.808323
1.58209
8.75303
-0.107023
-0.649979
0.152977
-0.21904
-0.588609
1.80963
0.139215
-0.113288
-1.36127
0.239532
-4.03288
3.12237
-0.171632
23.3772
-4.85429
1.03377
0.0602408
-1.54194
0.804645
-0.834315
-25.4946
-5.37926
0.527414
-4.63549
0.71819
0.879124
0.258164
-7.24644
-1.79035
0.215946
-0.521822
1.4552
0.488277
-0.398744
-3.0069
-2.58373
2.63982
0.107002
1.28591
-0.0527284
-18.2138
0.0760705
0.777905
0.812331
0.987047
-0.215211
-5.65345
0.577246
-0.45497
-0.38486
1.6239
-41.5118
-2.63976
-0.556866
0.018533
1.5448
0.102804
-0.0221079
-2.62371
-0.264255
-0.00466551
0.229997
-7.69546
0.288419
-3.44586
-0.344648
1.58512
-6.49943
22.7034
1.58492
1.388
-0.312696
1.44419
0.132597
-2.8444
-3.20772
-0.0422792
1.5615
-0.350072
0.536118
0.332588
0.424423
-0.0160851
-0.17854
-0.0205568
-0.260339
-4.10173
-0.470118
-0.589008
-0.671674
23.2592
0.905133
0.943221
-0.136865
11.7067
0.756397
1.65637
-0.508039
-2.03688
-0.586752
1.9499
-2.81846
1.36429
-4.67305
0.0914983
-4.22626
-2.65225
-0.277528
0.0357141
0.278319
-0.158211
-2.8971
-4.25404
-3.25004
-3.06855
0.281322
-3.72167
-2.0981
-0.608122
-0.912289
0.333887
-1.86954
0.439918
0.318264
-0.325104
2.8419
1.89305
0.82722
1.13442
0.25141
-0.0733152
0.0371958
16.9814
-1.86745
-5.37898
0.154636
0.67032
1.22145
-0.409013
1.72034
-0.931048
0.289602
2.10621
-1.32238
-0.939332
3.60387
2.94606
1.08259
1.13589
8.17229
0.455272
9.0796
-0.249824
0.314155
18.2927
-1.30291
4.79177
1.05772
0.166884
0.224461
-2.51409
58.5102
-0.858147
-0.0618778
-1.49703
-0.208081
-3.71976
0.542911
9.21308
-0.244938
-2.25189
0.245982
-0.764846
1.94079
11.6741
-1.47328
-0.714158
-0.879071
-1.01522
-0.260122
-0.596775
-6.56249
-0.606666
0.273887
1.36198
0.58663
-0.125414
-0.316112
0.125754
0.658033
-1.11294
-0.325552
-0.295725
26.4083
-2.25676
2.53349
-3.93139
1.69436
13.4707
-2.73484
1.41146
0.861199
0.761939
-0.215738
1.72461
7.3168
0.606483
-1.03815
1.53795
0.500059
-2.87231
-46.8997
0.332996
-0.0899013
1.43737
1.41169
-1.61381
-1.41187
-0.0730669
-0.335636
0.6998
1.90518
-5.26828
0.0839496
-0.0389992
0.898632
0.708359
0.808781
-0.196648
0.0031096
0.732692
-0.591854
-1.32163
-1.41161
-1.89517
-0.900463
0.824019
-0.00577752
2.06099
6.5212
3.97444
1.159
-5.28058
1.59921
2.52705
-1.06633
5.23632
0.184575
-1.02613
-0.754119
-0.546676
-1.00539
1.13142
-2.33355
-2.83657
0.770065
-1.67773
-1.01821
-1.06503
15.2732
13.5231
0.198516
0.259635
0.864879
11.6085
-0.817186
0.819756
0.826414
-0.841185
-1.07246
-1.3234
-12.502
-0.971488
-0.404423
-1.58279
1.8858
-1.33227
1.89794
-0.861934
0.387862
-0.144326
-0.293067
1.73139
-0.665732
1.01337
-2.2428
0.83346
2.80778
-4.78155
0.287148
-4.78308
-0.0675498
0.908955
-1.78593
-1.25138
-2.20769
-0.211183
0.383895
0.916989
1.0972
-1.1716
-0.270318
2.273
1.2241
0.145007
-0.244837
-0.672362
0.132956
-4.45536
-1.23039
-0.694793
0.422753
-98.2993
12.3955
6.63349
-3.83136
0.388248
-3.09257
1.22133
-0.0860707
-0.490683
-244.302
-0.545891
0.797961
-0.399018
-1.57866
-0.109206
-0.250372
-1.0025
0.511626
-1.41594
9.38387
-0.261998
2.1304
-0.256102
0.37953
-0.206752
2.63065
2.90953
1.33396
-0.235784
-0.301515
-0.757989
-0.120701
-1.10576
0.613544
0.0182192
-0.828539
2.88841
4.76992
-0.873759
-0.978657
-0.541851
0.249371
-6.98993
-1.74717
-10.6385
0.255418
-1.40692
-0.478114
-1.18413
-3.15727
-5.99523
0.835882
-0.0717578
2.63865
-1.35461
0.0623708
0.27506
1.75128
15.0417
-3.92854
1.7765
0.0981089
-2.89736
-0.440225
2.85876
-0.0273492
0.227178
1.01998
-8.2792
-0.755433
-4.94845
-0.761906
0.544922
-2.68883
0.0521543
-5.24128
0.968006
-15.2071
-0.905051
-0.225254
1.35257
1.97478
-1.85882
-1.3564
-7.73043
-0.857725
1.87616
-0.347336
-1.41594
0.739712
-0.538664
1.01885
0.0241497
-0.124372
-0.763271
0.0799575
-2.72219
-1.3614
3.75308
0.645781
-2.32873
-3.37335
-0.21976
-17.2641
-16.4327
1.20369
-8.21612
-0.674559
0.230611
1.91521
-5.76664
2.87131
0.165482
-0.169945
0.556012
0.618555
-0.446126
0.952027
-0.00361
0.407775
0.416852
1.61145
0.394361
0.550979
1.24586
-3.51656
-0.20898
0.125148
0.166815
0.51356
3.385
0.63085
-0.902146
-0.178024
-9.53018
-0.449254
6.66244
0.451431
1.18261
98.2441
-1.47178
0.946615
-0.182075
-2.00324
-0.282347
44.9855
-2.83923
3.82076
-1.11995
0.195023
-1.21844
1.01142
-4.89415
-1.15696
5.14004
-0.0150486
-0.0452451
-2.21872
-1.08118
5.07399
-0.0562118
-2.76204
0.0982979
-3.37369
0.676623
1.54007
-0.946626
-0.232801
0.0136966
0.270358
-0.10788
2.89633
-0.567236
-1.06985
-0.0145466
-1.4319
0.296957
0.751758
-0.855485
-0.0599049
2.6857
0.856874
-0.674561
3.7888
5.43998
-0.501381
1.18528
-0.204185
-4.60912
-0.0513854
0.476571
0.276484
5.27747
-18.1988
-1.33039
-6.16181
5.54354
0.585719
0.412648
-1.42151
0.714896
0.241985
-1.30111
-0.889532
0.558911
0.561793
1.75809
-10.7317
-1.23688
-3.87929
-3.01451
-0.937055
-0.967516
-30.7089
-388.826
0.0176657
2.17951
0.0371332
-0.776849
0.254756
3.27501
0.113661
0.382353
-1.76394
0.502056
-7.84186
0.0304914
-0.166895
4.06063
17.3629
1.7804
-3.09888
-0.530105
12.7012
2.33277
-0.347858
-0.520104
-1.4107
0.0673714
-0.173187
-3.99565
-12.5129
-0.213907
-0.552508
-1.31556
-2.55362
12.9309
-0.0417501
-1.64691
-3.64709
-0.0644741
1.63306
1.12304
-1.28928
-0.953053
-0.602923
-6.53169
1.40718
2.58801
-0.259267
0.212292
-0.113208
2.02881
-3.64964
-2.93514
-0.697804
-0.155484
0.989981
-0.425189
1.06906
-0.249459
-1.23218
-0.211185
0.227866
0.88596
0.129933
0.26877
13.9034
3.19137
-0.554187
0.666411
0.560811
-2.01081
10.659
-0.76213
0.116935
-6.81174
0.338079
0.578128
-1.0585
-0.449285
-1.11242
0.299377
-1.14061
-1.12554
-0.651759
24.2754
0.534155
2.35434
0.43971
2.87334
0.145907
-0.308686
-1.40223
0.608228
-0.374795
-0.332203
-0.751056
0.349026
53.6695
-13.7842
-1.09607
0.342378
-6.51819
-0.341233
0.317059
0.282402
0.0763602
-0.519779
33.5601
-6.35212
0.473091
-0.421817
-0.309159
-0.299063
-11.5367
0.183023
-0.438831
0.662749
0.369232
0.271134
-0.879783
-1.59611
0.515777
-0.124232
-1.12161
0.144743
-0.234395
8.52845
0.270931
-0.0266818
3.98704
1.12553
-5.42766
0.420621
235.966
4.72012
0.0517259
-4.81383
0.523987
1.05073
4.12087
-0.205905
0.239711
-9.92473
-1.45997
-3.41239
1.79155
0.0126601
0.530657
-0.530831
-0.941145
2.55214
0.637913
2.67109
-3.73506
1.78882
-0.295084
9.75868
-0.258804
-0.807721
-10.8122
2.77025
-0.402003
-0.139956
0.171762
3.87003
46.9819
0.863892
-0.587677
1.07618
17.0927
2.44368
-0.679788
-0.275557
2.94669
-1.69224
-2.91516
14.3897
-0.39911
-0.125052
-1.0145
-0.114785
-0.261616
-3.04446
-0.200071
-0.203088
1.46355
-1.30492
0.30022
0.427694
-4.23657
13.6468
0.666112
1.43881
-0.492651
-0.130768
0.443391
11.6347
0.264534
2.97701
1.25758
-1.94238
-3.77536
0.908102
-1.84149
-0.536979
0.197252
-0.153099
-0.741595
-1.22955
-0.297481
1.0377
7.68913
0.299903
-0.0634243
8.62611
-15.6259
-0.808477
-3.58745
0.219128
-0.150893
0.14329
0.641241
1.37779
13.0061
-5.43204
-1.38459
-0.460695
-0.18756
-1.26368
0.526602
-0.803452
-0.321134
2.99884
0.0519701
34.1295
-6.3144
7.41489
0.395288
0.189425
-1.72224
0.00154819
-0.0857359
0.183397
20.2938
2.67411
-1.08735
2.56272
3.11105
-1.0414
-2.95091
0.46131
-0.955041
-1.25927
0.276188
0.207561
-0.640506
-2.32387
-0.103548
-0.853282
-0.0337203
0.397643
-36.5577
-0.841114
6.75989
-3.50822
-58.2632
3.21638
0.866541
0.68226
1.69188
-0.108127
0.381326
9.78852
-1.7686
-0.216443
-0.126357
-0.975604
-3.97573
1.17431
0.176782
0.333933
1.03205
0.584593
-1.58765
-2.75225
-4.31474
-1.74646
1.46058
2.26833
-0.0738067
-0.717641
-0.867277
-0.909198
-0.103677
-1.43196
-20.4518
-5.56607
-1.90768
-0.660855
1864.75
1.26115
-1.19801
0.415298
-472.096
-1.3502
-0.534807
-0.286898
0.783446
-3.36451
-0.594333
7.18849
0.0155038
-0.189015
-0.738793
1.3708
0.567011
-1.12579
-4.40806
1.54921
-0.764646
0.466028
-16.8786
0.0304846
-0.83561
-1.45678
2.73284
-2.12676
4.37963
2.33899
-0.316767
-1.75643
-0.291928
0.107384
-2.32196
0.335791
-5.37814
-0.0992627
-0.895069
-0.866461
-0.254072
-2.60414
0.621488
-0.926645
0.670046
-8.49517
-0.127228
-0.461493
-7.71479
-0.707069
-3.59214
-0.138219
5.8642
-0.0992757
0.567841
27.0864
-0.325221
-0.111718
-0.505127
0.125729
0.812663
0.0531334
-0.0109534
-1.5391
0.00311362
0.996376
0.633826
7.86065
-1.17711
-52.3381
-0.228591
-0.92085
0.589911
0.0502068
0.682823
19.893
-1.69225
2.26571
-30.014
1.61273
2.99866
-2.32255
-0.382111
-0.549514
-0.863149
0.0269729
-1.26723
-0.254749
-1.54231
-32.6693
-0.234526
0.71965
1.71635
-1.9715
-0.518168
-1.24828
12.049
2.11385
0.225546
-0.00926267
-0.779264
-0.303068
-0.652719
-0.0859175
1.31194
1.43688
-1.12017
2.40745
-12.6617
2.03824
0.431727
-3.38471
-27.6663
-0.434283
-2.14991
-0.773042
-1.24464
2.16775
-2.1919
-0.0297151
0.201508
0.0988316
-1.07891
-1.77246
-0.408012
4.2681
2.08402
-0.118825
1.42196
-1.28628
0.237917
0.859078
-0.955223
-0.883025
-2.06203
-0.560079
1.38784
-1.04747
9.15635
12.3143
0.529428
0.0443722
-0.373761
-1.85008
2.98734
0.379057
0.381675
-0.756283
-0.0541774
0.239859
-12.141
-101.704
4.12721
0.0780976
2.73902
1.31442
-0.490956
1.27606
7.96863
-0.0114711
3.62996
-5.75065
1.6269
-3.23252
2.90422
0.350759
0.891938
0.0757226
-0.204676
0.42162
-1.12181
0.857619
-0.203045
0.531317
-0.903416
0.503228
-0.841179
-3.43914
-0.967357
-0.883976
1.1685
-0.296929
-1.28623
4.47547
0.404604
2.48833
-1.51596
-0.903701
0.210509
-7.33054
1.83508
0.894673
0.159089
-0.0376297
-45.2972
-5.33214
-1.69948
-2.19563
-0.305568
0.444364
1.99101
-1.37985
-0.274201
3.21401
-3.12665
-2.77344
-1.72699
0.567757
-2.19638
0.467268
-67.0053
-0.641795
-0.958469
1.24216
-0.166544
11.627
-2.08592
-12.3136
-0.799622
-1.02808
0.240507
2.75092
-1.32298
-1.05752
1.01887
-0.326613
-2.70988
0.809665
1.16777
-1.28075
-0.828025
-0.376104
0.146765
1.25851
-0.638937
-0.272771
-1.45541
-1.22173
0.267056
-1.85044
-0.180174
2.75443
0.829554
0.404862
-0.194107
2.51963
7.44077
-0.0285617
13.4434
-4.53713
-1.1114
1.41363
1.2049
2.12832
3.52411
0.830849
-5.53923
1.33135
-0.100592
-0.78342
0.623932
7.17756
-0.578466
-0.297648
-0.847837
1.36047
-0.741881
-3.39956
6.06346
-4.82735
-1.09059
-0.135269
1.30774
0.867768
0.675237
-1.00852
-20.0508
-0.057795
-6.13292
-1.34246
-0.790247
-1.31219
0.711908
2.72896
-0.547353
0.9196
1.79161
-1.70261
-0.633549
-1.07996
-3.13763
-2.24161
1.87202
0.0454442
-1.57108
0.222026
2.93927
2.67114
0.367283
-0.854059
0.498085
0.0817831
-0.216249
0.72855
-0.873724
0.908941
0.474242
1.13051
1.74617
-2.07505
-0.213958
0.361916
-0.303992
-2.86176
1.98793
0.672917
-1.16772
0.290203
1.37325
1.49447
-1.54527
-14.246
-0.164241
1.04852
-0.127739
0.707138
-0.127051
0.713001
1.2572
-0.283142
0.159653
-1.03479
-0.0749988
1.2082
2.05613
6.89172
-0.0180584
-2.29602
-3.35269
0.763631
-0.840173
0.302983
-2.17335
-1.0443
2.24943
0.541891
-5.63935
-0.108176
-0.832307
0.476235
-0.26651
2.02705
4.23577
-2.42808
7.58244
-2.2508
0.288676
-1.08923
0.385052
0.249144
-12.7859
1.00651
3.78708
-0.471344
-0.42817
-4.00373
1.41191
-0.811882
-0.543095
0.138398
-0.0798762
-0.180196
0.486635
-0.998106
1.1566
-2.0956
-0.72
10.1693
4.51158
3.73413
-1.54406
-2.21075
-1.1573
-1.05426
-1.71637
-6.57047
1.09936
-1.94145
2.58722
67.1589
-0.274881
4.87123
3.65032
1.71944
1.06848
-5.3051
-1.26643
-0.00170234
1.84779
1.34888
0.112763
0.292823
0.869416
0.858758
-2.15245
1.00843
-0.27081
-2.96089
-0.45652
0.627597
-3.91802
0.696852
-7.19065
0.812774
2.02271
0.958851
-0.519259
1.42134
1.09582
3.36421
4.44371
-5.9962
0.00296799
-1.22775
-1.44499
0.407819
-0.0803755
-0.207037
1.91228
-0.898168
0.209691
0.714975
-0.183424
0.972931
7.16275
-1.91734
-0.408567
1.3491
-1.56398
-0.15021
-1.51557
-0.675189
0.325962
0.836303
0.296035
2.10069
-43.8411
-0.68215
-0.798037
0.429215
-24.9497
-0.113802
1.13555
0.37229
1.31243
0.714352
-0.353658
-0.616932
1.11444
-1.32321
0.575974
7.0857
0.113554
0.143809
-0.882355
-0.518027
-0.803845
-0.271076
-0.273369
1.92657
-1.55994
3.12624
-0.498333
0.179912
0.282306
-0.527946
-0.929811
-28.686
3.11764
7.75685
-0.66
1.69075
-0.509112
1.23205
-4.41774
1.44783
-9.61223
-0.00314082
0.0532311
6.81245
-0.885572
1.56595
-55.1399
-0.99953
-0.136187
2.72784
0.0634232
1.01951
5.42096
-0.488755
2.98113
-11.4548
0.630368
-1.1125
0.239631
-0.191647
-3.7034
-0.333986
-0.893248
3.59629
-0.489054
0.0918281
-10.6423
0.539659
2.61363
-0.0940512
-0.910217
3.55716
1.51276
-8.82244
-3.06434
-0.0590655
-0.104545
4.04191
-0.165383
2.52469
56.73
1.45314
0.180839
0.792128
-0.0961058
1.03148
4.35567
-0.927441
-0.896612
28.474
-0.89877
-0.320949
1.1715
0.0563643
-1.36395
-1.68558
0.04416
-0.197549
0.202441
-1.81367
-1.10419
0.98437
-6.17934
-0.507487
-1.22562
0.217681
0.0548826
-5.97355
0.201997
0.0958394
0.485854
-0.141782
1.33602
0.9483
0.868274
13.8776
-0.269672
2.97234
2.03243
-0.216632
1.35776
-2.54221
0.276338
-0.0171403
-0.407532
1.02529
1.86174
2.30778
-1.4841
-108.561
-0.27822
-0.215841
8.55475
0.845303
-0.23439
-0.0718296
0.348703
2.24671
-0.253769
-0.182243
-0.102124
8.93421
-9.45176
-1.18198
-0.641527
0.389271
-0.721532
4.0521
0.190748
1.52689
-0.294821
-1.0299
4.55545
-0.0648464
-0.121213
0.846117
0.570038
-10.6839
0.2426
2.31962
-1.61783
2.97887
2.44418
0.144182
-2.23469
-0.28451
2.76274
-0.248262
0.563223
-1.46834
8.39227
-7.4081
-1.08463
1.37641
-0.599408
1.79193
0.462712
6.70417
-8.32229
-0.130072
-0.73883
-0.365466
-1.00482
-23.094
6.73669
-1.24724
-1.61897
0.735738
-1.08819
2.03931
0.887899
109.575
-0.456626
-2.36258
-1.05555
-3.15087
0.00195179
-0.0263463
0.202198
-1.49072
2.01304
-0.58534
1.50038
-1.32286
2.16882
1.32857
0.922968
-10.76
0.67782
3.82594
5.79524
6.95627
-57.28
5.4396
-59.631
0.965869
-0.572609
5.32187
178.187
-3.63351
1.34582
-1.71933
-0.264034
0.756416
0.95509
-8.38823
0.259509
4.40431
-0.12319
0.519393
-4.07897
-0.0233358
0.281495
0.612767
-1.77029
1.06568
1.58247
9.87209
-0.99528
-4.098
39.1336
-1.2847
0.243459
1.58317
0.713869
-3.4107
1.22334
-0.040427
2.8794
-112.731
5.26183
3.87184
4.01868
3.24378
0.367351
0.60187
-0.386583
5.97088
0.270422
2.4718
-0.206744
-0.663368
-0.706276
-0.519755
-1.06509
-1.60598
1.59902
0.748022
-0.418905
-0.580684
-2.67062
0.435221
0.302574
1.83475
-0.019758
1.90199
-0.486132
0.307218
-19.2528
-2.07317
-0.39099
-0.374459
-2.89144
-0.614822
-0.215569
-6.91769
5.65137
-1.36857
-0.433657
-1.41125
4.62513
-0.0904942
-1.13107
2.96714
-1.51455
-1.81633
-0.859048
8.47915
-0.183303
1.2209
0.0322696
1.69295
-2.20002
-2.35697
-0.976748
0.654074
3.00546
2.78708
-0.756254
-0.413041
0.666078
-1.24758
2.72006
-1.3679
-0.537027
0.55638
0.998039
286.63
0.422951
-0.259613
-0.729164
-1.96562
1.74254
-2.07997
-0.410111
-0.495296
-13.7038
0.699686
7.99131
0.654569
-1.28079
-2.62568
0.792554
10.4072
-0.63018
0.922168
1.04436
1.98273
-0.549451
3.55325
4.84502
0.0972929
3.14299
0.887545
0.265552
32.7973
-2.70412
0.94893
0.141795
962.592
3.53528
0.27671
4.69232
1.35878
0.512633
-2.23182
-0.32766
-2.07006
0.0683497
0.606042
-1.82774
1.17675
-2.84367
0.369109
-14.2479
-8.88446
0.529344
2.96396
-0.199001
-4.15908
-0.400526
0.0495484
-0.312509
-5.7328
-301.377
-0.47805
10.4275
0.292275
-2.00132
-0.152887
0.40629
-0.409604
14.6587
0.918243
-2.94621
0.328297
-0.0347933
0.450103
0.529849
-0.35664
-1.36658
0.766148
0.766289
-6.2406
-0.338813
1.1331
0.972001
-3.29757
0.0793302
0.839518
1.11671
-14.249
-0.845215
-5.64297
-1.40126
0.554475
-0.270574
1.61402
0.197409
0.567318
-0.0408643
-2.45143
2.12381
-10.7391
1.50271
-0.369624
0.16857
1.31828
2.90597
-1.44532
-1.1885
-0.304234
-0.400639
1.73989
0.401799
-0.315437
-2.8493
-0.417163
0.964194
-0.85054
-2.38036
0.874631
0.429085
0.167289
-0.0390407
1.71715
0.368227
-4.90138
0.443193
1.02507
-0.538948
-0.923105
-5.45687
0.20274
-16.2506
-1.23375
3.1773
-19.2817
2.1912
0.391754
-0.337939
-232.502
-2.08243
-1.39649
-0.764281
-0.520965
0.269438
-1.91152
-0.0295382
0.273214
2.3046
-1.23413
-0.298367
-2.34834
-0.401107
-0.446823
-0.332604
-1.4615
-1.21366
-4.0763
-10.0485
-0.813582
-8.86216
-1.15011
-2559.02
-0.061827
0.177684
-1.12994
0.267847
-0.247913
-9.15937
-0.242055
1.18615
-0.077491
-2.88724
-0.52971
-0.266363
-0.699928
1.56566
0.356086
-7.6768
-1.78068
-0.279187
0.0257929
-0.680158
-1.31305
-3.01358
-5.33505
-0.453519
-0.72233
1.54449
0.36451
4.93522
-0.671987
1.70415
-0.0607292
-0.598086
2.76679
0.0703338
0.0785399
-0.0308272
-1.58717
2.68276
0.954941
-41.8289
-5.08829
-0.592958
-0.631323
1.6649
2.20481
-0.845339
-0.744185
0.00491626
0.834616
-1.67438
2.22353
-1.05122
-0.540227
0.495572
0.397789
-0.0100121
0.997988
-2.74595
-0.115327
-18.3186
6.11894
-1.33834
-0.0486278
-0.29949
-0.114029
-0.543676
-0.201711
0.835399
-0.0661462
0.987198
1.78651
0.284176
-1.05084
1.79039
-0.0731905
-0.101364
0.824148
-17.7711
-45.5997
-2.0224
-0.707128
3.3264
2.05731
5.13541
-9.97547
-0.527011
0.198007
1.53921
-2.69173
0.953049
-1.93286
-1.7316
1.73077
1.06527
-0.157146
172.124
0.0990628
-0.0957476
-0.479654
0.887057
1.16029
-4.43749
0.852208
2.26305
2.69794
1.16878
-0.412264
1.12069
0.604482
1.8689
2.15245
-0.287212
1.23742
-0.454884
2.52851
-7.41287
1.04632
0.676756
-3.01055
0.624078
3.73584
1.43044
3.8468
1.24761
-0.32793
8.9662
-0.652728
-0.365766
0.542727
-0.890263
-0.166583
20.4596
-0.888011
-0.783359
2.63024
0.0729704
0.709817
-1.10109
-0.0914244
0.246081
0.888102
-1.25769
0.947748
-2.16233
0.603315
0.381248
-1.59988
-1.54424
-0.780648
3.58679
-0.608703
0.630891
1.74748
2.27014
-1.36595
2.71574
0.815331
1.33856
-1.43189
-0.460181
1.44372
0.55046
-40.8273
-0.199193
-2.02482
1.14025
28.9269
-2.75759
32.949
0.39259
0.179324
0.553651
0.183917
-0.112144
0.156475
-1.42195
-1.08422
-0.624666
3.03881
-1.31064
-0.579117
-0.465866
6.92419
-3.46642
-0.7887
1.55177
-0.267792
0.420655
-1.39826
-0.915758
15.2483
-1.34081
3.71356
-12.909
-34.595
0.878014
0.154229
-2.23879
-0.814385
-0.380451
-0.629784
2.80309
-1.07189
-31.3852
1.27502
-0.289635
1.08283
-2.21211
-0.232684
-3.12425
0.057813
3.8629
0.164016
-2.07387
0.408398
-0.559672
-0.604518
3.18143
0.751586
-0.217616
-1.60639
0.194502
0.190706
-0.479208
-1.19279
-2.85944
5.1952
-0.818297
1.40774
0.387963
1.59678
-0.802785
-0.244424
-0.168274
0.259449
8.34254
-0.0132159
0.398418
0.39817
0.821737
-0.104875
0.0794879
0.362975
-0.726666
2.41946
-0.230851
-0.439693
-28.6324
2.19923
-6.19894
4.25741
0.332077
-2.37353
0.0311521
-0.681423
1.12713
-0.368595
-2.22151
0.0200865
0.333701
1.79873
0.352942
-0.960027
0.803277
0.14215
-0.700416
-0.554121
-0.600917
-0.393941
0.0213934
1.12549
1.2927
-0.17555
1.836
12.8053
1.21563
-0.375302
4.54971
-1.94903
0.503846
1.39063
-0.27688
-0.813232
-0.910229
-0.0704148
-0.43176
-0.534697
-3.52456
-0.812162
-5.27492
0.137965
-1.51626
0.649454
-4.87509
-1.45574
2.98346
2.83569
-10.9906
1.25658
0.722371
0.14746
0.917288
-1.8186
0.475421
0.867561
-34.5668
-0.829543
-0.770573
2.11796
-5.26647
-1.21591
1.302
-0.770783
-1.28366
0.7953
-4.22468
-0.783232
1.06411
0.411964
-1.29732
-4.61832
-20.1416
2.30197
0.373225
-3.1138
-1.68495
-3.08933
-0.496181
0.725386
-1.35273
-1.32714
6.6672
-2.73853
2.00924
-0.011099
0.291039
-0.295568
0.0198349
-0.11896
1.03622
11.2177
2.81429
-2.20895
0.761259
0.162152
1.05687
-1.30044
-0.238442
10.7904
13.677
-0.733097
-1.92656
-0.678381
-0.610347
-0.775954
1.74703
-0.51293
-1.17245
-0.427051
0.210885
-0.359445
-1.05214
-0.359336
-4.65507
5.44329
-0.490773
-0.258788
3.97272
-1.17876
-1.24045
-1.40572
2.95364
0.500906
-0.839605
0.312053
0.891391
1.15589
-7.67171
-0.253288
72.4407
0.249398
0.256562
0.76752
0.526294
1.87871
0.0677456
-13.9148
1.66504
0.0630341
-0.625579
-4.59704
0.743839
4.11049
-182.994
-13.9882
-0.494663
2.07558
-0.00933444
-1.33741
-0.187681
1.04525
0.612549
-0.5456
-3.62862
-4.1818
0.0187335
-1.99531
8.69838
-0.354421
24.4526
937.354
2.72472
7.28654
3.43323
-0.43582
-0.494542
-0.237926
-0.47722
-0.804056
-0.185127
1.40676
-0.0603156
-0.477785
0.121066
-0.556644
1.16007
1.34078
-7.79954
3.17206
0.765298
0.0166989
1.96038
-5.55952
-2.57626
0.46693
-0.091857
-1.2681
-1.3777
-39.4198
1.00198
-3.13116
0.451556
-7.88706
6.49816
30.0038
0.970448
0.158745
10.575
3.08599
3.09565
-1.16646
-0.389012
-3.58337
1.56994
0.814402
-0.309324
0.920464
0.240286
0.993711
0.0547782
-1.24608
1.1729
1.03474
0.0941617
-1780.84
-2.51553
-0.576129
-6.57711
1.35784
-0.945971
0.881673
2.68872
-0.177673
0.469457
-0.817332
11.3324
7.55947
0.109481
0.465693
1.22977
-1.0151
0.874425
1.2939
0.13967
-16.0048
-3.40446
-1.89332
0.147405
0.545966
6.20201
-0.107523
8.1238
-0.102065
-2.66945
-0.548313
-0.0162264
-53.3191
-0.474163
-0.978717
1.32507
-0.247417
18.8037
0.347466
-0.818156
-0.299802
-13.9229
-2.26293
-0.0472032
0.455785
-0.320779
0.291374
1.10724
-1.55
9.30085
-9.44448
0.128002
-0.200096
3.82863
-10.6195
0.161439
-2.52094
-0.39883
-2.06498
-4.44381
0.0720565
0.0548351
-0.00121448
0.901613
-0.0911918
5.36852
8.28623
0.701283
5.1989
-0.536257
2.94649
-1.7702
6.62143
38.4735
1.55248
0.347151
-1.3897
-0.32928
-0.239593
-0.550781
1.09364
0.273553
3.58046
0.349325
-5.5186
-0.365176
0.259684
-0.209493
-3.72827
0.696683
-0.184424
-1.56345
-0.298333
0.365104
0.900858
-2.38404
0.380993
-0.894219
1.05164
2.43024
-0.889721
0.116024
3.08622
-0.00849278
-0.159487
-0.969647
-0.337304
0.834902
3.07468
0.746869
0.0914241
-0.855867
-14.6519
0.694455
-0.605753
-1.83527
-0.410734
-1.77473
-6.35414
13.7016
-1.46438
1.12244
-2.33914
5.14445
10.6314
-8.98805
-0.316941
-11.9914
-0.152839
5.29245
-0.93496
-2.98751
-1.64966
-0.327817
-0.832615
-1.11282
-1.0778
-0.318773
1.18022
0.666108
-1.41325
-0.845303
-0.633258
2.92741
0.400567
-1.21691
-167.373
0.0267238
-0.343306
-2.99972
1.89964
-6.82582
0.0965684
-0.617348
-1.58345
0.566448
0.665196
0.351357
0.176701
-10.0383
-0.207909
-6.82741
-1.36125
0.00531341
1.95343
-0.967662
0.694344
-0.323476
-0.430754
1.39945
0.134316
0.526819
-1.16604
2.3275
0.504595
-0.399001
1.48517
0.0823112
-8.86248
-3.78433
2.63702
0.773151
-1.87439
-0.928897
7.05976
-1.98006
-0.832454
2.91139
-2.4154
-0.983405
-0.263722
0.716317
-2.18236
5.87084
0.104254
20.2141
0.259492
-22.3555
-0.0779187
0.895599
1.26941
1.10589
-1.77697
-2.99322
-0.106822
-33.2303
-0.77664
-0.56894
-0.887526
-12.5907
-2.67738
-1.83845
-0.317817
-6.10267
-0.856471
-0.597243
-2.96397
0.511887
-0.29701
-0.854943
0.0279305
-1.07553
11.4141
0.612935
-4.89707
2.26542
-0.877534
0.145118
-1.2493
-1.57827
4.00985
0.597967
0.503001
0.778902
0.348948
-0.101187
0.218415
4.09985
-0.43774
-0.815546
-2.75077
-0.712651
0.649751
-0.248428
-2.04435
-0.736579
1.26539
-0.0570522
-0.694379
-1.48367
187.512
0.587557
0.0369659
-0.100524
-1.29993
-0.652264
1.82583
-0.0474552
-0.0648251
0.604251
0.533346
-10.9585
-0.357666
0.615548
-3.05185
1.62873
0.00250074
6.50021
3.52464
-1.52098
0.144751
-6.59797
-1.1023
0.656527
-8.19291
0.275296
-0.0372675
2.38432
1.09413
0.718241
-0.669343
-1.79974
0.601555
2.00786
-1.9921
2.81258
0.608465
-2.24305
2.36406
1.55821
2.68242
-0.149216
-3.6722
-2.79549
-0.845036
-0.295172
-2.71533
0.084173
1.7548
-37.3235
-0.899355
0.182913
0.941066
-1.23694
-0.290561
-1.19046
0.115197
-3.09377
1.58199
-0.779119
-1.55892
-0.620879
1.30047
-0.482158
-0.913725
-2.71271
-0.29958
-0.787249
1.96613
-1.61377
0.807646
3.96605
-4.63829
-1.52182
-1.79922
-0.768664
-17.1246
-1.36517
0.036876
5.78808
-2.76267
0.314362
8.80252
14.7846
-1.12871
5.12177
6.88024
-0.607937
0.931286
-0.00990099
0.88454
-1.18461
2.34417
-7.57955
-1.33286
-0.756891
0.0927166
-1.49745
-0.17696
-0.450839
-0.311575
-0.353374
28.0476
0.413536
7.60823
-0.732296
0.141052
0.165212
-2.41911
-4.57109
0.592642
-0.430566
-0.621127
0.523647
1.27489
1.10641
-3.86905
-0.536555
9.142
0.579457
0.279863
-19.4037
-0.819904
0.314861
6.06288
0.331518
-1.04932
0.161841
-0.809515
-0.414902
-7.43865
0.260325
-0.439468
18.0159
-1.08913
-1.02692
0.37837
2.25217
0.794158
0.348885
-2.24317
-0.115936
-1.42763
1.31917
0.084532
11.4506
2.71236
-1.59093
-50.0438
0.98581
158.965
-3.54371
1.63436
-2.14716
-0.599416
-0.596072
2.43709
-0.413449
5.25811
0.883058
-0.135274
-0.805483
-0.860934
-12.369
2.38945
-2.69742
0.127567
0.106537
1.96641
0.462169
-0.308962
6.16875
0.248358
0.323465
-0.989527
4.69263
-89.0421
-1.14052
1.31361
-2.85791
1.50441
-1.71661
-2.29598
0.579066
0.273042
-1.06731
-0.100279
-0.298793
-0.727061
-1.31034
0.433574
0.31573
-1.69075
1.00952
-3.53797
-1.93894
0.76853
1.26152
1.70397
2.73761
0.0720668
0.524727
0.457807
3.79336
2.12998
0.281411
2.15318
-8.01672
1.33014
-1.587
-1.35093
1.22184
1.47277
-0.409425
-0.712739
-0.767295
1.84249
-1.07243
1.65622
-2.5522
1.03304
3.17266
-3.62298
-3.70984
-0.97895
-0.0764323
-0.906967
-0.131424
8.14651
-0.569843
-2.75154
0.762538
-0.298732
-3.6673
-0.620575
1.82653
0.348069
-3.01647
-0.433446
0.656536
0.271296
-1.87209
5.54205
1.16483
-0.845587
-4.98423
-0.161372
-3.72734
3.65128
3.33561
-0.287322
1.40452
1.78271
-4.05293
-1.51833
0.380649
2.32079
13.9502
-1.02017
-0.613527
0.387106
-0.659436
0.55755
6.47369
-0.355301
-1.46418
-1.03182
-0.216127
2.61492
1.81114
-1.14751
1.06029
0.0649826
-0.54598
28.6866
3.6194
7.80312
31.2303
2.21522
0.399988
-3.71159
1.53554
-1.12243
0.618137
0.63099
-1.46369
0.247428
-0.248941
4.12395
-0.420367
3.92123
-0.42397
13.1523
-12.2951
-0.0644216
0.554823
1.22835
-1.63293
29.3882
-13.4645
0.807702
0.533422
-0.618195
0.162315
-1.68499
0.240858
0.472822
-0.251085
1.37203
-2.68932
-0.371822
-0.432204
-0.27951
3.1098
-1.3138
-2.31755
0.393454
1.03988
-5.33797
0.70539
1.76052
-0.643906
0.211337
-4.75293
45.756
-0.9933
-1.92443
-1.67552
-10.1826
-3.92047
1.78385
-0.928749
2.04757
7.96256
-2.05787
4.60731
-0.845421
0.359109
-3.00167
0.759786
0.33846
1.75135
0.124041
2.51415
-2.6073
6.54104
4.05729
-0.20119
0.208947
-1.04079
3.14466
-6.33836
1.92066
2.84832
-0.651262
12.8199
2.8165
-85.2815
-0.643409
-2.3134
1.18986
-1.04909
-0.461844
-0.557257
0.665638
-0.71668
-0.543813
0.938693
-0.169737
1.79569
0.122723
0.12482
0.947098
-3.09058
1.77452
-4.38257
2.54452
-0.388099
3.69373
-0.0318416
0.000402079
1.29749
0.492326
0.582225
-0.937364
2.05856
-1.76428
1.0308
1.13191
0.447839
0.155869
0.0789235
12.0715
-0.095132
4.58376
12.1239
-1.62928
-3.8336
-7.79251
0.196689
-1.03913
-0.292571
-0.728927
0.979925
4.58208
3.17031
1.14937
-16.4286
-0.722199
-0.806278
1.41701
2.72086
-1.27336
0.91489
-0.271673
-212.997
-0.948435
3.22023
-2.99707
-0.132321
-1.84391
0.617524
0.230039
1.01608
-2.27665
3.48947
10.4099
-0.682793
-1.11787
0.927272
-19.5882
-6.6562
-1.77984
1.9308
-0.0395536
-0.132932
-0.712993
0.748689
-0.548949
1.05622
-3.08405
2.0793
-1.06657
1.31207
-2.05592
-1.28964
-5.5846
-1.36028
-0.379669
4.77683
1.61206
0.32818
0.851818
-1.0996
2.00466
0.0799916
-42.7956
-0.026618
1.51764
0.883363
-3.89688
-0.513246
-2.82717
0.998929
0.517359
-1.18967
-1.1102
-2.50477
0.726467
0.886015
0.951492
0.883122
1.03487
-0.0258097
-2.10486
-1.93989
-1.93724
-2.65928
-1.65587
-0.00606496
0.495453
-0.0894913
2.15392
1.80689
0.298982
-1.44416
-3.13078
-9.79419
3.09171
1.25638
10.0997
-1.70304
0.212945
-1.50602
0.00521177
-1.0738
-0.309332
1.59386
-8.39795
1.12169
0.364596
0.317001
0.526026
-13.7807
-8.72901
-0.234459
1.70248
-0.00305109
1.96793
-0.339068
0.112439
0.150411
-1.14646
-1.06171
-1.12681
1.94441
-0.30263
17.4613
-0.18414
1.25152
0.303399
-2.06356
1.27263
-0.482769
-0.486582
55.7018
-0.77287
-1.94751
-1.07576
3.04955
1.13359
0.224231
-0.181864
3.3788
-2.30285
0.256498
0.271963
38.1817
1.31565
5.0049
-0.932481
-0.228689
-0.846766
-2.54978
9.07104
-0.543203
-0.24575
-0.193601
0.550554
1.09283
0.984388
-6.08796
4.19894
2.22608
-2.87869
28.1334
-5.48385
-0.500188
-0.938202
-0.877066
0.805538
1.15628
-0.321145
-82.1819
-0.210425
-2.83089
1.60845
0.365385
-0.0324648
-0.267538
1.68483
-2.39396
3.9917
0.365204
-0.726891
2.93337
0.266817
0.344332
3.6885
5.17645
38.1217
-0.0901036
-1.22082
1.72569
1.13941
0.773413
-0.746492
48.271
-2.10943
-0.907074
0.0452036
-0.786105
1.35949
4.46242
-0.544764
5.6123
0.25711
0.788303
-85.6277
-0.976259
0.786659
-1.05207
3.8155
-2.63577
-0.549973
4.61724
-0.726268
1.80605
-4.36701
4.33084
-0.746309
-5.2601
0.786842
-0.270684
0.248261
-0.056621
-1.76885
-2.43202
-3.19607
-1.54229
7.01326
-0.103008
-3.18734
-1.32744
0.425214
0.784304
0.200863
1.28625
1.40368
0.538301
-0.4799
-0.346903
-10.3775
0.925965
-0.738687
0.345975
-2.45052
-0.0448003
0.94485
-0.81356
-0.262819
0.500074
0.542784
-30.7512
-0.738066
0.158181
4.25274
20.8503
-1.03906
-0.488231
-0.441213
2.46447
2.11084
0.818177
-0.264072
0.302176
0.323453
-0.469623
-0.295271
0.865768
0.68703
-0.91552
0.992776
-0.0186947
0.0698605
2.58061
0.818284
-0.0681702
-37.2996
2.38508
5.05644
0.52963
2.04793
-0.112666
0.431921
0.756144
4.43094
0.403159
1.31849
-1.57268
5.48134
-1.787
0.35049
-0.178234
1.81736
1.76361
-0.350933
0.0929857
-0.504235
0.965599
-0.213264
0.835115
7.03456
-0.328736
-1.8718
1.7591
-0.360426
-1.26173
-0.105741
0.174942
-9.48888
0.0431938
0.0558337
4.84594
0.765621
0.943425
1.30702
0.700778
2.81245
-0.0771634
3.82462
0.830023
1.93565
3.06855
0.300588
0.453543
2.22943
70.8998
-0.942805
0.883754
0.407419
-0.35783
-1.15739
-0.58142
-3.54053
-0.231898
7.75044
-0.668592
1.20667
2.36003
-6.95702
-0.218591
-0.983319
1.42862
0.653234
-0.190885
0.543483
-0.3099
0.661628
1.01599
-0.959555
-0.0301773
-1.15595
0.418912
3.72228
-12.2627
-30.6062
2.28825
2.31831
1.25248
0.582251
-0.125588
-0.276377
-0.403537
-2.43892
0.881603
0.686478
-0.487463
-4.24029
-3.59466
-4.36154
3.3287
0.511554
0.426121
-2.37285
15.6301
0.00694751
-0.0968076
-0.968747
0.36064
0.292037
4.80598
-0.72945
-0.754613
-66.9986
0.288902
-1.63609
0.347339
-8.3546
-103.571
1.82975
109.431
-5.89161
0.447639
2.86912
2.08993
-0.627136
-2.65507
1.10387
-0.809816
-9.49138
0.77229
-1.93739
0.311498
-1.90275
-0.15398
-2.15449
0.72411
2.31384
6.01871
0.320315
0.510865
-7.03735
-0.452417
0.310661
-0.538591
-1.32572
0.266397
-1.39739
-0.0441845
1.65388
0.816952
-0.168773
-0.752938
-0.209206
0.145347
1.33155
0.348677
35.9176
-2.5787
0.0246367
-4.22208
0.622819
-0.115527
-23.4216
0.239993
-0.132376
0.365632
0.111779
11.0611
0.555835
0.549034
0.382766
0.730859
0.851075
0.477449
-0.151665
-8.14675
2.25127
-3.28876
1.07006
0.728825
-3.47767
0.0824223
0.691453
-4.6317
-0.957125
-0.398201
5.34688
-0.333108
0.469671
-1.3713
3.40462
-0.214176
-0.00717612
-0.447829
-8.87571
-2.95247
-0.0993875
1.1682
1.53401
-0.31308
12.6953
0.997606
3.92867
0.675665
-0.601444
-6.98828
-0.838448
2.18862
6.52407
0.240768
0.705072
1.25771
-0.745024
7.0065
-13.1457
0.0584247
-0.45152
0.341601
-1.82951
-0.00464681
0.276101
-0.749951
-1.70238
-0.216697
8.26497
-5.89494
0.145019
-4.49762
0.227895
0.0164765
7.86785
-17.1577
0.563451
-0.311935
3.70336
-0.640603
-0.877978
0.881541
2.29732
-3.06289
0.568244
-2.40458
-4.26443
-15.3039
-0.690438
-0.934524
5.69546
0.668776
7.40107
1.91698
0.535872
-3.01463
1.6758
52.3991
0.0220901
-0.53666
-2.94245
-0.248136
-6.17243
-0.600058
-0.567922
0.44047
-2.44506
-4.68816
-0.29513
0.142665
1.57129
-1.14459
-12.1043
1.44556
-25.9468
1.04381
17.4144
1.57183
0.647386
1.72682
-1.06011
-8.2476
1.33751
-1.09849
-1.24814
0.606777
-3.51213
-0.660645
-1.22714
0.164956
-2.25246
-0.179253
1.74535
-8.16798
-3.03062
-1.04391
1.7096
0.162591
-0.479391
1.26654
0.967605
-3.63791
-2.60069
-0.606575
0.658617
-2.63715
0.91166
-6.85631
-0.523745
1.26156
-0.26324
1.7036
1.31858
-0.668185
5.26731
0.732506
-0.415659
6.83143
-4.40474
-0.902958
0.166613
4.59571
-0.305889
-293.287
0.692287
-1.05229
1.07424
7.99515
-0.0689859
1.22736
2.82895
16.362
-0.305013
-2.20821
0.285776
-3.2195
1.28735
-11.8518
-0.73413
-0.567191
-0.0100539
0.61883
0.294462
0.456578
10.092
-0.399169
-2.64662
-0.707411
-3.99852
-0.0958112
0.564021
-1.4581
-0.745803
-2.67083
-0.37885
-0.711543
-1.65116
0.00532188
0.0879391
-5.80097
0.927911
0.165128
-0.365876
-0.406706
-0.228849
-1.55679
1.40647
0.706658
-0.653767
0.681526
-0.995086
-1.27441
-1.35431
-1.32661
3.99666
-0.691538
1.49396
0.619168
0.757186
3.63854
0.857384
0.114649
8.21549
-0.500459
3.63289
0.416236
-0.163534
-2.2813
-0.092454
-0.466322
1.68169
0.269475
0.915984
0.859555
0.858705
1.52113
0.135092
1.3027
1.44299
-0.165857
0.760981
0.921451
0.397841
-1.98713
-0.62493
-0.0462563
-0.569839
3.62798
-0.309822
0.129372
1.18584
-6.48686
-1.51478
-1.4735
-0.772445
0.371582
-0.486545
0.673906
-1.97759
-1.27505
-2.85459
-0.780843
-0.183321
99.2588
-0.163812
-10.2502
-1.50338
-2.05887
-0.394168
-2.5669
1.47478
-125.405
-4.22435
-1.40627
-5.43418
-2.39127
2.23913
-1.23148
-3.05392
0.197396
2.16874
-0.206367
-1.1014
-7.64924
-0.14133
0.0196627
3.347
0.575791
-20.837
-1.791
-0.903954
-0.386803
-1.21814
-1.47628
-1.16168
-0.0998076
0.58064
-2.00582
0.638798
-1.47629
-0.746499
-0.0708719
11.0218
0.803485
-0.998157
1.1048
0.904041
0.564586
0.42155
-1.22479
0.951947
-1.15795
-1.04686
-0.229521
0.505664
9.93059
-680.817
-1.36618
-5.40789
-0.596044
2.78863
-1.06222
-2.2249
3.64602
0.979384
0.0786959
1.26189
1.02988
0.177186
0.154996
-0.753363
0.883116
0.705037
-0.221108
4.16365
1.89242
3.71088
-10.7831
0.472574
-0.165111
-4.78822
1.13756
0.474509
-1.55212
-1.35003
-1.07568
-1.58735
-2.82652
0.160717
-1.64074
3.45398
-3.93605
0.286923
0.210165
0.0632179
-1.35141
-14.776
1.1548
-2.66029
-0.0619724
-0.10996
0.567001
0.24112
-1.44299
-1.13114
3.11051
0.939804
0.244594
0.227351
-0.225583
-0.131015
-22.7426
16.0003
0.810839
4.25929
-3.08239
1.22442
0.0511821
0.665932
5.79185
0.657368
0.3545
-2.43217
-1.24419
-1.36705
-0.165809
-0.57207
0.573364
0.703975
-436.926
-0.638092
0.291888
-0.771728
0.129038
1.72531
1.21756
0.699171
-2.77622
-0.0809431
0.288792
-4.15954
1.12784
-4.87283
0.0585021
2.09684
-4.20559
-0.122919
2.72883
-0.621239
0.0576862
-2.70886
0.217184
0.6749
-4.90775
-0.0119505
-53.5219
22.6054
5.09731
-2.30682
-1.13495
3.62724
23.2395
0.828403
-2.97995
0.143736
1.67969
1.23962
0.279112
58.6777
1.27987
-4.74415
0.136728
-0.0649796
5.8729
-2.51604
0.883516
-0.710657
-0.456326
2.66576
-57.7885
33.1163
-1.03842
0.976706
0.62952
-0.628445
-2.68585
-0.930765
-1.52733
-0.997509
5.68752
0.321591
-0.29126
-0.21385
-0.108464
4.8474
-12.8545
-0.284239
0.674851
-5.93909
-0.614936
0.738189
-1.72777
0.0122036
0.181846
-3.65146
-0.717807
0.00975761
13.7739
-5.28926
-0.527347
5.13781
-0.578107
-4.2179
-0.272363
0.820799
0.769139
-3.10412
1.29496
1.117
0.538022
0.49624
1.07331
-1.01087
3.82281
1.38378
-3.76001
1.29717
0.305716
2.21003
-2.0938
0.321032
-0.897895
-0.58776
1.96491
0.960741
135.702
3.53886
-0.157518
2.50847
0.249254
0.563804
-0.82629
17.2681
2.60953
6.09009
4.52175
-4.88458
-1.07435
-0.069198
3.60106
-0.0327424
1.26387
-0.689465
0.546498
-1.33901
-0.59318
0.53217
-6.01724
-1.20913
2.97737
0.221574
-0.233454
-0.803287
-0.120001
2.88083
2.357
0.27645
-66.1521
13.0199
0.214314
-1.52205
0.504529
0.104181
-1.14412
5.51054
0.913094
-1.14117
1.13098
2.58969
17.1664
-1.10195
0.5589
-0.0814544
0.0251453
-23.5161
0.850749
-0.260958
-16.1618
-1.34224
-12.8602
-0.128742
-0.0903389
0.833754
-0.243786
0.367747
1.26894
0.352231
0.0300984
1.54087
4.31869
1.47074
-0.0220047
2.21719
1.82045
-1.96601
0.361743
-1.63964
1.91172
-0.61725
9.29075
-1.97725
-0.699642
0.465031
10.2326
0.439234
0.220093
0.503711
13.6739
-0.184902
-1.36642
1.36376
-1.79966
0.375639
0.230905
0.687736
-0.587624
-0.798076
0.868302
2.32512
-0.444623
2.53851
3.46079
-0.114877
-10.7381
-1.93492
-3.08917
0.387185
0.0327679
-2.82826
1.61128
0.319003
1.23024
-0.309874
-1.10337
-2.32789
1.59942
-0.174742
-0.70418
-0.557346
0.0507658
0.343606
0.583609
0.602346
2.32198
-1.13293
-1.35491
-0.298766
1.34498
2.03829
16.3298
1.27596
0.209061
0.543889
-6.00772
0.782297
-17.2839
-0.734274
0.96028
1.82328
2.38774
-1.06489
-4.12162
-2.12784
1.02155
-0.845972
-1.67954
1.2726
9.57083
-5.83526
0.181175
48.4365
-0.531818
-1.70377
-1.20412
-2.53177
0.92693
8.62966
0.412539
6.11042
-2.06482
-0.357067
-0.793913
-0.730626
-1.39242
-0.749746
0.361957
-0.931654
-1.19473
3.37811
1.17289
2.84548
0.313302
-0.361093
-1.38645
0.96935
-1.03822
1.44719
-0.758822
0.363717
0.879598
0.149601
-4.8866
4.99668
-0.230824
0.408202
-1.23372
0.0169446
0.516648
6.63927
-0.543547
-2.05339
0.373125
-13.2759
1.75971
-0.74136
0.122092
-0.531366
-1.25704
-0.198144
1.31719
-26.3917
0.750477
-12.202
0.187849
1.73756
0.850157
-0.0501375
0.24198
0.776918
0.588995
4.33903
-0.424568
-0.707647
0.0449862
0.593522
-0.984411
-2.84766
0.178491
9.12823
-0.171736
-0.626147
0.654389
-24.0259
1.20092
-1.77471
-0.68954
0.478665
2.35507
-0.909026
-0.0629282
2.79349
0.165707
2.69609
0.628498
0.106293
0.578268
4.95804
-0.0824645
-1.20127
1.65764
0.36114
1.81647
1.13024
2.03339
-0.671146
-1.69499
-1.13509
0.105083
0.515189
-0.694902
1.10947
0.0445054
0.0721354
0.0453071
9.55111
-0.277622
-0.488068
3.83866
-1.50427
0.851229
0.754557
-3.36149
-0.754612
-0.736975
-2.33704
-1.37051
6.13961
0.499027
-4.55252
4.21075
0.0933462
-0.825058
-0.338073
579.532
0.016663
1.87484
-2.17038
11.8518
4.52328
0.0733759
3.39062
0.959369
-0.403445
13.1401
0.182166
0.738423
-0.124609
25.2964
0.945137
-1.7426
2.44264
0.450401
0.207654
-0.720349
13.9404
-0.364279
1.9123
-14.1112
-0.113625
-0.783382
-1.40339
-87.4352
-0.863434
-0.361378
40.3518
-0.322325
4.1862
-0.44643
1.45351
-0.0750583
0.126929
-0.190486
-0.122914
0.721225
-3.9046
-1.0387
1.58704
2.41443
0.371641
-0.563112
0.657193
0.323954
-0.99463
-0.209638
0.714435
-0.563483
-0.0284923
-1.57306
1.06707
-1.45889
3.0503
-0.706278
1.47557
4.41066
-1.88569
-2.58814
-35.0108
2.25537
-8.33814
0.359234
1.61982
-9.10833
-1.99333
0.111728
-8.99351
-2.14225
-101.459
0.400215
0.0157442
-1.10617
-1.599
-3.09566
1.18772
-0.316891
5.43388
4.31424
-1.05473
-0.973106
-1.4421
1.70723
-1.70094
0.68139
-1.01841
16.6871
1.21864
2.53284
0.423005
1.69006
7.96949
0.322819
-0.735107
1.67136
2.30314
-1.66551
0.507095
0.359758
0.10843
0.963717
0.0688574
2.88072
1.95107
0.778056
-35.4088
8.67747
-10.4569
-0.0104395
0.635101
-1.02273
-0.0201935
0.679368
-0.435632
-4.0829
1.40459
-0.223538
0.246044
8.82604
-1.31167
0.144019
0.702754
-0.0636133
1.62249
3.36856
1.85894
0.159244
-15.1805
-0.472852
0.146431
0.708532
-4.30269
-1.65282
-1.22775
1.60163
3.66429
-0.0687624
8.86705
4.37241
-10.5878
2.86833
-0.246795
-6.81264
0.541114
8.82037
-0.336024
-0.855696
0.688394
0.263896
0.942988
-0.999
1.06282
0.446868
4.96267
0.225026
0.171155
0.532114
-10.9753
2.11223
0.0441519
0.396072
1.45165
-4.35704
2.82005
0.531769
-0.827603
0.331237
-3.86043
0.513297
0.494004
-3.82
-0.386321
-0.309517
0.727204
0.636847
0.293743
0.21818
-0.114447
2.04708
0.040257
-2.55646
-0.0832006
-3.68349
5.96634
0.0538834
1.90972
-6.56078
0.737305
-0.712414
-0.455197
-4.70349
-0.540448
-0.963081
-3.03939
0.16617
-0.611883
1.20748
6.80313
0.904043
1.14358
-6.08101
5.75765
0.0522919
-0.238797
0.0752173
-1.20295
-5.01115
-0.160188
1.2595
1.80424
-0.0286177
0.378662
0.446376
6.32057
-0.872743
0.460725
2.1193
-0.664758
-0.137372
-0.73762
-1.65925
-2.89513
0.225839
-0.0955192
-0.0876316
0.932621
-0.336912
0.7025
0.335985
-1.40089
-0.0696395
0.378289
2.37713
0.841209
-33.3732
1.2716
-0.0161032
0.209541
-1.08086
-1.77067
0.0789884
0.491961
-0.867183
1.24683
-2.21416
0.90364
-2.40466
0.405434
-0.460902
0.864448
1.79544
1.11179
1.5283
-0.931385
1.88362
2.27251
-0.0343344
8.84518
-0.888225
2.90645
0.41298
1.08714
-0.320478
-1.42066
-2.08742
5.08093
4.73483
-2.77676
-0.16293
1.14596
0.205353
0.537394
-0.936767
-0.460231
-0.0305153
0.110018
-0.585801
-2.1628
1.07243
2.10389
-3.56586
-59.9221
0.365568
-0.842599
-0.514908
2.62422
-0.365858
-9.04482
0.42939
1.51636
0.482392
-4.10969
-1.44826
3.13188
-2.52167
3.15638
-2.14544
3.04082
-0.453431
1.04985
7.01058
-1.543
0.382718
0.369618
-1.44299
4.4444
0.0970053
-0.194194
-1.49663
-1.31372
-0.455308
4.06002
-0.241915
2.55473
0.77534
1.77898
-0.329688
1.07963
9.4642
0.795777
-0.140335
4.56182
0.630781
2.21069
-0.924687
0.246238
0.292949
-9.67776
4.8527
-1.13273
-0.90962
1.64808
0.609435
1.19353
0.170071
0.980925
0.0644609
-0.870803
-5.81903
2.59557
-0.250701
-0.697661
-0.0407241
3.09903
-1.65162
0.157624
0.693019
-0.0937404
1.33324
3.01084
-0.239375
-2.61043
0.704399
-0.565487
0.251711
-1.18656
0.852976
-0.416879
0.237126
0.715515
-0.84524
0.231339
1.09546
0.235507
-1.90006
0.715958
1.82989
0.171825
-1.73152
-0.220263
0.500926
0.00705629
-1.74639
10.0105
-0.0417993
-2.04201
6.75973
-92.5977
-9.89743
1.8555
0.123926
-0.111207
0.429551
0.514636
-0.149977
0.228636
4.37281
-0.581118
0.498134
8.793
-0.783088
0.273789
5.41356
1.70956
10.5207
0.59125
-0.492343
5.87851
-0.679744
3.64458
2.20325
16.0554
27.7234
-0.428688
-1.89103
-0.346996
-0.720793
0.343772
-1.68359
0.0469835
0.0414943
0.600509
-0.552918
1.11646
-0.417361
0.0329547
0.930973
-2.01579
-1.59153
-0.655153
4.6325
-0.448772
-0.746423
-0.720185
0.771849
-0.526362
-0.307771
7.67887
-0.210745
21.5053
0.0126154
-10.6967
-0.765703
-0.102428
-2.16308
-0.666976
-1.80684
-0.596979
-0.852215
-0.366664
0.719072
2.555
0.163968
-1.01262
-0.754475
-3.53634
-0.623701
0.386189
-1.08396
0.405743
0.25864
-0.862038
0.0718239
-3.27529
-1.31882
-0.557721
0.639856
-1.13849
1.17194
-0.814157
-1.4098
-0.60716
-4.91292
1.1784
-1.70173
-5.31148
-2.07853
-1.92821
-6.23025
-5.97437
-0.153257
8.03099
0.29046
6.4601
1.23262
0.853083
2.27503
-4.48299
0.927259
1.42106
0.732869
-0.570037
1.70974
-1.74837
2.70564
-0.0483141
0.460653
0.245997
-1.2421
-0.252537
1.08577
6.3209
4.19623
0.423601
0.828522
-0.851938
-10.7607
1.05443
12.3592
-0.243072
0.708402
-0.58817
4.65611
-0.626482
-257.446
0.61877
-0.743799
0.696736
2.61902
-1.92656
1.64278
3.9283
-0.609733
-0.984422
1.3384
0.203417
1.31081
-1.76062
-4.5777
0.930965
0.868061
0.541783
-2.64078
13.3134
0.65574
0.724514
-0.415179
-1.55442
-19.1689
0.310124
-6.28316
-0.131916
3.66896
-0.514481
0.335701
0.77412
1.75822
1.71751
0.221769
-0.74879
17.8288
-2.38378
0.143061
1.73276
-2.21754
0.514098
1.6021
-0.00171291
1.18468
-2.91725
0.631433
-0.490672
-0.278497
3.51849
1.47553
7.82316
4.33467
-1.62624
-4.11565
-3.32442
1.16488
-3.47096
10.8173
0.915086
-3.87107
-1.21551
-0.100381
-0.818583
0.672734
-0.0193348
-1.96518
-1.76759
0.205619
-3.22538
0.291624
-3.13618
5.27583
1.06262
-2.57737
-2.33548
1.01991
-0.367672
1.09002
-0.428967
-0.25742
-0.738041
-2.7968
7.29116
-5.81198
0.322534
0.0443006
-0.0375157
0.24773
0.792167
2.23844
-0.716145
0.807598
0.0330752
-0.467555
4.08859
-1.92817
-0.117205
-1.29029
-3.536
-0.239595
-0.759064
-1.5489
-0.949432
-0.76785
0.791876
-10072.8
-0.407286
0.0803931
-9.53627
-0.069102
3.19658
-1.12994
-1.38777
0.333279
1.17687
-0.396063
1.24219
3.12959
-0.76553
0.420318
1.72106
-2.20732
1.49284
64.6971
1.09767
-4.11676
-0.819362
0.918188
1.47435
-0.945304
-2.21626
-1.14779
-0.594776
-0.250544
1.44541
-2.62046
-11.4806
0.582116
2.8292
-0.646966
0.291811
3.43431
10.9494
-0.547728
0.157018
-0.147066
0.54665
2.05145
0.142447
-1.69807
-0.349062
-0.333718
0.429411
1.7119
0.0255168
0.681833
0.31328
3.76391
-0.12188
-0.21812
-4.09025
-1.02015
-1.02221
1.41053
-1.77611
-0.636629
-1.025
-0.197923
4.70958
-0.262298
0.181446
0.344794
0.728405
1.37859
1.0456
-0.29325
2.23046
-1.94147
0.753837
-0.687415
-6.03796
1.55044
1.78006
-5.77387
0.470846
-4.04809
2.05025
-0.463315
0.515795
0.770859
-1.56966
1.40142
-0.104423
-2.54228
-0.131304
-0.272931
0.776975
3.13724
0.802283
-0.264358
-2.94084
-4.82334
-0.9721
3.48207
3.6936
4.15864
-1.42142
0.165646
2.11954
-2.48899
-9.21764
-1.35029
1.27742
0.633279
-0.0976527
0.0098427
0.0756252
-1.19858
-9.36239
19.0469
-0.499942
0.479179
3.995
-9.54869
0.468664
0.562773
-0.421856
-1.98803
1.38118
-0.351928
-2.27809
-21.6472
-20.6114
-0.761602
-1.19433
0.785936
-0.465257
-1.01345
1.75725
0.677612
-5.05743
1.88475
2.61663
0.15051
0.260977
-0.875919
3.03972
0.144421
1.38161
-1.3551
-3.35374
-12.7562
1.00083
0.0732747
-1.78857
0.568921
1.08653
0.471304
-1.50456
0.802685
2.18257
0.887511
0.21776
-2.91687
15.3639
-0.380821
0.885043
2.29069
0.011537
69.1115
2.95186
5.88661
-12.9159
1.07955
-18.8223
-8.27792
-0.996282
3.95861
6.74203
-0.28936
-1.59815
21.7005
2.89072
-2.09176
-0.630617
-3.3452
-0.217289
-2.95672
7.6804
-1.28147
0.17012
2.40171
-1.85528
0.163052
-0.426081
3.19609
0.536352
-8.57553
10.4252
-2.52993
-2.96234
-24.4405
-0.782778
-2.7364
-0.17313
38.769
-2.7463
-1.32021
-0.113932
-20.3538
1.49472
-1.57029
1.16265
1.71674
-1.23237
4.46133
-0.439967
-0.68266
37.1512
-15.0622
0.292731
0.100461
1.85749
-0.318497
-0.0981305
-1.46762
1.65393
-0.237309
-0.0634939
-2.005
-0.284921
-3.77474
0.000277222
-0.283448
0.534318
-0.152355
0.498214
1.90709
0.22764
-0.284981
0.0563186
3.73477
-1.30251
-12.0372
-6.48486
0.381506
-0.642517
0.977384
-2.41729
-0.9636
1.34985
-0.41404
1.67054
1.40294
1.41581
0.474798
-0.284983
0.325282
4.41383
-1.61268
-0.266642
-0.0144703
-0.224854
0.24248
-0.25353
3.99131
-0.283702
-0.150408
0.860007
-3.95357
-1.90364
0.2211
6.75905
0.49071
0.393827
1.39146
2.76913
0.311716
0.22154
0.506641
75.3006
-3.46104
0.947142
7.62966
-1.51904
1.18151
0.404092
0.600748
0.776108
-0.769872
0.0171979
-0.418351
0.372978
2.40181
0.292113
0.139121
-0.672035
0.18461
-1.623
-1.50939
0.625604
4.00362
3.41001
2.21135
1.55068
-0.640369
-2.76529
-2.31176
-2.19999
-0.546199
-1.12639
-0.807393
4.99122
-2.44706
-2.10743
-0.276979
1.039
0.628088
-4.65902
1.86446
-1.66423
-0.170225
0.120358
2.80774
-17.7163
-1.7094
-0.509473
0.451154
-2.52956
-1.05739
-1.39304
3.44819
-0.257394
0.772901
-5.37721
-0.899893
-0.109687
2.35897
-0.193066
-1.73578
-0.550457
-1.74333
0.43299
-2.55646
-0.970892
-0.454951
-1.11702
-2.66866
1.58964
-0.419602
0.104234
-2.84135
0.484532
0.432671
0.0869101
-2.56884
-114.527
0.416329
0.746685
-0.789768
0.234519
-0.874432
-0.0814288
0.168582
-17.3682
-0.6833
-5.36902
0.369429
0.0142917
-1.93809
2.11784
0.823398
-0.883132
-0.499134
2.1948
-5.86669
1.8623
-0.275202
0.218893
4.14405
-0.424522
2.36764
-1.5477
0.617543
-1.27492
0.985857
2.43669
1.83369
-0.342026
-0.0895062
2.1687
-21.9452
-48.8921
0.569526
1.94889
0.0130529
0.0706931
0.375832
0.901882
-0.250889
0.193303
4.48227
0.0902526
-0.690518
1.9086
0.0106667
0.526264
-2.20209
17.953
1.31061
2.25598
0.425425
-0.702299
-3.64327
4.919
0.552525
12.3917
1.42653
-1.05772
0.96137
-30.9064
4.37266
-1.08642
-0.635714
-0.0552953
0.208346
5.10192
-2.00282
1.03845
1.02307
0.382897
0.948194
-7.44588
0.329563
0.13695
-0.491648
-0.15177
-0.0646755
1.75855
-0.830126
0.176454
-0.263507
0.0168403
3.9558
204.586
7.06924
48.9439
-0.0780603
1.11693
-2.84287
-1.7983
0.738855
-0.704113
3.24873
-0.261362
1.44811
1.13314
-0.351436
-0.167274
1.21435
-1.59781
-0.59407
0.733308
23.3431
-2.81282
0.685061
-0.150494
0.786659
-1.60752
-0.813987
-0.943769
-0.693145
-2.33205
0.466577
-0.967329
0.82048
0.197232
4.99502
-13.2365
8.1296
0.815049
0.766688
-0.0970755
-1.09606
0.183429
0.6524
-4.03261
-9.55859
-4.25165
-0.780086
-2.03475
43.2426
0.520154
0.606757
-0.341776
0.706454
0.0290174
-0.427726
-0.773183
12.435
0.261233
-0.373855
0.0437477
9.55558
-0.4407
-2.2476
0.301471
-0.64718
0.367854
-15.2115
0.746697
-0.320018
30.4536
-0.592402
-0.740269
-0.824436
-1.3541
-0.322255
-0.52045
94.3994
-0.887453
0.337204
-4.33776
-0.420371
-2.96993
0.677187
-1.34828
-1.15834
1.73593
0.350782
1.6785
0.183036
-0.666236
3.05133
-0.273071
0.916313
-0.438756
6.36539
-0.496381
2.75488
1.28244
1.19748
-0.891121
-3.94753
0.819283
-1.24731
1.07864
-0.97497
0.558727
0.360356
-1.93219
-0.737434
0.236518
25.8753
-0.0889939
-18.9861
0.973938
-0.857483
6.4619
-3.38662
-1.07147
-0.0819493
-1.02067
-0.688972
-0.368037
0.0611939
0.422934
2.67725
-1.49403
0.578723
6.97077
-82.4751
32.3692
2.06584
3.25253
-0.9278
0.161997
28.0346
1.78046
2.93205
-0.483645
2.11658
0.380522
-0.910128
-0.0202078
2.33007
0.174999
-0.549241
-0.453835
0.732215
1.5489
0.419802
0.110494
0.388038
-3.97169
0.182346
2.10024
-19.4162
-4.91675
-3.97408
-1.40845
-2.27285
-0.652669
-0.800929
0.72523
1.09573
1.25897
1.90397
0.867065
1.99498
-16.901
-0.0263487
0.207237
-5.20676
-0.741064
-0.965746
0.157426
0.809446
1.77216
0.423868
0.249043
-0.613735
-0.240611
2.26136
1.96483
0.223656
-0.202615
0.128454
-1.48138
-5.48957
0.485302
-0.598683
-0.297669
-3.13256
2.50271
-0.759371
-0.00131051
2.07426
-10.7392
0.794689
0.437807
3.85461
-22.7506
0.760121
-1.37345
0.158727
0.591194
9.52216
0.0257139
2.74684
0.902724
0.526081
-0.33525
-0.751872
0.118954
0.363773
1.03709
-3.62175
-0.450004
0.205581
-0.477307
-4.99753
3.57251
1.27789
-2.01433
13.8125
-0.330846
0.707762
-0.485895
-0.282893
-0.137136
5.42936
13.5521
-5.3916
-1.11934
1.78589
0.972294
0.230158
1.96668
-4.69886
69.2273
-0.0396835
4.64333
-0.851299
-22.7695
8.08976
0.97347
2.59812
-0.446853
-0.36224
-1.0733
1.71948
-0.54371
-0.917613
-1.12699
-1.23321
-0.624712
1.46986
-0.604152
-0.329996
1.83807
0.0140235
-5.58688
-0.611791
0.839376
5.63511
3.577
-0.231499
1.2869
-29.7594
-0.399028
-3.63755
2.38298
0.16323
0.939058
0.0634909
32.7765
-0.0865515
0.353353
-1.05116
-1.62482
0.514618
27.9252
-0.699336
-1.10755
0.154936
0.890335
0.167831
0.0398979
2.19349
0.596572
0.585472
1.4699
-0.0919313
0.581215
1.0553
-0.453481
-0.539217
5.61629
-1.39815
-0.336872
7.29962
0.763335
-5.36274
-10.8068
0.903615
-0.447986
2.33752
0.583371
-0.652775
-0.871346
-0.194596
-0.306715
-0.238055
-2.33685
1.15138
7.84787
-2.88624
-3.21323
-3.74219
2.30958
0.205935
0.998354
0.979984
-0.0731028
-0.5826
3.76474
1.63985
1.53609
-0.0807827
-0.0577352
-0.901991
0.195529
-39.9604
-1.23337
0.71979
0.56487
4.25093
-0.434179
1.1518
-2.60483
0.288343
0.722382
-0.682546
0.990758
-0.716769
-2.09488
0.437596
3.87929
-0.121152
-0.131127
-0.421507
-1.08737
0.716882
0.638379
8.65408
-3.57712
1.33642
-1.81134
0.699608
-0.43267
-1.71398
0.0118927
0.813462
-0.542578
3.84266
-2.3539
-0.145752
0.362765
-0.118628
-494.581
-0.252174
-2.14218
-3.67816
0.582925
-6.54114
-0.624013
0.751002
0.402655
0.875946
0.682962
-0.974183
-2.84844
0.113762
-1.12157
0.292119
10.5611
-1.04624
16.1868
1.15712
-2.3681
-0.110835
0.940247
3.06156
1.27319
0.455667
0.456567
14.9036
-1.1714
2.78311
-1.11415
-0.731587
-0.49148
4.23554
-3.17612
-6.64349
-0.0278832
0.621317
-0.306108
-2.39159
-2.99708
1.22621
-22.5348
1.54867
-0.404157
4.24803
-0.351043
-1.45984
1311.32
-1.9247
1.24382
-4.90388
1.10289
0.178989
-0.853108
-0.252789
-1.64723
0.538507
-0.039702
3.34115
-0.588912
-0.0227021
-1.57089
0.523985
0.649583
171.083
-1.68355
-0.405434
13.1362
-1.8246
1.06417
5.67075
1.03714
0.0970516
0.936769
3.69717
0.453863
-3.88671
357.579
-1.37703
0.307312
-0.00647562
0.642954
0.464136
0.718304
-1.33952
2.40519
0.0820126
-0.316063
-1.70651
2.89871
0.211621
-0.548409
2.52836
0.0693667
1.03844
0.921431
3.78563
2.2037
-3.52736
0.209225
-0.0486977
0.912761
-0.844171
-2.86374
-16.2939
0.37106
7.74054
-1.2279
-0.234117
-0.546206
-0.366451
7.32956
-0.98516
-0.00231581
0.974093
-1.32143
-3.6454
-0.0244384
-0.168511
-1.17255
1.20695
1.32904
-1.11578
-12833.4
-0.32812
1.04658
-1.08345
-0.35323
0.523057
-0.824903
4.3694
0.36519
1.10663
0.331892
0.210664
6.17852
5.38808
4.49871
1.0123
-1.4511
-0.718563
-1.23185
0.198719
4.38164
1.41266
-0.263641
-5.69846
-18.4458
-263.636
0.167357
-2.57374
-1.0301
-4.09839
-0.719323
13.654
-5.52619
0.445267
0.373192
-0.124143
5.52031
-2.68056
-0.37225
-0.288208
-2.60055
-1.71718
0.019649
-2.11722
-0.368587
0.219303
0.540726
0.299794
2.77389
-0.688661
0.211219
-1.56381
-10.8252
-12.755
0.0657864
-3.91305
-0.547924
-0.788917
-0.410241
29.255
0.298737
0.766883
-7.08497
4.48196
-1.84036
-1.17506
-0.321264
-3.75704
0.512176
1.6509
6.85278
-0.0183615
0.696134
-0.0378457
-1.36069
3.01479
0.291176
-0.445733
-2.12058
1.72675
-0.403922
1.79229
0.716176
0.405409
2.56668
-0.206434
0.279488
-0.712305
-1.66078
0.349886
-1.18746
2.0324
-0.260713
-14.3688
-2.75102
0.168038
0.187142
17.9463
-0.52054
-1.69158
-12.9105
0.413513
0.764543
0.320343
2.38478
0.403739
-0.0852472
-0.246998
0.597737
0.40751
416.889
-0.446058
-3.0411
3.35349
-2.38442
1.66975
-14.8667
0.392239
-0.347315
0.0659074
0.195028
-0.685941
0.803629
-0.130855
0.559024
1.58222
-2.7661
-1.21354
0.107015
-2.07461
52.6009
-2.19198
0.310232
-0.655623
2.12306
0.873796
7.05446
0.364532
-1.21656
55.59
5.16315
0.241608
0.38232
0.659049
-1.16734
8.12859
-0.338853
-1.03353
-0.557034
-6.33906
0.532931
1.53006
0.629929
0.407537
0.10274
0.802452
-1.83217
0.120199
0.0280168
0.528946
1.66256
-0.492936
-0.101332
2.60512
1.61955
-3.81039
0.5718
-1.59017
-0.0768153
-0.0460653
-0.851497
-0.0368958
-1.28838
-1.03183
2.22477
-2.37819
-0.231405
-1.70105
-0.106337
-0.167462
-0.617022
1.32277
3.18321
-0.336518
1.05968
-0.418146
7.21069
3.17578
1.88471
0.479737
-2.85759
-0.260895
-0.288687
25.0014
-0.161277
287.584
-0.804971
5.83167
-0.0559312
-3.37039
-3.11606
2.28811
0.905939
1.49035
3.77804
-9.06264
-0.233667
0.217445
5.36018
0.962506
1.75525
-0.892404
0.693797
-3.01686
0.70728
-5.14861
0.756167
-0.901097
1.25317
-0.58862
-0.428376
259.027
-0.0206799
-39.9243
0.0789347
-0.749675
-2.04817
1.06091
-2.9681
2.46427
-18.1614
3.73885
1.26323
0.999065
0.0437778
-0.154149
0.889874
2.5241
-0.542596
0.178681
0.442716
5.61652
-26.9969
-1.71532
1.83953
0.628685
-1.1361
2.94044
23.7265
0.176316
-1.7816
-0.577142
2.54269
-0.0815346
-0.120241
-0.280834
11.1522
-4.05426
-0.488633
-5.17195
-0.105848
-2.91409
0.00329019
-0.305936
-24.4462
-6.15148
0.118152
0.62019
2.8312
1.35037
0.709845
-0.215874
3.10151
0.25916
-0.616341
-0.264406
-3.70652
0.246616
2.51675
-2.57741
-1.06241
-7.2559
-0.791996
1.15786
-1.17811
1.2141
-15.6782
-1.17362
0.815952
0.692376
0.859294
-1.25879
-3.5258
1.27789
-0.768125
-1.23568
0.173088
0.322894
0.00309578
0.954387
-0.149465
17.7605
-87.1741
0.0796555
-0.180401
-0.648539
9.64025
-1.16348
5.79724
-0.912256
0.736171
-0.217084
-0.598593
1.49922
0.20231
0.405038
0.811131
1.71352
8.04517
-1.37795
-1.67879
-0.0111554
5.11753
0.575206
-4.28943
-1.27111
-0.709758
0.822791
-1.12555
-3.08434
-1.19575
13.0083
-0.116649
-7.63569
-1.23261
0.294305
-3.02256
-0.685485
0.118841
1.53946
49.0987
0.275554
-3.43049
0.658804
0.58708
10.8216
4.01348
-0.282266
1.09112
1.94163
3.34753
-0.614134
0.954921
2.33505
0.641313
3.09416
-0.241918
-0.840764
3.37804
4.58406
-1.32167
-0.88623
1.26897
-2.88068
-1.46473
-1.82425
-1.13704
-0.188269
-0.0439109
1.05897
3.13765
1.1848
1.25659
-4.67248
-0.0507507
2.01266
-0.26275
-0.363034
-2.92433
1.44392
0.4433
0.0589247
0.179402
2.19932
-0.629746
-0.609998
-3.01526
-141.763
1.85384
3.27026
1.6138
2.55988
21.71
1.6592
-2.44098
-0.0968138
-0.194877
-1.29857
0.835931
0.619419
-2.36041
-28.8905
-1.25654
0.0859388
-1.50521
-2.14347
1.12319
4.53714
-0.369228
-0.574709
-0.744627
-0.16101
-0.63985
-0.406254
-22.6329
4.554
3.09913
-0.58329
-1.62151
-0.0980529
-0.86742
2.77605
0.09854
-0.793292
-0.427094
3.49277
0.459323
2.92679
0.0178581
1.45487
1.22089
-2.32908
-0.132364
25.5467
1.61908
-0.747242
0.960914
-0.119283
0.282166
0.77421
0.207986
4.18261
-0.00766109
4.52773
1.7159
0.0469753
5.74446
-1.74461
-1.31532
-1.61347
3.35093
0.384154
1.74724
-0.691088
-0.00369653
0.71517
1.81872
-0.488166
-1.53982
2.18936
-1.27702
50.2965
-0.562247
-1.50572
-1.32935
1.39609
4.03365
1.35217
0.647415
-0.487457
2.98418
0.470728
3.78182
-0.172726
1.41099
-0.422685
2.20958
0.108529
-0.0154338
0.206753
-0.294144
-1.04535
-23.7214
-0.403408
12.6421
-0.661933
-0.0970522
-0.570735
3.49261
-3.34771
-0.669117
-0.193483
1.12633
0.299391
4.2838
1.61525
0.529069
0.0881706
-0.326727
0.661634
0.0327587
0.451343
-8.30921
1.57663
0.361715
1.49723
-3.3174
1.74906
13.7923
0.195137
-30.8191
-55.3614
55.7474
-2.73339
0.285851
-1.09211
0.0230016
2.84026
0.73215
-0.687785
189.11
2.79625
-0.550812
-0.107392
-1.82443
-0.301156
-0.159354
0.374991
0.786014
-4.18434
-1.54647
-0.654922
1.09226
-2.10054
0.467435
0.680065
0.540364
-1.24683
-0.623241
-1.78204
-0.513006
0.387949
-8.36568
0.578446
-1.93419
0.621926
-0.170938
-0.940562
-0.434461
1.41124
2.15903
136.501
-0.304649
-0.259846
-7.03961
-9.98153
0.00713929
0.0100114
0.223959
1.38205
-1.00432
-6.37971
-1.59737
-2.89249
-0.245132
0.535785
0.158525
0.0433221
-2.30784
-34.5624
-4.80982
-1.07201
0.157512
0.417113
-0.052811
2.92878
-0.149272
27.3682
-0.671758
-1.26278
2.2435
1.45926
0.188075
30.4495
0.234722
-7.31237
0.693967
-0.859389
2.57683
1.37721
-3.24419
1.45551
-1.31884
0.727988
0.644327
-6.95429
1.39997
-2.11623
2.33948
3.47517
-0.0893521
-3.46003
-2.31663
1.47121
-6.32965
0.0456072
-0.475439
0.572905
0.144053
-17.4268
1.18448
0.952576
-2.03715
1.37261
-2.46137
-0.354187
-3.31274
-2.84931
-4.19803
-1.40639
-3.23904
1.97458
-3.4649
0.0811
-0.0333299
-1.59945
-2.65623
0.431875
1.30412
-0.283027
14.0965
-1.99617
-0.483626
0.19644
0.686313
-4.01452
-0.256922
0.738884
0.603651
-0.0867333
-13.1979
-1.96086
1.45452
0.10569
-10.4493
0.5439
-0.194352
0.379813
0.0790629
-0.894021
1.18431
2.01582
-0.573451
-8.26667
-21.0087
0.227129
-0.999478
0.548458
-6.40966
-2.64912
-0.90453
0.398477
0.524971
11.3
0.601202
-4.2805
-0.439148
2.76112
0.74822
0.337992
0.217985
-1.388
1.43408
3.45287
0.895783
-0.378959
0.214792
-1.10553
0.470316
0.380785
-1.18376
-0.172324
-0.301285
2.01718
-0.379315
-0.0949009
0.51863
10.2512
2.23081
-3.4722
0.696959
0.290044
0.372528
4.08296
-0.258576
-7.36242
-3.10803
-1.13101
-2.32296
-1.476
-2.76098
1.08165
-3.01242
-1.22975
0.863859
-2.5937
-1.14254
18.7475
-0.391964
0.401071
1.70196
-2.69495
4.27001
0.340632
-0.246647
-2.25661
0.231607
-0.234059
-2.20842
0.791282
-0.0672893
-0.367882
0.410912
-0.541924
2.24605
-0.701849
-0.484293
0.255233
3.09253
-0.131846
0.908684
-1.06063
0.331441
0.604025
-2.84012
0.876942
-0.17813
-3.11766
-0.376221
1.37444
0.873841
1.14228
0.071975
1.17656
0.805774
-2.01764
-2.62182
-4.72
2.27025
-0.830508
0.594204
-4.59685
0.841905
-1.73698
0.382454
-1.60216
0.71178
0.290574
2.47281
4.03069
-4.11043
0.0305605
-0.0422455
2.21623
1.94687
-0.0857167
-1.14983
0.307269
-4.90608
-10.9508
-0.917948
-0.0504134
-0.866519
-0.992181
0.777066
1.67661
12.4433
-3.63589
37.2865
2.02236
-2.40929
3.50377
-1.71037
-0.156128
-4.90258
0.175026
-1.06286
1.64534
-1.53872
-1.30322
-0.0945633
-0.432699
0.501335
-1.51566
6.25898
-2.00411
0.719579
0.376562
4.29001
-0.218283
0.506811
-5.47793
0.707781
-0.774484
-0.750438
-0.31978
-1.61677
-0.249781
11.1987
-2.48336
0.165331
3.88047
1.17972
-2.51234
-5.10891
-1.97284
5.40319
-82.5343
0.0348846
4.65327
-7.04431
-4.414
-9.94429
-0.882942
-0.52959
23.5688
-0.161738
0.627849
0.740042
-0.480399
0.0318162
-3.69421
0.843958
0.0638885
11.2507
0.647846
1.4219
-0.809249
1.81996
1.73154
-1.46236
-1.69743
1.53925
0.816328
-4.93363
-1.03285
2.57605
-0.272894
-5.28942
5.97536
0.275763
-0.815763
0.0221928
-1.00148
-0.419809
0.0196817
-1.5921
-0.172589
2.25832
0.848999
3.15877
0.80168
0.682506
0.509884
7.07682
-24.3139
5.28655
0.000819491
-0.925841
4.11965
0.468288
1.20327
-0.479018
1.20679
-5.26946
-0.0884497
-0.762286
-0.87539
4.04658
54.7061
2.97486
0.503443
-28.5095
-4.14694
0.0515828
1.11394
-1.58821
0.142218
1.14684
0.275564
0.905201
0.738999
0.0696809
3.18106
-0.949103
0.543692
1.51149
-5.94461
0.0475574
-0.799342
-3.21048
-10.0268
-0.481467
35.8601
-1.28949
0.542246
-42.952
-0.025649
-0.46694
1.49068
-0.0736301
1.11262
0.0773027
0.695524
-0.196921
0.391064
-134.228
-0.275409
4.07618
-2.31775
-1.92801
-0.417597
0.679306
0.850167
-0.312123
-1.80562
-1.19876
2.0458
-1.63072
-19.5043
-1.67646
0.591116
0.966421
-1.08738
0.197465
-1.06019
-1.70368
-0.996458
-0.817295
0.641335
0.979369
-1.18961
0.510571
-1.65763
0.109836
0.678365
0.854368
-1.02926
-1.91737
0.422816
1.05888
-3.56368
-0.277262
2.53951
-6.22533
-1.04371
0.0262603
-0.842148
0.416568
0.854536
17.694
0.899398
-0.176317
0.85598
-0.71964
5.40007
2.30684
1.16481
0.12741
3.04835
-0.0764445
-2.54753
-0.477319
-1.25888
0.758774
-0.569849
-1.23851
0.247847
0.853219
-0.516272
-1.8225
-0.323441
0.318447
0.482878
0.969579
-0.941588
-0.312194
11.3697
18.1883
-0.0480251
-0.100086
-4.33991
-62.0932
0.366875
-6.0733
-0.828523
-73.2415
1.54822
0.381561
1.68448
1.96578
-1.00514
-0.888152
1.31024
-1.34318
-79.013
2.41014
-0.555607
5.33619
0.724784
4.46655
0.731921
-0.85574
0.0529037
-1.13205
2.87116
-2.6203
-0.503763
-0.241803
0.840772
1.7277
7.43523
-4.782
-0.979306
26.8666
-1.13333
-1.96635
0.196327
-0.366354
1.11999
0.0826526
0.34717
0.392041
0.796983
-0.469981
0.251777
3.00863
-0.496086
-0.0208124
-7.19361
2.90114
0.271798
1.34641
-1.25957
-1.07002
3.50618
-9.6712
-1.24078
0.711777
-0.0213444
-0.642221
-0.362977
2.88011
-9.5509
-0.756889
0.100053
6.06625
0.00812143
0.0463719
1.96139
-2.72137
2.32561
0.39618
-0.173799
-1.37116
2.78787
1.07647
-0.102713
0.534918
0.733103
-0.50403
-4.09221
1.75196
-1.04561
-2.30909
0.101952
3.49851
-0.516026
1.81866
1.40164
-3.43402
-0.534629
3.75867
7.16897
-12.4001
-0.426034
0.0136083
-10.5862
1.56103
0.144906
-1.83861
-0.148151
0.407412
-0.438702
0.378619
-1.34995
0.19905
0.0119679
0.537891
8.28072
-3.08456
0.217395
-14.5361
-0.359811
1.55087
-0.362266
-1.70135
29.9285
-0.800084
0.966896
-1.22024
1.72298
1.45453
-12.1827
2.83892
-0.0996116
-0.555634
-0.729811
-0.294867
-0.366441
2.63967
1.31523
0.0157791
0.316604
-1.08509
-0.817015
3.41605
4.3484
0.816956
-0.783687
4.1343
1.74173
1.54936
-0.935994
0.0381728
0.89288
0.466719
0.0726521
-0.558961
-18.8605
-0.661869
0.307908
-1.5482
0.327325
-0.0428373
-10.3984
-0.745793
0.711194
11.7202
-0.408386
4.26679
-3.21536
-1.44492
-0.697715
-0.242689
-6.62943
-2.38824
-1.2644
-1.1892
0.657173
2.7487
1.23425
0.752816
-1.53184
-0.38116
-0.947795
210.897
-2.41162
-0.784136
-2.54279
-0.0845228
-0.86271
2.85357
-0.64973
0.933983
2.74364
0.571563
5.57117
-2.66423
-1.68697
0.407723
-0.0908827
-0.0968555
1.94077
-0.888682
-1.0687
-2.02772
2.80974
-0.418018
0.1294
0.255713
-0.22045
-0.665735
-0.135363
-0.590522
0.5914
0.656602
-3.53633
-1.87088
-4.47506
-0.623118
-0.573822
0.26391
8.18036
9.48593
9.51246
2.60051
5.73256
-0.355381
0.184088
0.171948
-1.45275
-1.07377
-11.2635
2.01364
0.655333
-3.65944
-0.693698
5.47995
-0.517999
1.24011
-0.269828
-0.85993
-2.9423
0.122527
1.24883
8.46727
-2.36722
-2.39815
22.0298
0.0442639
-0.574353
-0.130344
-0.759398
-4.61131
-1.08961
-236.692
1.05304
10.4608
-0.383891
2.19907
3.28461
-1.53871
4.63858
1.4017
-0.255478
-0.65297
-0.320549
0.10799
0.211995
0.127752
0.177026
3.97564
2.74899
5.75418
0.0219155
-3.99018
-0.460852
0.609402
2.18859
0.392056
-5.11645
-1.28473
-1.28279
0.688733
1.00135
-1.57869
-14.0544
-1.7599
1.78792
3.7057
1.73517
-5.56284
-2.07415
-0.547152
-11.0781
-9.01408
8.04861
-0.361391
