1.41078
0.376327
2.53149
0.0948269
0.0338347
1.3829
0.421961
0.128809
1.33259
0.348284
0.7099
2.32777
0.677657
0.507516
0.496418
1.57739
0.302381
0.249554
0.139815
0.54665
0.655741
0.19689
0.962941
2.82692
1.83294
0.803073
2.24346
0.236061
0.42994
0.642084
0.474275
0.1273
0.039882
4.80479
1.23403
0.238869
0.987533
0.470015
1.56854
0.262166
2.05249
0.642623
0.66651
0.928133
2.18357
1.94007
0.650499
0.661248
0.702584
1.15404
0.257746
1.93397
0.330722
1.0339
0.830419
0.327143
0.382814
0.602663
0.83838
0.986574
0.193399
2.05695
2.7597
0.57075
3.23482
0.225867
0.208813
2.0058
1.59537
1.04286
0.45057
0.938826
0.187186
0.48244
0.596884
0.853299
0.846249
0.799444
2.68686
2.03242
0.753978
1.08479
0.339139
0.32932
1.55109
0.752608
0.561536
0.644396
0.492802
1.12519
0.162746
0.980271
0.688516
0.973482
0.339057
2.02163
2.36346
0.880072
0.619612
0.442086
1.33599
0.433361
0.592873
1.18913
0.703384
1.05742
0.153613
0.193707
1.06377
0.55204
0.638079
1.15132
1.88075
0.55326
0.759674
0.213176
0.688033
0.659022
0.983337
2.21704
0.206805
2.04497
0.823273
0.665016
0.352475
0.75466
0.0511437
1.44938
0.307868
1.68134
0.589797
2.87732
0.846285
0.228226
0.930338
0.748344
0.450545
0.65315
1.46639
1.64276
0.903857
0.500956
0.781718
2.02644
0.883192
1.5825
0.113541
0.0834253
0.617227
0.227972
2.79499
0.106181
0.227641
2.55358
0.267024
0.369876
1.02859
0.813562
1.84921
0.738099
1.56414
0.953864
1.0084
1.25302
0.638017
0.467396
0.320238
0.404268
0.848514
0.609261
0.704256
0.310652
0.0575673
1.47541
0.429683
0.46375
1.05282
0.607888
0.393184
0.417177
0.851972
0.405548
0.323935
2.49333
2.3552
1.50623
1.21885
1.19422
1.41536
0.814577
0.498115
1.73436
1.19419
1.03867
1.51316
1.07414
0.827899
2.13106
0.393471
2.33819
0.42656
2.31607
0.204327
0.672558
0.807153
0.657028
1.27015
0.602483
0.786368
0.119854
0.069333
0.893959
0.676318
2.37152
1.51467
1.24414
2.13265
0.571044
1.85215
0.260278
2.09807
1.5189
1.33139
1.01866
0.276589
0.125812
0.461296
0.423738
0.707688
0.685693
0.184997
0.340857
0.684283
0.420519
1.36278
0.774992
0.302517
0.969138
0.129303
2.59724
0.237027
1.67863
1.15724
0.163922
1.24936
0.541112
0.766811
0.582609
0.758152
0.975834
0.366378
0.778073
0.843973
0.517082
0.107384
1.93614
1.01469
2.39433
1.6293
0.379118
2.01402
0.377914
1.11237
1.83295
2.4785
1.54497
0.154729
2.08383
1.39826
0.421244
2.0091
0.902979
1.2617
0.800825
0.974411
0.616231
0.408817
1.81675
1.53533
3.85293
0.422492
0.517582
0.85519
0.679039
0.764269
0.400921
0.90722
0.559838
2.19285
1.58129
0.942643
0.341681
0.952168
2.74501
1.21731
0.962436
1.86363
1.90892
1.01325
1.05212
0.614322
0.313981
2.15573
0.358426
0.835851
0.514991
1.46349
0.576386
0.68831
0.196891
1.34769
0.992792
0.506923
1.31352
0.796983
2.43109
0.211605
2.12576
1.02388
0.488399
0.328685
0.52707
0.450805
0.960747
0.501345
0.992249
1.9946
0.949897
1.83018
1.13896
0.318043
0.601662
0.373147
1.80869
0.990506
0.171593
0.214756
0.728427
2.14237
0.853548
1.6093
1.43481
1.32623
0.261251
0.668305
1.26526
1.34042
4.66734
0.41484
2.80973
1.29229
0.5926
0.906638
1.75305
0.312407
0.968517
0.529774
0.446667
1.04181
0.677369
1.16371
0.604307
0.84946
1.20179
0.752729
0.704445
1.61243
0.475857
0.677807
1.98936
1.54797
0.509726
0.396321
1.13981
1.5124
0.887086
1.64843
0.70379
0.939661
1.92969
1.3715
1.14623
0.941296
2.45214
0.630762
1.08118
2.40936
0.145983
0.400218
0.406759
0.672471
1.23342
1.2502
0.400835
1.03692
0.554247
2.01559
0.480221
2.2151
2.34672
1.29699
1.53257
0.691738
0.522882
0.934573
0.80831
1.23211
0.155621
0.670132
1.88645
0.687636
0.386794
1.1727
1.45001
0.260579
0.651751
0.464071
2.30638
0.727146
1.62267
0.500878
3.76766
0.599334
0.507418
0.988446
0.502203
1.38208
1.7454
0.375998
1.30728
0.670392
0.261634
1.06701
0.927067
0.553318
0.393959
0.403394
1.26054
1.51933
0.89763
0.95723
0.781282
0.9152
2.16574
1.70239
0.609578
1.30602
1.61157
0.109472
0.888754
0.985317
0.325187
0.781272
1.51046
1.8122
1.99772
1.13418
0.102334
0.624787
2.16078
0.689029
1.80574
0.246496
0.779615
1.65604
0.528806
0.367705
2.26045
0.102794
1.01421
0.23591
1.78078
0.797313
0.35072
1.48962
0.52464
0.613903
0.699246
1.11317
0.875332
1.89392
0.854975
2.79543
0.764232
2.53364
0.724991
1.49991
0.685306
0.293063
2.04273
0.673919
0.157687
1.01267
0.701798
0.66533
1.16881
0.895084
0.640058
2.38466
0.852012
0.538645
1.32953
0.803702
1.27807
0.447603
0.32172
0.590429
0.182924
0.890672
1.29729
0.195308
0.41093
0.791656
0.57037
0.454264
0.320805
0.514751
0.401435
1.40789
1.47318
2.17341
0.980184
0.601977
1.0948
0.466063
0.742116
0.749603
0.577187
0.442353
0.729344
0.476812
0.121325
0.666062
1.34453
1.35589
1.27676
1.03984
1.85547
1.17763
1.53002
1.33099
0.647989
1.12034
1.09548
1.04505
0.275528
1.26834
2.79543
0.798831
1.55128
1.4571
1.23889
0.77375
0.537871
0.358245
1.40188
0.772926
0.726016
0.31614
0.311001
1.1658
1.03029
0.292161
0.40072
0.177692
1.90417
1.097
1.44483
1.96626
2.52708
0.746189
0.789893
1.51878
2.081
0.443551
0.638875
0.199641
0.486242
0.862851
2.11841
2.30901
1.99954
0.872915
0.83538
0.575565
1.51042
2.81486
0.385936
0.283754
1.57995
2.81505
0.684716
0.475342
0.413335
0.758983
0.980645
1.14743
0.39395
0.478138
1.12715
0.224845
1.56453
0.581801
0.530198
0.839582
0.820418
0.150719
0.431981
2.75129
0.841607
0.872628
0.429963
1.0599
0.391404
0.862474
1.82358
2.26601
0.842598
1.29872
0.260831
0.984965
1.06734
0.0819915
0.277245
2.11399
1.91357
0.436795
1.78925
0.174391
0.861835
0.379465
0.661981
0.466628
0.565202
0.333126
0.758056
0.108374
1.90846
0.360504
0.166096
0.790168
0.539707
0.563973
0.414179
1.01388
0.32478
0.283886
0.483134
2.09357
0.68859
1.057
0.517639
0.526455
0.663377
0.414707
0.646384
1.85503
0.200605
0.448049
0.152248
0.497888
1.08341
0.338289
1.60186
0.883197
0.593646
1.11703
0.99242
0.609138
0.111034
1.19563
0.429865
0.631291
0.791257
1.5121
1.05844
0.991718
0.893019
1.44311
0.390461
0.620618
0.298735
0.268479
1.05265
0.126893
0.480204
0.444948
1.08016
1.69476
0.608919
0.929755
0.528482
1.16444
0.864177
0.405831
0.16603
0.409945
1.18783
0.731997
1.55179
0.663847
0.153252
0.418579
1.73255
0.396262
0.53761
0.388418
1.78952
1.18936
0.229642
0.743528
1.53943
0.137243
0.426105
1.36299
0.43858
0.184779
3.39548
0.606155
0.993205
1.48928
1.67278
1.44142
0.717388
1.16162
0.852978
1.30411
0.693245
0.546363
2.03247
0.86755
1.487
0.529475
0.907635
0.414394
0.514111
0.0836397
0.283431
0.876615
0.393934
0.0641144
2.99753
1.19795
0.88932
0.71074
0.894397
2.02559
0.0838938
0.720704
1.68175
1.5429
2.49112
0.81548
1.21667
1.98836
0.898316
2.35074
0.471594
1.22503
0.199664
0.0372073
0.462251
0.44039
0.996283
1.82034
1.70586
1.70346
1.89746
0.437293
1.49039
0.439467
0.799848
1.36101
0.740581
0.301751
0.203613
3.43851
0.704539
2.00217
1.23251
0.553372
0.597706
0.272905
0.365265
0.590352
1.11501
0.653476
1.59132
1.56618
0.924992
0.320322
1.48226
1.4003
2.51145
1.51197
1.07356
0.57073
1.77664
1.14536
0.148196
1.26268
0.193046
1.64398
1.6415
0.839427
0.261449
0.390957
1.28651
0.280091
2.917
0.781872
0.845795
1.99852
2.47318
0.858037
0.610792
1.78795
0.900437
0.197026
1.37236
0.834094
0.947247
1.26841
0.247159
0.0807047
1.66634
0.586781
0.328474
0.308437
0.692531
1.35034
0.414802
1.15359
0.865979
1.06816
0.293412
0.802847
0.292973
1.01367
0.578472
0.385029
0.368542
1.24046
0.728833
1.0567
0.331752
0.451138
1.34317
0.75966
0.47068
0.349982
1.82432
0.960249
1.67079
1.26573
0.445837
0.551227
0.936104
0.691266
0.442447
0.310258
1.01489
0.358643
1.47764
1.24528
0.916986
1.9281
0.660971
1.81935
0.621234
2.16395
0.940427
1.14536
1.32799
2.71546
0.15957
1.20735
1.2614
1.17376
1.08293
3.58831
1.8509
0.595962
0.595499
0.181103
0.999145
1.89779
1.10431
1.78012
0.305729
0.381908
0.561053
0.875006
3.18793
1.12815
2.41722
0.751452
0.351805
0.112987
0.161077
0.747992
1.80721
0.996477
0.943413
1.24467
0.899164
1.58337
1.76993
2.20381
0.41585
0.849965
0.595279
0.444047
1.14112
1.34488
0.245533
0.577094
1.48838
0.877047
0.395629
0.407231
1.02133
0.873147
0.100425
3.16184
0.222558
0.314924
0.686423
0.725408
1.03069
0.234997
0.647279
0.838677
0.418728
0.180399
0.433504
0.240556
0.455156
0.525075
2.20923
0.23765
0.696639
0.600236
1.37802
0.548424
0.913244
0.70522
0.502739
0.463967
1.18434
0.276691
0.234071
0.762929
1.30065
0.596581
0.616639
1.23638
2.44202
1.35796
1.28479
0.532591
0.936101
2.08709
2.17059
2.25212
1.37628
0.801872
1.60997
0.791755
0.683559
0.68652
1.21254
0.333981
2.8689
3.70051
0.332188
1.60452
0.874773
0.583442
1.30966
1.02572
1.39612
0.819645
1.48892
0.306978
2.77163
2.21379
1.27053
0.819606
0.65054
3.83107
0.388437
0.73828
0.343066
0.286683
0.757047
1.22081
1.26679
1.38943
0.334433
0.154587
1.13615
0.148428
0.200554
0.880755
0.321557
0.66668
1.5062
0.357219
1.33807
1.66498
0.485127
0.828651
0.564182
1.30746
1.29335
0.798716
0.963536
0.359518
0.999381
0.216544
1.30567
0.227084
0.547909
1.70338
1.00242
1.15064
0.134705
0.377057
0.222766
1.47889
0.671138
0.482376
1.24335
0.598772
0.672102
0.46819
0.277544
0.744674
0.0536496
0.643278
1.81885
3.04932
0.440218
1.09521
3.13751
0.739053
0.881866
4.63723
2.00645
1.11704
2.8011
1.07277
1.38091
1.14178
0.0719646
0.54868
0.610427
0.265192
1.40771
0.648175
2.0139
0.353956
1.28118
2.30005
0.196737
1.29272
1.14922
0.769089
1.31513
0.571286
3.27924
0.640224
1.7894
0.798943
2.81793
0.907689
0.811334
1.75039
0.480688
1.49623
0.248553
0.176056
2.23904
1.21138
0.451585
2.47078
0.752012
0.724442
0.927482
0.877794
0.847247
1.75479
1.44899
0.669639
1.9247
2.68586
0.713964
0.131785
1.35787
1.04414
0.613125
1.53738
0.442536
0.906174
0.303844
1.18526
2.71969
0.690983
0.437722
0.638948
2.08255
2.01862
0.890068
1.87308
0.689894
2.21685
2.71455
1.02325
1.30617
1.21329
1.36403
0.55103
0.648863
0.841887
1.24224
0.283117
0.233378
0.463316
2.03524
0.100756
3.40022
0.571906
0.0864973
0.595976
1.53298
3.62868
0.227457
0.0263878
1.86511
1.06744
1.13159
1.86773
0.793266
0.222102
0.259929
0.417573
0.963494
0.46074
0.889361
0.409462
0.191222
0.619976
0.854515
1.33536
0.298082
1.75638
2.41587
0.590667
0.46726
0.30646
1.45558
0.496025
0.903505
0.383498
0.437759
1.49957
0.425793
0.803501
0.879439
0.176376
0.702202
1.25809
0.798739
1.19357
1.5301
0.304347
1.09088
0.852123
0.64108
1.59121
0.187979
0.810745
0.845808
1.68984
0.498681
0.599323
0.325025
1.65242
2.31692
1.29637
0.0794912
0.279852
0.722691
0.385673
0.649112
1.0842
1.16471
2.3733
1.89871
2.12092
0.395308
0.135141
3.26238
0.179752
1.60012
1.16826
0.157255
1.59223
1.18692
0.51242
2.29518
0.88948
0.10159
0.860501
1.40556
0.740963
0.850286
0.334538
3.29567
0.383493
0.844122
1.1562
0.878429
1.23288
0.513579
0.389057
0.458721
0.835375
2.13729
1.27499
1.15227
2.12353
1.68585
1.73276
0.145058
1.61957
2.50646
1.53605
1.36263
0.675206
1.17179
0.487082
0.28566
1.21582
0.427669
3.6034
0.777631
1.30968
1.51395
0.698615
2.77068
0.500382
2.23933
1.03297
0.624198
0.651012
0.215104
0.218982
1.64923
0.629206
0.760852
0.393688
0.902035
0.318904
1.62695
0.549513
2.24336
0.42073
1.104
0.185688
0.377664
0.277249
0.356275
0.764731
1.44927
1.24912
0.331773
0.83468
0.129491
0.905776
1.20607
0.313276
0.156911
0.463654
0.560742
0.65267
2.37989
0.522847
0.302639
1.34749
1.443
1.32415
0.914096
4.80403
1.17961
0.939637
1.23454
2.04494
1.98964
1.0788
1.0842
0.10005
1.39791
1.92313
0.268661
1.28863
0.857872
1.36444
0.109029
0.184695
0.216886
1.725
2.01921
1.29635
1.64533
0.714645
1.4334
1.5098
0.410894
0.676636
2.10774
0.805828
0.117586
0.94904
1.36412
0.433274
0.134974
1.61028
0.673051
2.8812
0.952547
1.57623
0.971178
1.22535
1.11295
3.67311
1.02763
1.3369
0.437072
0.574415
1.01082
0.689232
0.463328
1.09657
0.828497
0.66094
0.835269
1.81422
0.949643
0.473738
0.590259
0.322775
0.349787
0.830656
0.230934
1.35376
0.42243
2.48326
1.24427
0.683191
0.442253
1.64715
0.619337
1.34393
1.0381
2.04884
1.50527
0.925003
0.148933
0.756599
1.16329
1.45167
0.882743
0.580488
1.32406
0.0521428
0.722663
0.581348
0.314836
0.613511
1.48343
0.459985
0.948897
1.7936
0.116754
1.10994
0.807633
3.10176
0.327538
0.655631
0.784188
0.962421
0.751974
0.103915
1.21386
0.345614
1.47383
0.717474
0.655414
2.34755
1.61257
0.832473
1.32067
0.938509
1.42056
0.647653
0.665425
0.704857
0.292233
0.563044
1.85975
0.350701
0.72389
0.827082
1.2093
0.772471
1.01476
0.342545
1.06938
0.949047
0.279461
0.0313564
0.19525
0.912129
0.9166
0.706932
1.72651
0.740028
0.516627
0.269883
0.956928
0.548913
0.631038
1.5513
0.911942
0.541574
0.718732
0.304336
0.329121
0.101221
0.870565
0.289291
3.12501
0.581668
1.43047
0.755622
1.69063
0.597116
1.09172
0.993191
0.180865
0.0790309
1.32776
1.27685
0.906919
0.12403
1.03044
0.751328
1.2712
1.06701
0.1423
0.73504
3.31339
0.671481
0.731034
2.49123
1.27727
0.842436
1.64496
0.741877
1.5688
1.50535
1.82762
1.33671
0.242453
0.765361
0.502842
0.292662
0.74271
0.351609
2.01688
1.78339
3.75267
0.221833
0.757261
1.31997
0.704414
1.75009
1.6686
0.619644
0.92561
2.15951
1.55972
1.42894
0.378385
0.496548
2.643
2.01544
3.01496
0.222913
0.446361
0.594941
0.217294
1.42829
0.41278
0.220178
0.299825
1.66046
0.816074
0.489257
1.33663
1.08739
2.20999
0.536069
0.251566
0.252827
2.4581
0.295749
0.977897
0.792623
0.498959
0.294737
0.457885
0.469631
1.63047
0.328763
0.886707
1.15706
1.80775
1.90705
0.934052
0.411887
1.05718
0.453894
1.90483
0.762727
0.790411
2.02563
1.08229
0.587203
0.131217
0.0883459
0.4956
0.441296
0.537581
0.471369
1.74353
0.474378
1.12792
2.05616
2.98872
1.03353
1.03106
0.820712
1.14298
0.210865
0.941468
0.727421
3.28527
2.6739
0.886449
0.611873
0.710099
0.738544
0.453504
0.840183
0.261009
1.1838
0.856916
1.07315
0.618273
0.982711
0.299492
1.38114
0.691113
1.11188
1.15798
0.247505
1.27202
0.945555
0.547439
0.0883149
1.5016
0.845041
0.293417
1.0008
1.10309
1.1759
0.121136
0.203635
1.59901
1.16506
0.0255444
2.53224
0.786999
0.620209
2.59604
0.154426
1.20344
1.48845
1.09124
0.686842
0.831692
1.133
1.86819
1.42532
1.49476
2.02472
1.08023
1.04385
0.994279
0.163714
1.48599
0.241879
0.998963
2.05516
0.621645
0.658445
1.19212
0.19814
0.549267
0.978316
1.31081
1.1509
0.0883606
0.335295
1.00014
0.443746
0.333192
0.889706
1.81258
0.642818
0.677008
0.472661
1.49129
3.18262
0.325648
2.40383
0.64433
0.429761
0.342092
0.523687
0.686164
0.951891
0.247063
1.53364
1.27301
0.554166
2.02619
0.509305
0.499746
0.523905
0.107123
1.17412
0.800054
0.918971
1.02475
0.165836
0.91031
0.586127
1.60079
0.35771
1.16443
2.95592
0.292247
1.20404
1.66437
0.166879
0.592855
1.10088
1.05449
1.66932
0.382142
0.225084
0.922173
1.06195
0.897103
0.307005
0.492592
1.20544
1.47251
4.13134
0.992805
1.07461
0.464687
1.18776
0.290928
1.05729
0.449634
2.88356
0.843887
1.79276
2.03866
1.71638
0.545062
2.76934
0.934866
0.423557
0.141273
2.83543
2.34892
1.19764
1.19766
1.50647
1.45941
2.93639
0.821953
0.072938
0.314537
0.0889346
0.164454
1.1677
1.52362
0.307286
1.28554
1.03082
0.139764
0.386851
0.728428
0.326753
0.761498
0.806423
1.04706
0.956025
0.679888
1.81103
0.722198
2.01742
1.09405
0.595052
1.01017
0.738776
0.356407
1.24722
0.413866
0.416159
0.446954
1.07168
1.35334
0.722298
0.335041
1.02205
0.523037
0.276674
1.41318
1.8656
2.06792
1.26812
1.13137
0.285734
1.08674
1.81183
2.14715
1.1959
1.06991
0.266617
0.208256
0.397269
0.994692
0.789515
0.638663
0.505747
1.59331
1.20561
0.133682
2.1409
1.43585
0.241833
1.18584
0.216506
0.542829
0.625028
0.494077
0.700851
2.26899
0.315385
1.59744
0.445873
1.18111
0.513773
0.293744
0.581481
0.500905
2.17419
0.29152
0.625978
1.01137
0.364437
0.902957
0.580761
0.151618
0.706104
0.622488
1.9489
1.11828
0.916057
2.25893
1.59221
0.61656
0.770944
0.754896
1.93051
1.25757
0.660848
0.622256
1.81864
0.945637
1.03724
0.498545
0.850104
1.06015
0.133002
1.19586
1.19517
1.40534
0.359772
0.985112
1.4072
0.618443
0.816849
1.2963
1.58684
0.556299
0.506012
0.204217
1.24024
0.610349
0.273295
1.40859
1.05056
2.8146
0.81592
0.593135
0.412129
0.846985
1.89531
1.19962
0.714082
0.965869
0.623788
0.367095
1.00448
0.0788534
0.358172
0.938095
0.78459
3.21312
0.610244
1.98352
1.1107
0.451988
0.943289
1.32254
0.799867
0.385323
0.20695
1.60889
0.301976
0.565101
1.97691
0.690179
1.34532
0.482395
0.400403
0.664027
1.05286
1.48441
1.07856
0.882609
1.02624
0.390646
1.05126
0.315806
1.27565
1.11996
0.294244
0.606384
0.819276
0.895097
0.984065
0.970576
1.34094
1.40496
1.62833
0.60384
0.526801
0.305356
0.196212
2.04979
1.00772
0.706064
1.86112
0.199447
0.998104
1.66398
1.18917
0.969251
0.38342
0.34481
0.257754
1.96989
0.968339
3.35578
2.23259
0.761801
0.175333
1.91067
0.326688
0.681627
1.28468
1.86316
0.305851
0.359503
0.676459
0.559228
0.89643
0.055323
0.356276
0.994499
1.2061
1.23631
0.899492
0.305106
0.311033
0.0983526
0.0787788
0.792883
1.29262
2.93418
1.03448
0.980981
0.550477
0.3972
0.754807
0.260656
0.846852
0.436408
0.052937
1.36313
1.65565
2.06061
0.840373
0.286965
0.865681
3.17365
0.766565
0.50567
0.687575
0.256225
0.552445
1.70057
1.26772
1.10286
2.04892
0.789058
1.7409
1.59735
2.18329
1.92752
0.627437
0.796586
1.22248
0.813707
0.296981
0.74591
1.14227
1.00493
0.365139
1.90679
0.398907
2.0372
0.670422
0.345171
0.598741
0.431601
0.514891
0.549379
0.665868
0.96468
0.218717
0.140099
0.801765
0.636139
0.31824
0.259856
0.367362
1.60067
2.51831
0.0848117
0.156628
0.26701
0.324142
0.230581
0.61604
1.62463
1.30741
0.571919
0.486394
1.31889
0.37941
0.643047
0.91077
0.44106
0.896662
0.355177
1.52606
0.805513
1.25851
1.13048
0.806195
0.787829
0.352386
0.55679
1.23257
0.83486
0.678322
1.6953
0.0649934
0.386261
1.70777
1.87293
1.18762
0.480578
0.728243
0.244587
0.823012
1.3492
0.681636
0.620068
0.806901
0.706556
0.583073
3.26596
0.686593
1.17749
0.215501
0.702885
1.4756
2.63705
0.0855695
1.17611
0.0851646
0.133587
1.99846
0.210413
0.493669
1.06139
1.86421
2.31898
2.112
0.340267
3.01676
0.484637
2.05392
0.634545
2.27372
0.272248
0.386832
1.87118
0.341681
0.426658
1.2672
0.963035
0.495407
0.459733
0.0809968
0.512987
1.17994
0.650796
2.39251
0.864222
0.588363
0.135926
1.88325
0.102653
1.83314
1.39662
0.404364
1.16511
0.690245
0.739269
0.395605
1.45909
1.0253
0.650159
1.65799
0.853901
0.830143
2.03016
0.689929
1.55619
0.305713
0.758895
0.776003
0.700202
1.81212
1.80239
1.20896
0.583116
1.33229
0.193173
2.20616
1.57057
2.8869
1.22211
0.486804
1.19262
0.399612
0.963102
0.318375
1.11475
0.363727
0.764222
0.301096
0.537795
0.973561
0.143811
0.330008
1.13
1.60023
2.01647
0.441838
1.10311
1.33504
0.807659
0.822319
2.03611
0.204905
0.912332
0.23358
0.827105
0.429117
1.95813
0.761582
2.16925
2.49409
0.353135
1.79485
1.15113
2.15132
0.120394
0.406885
0.246346
2.93357
0.37195
0.207545
0.241115
1.12229
0.481985
0.505574
1.11099
0.582089
0.784969
0.199835
2.04389
1.65959
0.105467
0.318454
1.30304
1.18231
0.424577
0.265826
0.30101
1.30017
1.0163
0.205339
0.162667
0.441927
1.14774
0.650045
2.17091
1.24978
0.303348
0.49747
0.808245
0.11036
1.68717
0.748472
0.809955
1.21381
0.970296
0.22799
0.976084
2.00641
2.49496
0.105216
0.667397
0.449119
1.72227
0.957773
0.419296
0.548476
1.09072
1.43339
0.746658
3.75693
0.550979
1.20849
0.425179
0.758924
0.625815
1.63791
2.42447
2.06653
1.16854
0.498194
0.512027
1.27538
3.19411
1.10154
1.257
0.356378
0.790078
0.63231
0.296102
0.126551
0.276571
2.21979
0.465975
0.288112
2.16848
1.14089
1.31696
0.320033
0.711572
0.340359
1.22151
1.15003
0.181087
0.067375
3.20008
1.78447
0.851024
1.49901
0.338118
3.15647
0.395203
0.177445
0.570526
1.39553
5.91954
1.5164
1.78508
0.64
1.79125
0.975763
0.801164
0.260268
0.301376
0.834452
0.266212
0.572458
0.335777
0.293992
1.12681
2.23008
1.61317
0.433704
0.486832
0.24892
0.392241
0.0964959
1.81807
1.17278
3.59458
2.58221
0.493564
0.764783
0.190016
1.08767
0.147935
0.23005
0.625008
1.24007
0.346718
0.484113
0.287716
0.413234
0.495644
2.78144
0.536463
0.680971
0.834382
0.743502
0.478098
0.867079
1.04062
0.502444
1.07892
0.329273
0.23512
0.766517
1.386
0.235901
0.539352
0.718698
2.00327
0.287343
1.66508
0.889581
0.659422
0.329383
1.80923
0.551555
0.346711
0.69528
0.0727671
0.743298
0.286356
0.925508
1.07645
0.164672
0.158693
0.81726
1.49339
0.637814
0.557864
0.63256
2.641
0.737634
1.13469
0.689563
0.820707
0.341638
2.66269
0.686027
2.81161
0.384553
2.79299
0.313712
2.37528
1.03424
1.2975
1.18606
2.47486
0.615089
1.35362
1.08149
1.13478
1.13386
1.55829
0.928103
0.817381
0.635625
1.05844
0.473415
1.20546
1.13208
1.17658
0.239634
1.58669
0.945542
0.17478
1.23416
0.224217
1.27304
0.695209
1.12339
0.487575
0.763521
0.782499
1.7958
0.574871
1.06484
1.62889
0.0323295
0.929785
0.88019
1.76872
0.353368
0.508212
1.37459
0.667509
0.996622
0.308315
0.232764
1.76252
1.03369
0.273036
0.855679
0.908322
0.0863438
0.343861
0.454723
1.38098
0.239237
2.34371
1.77215
0.778277
1.24676
0.578484
0.507822
1.74717
1.19383
1.56503
1.21505
0.862202
0.215848
1.00004
0.695858
0.446955
0.946567
0.779754
2.04171
0.425343
0.379006
0.898714
0.945503
0.791224
1.08172
0.632764
1.44403
0.70317
0.913198
1.10054
1.89653
0.277337
0.530835
0.499724
0.381058
0.550912
0.906764
1.42512
0.211752
0.669877
0.735461
1.53823
1.09995
0.672028
2.60773
0.492391
0.939231
0.385197
0.517408
0.428587
1.33465
1.38228
0.420577
0.950758
0.634885
1.70911
1.47582
1.32909
0.865714
0.689856
0.260748
0.79946
0.299832
0.78438
0.92746
0.378165
1.89588
3.12065
1.49594
1.35934
2.20111
0.805975
0.829071
0.320291
0.830214
0.181904
0.607229
1.01097
1.31511
0.068854
0.84779
0.802082
0.932081
1.20213
0.862406
1.63802
1.00121
1.01019
0.411464
1.08948
1.21989
0.577804
4.72558
2.24909
0.513214
0.525863
0.194938
1.78825
0.495656
0.510624
1.54701
1.3776
0.601532
0.418994
1.8432
0.694246
0.895523
0.668813
0.128036
0.309952
2.80311
0.242521
0.367909
0.653908
0.780786
2.14578
1.99056
0.641261
0.223766
0.524096
2.05528
1.44757
0.771703
1.10366
1.16745
0.436631
0.498228
1.52919
0.335893
1.96989
1.3531
0.769694
1.11264
0.825082
0.407713
1.16102
1.66394
0.583085
0.220239
2.90606
1.02911
0.361461
3.01333
0.825641
0.255774
1.04245
0.220247
2.06544
0.293351
0.305156
0.474771
1.08499
0.250164
0.403008
0.736297
1.60647
0.67461
0.284848
3.45748
0.188779
1.76854
0.900313
0.0756219
0.687875
0.488293
1.47808
0.692579
1.49942
1.00278
2.02249
1.81587
1.87916
0.836705
0.8698
1.24958
3.11226
0.298725
0.871098
0.703906
1.59683
2.21508
0.813705
1.15747
0.788912
3.78327
1.26028
0.743444
0.410251
0.732562
0.808302
1.37807
1.02085
0.730459
1.13931
1.72095
0.522277
1.78183
1.03221
3.6506
0.371216
1.3554
0.552572
1.44489
0.879054
0.809821
0.211992
0.364836
2.23009
1.53302
2.13192
2.00726
1.40213
0.202693
0.30169
0.347864
0.772442
0.82631
1.33199
0.523422
2.63965
2.29006
1.16697
0.730823
0.360732
1.7373
1.77042
0.807625
0.609974
0.224132
0.195981
0.391538
0.971734
0.143432
0.724228
0.344113
0.537589
0.64387
2.81716
1.56758
0.35785
1.27501
1.19522
0.0266376
0.53844
1.27121
0.799177
0.304951
0.504197
0.431895
1.496
1.35183
1.49408
0.892323
2.24552
0.880835
0.651793
0.504402
2.08118
0.188913
0.464583
0.811291
0.701114
0.792709
0.912071
1.27663
0.250044
0.395723
0.498041
0.28736
0.777718
0.789643
0.69712
0.322035
0.329926
1.40159
0.242223
0.419958
1.9424
0.596149
1.05057
1.11639
1.01174
0.394653
2.25959
1.56195
1.15808
0.934695
0.636873
0.543156
1.8356
0.734356
1.14959
0.30791
0.903488
0.276972
3.72621
0.330779
2.37074
2.33616
1.84273
0.457691
1.40582
0.591697
0.510721
0.0445025
0.378373
0.531573
1.36434
0.190782
3.65064
1.45841
2.24702
0.19371
0.192918
0.472483
0.847577
0.0686357
1.13109
4.16894
0.0885872
2.13875
0.864495
0.771936
0.537295
0.579554
0.469267
1.04772
2.33904
1.05217
3.19086
1.37322
0.686499
2.1395
1.50677
0.371502
0.403901
0.511543
3.76016
0.728736
0.259481
0.636009
0.660907
0.333329
0.304141
0.45937
0.54393
0.853814
0.804015
0.362276
0.826027
0.942944
1.8749
0.995321
0.792115
2.01195
0.888516
0.782547
1.3447
0.455182
2.11754
0.564437
0.886139
0.957639
0.996842
0.664231
1.98314
0.500419
0.805639
1.41967
1.59298
0.298158
0.26426
2.39379
0.343061
0.288313
0.689984
0.407348
0.895354
0.266064
0.554753
0.462853
0.367707
0.395947
0.474271
0.909188
0.514767
0.278846
0.814042
1.82803
0.917043
0.457096
2.10669
0.708663
1.41186
1.40437
0.403011
1.38732
1.02442
0.89586
0.556329
1.73645
0.41588
0.327776
0.240849
0.0452342
2.14014
0.620026
1.02115
0.949561
1.33091
0.4804
0.915723
0.756543
2.38648
0.233962
0.692541
1.17609
0.784368
1.54156
1.86356
0.76911
0.19177
0.837617
0.870734
0.602554
0.924277
1.52168
0.448313
0.444212
0.285215
1.46613
1.606
0.482862
0.450205
2.28627
0.227194
0.593357
0.617766
1.84352
1.6399
0.891243
0.651561
1.53869
0.71663
1.00985
1.92554
2.40759
0.494644
0.261338
2.02522
1.04378
0.66688
0.984022
0.742909
0.87057
2.12028
0.777553
1.31724
0.74146
1.15466
1.00502
2.00073
1.26272
1.29289
2.14746
0.94504
0.546509
1.94649
1.16438
1.33777
0.566182
0.402675
1.38416
0.451909
0.988437
1.04384
0.196199
0.815533
0.963922
1.77492
0.0852404
2.24021
1.0785
0.349917
1.37674
1.34551
1.13626
1.7909
0.84847
0.304153
0.394046
0.516429
1.42565
0.730317
0.648388
0.47298
0.469843
0.425795
0.171751
0.172493
2.41218
1.44631
1.44485
0.258165
1.35433
1.20631
2.19259
0.153217
0.620663
0.686126
0.348803
0.541701
0.331138
0.927687
1.68981
0.640934
0.206853
0.41692
0.243474
0.488757
0.624979
0.63378
0.319025
0.214625
1.34346
2.17258
0.328959
1.12177
0.253298
0.585355
1.66586
3.41733
0.251578
0.970256
0.953656
2.0054
2.61547
0.187682
0.381346
0.905056
0.736535
0.906833
0.171316
0.703546
1.02268
0.490405
1.29478
0.822724
0.428428
0.600394
0.902849
1.69529
3.48521
0.487086
0.278156
1.46644
0.770741
0.62655
1.23254
0.331307
1.61621
0.759031
0.41437
0.267095
1.28499
0.27536
0.684309
1.28331
0.363802
0.656979
0.402056
0.575787
0.427568
2.24112
0.209347
2.05261
0.522274
0.189708
1.72349
0.432177
0.549482
0.719548
0.732997
0.155032
0.502083
1.11639
0.601247
2.01454
1.1561
0.513601
1.83898
2.32367
0.270916
0.435244
0.989585
0.738193
1.38289
2.33146
0.860125
1.02487
2.55242
0.349506
0.155032
0.76058
2.8535
0.565777
0.738184
0.739576
0.784473
1.25945
2.36098
0.429141
0.313092
0.752028
0.634442
1.4073
0.203516
0.529014
2.28394
0.386312
1.91869
0.565603
1.40597
0.484885
1.20877
0.520449
1.08991
0.908435
0.194871
1.63388
0.430359
0.517077
1.20251
0.791816
1.38046
0.355407
0.767353
0.225001
2.45373
0.418596
1.55805
0.886324
0.529543
2.16974
0.482212
1.27992
1.08104
0.176952
0.50941
0.271214
0.423053
1.45472
0.849304
0.275259
0.897514
0.513025
0.865199
1.43836
1.23529
0.483282
0.662619
0.827293
0.212643
0.212939
0.523268
2.03933
1.0586
1.29749
0.360185
2.54581
2.5356
1.30853
1.71312
0.294268
1.14659
1.93009
1.2698
0.965767
1.14276
2.12969
0.501916
0.431465
3.03545
1.28847
0.387311
2.54105
1.55848
0.657287
0.568726
0.757912
0.86109
1.00917
0.951447
0.719402
0.659527
1.9828
0.480268
0.733979
1.56307
1.46478
1.41124
0.608756
3.39696
0.869531
1.07185
3.07686
1.2604
0.138551
0.755258
1.13502
2.25653
0.521426
0.785377
1.07521
0.842425
0.457454
0.310575
1.92408
1.0169
1.79083
0.542185
1.51007
0.414364
0.603046
0.962904
0.635714
1.32247
1.31763
0.713699
0.883094
1.51133
0.629483
1.47122
1.20724
0.467126
1.36598
1.02213
1.6474
0.843202
1.41926
1.31796
2.9317
0.0710562
1.78279
0.500686
0.206803
2.67945
0.372528
0.670661
1.47264
1.25963
1.21237
1.23462
0.735957
0.661425
0.397021
1.78926
2.42156
1.8257
0.164303
1.45569
0.270441
0.331471
1.30307
0.882191
1.19854
0.760695
0.851069
1.14922
1.78094
1.37087
0.426467
1.64303
1.17666
0.0574278
1.00976
0.101229
0.973879
1.83395
0.934348
3.18606
1.08681
1.49332
0.868103
0.721057
0.609159
0.423674
0.182021
0.935319
1.10776
0.210774
1.50599
0.788141
0.314167
1.23204
1.5168
0.784445
0.157899
1.79196
1.41931
0.322898
1.1253
1.72829
1.21838
2.70123
0.491643
0.430816
0.711869
0.19459
0.801069
0.860342
0.675037
0.499058
0.391878
0.819966
1.01463
0.776116
0.390007
0.57629
1.11188
0.681402
0.299279
0.353085
1.06005
1.60385
0.472395
0.616251
2.85717
0.405422
2.362
1.59388
2.29935
1.78888
0.68992
1.34053
0.241585
0.858503
0.947082
1.15421
1.52165
1.23702
1.27581
0.840751
0.943354
0.861156
1.86077
0.476837
0.751991
1.7724
0.628601
0.24763
1.16042
1.09865
0.252278
0.466323
0.341698
0.864632
3.68308
4.39111
0.941464
1.33207
0.421324
1.29075
0.970875
0.595822
0.981555
1.97515
1.09495
0.760374
0.532745
0.729382
2.22884
0.850599
0.796363
0.497963
0.759612
0.467926
1.22524
2.61286
0.191591
0.532442
0.760382
0.797772
0.483629
0.374216
0.254536
0.948921
0.628858
0.906889
0.647242
1.4802
1.30662
0.0876021
1.36366
0.932931
0.595121
0.236775
1.13373
2.07591
1.28257
3.65551
0.523159
0.943633
0.72009
1.0378
1.1677
1.91687
1.2658
0.309119
0.712092
2.3414
0.988771
1.11928
0.385528
1.29926
0.452839
1.20364
0.361314
0.655825
1.21047
0.899911
0.375996
0.920205
2.99067
0.396821
1.64601
0.244308
0.728309
1.51512
1.35598
1.47816
0.394697
3.30856
1.18381
0.445161
1.02672
1.05281
0.669865
1.48969
2.452
0.347294
1.12956
1.14368
0.771985
1.08688
1.02938
3.14374
0.294447
0.222634
1.57535
0.453223
0.355722
2.50906
1.07887
0.109769
0.132186
0.477566
1.32138
0.487366
0.531736
1.80893
1.43308
1.86642
0.397846
0.751804
1.10161
2.38035
0.669644
1.46111
1.47383
3.04028
0.853504
0.443477
1.11615
0.997006
0.216152
0.396444
0.353608
1.07483
2.0719
1.5327
1.49399
0.18127
0.690831
0.78021
1.32796
0.181576
1.30602
1.32324
1.08042
0.72277
1.68047
1.01041
1.15277
0.40425
1.3434
2.54056
1.14644
0.996707
0.606629
1.07082
1.14239
1.26647
0.865279
0.443281
0.637679
0.186579
0.569469
0.493299
0.500983
2.28505
0.226934
1.80214
0.52552
1.87561
0.982555
0.28126
0.596822
0.838051
1.30189
0.264372
0.367934
0.768905
0.647784
1.27388
2.60146
1.4594
0.385308
1.39256
0.996313
0.37335
0.924854
1.758
0.915055
1.6293
0.368806
1.23398
0.955163
0.449405
1.55185
2.52715
0.271409
1.29629
2.89713
1.55339
1.59602
0.533653
1.28673
0.32592
0.175345
4.39149
1.89947
0.122148
0.14405
1.64705
0.650764
0.175459
0.970732
0.940304
0.405833
0.132185
0.280039
0.387202
0.309166
0.252812
0.140014
1.10606
0.492611
0.399564
0.773614
1.53967
0.261049
0.952548
0.913045
0.276526
1.34555
0.712947
0.591208
0.802255
0.119423
1.4587
0.422196
0.285094
0.774254
0.0959649
2.12587
2.13927
0.772197
0.425592
0.291839
2.08733
0.62605
0.580671
1.46255
0.586379
0.323803
1.02092
1.98948
0.797413
0.192338
0.771799
0.460424
0.682264
0.745708
1.06568
0.19317
0.655613
1.01903
0.823704
0.677245
1.00842
1.07262
0.839159
1.48608
1.38156
0.11842
1.36905
1.32625
1.00105
0.478353
0.656512
0.260682
1.19461
0.328666
0.999103
0.0888912
0.143755
1.81033
1.72388
0.318693
0.839506
1.75334
0.252115
0.411064
1.49908
3.19205
0.697321
2.82356
0.232222
0.862608
1.15778
0.396472
0.770837
0.878183
2.19541
0.80302
1.72747
0.443249
0.620751
0.650284
2.10388
0.410356
0.635695
0.785449
0.214022
0.23306
2.24376
0.301074
0.740727
0.270553
0.354189
0.714509
0.10263
0.134761
0.722573
1.29543
1.83067
0.409437
1.20842
0.726208
1.62778
0.243659
1.01366
0.452018
0.178197
1.08996
0.037228
1.77823
1.92905
0.691306
0.259122
1.20747
0.565611
0.236892
1.93045
0.120024
1.16824
0.105376
0.787119
1.01143
0.542153
0.0808053
0.4933
0.624382
0.613382
1.65395
2.33285
0.568861
0.434378
0.873027
1.70853
3.4128
0.659593
0.269817
1.17829
0.963229
0.581852
0.782851
0.855004
1.16567
1.49604
1.36405
0.784275
1.3255
0.432281
1.16975
0.772328
1.33648
0.646363
0.904136
1.31813
0.34113
0.396912
0.355818
0.683743
0.523809
0.159141
1.01309
0.529092
0.749019
0.921468
0.240864
0.480684
0.289669
1.27022
0.964511
0.289781
1.44868
1.02038
0.537421
0.710771
1.05983
2.08169
1.3962
0.234868
0.826417
2.09061
0.182897
0.859926
0.443139
0.416221
0.146215
1.85977
0.936029
0.685105
0.460307
1.61187
1.61338
0.529479
0.33528
0.677577
0.777422
0.819628
2.39712
2.65263
0.318671
0.455558
1.92623
1.63688
2.46225
1.46796
0.509263
0.750301
1.27506
0.986544
0.428347
0.211836
0.238788
2.31136
1.07442
0.638191
0.666165
0.31641
2.11169
0.698705
0.742706
0.454435
1.2765
1.93614
1.16625
0.929323
2.96357
1.16329
1.17323
0.83551
0.55149
2.62867
1.32966
1.87977
1.15563
0.162128
0.464094
2.29682
0.602752
0.340439
1.41405
1.56449
1.14534
1.36206
0.637189
0.600965
1.19532
0.937976
0.873815
1.10847
0.477772
0.353535
0.201482
0.823641
1.66554
1.86799
0.196072
0.390921
1.00718
0.247307
0.485455
1.02912
0.307135
3.26722
0.72682
4.06774
0.140587
1.44105
0.345727
0.755401
1.96619
1.64059
0.360622
1.68211
1.38946
0.664643
1.45189
0.266337
2.02631
1.80083
0.651781
1.14737
0.894776
1.37936
3.07431
0.32775
1.3929
0.365408
1.16904
1.32222
0.720078
1.5995
1.19981
1.7439
0.645359
0.981032
0.88241
1.31776
0.170739
0.511529
0.488571
0.317489
1.83978
0.764723
0.475829
1.6373
1.3068
0.180221
1.59597
0.758264
0.156403
0.20507
0.756043
1.42449
0.27323
0.11686
0.296874
1.47024
2.117
0.892236
0.73957
0.621598
1.14685
0.825683
2.236
1.13003
1.1484
0.200106
2.3316
0.905249
0.609548
0.613569
0.520847
0.766572
0.951853
1.50619
0.240047
0.710043
1.08715
1.00973
1.98464
0.141822
0.638715
1.64774
0.832052
1.95556
0.91453
0.803317
0.521812
0.247899
0.410561
0.665421
0.37936
0.3051
0.494342
2.26059
3.43008
1.05876
0.632022
0.761171
0.37405
0.387811
0.746501
0.101942
2.14917
1.1174
0.955544
1.30627
1.56626
0.654797
1.13683
0.847627
2.00097
0.823231
1.62813
0.906802
1.33419
1.22256
0.770271
0.772501
0.914782
0.878381
0.740975
2.13231
3.30897
0.487739
3.40692
0.353345
0.740972
0.239649
0.270361
0.850865
1.27413
1.44338
1.28874
0.444864
0.229429
1.17352
1.08326
2.89448
2.73948
0.00956297
2.75744
1.45074
0.69169
2.3702
0.319178
0.825473
1.33923
0.778212
1.26185
1.67358
0.66572
0.803019
2.84958
0.575895
1.51569
1.77611
0.852476
0.509284
1.10303
0.373741
1.18258
0.281716
1.16322
1.06148
1.02931
1.92273
0.408914
1.25658
0.800939
0.459253
0.540622
1.27562
0.0725414
1.28821
1.11407
1.69316
0.886114
1.13794
0.845877
1.3717
1.05027
1.14015
0.433416
2.13564
0.900423
1.11314
2.76689
1.13119
2.00536
0.807153
1.67928
2.27486
0.977268
2.08278
0.63715
1.16527
0.919645
1.62099
0.457675
0.486331
0.435456
1.63314
0.624769
0.930756
0.756301
0.414217
0.0311828
1.37243
1.05506
1.66916
0.705557
0.700964
0.377344
1.87903
0.87711
0.587966
0.441931
0.661242
0.443884
1.52172
0.524355
1.33847
1.38603
0.843675
0.507063
0.260215
0.543998
1.40564
0.268893
1.30867
1.54839
0.39664
0.82446
0.767501
1.09639
0.573224
0.304911
0.626909
1.06102
0.285022
1.59845
0.59686
2.59279
1.10038
0.790174
1.73143
0.525448
0.0552168
1.19635
0.683972
0.238276
1.59495
0.608518
1.38831
0.432082
0.231211
2.25689
0.767265
0.707178
0.529592
0.664793
0.849899
1.78442
0.634204
0.703036
1.08174
0.345147
1.16705
0.9151
0.182985
0.283547
0.523535
1.26392
3.28769
0.73943
0.32146
1.66699
0.351039
0.912744
1.98885
0.374038
0.425345
0.719636
0.861963
1.75816
1.6808
0.644896
0.879239
1.16775
0.753519
3.03553
0.346786
1.23158
0.625924
0.68973
1.53661
0.448872
2.07354
2.42537
0.699242
1.04121
1.00007
2.2753
2.21895
0.901203
0.0591343
0.420665
1.55143
1.21277
2.50361
1.40585
0.342331
1.74556
1.45548
1.18153
0.626469
0.526148
0.67794
1.96841
0.701406
0.716486
0.471051
1.22521
0.246515
0.527091
1.07499
1.17462
0.463571
0.566054
0.357802
1.72282
1.24365
0.6873
1.61086
0.81821
2.54663
0.784857
1.05037
1.22024
0.326145
0.323638
1.33438
0.366706
0.871013
1.77911
1.03623
0.621474
1.9842
1.04348
0.966555
1.2101
1.54384
0.595098
1.21129
0.871921
0.632114
1.95702
0.643528
0.334755
0.0580458
0.640638
1.25668
0.819975
0.651996
2.04765
0.654914
0.984676
0.202488
0.546219
0.22927
1.40917
1.10293
0.769927
1.60711
1.86318
0.612748
1.52435
0.306045
0.19105
1.61043
2.71407
1.16032
1.21272
0.551565
0.320267
0.44794
0.0574673
0.319566
0.566515
0.787622
0.593066
0.375654
0.445027
0.102372
0.871338
0.0619078
0.356031
3.20884
1.63441
0.97903
0.433933
0.448835
0.396741
0.370941
1.89301
0.806131
1.8506
1.12047
3.61746
0.498984
0.986377
0.577869
0.665965
0.66571
1.11317
2.83062
1.04084
1.18744
0.179797
0.783864
1.50824
0.828827
0.708663
1.20149
0.478235
0.860084
1.78938
1.48407
0.387834
0.663192
0.933182
0.800449
0.329474
1.14389
0.580811
1.08261
0.236892
0.228491
0.159856
0.314373
0.312864
1.7186
1.37758
0.812993
0.504385
1.19831
1.10776
0.507468
0.663594
1.30531
0.378098
0.520087
1.69334
0.438028
0.0611941
1.01085
0.93313
0.469084
0.419398
0.973332
1.8716
0.787354
0.637518
0.688941
1.58733
0.92576
0.279139
2.49332
0.403832
0.889737
2.29034
0.725636
1.41401
1.50361
1.18979
1.42146
0.125835
0.659271
0.49726
1.9154
0.646215
0.214373
0.907512
1.88883
0.766034
0.618985
0.480679
0.499573
3.33824
0.391394
0.60965
1.56117
0.795502
0.515591
1.26788
1.44648
0.160833
0.29449
1.67635
1.36665
0.315488
1.4046
1.15027
0.277147
0.873379
2.07276
2.19018
0.579188
0.846981
1.04495
0.323402
1.34129
1.96486
3.02662
0.663747
0.532889
0.964135
0.606947
1.10575
1.96411
0.819963
1.19071
1.86553
0.252353
0.863584
1.97878
1.41432
0.567037
0.917681
1.47235
1.34174
0.364609
0.440193
1.06864
1.29448
0.330209
1.31179
0.21676
0.847246
1.60876
1.29747
2.00436
0.603982
1.57238
1.26822
1.65201
1.46718
1.32673
0.916856
0.152355
2.33483
0.147613
0.628002
1.93308
0.317063
0.623508
0.466676
0.364235
0.253992
0.82584
0.261801
2.10578
2.24672
1.72375
1.06797
2.61465
0.846907
0.26311
0.362186
1.58186
0.274399
0.723068
1.18811
1.93615
1.31759
2.92489
1.40939
1.87728
0.940569
1.26225
0.971419
2.0573
1.10156
0.613062
3.19248
0.260228
0.805589
0.271952
0.542035
0.223403
0.221902
0.791798
1.12323
0.661936
0.19548
1.6559
0.309836
0.490079
1.68723
0.779932
0.412098
0.645986
0.769292
0.586817
0.39269
0.775962
1.94025
1.41344
0.45636
0.0542144
0.262194
1.01012
2.04903
0.38779
0.534697
0.786468
2.04702
2.60252
0.444822
0.626464
1.15023
1.24536
1.11476
1.82629
0.998697
1.23501
0.916426
0.270256
1.40222
1.04756
0.797664
0.416791
0.0408441
0.341539
1.34809
0.284204
1.32298
0.957453
0.956207
3.47425
0.580535
1.26001
0.336672
0.274761
1.93379
2.53794
1.49394
0.177681
2.11058
0.982863
1.0713
0.460249
0.805299
0.525914
1.1924
1.7961
0.353159
1.43821
2.03189
1.57304
2.50602
0.779191
1.7656
0.385098
1.05207
0.192726
1.34209
1.12512
1.36403
1.485
1.02056
0.668709
2.19021
0.705971
0.792291
0.684687
1.3123
1.65618
0.945592
1.18721
3.11111
0.352921
1.07902
2.20025
0.595082
1.3138
0.127521
0.671412
1.94689
0.767637
0.402159
0.202987
0.605822
0.938193
0.4411
0.68932
0.521058
1.16296
0.209691
0.948112
0.388276
0.0478418
0.500523
0.774946
0.784704
0.365804
0.86895
0.664602
1.05364
0.769221
1.53474
0.659098
0.611545
0.779888
0.79552
0.378445
0.15043
0.40893
0.986917
0.361196
0.674516
2.00507
0.814479
1.21798
0.309706
0.403281
1.00683
0.485626
0.110789
1.68717
0.904798
0.0603185
3.13895
0.546665
1.71341
0.491265
1.26695
1.67671
1.92583
2.12657
1.29957
1.21069
0.775574
1.68231
0.692735
0.978816
0.702205
0.280276
2.44419
1.38888
0.70459
1.51781
1.3452
0.836408
3.14044
0.310832
0.780811
2.08285
4.1772
0.636019
0.579958
0.389205
0.462278
1.25974
1.44193
2.21127
2.66814
0.466716
2.44464
0.722567
0.652429
0.800683
1.48208
0.338004
1.85155
0.698564
0.904575
0.54168
1.46149
2.28768
1.6983
0.362985
0.23888
0.963531
0.213538
0.621193
0.735044
0.924076
4.52937
0.491923
0.571859
0.982504
0.188533
1.07491
1.1525
0.204856
0.4124
0.458459
4.15152
0.407519
0.225384
1.21906
0.719639
0.199038
0.729045
1.27203
0.416747
1.44042
0.724546
1.95604
1.28934
0.159487
1.68997
0.577073
0.34207
0.857243
0.381702
0.797126
0.709091
0.237558
1.80746
1.76293
1.11706
1.87502
0.540692
0.766769
0.731425
0.779175
0.951633
0.487155
0.451797
0.608347
1.11614
0.519389
0.79922
0.409014
0.974447
1.10636
0.6998
1.33453
1.65874
0.268938
0.970559
0.924551
0.816769
0.731457
0.339425
0.829427
0.448971
0.178267
0.998355
0.306563
1.26066
1.0647
0.748628
0.185845
1.24689
0.704571
0.508743
0.991874
0.408693
0.868272
0.561138
0.404765
0.402758
1.30146
1.45633
1.28554
0.914055
1.56767
0.581868
0.15892
1.33359
0.758428
1.61063
0.392526
2.29392
1.54293
0.352417
0.618554
2.0201
0.66375
0.496226
1.46031
1.31385
0.135721
3.24367
0.0670863
1.57051
1.08555
0.360628
1.04416
0.968144
1.84672
0.866324
0.919438
1.66111
0.244194
1.42444
1.51349
1.7304
1.6562
0.957429
1.86803
2.00296
2.81493
1.77913
1.62412
2.09187
1.57132
3.59029
0.808305
2.21614
1.42131
0.778008
2.24356
2.06005
2.33234
0.252105
0.860675
1.98042
0.0661981
0.51769
1.51652
2.62397
0.569361
1.75756
3.0234
1.89759
0.227076
0.42877
0.116543
0.3472
0.753414
0.710983
0.284016
0.985802
0.742653
0.372089
0.476091
0.21586
1.64539
1.17239
2.29598
2.49783
0.438746
0.827628
0.279468
1.05885
1.90468
0.531483
1.44763
0.742517
1.09397
3.84249
0.943165
1.89847
0.379678
0.715981
1.24645
1.29403
0.833699
1.07537
1.50065
0.707865
0.461878
0.220083
1.22262
0.366635
0.364173
0.416495
1.06921
0.569288
0.181541
1.22387
0.225191
2.01894
2.83062
0.533508
1.35443
0.480253
1.4546
1.29786
0.580825
1.04733
1.52804
0.531996
2.04119
0.827474
0.269295
1.20829
0.337619
1.0969
0.698951
0.764043
0.899115
0.922025
0.579435
0.595858
0.351691
0.849605
1.71114
0.630737
1.2829
2.20386
0.328111
0.772302
3.04903
1.2727
1.13887
1.21436
1.23546
1.67658
0.573088
0.985048
1.01027
2.18939
0.356767
1.66053
1.14684
2.09923
1.68853
0.399231
0.115562
0.209985
1.42277
2.12554
0.196595
0.759758
0.753196
1.13893
1.45559
1.6724
1.38401
0.323338
0.160555
0.173013
1.99286
1.09636
2.88122
1.84395
2.57962
0.230128
1.03051
0.370632
0.897371
1.01429
1.22161
1.05898
0.670221
2.05944
1.02798
1.90066
0.443094
1.08912
0.705726
2.06598
1.16202
1.23783
0.476649
0.968775
0.72343
0.682482
2.82428
0.51289
1.13248
1.42427
0.366872
0.71154
0.337502
1.46699
0.640102
1.03499
0.27188
0.250886
3.99921
0.765746
1.6266
3.33085
0.489757
1.91199
1.21335
0.489431
1.57102
0.893574
1.47719
0.748334
0.52466
0.414212
0.843786
0.237657
3.38429
0.132431
0.366268
1.00318
0.462268
1.75023
0.720735
1.10067
0.554024
1.02385
1.43679
0.763198
2.06309
1.71706
0.88048
0.715712
0.565909
0.39088
1.03525
2.01419
1.2366
1.13399
1.49404
1.96281
2.19041
1.02345
0.666008
2.4989
2.15089
2.76576
1.13253
0.974524
0.256292
0.339085
1.16513
1.6238
1.40107
0.268728
0.722599
0.259727
2.00071
0.88041
0.279394
0.649953
1.06427
0.719814
0.575301
0.135893
0.711559
0.25332
0.917864
0.737861
1.5945
1.12711
0.555327
1.18861
0.169953
1.17437
2.19437
0.446017
0.752941
0.146652
1.43739
0.714306
3.01775
0.840798
1.72251
0.868355
1.02847
0.844971
0.953243
0.903986
3.60877
0.206905
0.980995
0.99412
0.134431
0.927867
1.23446
0.95923
0.474782
0.245448
0.90011
0.375845
0.504317
0.476013
0.823057
0.581993
0.837609
1.75377
0.240086
3.43914
1.41933
0.649366
0.271674
0.520229
1.09078
1.59755
1.06978
1.26485
0.5234
0.646903
0.444869
0.108225
1.30706
4.27588
1.2122
1.08337
1.27935
1.06768
1.40426
0.211204
0.260485
0.960756
1.44556
2.093
0.233069
1.47778
0.257221
0.275507
0.324215
0.73785
0.847953
0.0951969
0.240822
0.973453
0.577263
0.183516
3.42383
0.940298
0.835573
0.156806
1.6957
0.39258
2.4735
0.441211
0.576129
0.418788
0.913017
0.389705
0.997022
1.52882
0.156815
1.03125
0.375459
0.551913
0.072942
0.798813
2.56357
0.45681
0.663996
0.430272
0.809813
0.574647
1.87389
1.05745
1.20618
1.51988
1.63475
0.125192
1.13677
0.498591
1.26558
0.747218
1.72425
1.23821
1.03425
1.37473
1.50429
1.61049
2.51506
0.588308
0.286264
1.3645
0.809174
0.53292
0.182125
1.53565
0.341597
0.600195
1.62395
0.321996
0.336066
1.91921
0.871891
0.605618
0.293772
1.41334
1.8933
0.581048
0.477636
2.17522
1.14004
0.461494
0.0816265
1.13756
0.818799
0.688754
1.32934
0.465789
0.809269
0.493371
1.02595
1.29384
1.20624
0.237444
0.344969
1.1929
0.726789
0.575225
1.471
0.979167
0.536485
0.390854
0.686923
0.17666
1.12865
1.67039
0.400812
1.36526
2.35128
1.57087
0.880613
0.736991
2.29245
0.0797707
2.72619
1.62124
1.56101
0.325531
0.540632
0.207269
1.05912
0.382883
1.36849
1.39793
0.271262
1.8477
0.367743
1.52792
2.69194
2.40846
0.763339
0.578782
0.827559
0.185613
0.326793
0.426982
0.478703
0.0913236
2.14224
0.976685
1.57525
1.71743
0.856587
0.701524
1.7078
3.05562
1.38973
0.485856
0.476078
1.31286
0.545312
2.92508
1.20508
1.89463
0.966874
0.711427
1.47302
1.37238
1.79559
0.977928
0.405583
1.75027
0.831434
0.531463
0.689101
0.599757
0.514112
1.4139
1.17678
1.01047
0.873309
0.3914
0.187326
0.293649
1.26876
1.07463
0.920897
0.137703
0.519858
0.621676
0.199235
0.147081
1.32717
0.734635
0.830961
1.05029
0.1892
2.43748
0.158108
0.456919
0.59556
0.218155
1.18057
1.05579
0.622278
0.278507
0.880221
0.917979
4.82115
0.681017
2.8515
0.93631
0.880897
0.685391
0.705461
1.24271
1.89059
0.674877
1.58811
0.749793
0.391062
0.145083
0.39355
0.686738
0.248795
1.25733
2.87866
0.661322
1.63635
0.91621
1.34247
0.647628
0.953354
0.842374
0.21739
0.970383
1.35207
1.45733
0.852486
2.03908
1.37003
0.948844
0.923724
3.17561
1.70882
0.290075
0.912378
0.356908
1.48267
0.35752
0.395387
0.35489
0.955675
0.618097
0.772215
1.01605
0.419136
1.15267
0.64184
0.369704
1.04401
3.85343
0.74859
1.32211
1.66535
1.35351
2.65414
0.323662
1.76025
0.52722
1.09052
0.690562
0.365894
2.93733
1.27388
0.321964
0.789102
1.94348
0.614764
0.252299
1.2879
2.2462
0.816539
2.12515
0.458195
2.21863
0.381091
2.27309
2.63021
2.20023
0.254526
0.235537
0.449259
1.67402
0.868093
0.695142
1.15373
0.745857
0.298785
0.0783495
0.231981
0.822135
1.35746
3.54467
0.222006
3.55739
0.173675
0.807301
1.25173
0.421717
0.291447
2.40158
1.51877
1.1709
1.32309
0.499092
1.9324
3.07334
1.01795
0.312521
0.174395
1.06118
1.39483
1.38334
1.31544
1.51115
0.355575
0.953353
0.534355
0.823596
1.18934
0.257357
2.65669
1.51677
0.260006
0.575706
0.498422
1.64983
1.22045
0.600988
2.01184
0.515128
0.681126
0.634825
0.143689
0.627371
0.380966
0.96371
0.884634
0.320935
0.0862628
0.535749
0.475117
0.384541
1.66019
0.695429
0.728041
0.713932
0.657189
0.73474
0.198496
0.377866
0.344077
1.55813
0.593545
0.312417
0.882221
0.971088
1.18057
0.836734
0.585043
1.07927
1.60495
0.762185
1.56045
2.25723
5.37234
0.763165
3.05955
2.68987
1.17841
0.101083
1.42839
0.713125
1.23319
0.975411
0.337318
0.381681
2.35051
0.299811
1.09083
0.735443
0.220284
0.46763
0.318217
1.49586
1.41276
0.565166
2.6782
2.44457
1.2935
0.30554
0.990986
1.2608
0.623725
1.43614
1.50435
0.287173
0.477498
0.216787
0.979592
0.762549
2.16105
1.29091
1.55801
1.82139
0.686131
1.6596
0.725929
2.09637
1.35012
0.75105
1.2957
0.709319
1.04136
0.677813
0.193041
0.63734
0.510004
1.23398
0.423912
0.107746
0.750114
0.335823
0.738282
0.472233
1.00001
1.16299
0.54309
0.472689
1.21449
3.26596
1.2786
0.0899505
0.50868
1.5776
0.56934
0.589481
0.6643
1.14073
1.04917
1.69041
0.858589
0.18102
0.804098
0.825561
0.35635
0.338427
0.12317
0.422669
1.53202
0.265761
1.26666
1.64904
2.0667
3.36818
0.95961
1.14936
0.411474
0.642678
1.20831
0.217694
1.26946
0.475408
1.2235
0.561706
1.83571
2.15031
0.215692
3.79264
1.39838
0.229923
0.291274
1.41984
1.32276
0.320389
0.61039
0.420305
1.62277
0.216326
0.337809
0.753825
0.257816
0.69352
0.937981
0.634591
0.247316
1.57469
0.288153
2.27866
2.77313
1.05652
1.85215
0.0885659
1.17928
1.67733
0.386048
0.841335
1.63445
0.273748
1.18154
1.18724
0.199245
0.923378
0.412832
0.0595581
1.023
0.83687
1.88871
0.900091
1.61448
0.0821036
0.840818
0.509545
0.459017
0.328364
2.20718
0.890476
0.733814
0.354045
0.220725
0.877615
1.61542
1.42325
0.645548
0.630802
2.06684
1.38543
1.27026
1.1252
0.992704
1.21401
0.0976945
1.85214
2.05861
1.66722
2.0547
2.79259
0.808468
0.881845
1.1134
1.18726
0.198018
1.46578
1.08542
0.946332
0.696305
0.278629
1.8905
1.20154
0.682508
0.895516
1.01103
0.592923
0.206472
2.08602
0.375942
3.25877
1.39453
2.08814
0.860105
0.172082
0.423374
2.65379
2.24146
1.88423
0.208914
1.51477
1.50712
1.62018
1.76243
0.600041
0.388818
1.17486
0.232983
1.0803
0.626076
0.625548
2.61708
0.886457
1.11234
1.70095
0.788724
0.410078
1.52085
0.771185
0.305917
0.3281
1.75027
0.221683
0.588025
1.81885
0.566387
0.795449
1.48386
0.237828
0.803251
0.696738
1.08878
0.762037
1.07405
0.731888
2.70034
0.695897
0.888658
0.27725
0.956768
1.28367
0.997208
1.39205
1.43806
1.49327
0.73856
1.44811
0.993754
0.156944
3.09726
1.55129
1.86474
0.246321
0.760261
1.52591
1.82956
0.407529
0.543689
2.10228
0.491287
0.690586
0.825056
1.26519
0.954482
0.666653
3.63083
1.30989
2.54642
1.26962
0.79575
0.262669
0.858955
1.28302
0.592477
0.566443
1.42839
1.04513
1.90948
0.64216
0.88713
1.00639
1.39233
0.56868
0.389893
0.0889165
0.961935
0.489186
1.13854
0.920874
1.10696
0.157276
1.66734
3.23363
0.0633754
0.759899
0.243806
1.35453
0.943276
1.1257
0.490515
0.991516
0.233377
1.42523
0.746344
0.362773
1.49569
0.786421
2.08739
0.95255
2.17397
0.400695
0.848186
1.2933
1.91495
1.30588
0.448964
1.77322
1.40659
0.474734
0.800147
1.59499
0.999506
1.28021
1.84253
0.425482
0.607278
0.844285
2.42604
1.26978
0.965011
0.443272
1.65257
0.62237
3.34869
1.15698
1.40831
0.176781
0.841401
1.92348
1.05876
1.11759
0.93346
0.111298
0.507388
0.948516
0.693473
0.647914
0.314394
0.781897
0.75812
1.51398
2.526
3.30055
0.291851
1.09131
0.900089
2.16244
0.712973
1.63812
0.617228
0.196599
0.545344
1.48402
1.60632
1.18028
1.04477
0.280892
1.43245
0.616822
0.812795
0.403446
0.509424
1.9389
0.1143
2.10449
4.61202
1.46314
2.0707
1.56101
1.16023
1.60891
1.16081
1.52621
0.153654
0.980725
0.553184
0.576369
1.5551
0.4236
0.404346
0.644943
0.595053
0.733815
0.599549
1.3994
0.995704
1.10051
1.1671
2.39079
0.476153
0.418875
0.476054
0.469753
0.724662
2.39905
0.344184
2.2434
0.573441
0.702833
0.287677
1.94321
1.46535
3.36467
1.30053
1.22398
0.758493
0.500727
1.32391
0.938929
0.366594
0.310898
1.28599
1.01263
0.341151
1.40873
1.31171
0.432635
1.07865
0.76101
2.19584
0.201822
2.25883
0.809922
0.603324
0.248015
1.83661
0.853933
1.63417
2.62187
0.50954
0.39197
2.47596
1.87884
1.32112
1.00152
2.90854
1.08324
0.915547
1.34068
1.49716
1.41317
0.538074
0.800218
0.327112
0.523037
0.12141
0.689799
0.567217
1.08853
2.39681
1.14709
0.665256
0.691552
0.747355
0.755943
0.121676
1.98595
1.25786
1.83068
0.553328
0.440489
0.709777
0.97368
2.23411
0.785204
0.3978
0.452422
1.07707
1.09491
0.530541
2.48195
0.647747
2.14346
2.06963
0.753119
2.28026
0.966523
1.46963
0.695485
0.822731
1.27093
0.967428
0.850822
1.61937
0.401598
1.18336
0.101395
0.445711
0.6758
2.51402
1.52917
0.479227
0.725367
0.350333
1.22945
1.76797
0.916184
0.828107
1.02726
1.65548
0.683889
0.159186
0.11719
1.90958
1.20691
2.42544
1.18294
0.116934
1.25744
2.19952
0.573455
0.374528
1.72769
0.393115
1.02877
1.33696
0.0543726
2.18689
0.735114
0.748382
1.53849
1.41285
1.15359
1.07675
2.23426
1.33786
1.67129
1.19758
1.13898
2.95749
0.174058
0.924506
0.760834
0.687315
0.791823
1.30251
0.46158
1.47069
0.915498
0.460226
0.862883
1.49723
0.775463
0.215707
1.33009
0.827354
1.74845
0.896219
0.404284
1.29708
0.154126
0.254715
0.640251
0.628436
0.612978
0.714711
0.199902
1.09129
0.480025
1.15726
0.0800073
0.747698
0.232878
0.429176
2.17531
0.844232
0.118492
0.337465
0.943603
1.36483
0.58951
0.657886
0.0523118
0.386997
1.72087
1.09334
0.92634
0.201653
1.46061
1.03915
1.16605
0.948995
0.074847
1.38427
0.354601
0.292301
0.382129
0.303798
0.465539
0.253008
0.707135
1.35713
0.629687
1.91707
1.78001
0.470259
1.19834
1.34504
0.90416
0.280676
0.607655
1.12036
2.09875
1.1453
1.68496
0.871203
1.50423
1.19088
2.4871
1.67439
0.303346
1.49962
1.26406
2.2724
2.17585
1.46606
0.706405
0.344559
2.66804
0.214812
0.242402
1.13085
0.739253
0.753504
0.485374
0.246498
2.70836
0.138295
0.825385
0.696497
1.04891
1.07783
1.19309
1.58813
0.283664
0.483916
1.01235
0.501062
0.421492
1.80932
0.605645
1.74612
0.194959
0.273936
2.30981
0.460761
0.651322
1.64272
0.742568
0.431682
0.622785
0.586651
0.841048
0.330787
1.0876
0.278862
1.25284
0.778818
0.286928
2.94644
0.370307
1.17128
1.78035
0.167574
0.921386
3.80746
1.02964
1.14198
3.76152
0.637276
0.0398058
1.9675
1.00551
1.90733
2.37352
1.04118
0.361658
1.22163
1.93873
0.514281
1.19246
0.928632
1.73545
0.257255
0.498771
1.17278
1.60795
0.166918
0.202776
0.0473348
0.854181
0.566561
0.224544
0.0831036
0.933168
2.81133
1.25627
0.545438
1.17266
0.489518
0.630779
0.41713
1.44082
0.396301
1.01122
1.40274
1.30472
0.420186
3.48887
1.77722
1.11484
0.379452
0.306917
0.385094
0.643399
1.24392
0.405925
0.440585
1.00499
1.25398
0.87064
0.835229
0.292519
1.31113
0.492457
0.747444
0.704118
0.885464
0.99282
0.352796
0.636652
0.821738
0.931664
2.08322
0.21498
0.577286
0.812981
0.427791
0.629049
1.70432
0.544769
1.92916
0.896248
0.505238
1.37949
0.818696
0.275918
1.69933
0.707389
0.877231
0.603995
1.67806
0.323671
0.239942
1.49616
0.985009
0.419059
0.502263
1.17091
0.694957
0.0275767
0.0697975
0.528206
1.41403
2.5012
1.02134
0.927451
1.36064
0.896635
0.215988
0.553836
0.640677
1.1996
1.31905
1.84733
3.43894
1.66644
0.281123
2.16555
2.40437
0.271871
0.670293
0.319045
1.13731
0.917782
0.313943
1.05038
0.407205
0.243874
0.930385
1.82652
0.340879
1.28733
1.02206
1.07874
0.929657
1.39274
0.536969
0.0526749
0.564529
0.863383
0.211491
0.733623
0.949777
0.93769
0.766598
1.05214
1.71304
0.370807
0.705992
1.36036
0.0521567
2.46626
1.98064
1.53138
2.26851
0.958387
0.863095
0.759206
1.18399
1.85529
0.327531
3.49795
0.944239
1.45773
3.76005
1.82329
1.12626
0.511398
0.724615
0.811378
0.338612
0.898796
0.865503
0.949734
1.22393
1.03475
1.66764
0.301649
0.821638
0.379624
0.684817
0.295268
0.970915
0.415755
1.02597
0.22389
0.0659146
0.442627
0.843793
1.92605
0.857158
0.16814
0.184479
0.0237859
1.2124
2.13224
0.970501
0.0768435
1.22702
0.242058
0.624605
0.250576
1.24194
0.528133
0.579247
0.300373
1.10893
0.27519
1.3765
2.19147
0.604079
0.524194
1.26812
0.905862
2.79578
0.208355
0.0850924
1.65046
1.32976
0.271197
0.694399
3.00142
0.702194
1.24607
0.32238
0.473467
1.68134
1.51577
0.562021
1.39771
0.771438
0.76925
2.8176
0.425048
0.696238
2.18524
0.550126
0.663751
1.28773
0.65265
3.7428
0.704789
1.27282
0.253173
3.4483
0.986086
2.03875
0.39295
0.76463
0.394851
1.01041
0.351365
2.86011
0.61856
0.971766
1.73587
0.279509
0.610769
0.243685
0.796782
2.15855
0.839949
1.19766
0.592854
1.21782
1.1936
2.41481
0.284395
2.4294
0.735548
0.014708
0.378928
0.848511
0.626092
1.46657
0.816425
1.00352
2.76833
0.460624
1.4834
1.57698
0.774175
0.575758
0.315257
0.488609
0.259075
0.455196
1.01658
0.977314
0.162467
0.133905
0.814505
1.25118
1.49589
0.45661
0.628612
1.19357
0.221938
1.77453
0.285352
0.744383
0.85252
0.531422
0.762014
1.15513
1.30796
1.62552
1.14409
0.242373
1.65519
0.993599
1.5439
1.92428
0.682599
0.701984
0.784542
0.995276
0.981134
1.23901
0.966503
0.778649
0.753575
0.316167
0.827756
0.255839
0.349305
1.37267
1.89508
1.15206
0.92553
0.356796
1.82943
0.326744
0.412321
0.332772
2.46556
0.889907
1.516
2.36693
1.22037
0.617429
0.71889
0.157348
0.287588
0.0549161
1.82345
1.60786
0.713945
1.20556
1.26299
0.511116
0.497462
1.14286
0.374235
0.947672
0.537338
0.577187
1.52718
0.304171
2.97995
0.30788
0.870183
1.29481
2.33272
1.68831
0.400521
1.07003
0.315327
1.008
0.172585
1.24203
1.08973
1.68997
0.349212
0.291387
0.802971
0.342482
0.0490292
0.843144
0.537379
0.153307
0.331311
0.261713
0.451926
1.46799
1.32174
0.805462
0.113451
1.65865
0.490042
0.513361
0.353475
0.621099
0.727245
0.938101
0.687518
0.339164
1.01232
0.881373
0.124666
0.579867
0.595419
1.47174
1.1663
0.662906
1.31815
0.459263
1.35193
1.26011
1.39079
1.13418
2.41082
0.835872
0.15457
0.901942
3.16496
0.950128
0.271665
0.80053
0.961602
0.422502
2.13805
1.19586
0.846789
0.86569
0.75528
0.400055
0.451223
0.310944
0.554476
1.26335
0.308607
1.03679
0.666724
1.32759
0.659573
2.54302
0.321243
0.0523927
1.92539
0.875209
1.48803
0.782664
0.382676
1.16717
0.332725
1.00371
0.427871
1.01868
0.918473
0.221698
0.274353
1.0534
0.70821
0.859604
1.44043
1.0683
0.19951
1.8381
0.683076
2.18372
0.69568
2.58258
0.520625
0.14235
0.17954
0.817819
0.959618
1.06024
1.2842
0.671996
0.150729
0.451482
1.29185
0.290092
0.158661
0.0497034
0.771282
0.293845
1.47915
1.07629
0.586088
1.62327
0.672526
0.774531
0.54456
1.03047
1.63345
0.608266
1.11319
0.33252
0.545592
0.361662
0.534398
0.26832
1.5414
1.46796
2.44171
3.25172
0.349892
0.199062
2.2668
0.514955
0.831072
0.715996
0.535015
1.68774
1.69534
0.310766
2.82196
0.322148
1.78119
0.634904
0.490384
0.25433
1.49076
2.61797
0.904292
1.89168
0.14711
0.98941
0.553454
0.930923
0.564869
0.723714
0.199878
1.13045
0.738694
1.80519
0.850833
2.04705
1.89705
1.3962
0.919702
0.888517
0.726145
0.394624
0.621391
1.56441
1.1431
0.792042
0.916689
1.09763
2.1886
0.693293
1.27199
1.10197
0.356555
1.7386
0.558678
1.85101
0.92525
1.01797
1.20785
1.57947
0.0517671
0.375932
0.43976
1.8553
0.695064
0.312272
0.768157
0.38707
0.571848
0.535308
2.07972
0.127397
0.498809
1.25529
0.390985
0.674215
0.910775
1.07473
0.508584
0.54232
0.796232
0.636868
1.0804
0.211803
0.646189
1.4511
0.857695
2.05677
1.06332
2.20024
1.02783
1.12187
1.45964
1.71602
0.784889
0.76609
0.508279
1.16423
0.922998
1.21433
1.98765
0.168303
0.596744
0.299461
1.76433
1.84518
1.52531
0.336484
0.97369
0.0480043
1.04031
1.21251
0.917733
0.187994
0.0699323
1.15324
0.519885
0.516041
0.323498
1.27331
0.202024
0.906205
0.708678
0.502419
2.14442
0.540898
0.371282
0.745443
0.687674
1.25732
0.63194
0.530642
0.847505
0.884869
1.4561
0.627311
0.661202
1.47547
2.32938
0.437768
0.689578
3.84027
0.769462
0.413881
0.643338
1.0984
1.0361
0.340416
0.808335
1.3347
0.429105
1.19682
1.07045
1.80809
1.70269
0.382072
1.51637
1.18206
0.572238
1.1633
0.420171
1.20934
2.1121
1.73211
0.356514
1.06762
2.87198
2.20607
0.993177
0.807542
0.460834
0.944065
0.256244
0.487777
1.03324
1.19533
0.346427
1.16123
0.514806
1.34091
1.50902
0.789147
0.697886
1.89288
0.9244
0.712236
0.27428
0.93387
1.78101
0.505206
2.20495
0.796526
1.03649
0.563059
0.674724
1.37488
1.04188
0.559117
0.059208
1.14516
1.02112
0.537862
1.8231
1.08704
1.55402
1.07693
0.7214
1.24156
0.701334
0.437038
0.449775
1.58448
1.82525
0.875305
1.14978
1.19187
0.783454
0.0751242
2.70264
0.0786817
0.490673
0.403863
0.438853
0.529392
0.896439
1.47961
0.982755
1.28827
1.88179
0.532447
0.679011
0.371717
0.737356
0.464252
0.615971
0.477848
1.42615
0.602896
0.267469
0.572375
0.454952
0.487185
0.706814
2.94782
0.788609
2.8064
0.510569
2.13447
0.781529
3.02028
0.882396
1.16602
0.589274
0.334244
1.22176
0.435214
0.0705906
2.304
1.25743
0.570925
1.06096
0.159872
0.601754
1.27282
0.965267
1.55466
0.350108
2.35865
0.49174
0.801614
0.800063
0.749183
1.1945
0.320458
0.848185
1.96574
0.83064
1.49366
1.87271
0.517183
0.141407
1.14208
3.22201
0.846819
1.0901
0.351144
1.35484
0.485202
0.673025
1.63183
0.37881
1.14587
0.578141
0.605724
1.4698
1.28186
0.427346
0.875809
1.22182
0.447621
0.858559
0.291593
0.0548414
0.779681
0.643335
0.56796
1.62317
0.978936
1.00175
0.983969
1.01678
1.14981
0.563909
0.939326
0.624956
3.4735
1.01383
1.6115
0.59528
2.46019
1.54119
2.16114
0.722434
0.212122
0.728749
2.16964
1.76687
1.51674
0.659285
1.88143
0.667708
0.712922
0.945796
0.47532
3.00809
0.298602
0.55551
0.802572
2.00154
3.07552
0.906683
0.878955
2.93575
1.71126
2.26434
0.495879
0.397588
2.96908
2.54483
0.991655
0.552019
2.03948
0.528708
0.345449
1.14812
0.505786
0.515684
0.976721
1.58776
0.167071
1.36862
1.00706
0.239072
1.01795
0.703228
0.281298
2.24215
0.0813402
0.2211
2.85967
1.10761
0.248573
2.83847
0.417138
0.729765
0.306434
0.14203
0.409796
0.373801
0.531941
0.315641
2.61293
0.638866
0.543327
1.68669
0.377011
0.339474
0.886617
0.443208
2.04257
0.668185
1.05601
0.475538
0.795227
0.628287
0.606401
1.29318
2.75192
1.37818
1.56388
0.786269
0.997328
0.24509
1.89561
0.687435
1.21155
0.773559
2.43262
2.24766
1.13955
1.55595
2.49554
1.37152
0.665433
0.356527
4.90788
1.03788
0.376589
2.34052
1.44574
0.455675
1.99351
0.731265
0.217603
0.55287
0.65791
0.155162
0.105046
0.815909
0.331568
0.293962
0.667115
3.04614
1.25564
3.19483
0.99081
1.06386
0.757459
0.790176
1.63686
0.611161
0.293775
0.723827
0.713776
1.31585
2.52507
1.07756
0.732108
1.68682
1.12806
0.770313
1.69932
0.176094
0.281113
0.467833
0.676978
0.623721
2.28751
2.62454
0.943401
1.86207
0.808311
0.29019
1.75366
0.377879
1.70239
0.565573
0.951884
0.355698
0.314177
0.709068
0.976533
1.27551
0.575245
0.754371
1.75551
0.239276
1.49
2.10923
1.22173
1.13345
1.25178
0.999081
0.951141
0.386968
0.588908
1.74971
0.984353
1.51014
2.71378
1.41957
0.401096
0.266716
0.0455592
0.319976
1.50198
1.11442
1.78143
1.29534
1.31571
1.66739
0.372267
0.398595
0.444214
0.937677
0.610996
0.967149
0.392624
0.62282
1.854
1.49522
1.4257
0.425963
0.199903
0.252172
0.498218
0.753283
0.339605
1.93766
0.981365
1.44883
0.0380891
0.624453
0.335449
0.433208
2.25494
0.192649
0.0575804
1.74503
0.619069
2.03648
0.69545
0.283322
0.453861
1.09141
0.801275
0.297035
0.35395
1.11862
0.265324
0.430901
0.409061
0.23576
1.03215
1.07678
0.847477
1.55253
1.18311
2.13127
1.11416
0.720375
0.822074
1.50213
0.390694
0.8495
0.326214
0.716115
0.397685
0.227484
0.29728
1.05191
1.18886
1.18375
0.778682
0.226617
0.650461
0.355069
1.08321
1.22504
1.8572
0.343751
0.50815
4.34551
0.274425
1.56833
1.57362
0.0972225
0.426446
1.4286
0.179021
0.320356
1.19009
0.627626
1.22685
0.271138
0.542996
0.456835
1.66755
0.19296
0.415868
0.921735
0.563021
0.769397
1.07562
0.189161
0.557821
0.234725
1.19489
1.85769
0.949793
1.424
0.456854
0.114982
1.64735
0.551169
0.768945
0.742674
2.63437
2.80886
1.53607
0.43495
0.153263
0.725779
1.03115
0.335333
0.530172
1.1729
0.686729
3.29035
1.05798
1.23339
0.997486
0.24473
1.54212
0.927656
0.485457
0.559405
0.305213
1.55334
1.33331
0.172914
1.05765
0.850448
1.1402
0.189257
0.441628
0.259855
1.43354
1.27943
1.75841
0.860673
1.2617
0.972771
1.28387
0.49291
0.209436
3.3372
0.614009
0.480202
0.433074
0.456011
1.58805
2.12993
1.24101
0.289209
1.15729
0.325823
1.88146
0.727688
0.113884
0.163426
0.448
0.737506
1.0703
1.30821
1.60959
1.40361
0.140125
0.130698
0.940914
0.397245
2.08667
1.50886
0.225337
0.301496
1.365
0.912411
0.372148
0.37839
0.513764
2.83405
0.624351
0.999132
2.0937
0.807913
0.906839
0.249005
0.592437
0.93915
0.833425
0.605811
0.920643
0.788635
0.408829
0.778993
2.02902
0.791705
0.938523
0.895897
0.508705
1.39147
0.316979
0.826963
0.605487
0.437258
0.386587
1.42814
1.21625
0.555399
0.722745
0.27928
0.215873
0.395696
1.10472
0.208852
0.379766
1.34762
0.537655
1.11682
2.39357
0.730141
2.15987
2.18552
0.188714
1.65618
2.95162
1.04316
0.835842
0.658904
0.172018
1.68012
0.834772
0.820249
0.209525
1.05762
0.641091
0.760677
1.0266
1.26408
1.44549
0.84315
0.117226
0.385202
0.862166
1.60758
1.28785
1.60632
0.580034
1.44431
0.0428705
0.416831
1.31166
0.774782
2.31954
0.309839
0.131569
0.562211
0.628611
0.457839
2.92675
0.808776
0.440889
0.544872
0.386591
0.537295
2.00494
1.77864
2.92631
0.746927
1.99038
1.18753
1.00013
3.0568
0.45734
0.810993
0.966272
1.05658
0.756181
1.86617
2.28048
2.04456
1.10149
1.03679
2.54209
0.10342
2.70986
0.595557
0.428706
0.783956
0.24633
0.195179
0.271306
0.416914
0.341356
0.304024
0.208818
1.81978
0.804617
0.45321
0.425266
0.287423
2.10387
0.938432
0.119251
1.11732
0.328452
1.12362
1.27922
1.21182
1.11881
2.20111
0.489883
1.95998
0.0316906
3.39238
2.13993
0.213671
2.81011
1.76281
0.209073
3.28256
0.434953
0.242491
1.33257
0.933342
0.871776
0.837345
0.385097
1.05276
1.74011
0.978762
1.42023
0.716144
0.494596
2.16755
2.95919
0.60916
1.09946
0.632289
0.714653
0.58706
1.01433
0.297636
0.826643
0.194323
3.19867
1.32801
0.345657
0.553001
0.706991
0.255096
0.632712
2.96418
0.791769
0.789872
1.54798
2.37618
0.859225
0.644455
0.524324
1.63721
0.595738
0.772182
1.1765
0.787413
1.04642
0.316896
1.0898
1.14894
1.99693
0.522904
1.43976
1.43692
1.15084
1.06083
1.95444
1.21017
0.263539
0.223387
0.811427
0.0792705
0.456891
4.41151
0.819232
1.14403
3.07121
0.452642
0.502552
0.195798
1.86934
1.34155
0.347828
0.705803
0.763877
0.32614
0.906059
0.489314
1.31597
0.420012
1.24465
0.976378
1.33388
0.864001
2.23795
0.913282
3.228
0.636603
0.31485
1.16426
0.627576
3.41168
1.06529
0.510049
0.201671
0.770109
1.47172
0.523372
0.121379
1.33111
0.520614
1.12079
0.910435
0.082476
1.16159
0.892975
0.715273
1.40242
0.612939
1.16761
0.538371
0.817423
1.02333
1.6392
0.45413
0.649486
1.68744
0.324698
0.860402
1.59102
1.37406
0.860395
0.794604
0.78503
1.31708
0.866855
0.863664
1.17937
2.09865
0.474847
2.65661
1.04929
0.844982
0.70385
0.692845
0.545957
1.00534
0.252831
1.75402
1.4778
1.56803
0.794531
0.124419
0.836363
1.05526
1.01732
1.43112
0.78278
0.856467
1.88077
0.56927
0.583513
0.566107
1.22917
1.85152
0.686463
2.01274
0.316296
0.687431
0.649224
0.984492
0.465761
0.651779
0.999865
0.818389
0.712077
0.300582
0.628346
2.47591
0.841564
0.633565
1.17905
0.540353
2.22925
0.552546
1.26936
0.725839
1.60578
0.400958
0.461668
0.796128
1.43584
0.317391
1.36254
1.30858
0.204793
0.585953
1.16725
0.837926
1.0714
0.728035
2.86977
1.55494
0.683685
1.78856
0.813383
1.2392
1.36177
0.0736944
0.520316
1.40735
0.18033
1.24859
0.585987
1.61504
0.572938
3.12349
0.0341568
1.04965
1.65678
0.982661
0.374484
0.945708
0.389634
0.0592288
0.368591
0.67108
2.03084
2.08456
0.399066
0.767545
0.39038
1.02658
0.278731
1.38435
1.1928
2.00851
0.553586
0.94832
1.27488
0.588829
2.86671
1.86849
0.959398
0.387147
0.289609
0.525507
0.989275
4.17477
1.11271
0.77135
1.14268
0.238169
1.0596
0.63351
1.08185
0.182322
0.869202
0.940827
1.21558
1.23354
2.41825
0.146371
3.07871
1.40745
2.9312
2.41149
1.69437
0.407491
0.239368
1.26264
1.38656
1.53567
0.730852
1.85118
0.580669
1.23801
0.352332
0.400916
0.406678
0.451051
0.264349
0.669575
0.138742
0.658616
1.76008
0.885269
0.548731
0.214824
0.428882
0.727365
0.421896
0.541227
2.05851
0.303608
2.86698
1.67895
0.89501
0.592375
1.72418
0.49534
1.1786
0.513819
0.164692
0.876447
1.70123
0.864781
1.28372
0.0932688
1.023
1.47077
1.1307
0.963391
0.244186
0.502017
2.29411
0.34334
0.592423
1.10999
0.56427
1.72245
1.04526
0.480239
1.96768
1.24058
0.838442
0.911463
0.833719
0.436005
0.943157
0.322261
2.95363
0.836431
1.38179
0.244238
0.29044
0.778916
1.0274
0.534468
1.19822
0.318177
0.779974
0.810537
0.494286
0.536022
0.119727
0.297439
0.266324
0.769509
0.78485
0.440489
1.15095
0.873654
1.13611
0.631233
1.2531
0.759124
1.35248
0.446568
1.62764
0.87814
1.92837
2.85479
0.885618
0.149219
0.324331
0.291611
1.45491
1.27959
0.575427
0.394684
2.70746
1.31533
0.0581403
0.21927
0.817049
0.11323
0.672459
1.88029
0.959749
0.448117
0.822386
0.842827
0.332228
1.31719
0.282238
0.616584
1.97179
2.08672
0.438721
0.90232
0.970246
0.997782
1.31213
0.640748
1.11059
0.222707
1.50831
1.25256
0.190575
1.92207
1.79658
1.17252
1.34878
0.53456
1.56276
0.767125
0.846461
0.424305
0.15131
1.06672
1.69221
0.284826
0.665252
2.31212
0.596068
1.76823
1.13206
1.76986
1.36991
0.656991
0.720621
1.95059
0.382684
1.27147
0.739897
3.5924
0.696675
2.74983
1.15609
1.6578
0.648836
0.206612
5.21407
0.850163
0.715486
0.300822
1.20696
0.334611
1.29537
0.224368
0.224515
0.521071
2.11367
0.0661226
1.02291
0.289137
0.656002
0.300877
0.22588
0.853169
1.35897
1.1809
0.809105
0.393698
1.12084
0.661896
1.41366
2.34314
1.78306
1.84519
1.77785
0.851257
0.161941
2.88274
0.823022
1.78475
1.89438
3.46713
1.04734
2.06417
1.10279
0.406498
1.33875
3.67429
0.589439
0.4416
0.539105
0.229407
0.918564
0.115004
0.794285
0.911926
1.9262
0.831978
1.06375
0.635419
1.52278
0.891211
0.840212
0.346973
2.9297
0.567063
0.742067
1.49476
0.418558
0.996414
0.386201
0.977077
0.546128
1.26391
1.23582
1.79009
0.784833
0.0594215
0.659683
1.04393
0.639699
1.58216
1.2059
0.223589
0.459522
0.497657
1.00485
1.13435
0.223674
3.46955
0.340683
0.407822
0.582075
0.952458
0.532063
0.606524
1.21136
2.47346
0.162781
0.958467
1.80534
0.856433
1.61725
2.45135
0.296474
2.33457
0.586919
1.1833
0.606597
0.759298
1.86189
0.448981
0.367454
1.31139
1.13452
1.52606
0.619434
0.760772
1.61447
0.0954742
2.39193
1.40336
0.300755
1.13075
1.04547
0.969582
0.28653
0.877448
1.30789
2.56957
0.964145
0.324456
1.10117
2.446
2.0774
0.803676
1.14313
0.341553
0.171967
1.86545
0.389711
0.43224
1.01894
0.88711
0.729291
1.17968
1.45443
0.787488
0.568992
1.17171
0.169886
1.25434
0.350532
0.294676
0.192589
1.06183
0.239976
1.61468
0.294421
1.10372
0.449218
2.35639
0.412182
0.620479
1.30623
0.886711
1.42358
0.313336
0.704312
0.255116
1.10269
0.198082
1.1431
1.26839
0.504783
0.431624
1.43249
0.919085
0.658533
0.386844
0.406638
0.402129
0.517634
0.672814
0.470265
3.10527
1.50125
2.0071
0.606897
1.21407
1.11582
0.679131
2.34436
0.714064
1.46969
2.575
0.64424
0.327738
0.444154
0.287772
0.749429
0.533856
1.12428
0.238009
1.0231
0.792568
0.943227
0.935676
0.370276
0.172757
0.627698
0.324568
0.426529
0.193813
0.609809
0.419834
1.03803
0.560764
0.719876
0.416171
0.271432
2.34906
0.49431
1.19282
1.09137
2.50893
0.937214
0.326384
0.176157
0.504148
0.856889
0.827964
0.538989
0.747842
0.985287
0.9017
1.28028
0.318036
0.277179
1.0896
0.226418
1.25005
1.90374
0.294778
0.572573
0.957584
0.90249
0.241147
1.20786
0.25128
0.0801215
0.957524
2.02777
0.426108
2.05021
0.533331
0.182243
0.274565
0.57654
0.615737
2.07571
0.73168
0.909147
0.681112
1.40313
0.327708
0.884299
0.2527
0.38639
1.12655
1.4532
1.30525
0.186779
0.772275
0.496458
1.75938
1.20802
0.885873
1.22562
0.683135
1.11345
0.450499
0.854242
0.0953571
0.0800671
0.610577
1.09851
0.412821
0.364906
0.591436
1.63789
0.173102
0.625566
2.70584
0.708215
0.916502
1.08052
1.0741
1.0202
0.51063
0.993135
2.20098
1.59357
0.502537
1.08521
1.07925
1.20786
1.38084
1.04354
1.01516
0.617519
0.546247
0.45925
0.505803
0.288669
2.01786
0.858976
0.560578
2.11908
3.0725
0.909895
0.576236
0.242371
1.1256
1.06827
0.287265
0.0472072
0.796736
0.374022
0.209099
0.908074
0.906383
0.791161
1.42161
0.843748
0.953056
0.582206
0.577945
0.308357
0.822208
0.590706
0.628285
1.05981
0.932109
0.476217
1.14462
1.82719
1.75913
1.32788
0.356171
1.47573
2.38078
1.88784
0.437442
0.518477
0.953158
3.23364
2.07952
1.09992
0.706075
2.72865
0.650356
0.459796
1.02347
0.405226
0.229886
0.630488
0.566749
0.357367
0.560072
0.827224
2.45524
0.442407
0.866603
0.972956
0.373212
2.141
0.58726
1.34904
0.541075
3.04449
0.285377
1.77895
0.433022
0.862762
1.53777
0.888807
0.182873
0.501272
1.19826
0.725346
0.920376
1.34018
0.185202
0.702001
1.46009
1.46027
0.982067
0.200983
1.0149
0.845838
0.963903
0.849271
1.04485
0.550658
1.18405
1.55358
0.393209
0.225663
1.2679
1.13114
0.174378
1.27312
1.61677
1.65868
0.564925
0.19653
0.484794
0.581153
0.566131
1.28613
0.41799
1.62347
0.98232
1.18755
0.347409
0.957989
0.658966
2.14976
0.712456
0.118916
2.00038
0.407858
0.010739
0.772134
2.75243
1.04017
1.36122
0.850317
4.62199
0.848108
0.579024
2.43596
2.00485
0.323662
0.115637
1.63311
0.39725
0.138196
1.18431
2.75902
1.4314
1.77264
0.833291
1.24589
1.30613
0.127302
0.723585
0.823052
0.440363
1.89266
0.177024
2.40598
0.724928
1.37834
0.140193
0.681974
1.0261
1.19037
1.29967
0.604253
0.637343
2.13838
0.5779
1.44868
1.10047
1.07834
0.977921
1.43898
1.30462
0.358891
0.110208
0.133615
0.851813
2.7467
2.58501
1.0236
1.51413
0.24384
0.59887
2.91177
0.0209178
0.150926
1.56711
0.923873
0.384929
0.222529
3.99678
0.910265
1.20168
0.961105
0.856861
0.471854
0.380607
0.276296
1.18886
0.377764
1.00485
1.04955
0.710522
0.429758
2.89078
0.158439
1.2965
0.955177
0.804397
0.785655
1.36736
0.301815
1.83444
0.344955
1.55383
1.48112
2.38132
1.19324
1.14586
1.1622
1.62378
1.80577
0.242678
2.37023
1.88841
0.633301
1.6324
2.10314
0.641081
1.0664
0.9436
1.33268
0.357328
1.14339
1.01649
2.43509
2.95571
0.369518
0.816426
0.871774
2.2009
0.941226
0.990822
0.316802
1.35461
1.6212
1.04633
0.869962
0.0989319
0.516688
1.56802
1.28136
0.967677
0.568346
0.510351
1.11357
2.14496
0.419104
1.10533
1.21203
1.06698
0.498193
0.286747
1.24881
0.724469
0.875991
0.647695
0.293512
0.7133
0.121845
1.60398
0.603124
0.269066
0.861247
0.828043
0.587188
0.321089
0.0650723
0.206456
0.508581
0.900162
1.60325
0.282849
0.492441
1.94827
0.290384
0.543958
0.398493
0.61896
0.659335
1.75336
1.16485
1.46725
1.14118
1.13783
0.54163
2.7213
0.532317
0.616904
0.689207
0.955787
0.61804
1.43383
0.450295
1.21371
1.62202
0.926987
0.706787
1.89183
0.578852
0.243759
0.34268
0.464708
0.324312
1.54994
2.00204
0.520293
0.541789
0.556611
0.256882
0.941434
0.734843
0.320658
0.964419
1.42548
0.389643
1.40662
2.41263
0.51248
1.13853
0.22094
0.480192
0.738208
1.09864
0.510021
0.412441
0.480663
2.28262
0.710319
1.56819
1.86934
0.772121
0.878532
0.918466
1.56466
0.120017
0.359002
0.770436
1.29987
0.0415528
0.816964
1.66045
1.27112
0.938724
0.853436
0.782091
0.147779
1.58561
1.4042
1.98142
0.386007
0.319034
0.306538
1.63208
1.20957
0.306669
2.71797
0.952109
0.110765
1.24043
0.237082
0.573256
1.25261
0.571738
0.301218
0.669421
0.216925
1.288
1.5619
0.424034
1.27013
0.850721
0.911536
0.123921
0.362832
0.651257
0.875544
0.52311
0.534127
0.712813
1.60814
0.330172
0.569465
0.299431
0.301236
1.84752
0.184542
0.749301
0.969687
1.3981
0.542553
1.39926
1.21822
0.937322
0.691354
0.0936514
0.737292
1.93867
0.859166
0.174531
0.527753
2.50828
1.07358
1.48584
1.03317
1.07576
0.776245
0.786759
2.64426
0.37278
1.76748
0.249607
0.22562
1.45104
0.181849
0.460176
0.800716
0.721742
0.853999
1.28248
0.730757
1.75787
0.162823
0.613046
0.81282
0.239499
1.26126
1.57344
0.936795
0.886496
2.82255
0.194213
0.74441
0.743613
0.713509
1.30294
1.29221
0.532779
0.354951
0.938824
1.02543
0.770118
0.367419
0.711259
1.22675
1.38892
0.995918
3.76345
1.42348
0.952399
1.10177
1.21333
0.77441
0.0992163
0.813209
0.273494
0.458526
1.01176
1.30924
1.04099
0.393472
1.51525
1.02557
0.528324
0.214969
1.05056
2.40069
0.367522
0.466964
0.354389
0.629264
0.879891
0.728372
0.854441
0.949625
2.91035
1.00335
1.87562
0.627719
1.08058
1.73546
1.16976
0.389835
0.771213
1.12001
1.41921
1.65694
0.561504
0.507396
1.06279
0.634495
0.624578
1.47033
1.13011
1.00546
1.76205
0.721316
0.866915
0.206815
0.967721
0.379932
2.1796
0.50051
0.436624
1.53488
0.846277
0.539598
2.96475
1.54081
1.91517
0.58515
0.745517
0.858138
0.374832
1.54647
0.292533
0.345999
0.537361
0.930476
0.717794
0.294796
0.833943
0.752295
0.605269
0.174124
0.187978
0.793951
0.135601
1.11083
0.213772
0.30834
0.0715552
0.739154
1.97494
1.41153
0.180137
1.19656
3.38791
0.443106
0.641984
1.4255
0.0306793
2.03433
0.832877
2.10002
0.366685
1.52572
0.666988
0.908723
0.665595
2.33043
0.6584
1.0446
3.23964
1.55819
0.862847
1.23643
0.0521068
0.472747
0.22923
0.155081
2.27913
1.41331
0.823141
0.285178
2.02073
0.517955
0.604968
0.17135
0.250548
0.356096
1.05801
1.32629
0.884542
0.695043
2.54631
0.54927
0.608913
0.363722
0.181237
0.292861
1.0467
0.20363
0.348268
0.659364
0.706634
2.02431
0.957389
0.575586
2.00569
1.44191
0.257571
0.572587
1.39818
1.40542
0.570002
0.227579
3.17178
0.290086
1.19766
0.204964
1.6056
0.622681
1.01933
1.56689
1.0995
0.904249
0.37821
0.194399
0.378838
1.37856
0.476363
1.00389
0.765626
0.537405
1.78729
0.228903
1.29139
0.857568
0.84937
1.48246
0.361415
0.147761
1.88005
0.794376
1.00078
1.05559
0.757719
1.02777
0.220418
1.36012
0.50425
2.3267
0.840304
3.0529
0.773657
0.831851
0.816018
1.34637
0.366907
0.208488
0.367935
0.968097
0.789405
1.48598
0.88599
0.471322
0.586387
0.926111
0.345098
1.68871
0.291338
1.41067
0.565468
1.91714
1.72447
0.192897
1.29793
1.17765
1.79502
1.22852
0.826235
0.408865
0.516295
0.33285
0.697788
0.598428
0.763347
0.649849
0.653811
0.434625
0.724696
0.361994
0.899777
1.00221
0.289098
0.962667
0.0952255
2.91769
0.269345
1.68288
1.3689
1.4327
0.327308
1.01874
1.72066
1.89496
0.764734
1.73722
1.25205
1.62813
2.22379
1.49788
1.49983
0.580408
1.20846
1.45703
0.951837
1.79939
0.991183
1.40482
0.711864
0.652859
1.06301
0.272896
1.05985
0.573463
1.1662
0.274916
0.646133
0.704622
0.767075
0.712535
0.190126
3.65031
0.577887
0.370512
1.59587
0.453756
0.431979
0.647234
0.19597
0.662433
0.424979
1.98968
0.0956188
1.14667
0.827962
1.49675
0.768145
1.03733
0.118959
1.03445
0.735705
0.748572
1.23561
1.4437
3.73631
1.35357
2.44598
0.803415
0.895244
0.238854
0.205314
0.179826
1.69136
0.77855
0.349682
2.00141
0.499084
2.98496
0.613517
0.68838
1.53056
0.123683
0.861033
1.14645
0.55919
0.617698
0.269228
0.513669
0.642089
0.49464
1.63938
1.11492
0.686033
0.268029
0.825774
0.657173
0.951457
1.02617
0.421627
0.389347
1.97551
0.695996
2.09984
0.966492
0.230542
0.778909
0.419319
0.865711
0.0713018
0.290565
1.74786
1.60893
3.02123
0.532348
1.18396
0.107824
1.6725
0.685271
1.21799
2.36297
0.417328
0.601869
4.38646
2.5855
1.15689
0.451412
1.50207
0.813588
1.08855
0.123461
0.151622
0.254495
0.688117
1.10741
1.03678
0.444345
0.458917
0.975851
1.93781
2.89894
0.720019
0.400126
0.819798
1.11499
0.563938
0.292233
0.98824
1.74613
0.56113
0.26491
0.301735
1.75139
0.628478
1.06953
0.607079
1.64129
0.488742
1.13921
0.297283
0.784607
1.04562
1.00998
1.90332
0.450743
1.67554
0.60739
1.4219
1.50183
0.606273
0.5547
0.35524
0.259546
1.34107
0.402943
0.950069
2.23138
0.529564
1.09133
1.42885
1.60939
0.232426
0.421224
2.04926
0.753675
0.557867
0.532985
2.01472
1.23235
1.49198
0.394881
0.675852
2.00985
1.12318
1.53599
0.228647
1.08487
0.425202
1.26085
0.31822
0.799145
1.06811
0.746602
2.19264
0.470758
0.994704
0.153738
2.00397
1.47963
1.50943
0.51859
1.79786
1.14428
1.39001
1.12361
0.488692
0.811283
1.57774
0.591176
1.51086
0.913235
1.37066
0.435624
0.896263
0.498595
0.282042
0.719061
0.655102
0.803219
1.37169
1.34434
2.40163
0.374378
0.670069
0.408666
0.585855
0.98481
0.417993
0.671492
0.939405
1.84951
1.26458
1.76624
1.75909
0.323861
1.29022
0.456857
0.876299
0.349687
1.14353
0.639158
1.31582
0.78859
1.25811
0.479237
1.77124
0.735514
0.605572
1.70543
2.36946
0.20577
1.41853
1.4238
1.33706
0.988042
0.782051
1.11494
0.502963
0.803696
0.851978
0.136021
0.105747
0.883199
1.63523
0.949106
1.72488
0.240651
0.254821
0.732362
0.909087
0.728922
0.111985
1.66269
0.596664
1.1758
1.033
1.51017
1.41743
0.690371
0.433039
2.23958
1.8744
1.4424
2.26566
1.3031
0.812898
0.482018
2.07813
0.254145
0.200745
2.058
0.409355
5.97394
0.88832
0.45599
2.18841
1.14009
0.544563
0.407834
0.2534
2.82056
0.161359
0.777068
0.608627
2.44123
0.256727
0.342101
1.886
0.795306
1.01167
0.787173
0.57555
1.70275
1.7995
0.392682
0.878208
0.510145
0.95743
1.187
1.4021
1.04683
1.61958
0.33047
1.16089
1.56212
0.562791
1.23908
1.06011
0.323227
1.37586
0.87141
1.0781
1.35007
0.833177
0.165389
2.16245
0.595783
1.10422
1.34468
0.643268
0.899821
0.319733
0.879175
0.586684
0.567142
1.15756
0.995039
0.598436
1.03633
0.916842
1.33317
1.15145
0.7659
0.99018
0.534606
0.34801
0.648078
1.14813
1.17536
3.25293
0.641227
0.394931
1.48414
0.692369
1.82455
2.35799
1.32891
1.56408
0.760044
0.875423
0.279701
0.40514
0.264479
0.138604
1.34211
0.0835004
1.0153
0.158489
1.29368
2.13851
0.954319
0.111418
0.722716
1.05449
0.567765
0.337939
0.89289
0.467289
1.20171
0.236589
0.0564188
0.942971
1.0964
1.16203
2.04365
0.495017
1.23838
1.00622
0.863155
0.902689
0.460651
0.501801
3.37994
0.525048
3.25881
0.612723
0.898181
0.69936
0.61622
0.697622
0.396494
0.675692
1.49813
1.96218
0.483385
1.64438
1.90156
0.994457
1.13795
0.906373
3.63075
2.90341
0.863532
0.431867
0.955149
0.340145
1.34716
0.835646
0.788144
0.647424
1.10857
0.800877
0.756469
0.41313
1.0249
0.579393
1.05195
0.811207
0.29967
1.65372
0.898581
1.09435
1.16386
1.16979
0.970765
0.858819
1.03793
0.431955
2.01499
0.444128
0.12875
0.86665
0.696055
0.733786
0.707014
0.467788
0.173292
0.819283
0.566724
0.126352
1.42348
2.11342
0.955727
2.10842
0.521569
1.06321
1.11879
2.94175
0.583548
1.05117
0.737245
1.49647
0.743978
2.12047
0.833892
1.98649
2.57404
3.26654
0.395508
2.62232
0.426045
0.38179
0.290602
0.338555
0.703281
1.86974
1.85951
1.24069
1.35145
0.159978
1.50537
1.18533
0.580576
0.28384
1.51083
0.152876
0.701868
0.0163429
1.22367
1.34014
0.863545
1.15362
1.6268
0.711408
1.14699
0.353213
0.356927
0.331199
0.60185
0.664089
0.332099
2.51051
0.262327
1.99791
1.20761
3.36602
0.965817
0.384814
0.619806
1.64919
1.36975
2.34723
0.910369
1.43061
0.43287
1.03742
1.00578
0.0486475
1.67009
0.254205
1.07312
2.1072
0.877073
0.58881
0.163841
0.45626
0.38913
0.809907
0.941129
1.58434
1.05847
0.497531
0.356754
0.864623
0.742285
0.647454
1.42844
1.3124
0.966942
1.30174
0.319367
1.18459
0.92189
0.726837
0.55666
1.37395
1.24289
0.782928
0.316053
0.567812
1.11906
1.10813
3.69034
0.879004
2.34721
0.745993
0.452144
0.0778834
0.390815
0.748
1.55764
0.287637
2.20114
1.887
0.889734
0.366283
0.470055
0.509218
0.416663
1.60968
0.144292
0.564147
0.445176
0.629278
1.2613
0.397594
0.560246
0.466225
0.70224
1.75997
0.162426
0.552173
0.523388
1.77217
0.777291
1.35199
1.69344
0.693301
0.399384
0.979047
1.76042
1.67308
0.692466
0.11994
0.139883
1.21374
0.815916
0.721016
1.56022
1.14587
2.06902
0.764312
0.143346
0.883819
0.453579
1.06623
4.06916
0.204301
1.01215
0.794224
1.6091
0.888672
1.01211
1.61995
1.49987
1.00313
0.760712
0.669808
1.11374
2.67357
0.222658
0.847374
1.72941
1.00314
0.696547
3.03026
1.36074
0.614335
2.38158
1.08142
0.161511
0.25995
3.40531
0.734003
0.745789
1.66478
1.03589
0.747855
0.966417
0.428522
1.05394
2.69395
2.30848
0.509468
0.490179
0.901329
0.896268
0.345953
0.598533
1.04257
0.70372
0.212348
1.5113
0.467752
1.99594
2.27183
0.93568
1.18947
0.688232
1.30403
0.376317
0.806892
0.516446
1.08243
1.12478
0.610047
0.346321
1.54789
3.11601
0.568981
1.26104
1.22707
0.488691
0.971858
1.33598
0.179003
0.484998
0.0718237
0.597555
0.464194
0.743683
0.695172
0.96686
2.86424
0.664083
1.12361
1.03657
1.07758
1.22172
0.762989
0.767285
0.830439
0.425805
0.73566
1.59469
0.217122
1.14469
0.557336
1.62284
0.281943
0.402143
0.823924
0.993761
2.32894
2.4557
0.464768
0.28328
0.669508
0.486405
2.17509
0.728316
2.27978
0.765881
0.272452
0.167367
0.360521
1.24805
1.27835
2.62644
1.5021
0.0970446
0.321634
0.771209
0.782383
3.71186
0.403297
1.72486
0.716328
1.239
0.807101
1.86995
3.46428
0.374219
1.23082
2.34599
0.31115
0.849856
1.06029
0.803588
0.0725644
0.324898
1.00839
1.62896
0.8896
1.1764
1.70191
0.635807
0.67213
0.804352
1.14481
0.14039
1.93338
0.907768
2.73943
0.0803033
0.820571
1.43195
0.360797
2.26871
0.326318
1.71206
0.314558
0.293802
1.61895
0.493406
2.24989
0.282077
0.640587
1.03552
1.34295
0.931531
0.634994
0.523819
0.560813
0.820052
1.58235
0.810702
0.0234271
1.82358
0.532033
2.05244
0.195852
0.678744
0.37251
0.372605
1.77206
0.451132
0.217692
0.968616
1.0119
1.24978
0.64907
0.671634
0.508935
3.86453
0.995245
1.6546
1.5024
0.622548
0.426567
2.36137
1.38811
0.302512
1.04645
1.66018
1.56338
0.910578
0.967169
0.151572
0.868146
1.44868
0.452748
1.12901
2.65587
0.884751
1.14893
0.978799
0.462639
1.11669
0.326866
0.472191
0.304232
0.928834
1.15193
0.239174
0.576459
1.16628
0.724219
1.86083
0.133746
1.53718
0.403134
2.37229
0.871201
0.743125
0.833059
0.35239
0.491336
1.55297
0.584492
2.07721
0.384494
0.577956
0.827133
1.02759
1.11747
1.01171
1.79495
0.188783
0.800781
0.964459
0.40433
1.24159
0.886894
0.67916
0.390982
0.191808
0.430534
1.41706
0.510706
1.29811
0.677781
1.60954
0.868716
0.507712
1.3604
0.817507
1.39689
0.690763
3.3825
1.06786
1.10299
1.20755
1.24307
0.820963
0.910016
0.103614
0.0898958
2.68085
1.23594
0.511524
0.539506
1.80184
1.07613
0.833876
0.591966
1.45845
1.2183
0.479697
0.900178
0.84172
0.896652
0.2965
0.65106
1.55274
0.801285
0.512417
0.867688
0.731403
0.421263
2.39607
0.476102
1.65148
0.601488
1.23519
0.180583
0.18881
1.05604
0.97485
0.148978
0.681246
2.1121
0.55968
3.41064
0.911835
0.652537
1.37293
0.477877
0.493032
0.438679
1.49031
0.727227
0.0712966
1.13381
1.57024
0.824547
0.187273
0.520489
0.1099
0.162844
0.404737
0.461257
1.45208
1.7891
1.18972
0.428246
0.509493
1.09678
1.44991
0.455933
0.505313
1.61979
1.52984
0.693862
1.38748
1.55168
1.91725
0.343383
0.268285
1.02625
0.486269
1.41888
0.426523
0.857008
1.5563
2.08144
1.81608
1.42878
0.14186
1.60506
0.958341
0.474089
1.20287
0.322289
0.618196
1.58825
0.662783
2.6037
0.583915
0.822448
1.03454
1.97988
2.15852
1.55877
1.02696
0.846626
0.601048
1.44243
0.955624
0.320698
1.09587
0.445678
0.492389
0.561863
1.22419
0.526259
0.465082
0.649789
0.589458
0.281376
1.47839
0.527171
0.264488
2.90206
0.25676
1.55988
0.648072
0.103721
2.21953
0.457471
0.435294
0.99913
0.722651
0.786882
0.318885
0.917352
2.13246
0.234368
0.72843
0.494137
1.38521
1.54326
1.16095
0.696697
0.404238
0.901389
1.74364
0.495585
0.138995
1.15802
0.834554
0.17085
1.90273
0.598153
1.04157
0.453339
0.70903
0.231254
0.339571
0.496511
0.500521
1.06448
1.24718
0.0905112
1.70928
1.72069
1.18532
3.42192
1.39675
1.71112
0.865298
0.79336
0.0918611
0.940232
0.574266
0.652534
0.424939
0.832884
0.769776
0.344416
2.58574
0.711467
0.782941
2.84365
0.455364
1.32395
0.629002
1.64524
0.484168
0.652703
0.444723
0.358213
0.491536
0.197749
0.841331
1.36781
0.82808
0.322574
0.851369
1.36252
2.01853
0.381294
0.253271
0.451285
0.933405
0.798237
0.46156
0.92444
1.18541
0.196335
0.317467
0.767008
1.2689
0.474302
0.674404
0.162912
1.16086
0.682675
1.56221
0.691245
0.522161
1.99495
0.794166
3.86172
0.645174
0.187047
0.675435
0.984852
0.152585
2.47371
0.0394419
0.318715
1.19196
0.751851
0.214747
0.0183881
0.894096
1.10207
0.538529
0.0367994
3.03019
1.10367
2.22776
1.0189
1.59711
1.0276
0.64746
0.564569
1.42922
0.975311
0.656649
0.81219
0.0920133
1.20515
1.37583
1.68278
0.446432
0.280974
3.10114
1.03882
0.493572
0.589385
1.28745
0.677173
1.6089
1.76567
0.74501
0.370368
0.619394
1.34262
1.01283
0.980943
0.713163
0.957515
1.4367
0.784974
0.797898
0.5282
0.794728
1.4831
2.19458
0.365255
0.458294
0.901951
0.965654
1.33467
0.395347
0.318715
1.26218
0.895035
0.864912
1.04265
0.461429
0.772674
0.279652
0.27371
1.96817
1.75595
1.37414
0.625067
0.846919
1.27471
0.15106
0.741736
1.12059
1.04362
1.01253
0.628446
0.874514
0.741895
0.180765
0.804152
0.363064
0.600699
0.840188
0.8044
1.03518
2.23217
0.633091
0.344466
0.93914
1.46471
0.178433
0.263409
0.697753
1.39771
0.657564
0.935719
0.315656
0.547331
0.611195
2.46611
1.77638
1.22991
0.735463
4.2698
0.452346
0.123338
0.638979
0.227994
0.67319
0.598233
1.3222
1.78635
0.415236
0.573506
3.89897
1.00849
0.34217
0.284721
1.27912
1.02627
0.57702
1.64465
1.60873
0.470659
0.474542
1.96412
0.341101
0.640429
0.329551
1.24166
3.34942
0.606283
1.45317
0.288995
1.30635
0.34472
0.314446
1.54679
0.446269
0.917895
1.12596
0.290336
0.0749806
3.59811
0.2822
0.824476
1.33242
0.767465
0.109061
0.597651
0.479685
1.11113
0.146187
1.23282
0.398591
0.358288
0.739794
0.349527
0.461445
0.305681
0.122279
0.447762
0.643186
1.17013
0.161905
0.706825
0.86466
1.32064
0.412147
0.848954
0.844474
1.78347
2.57276
1.58809
1.11171
0.37609
1.00027
1.78378
0.652841
0.550356
0.988519
1.61936
1.19561
0.104876
1.21775
1.63288
0.733173
1.12987
0.77701
0.592844
1.59153
0.286442
1.08256
0.27714
1.48827
1.03684
0.923629
1.01687
1.31632
0.224611
0.489023
0.581302
0.715073
1.24643
