0.811921
0.578003
0.506471
0.045842
0.57558
0.669167
0.387779
0.912209
0.674407
0.787157
0.823048
0.256568
0.612812
0.58257
0.648439
0.264583
0.550943
0.0705702
0.888329
0.655095
0.880684
0.370759
0.589722
0.617868
0.603645
0.940454
0.653979
0.565064
0.651786
0.192008
0.306491
0.587048
0.291288
0.384771
0.34491
0.503184
0.250308
0.682357
0.806574
0.398205
0.211225
0.765794
0.69574
0.534822
0.308025
0.893232
0.91127
0.533169
0.76943
0.79679
0.515362
0.707718
0.348404
0.807195
0.483991
0.452298
0.678667
0.596831
0.579646
0.0638246
0.198831
0.431813
0.487022
0.895383
0.284786
0.823729
0.852264
0.729276
0.730971
0.471657
0.366411
0.260673
0.221138
0.885094
0.0336424
0.582476
0.429249
0.578422
0.764979
0.562031
0.391122
0.22752
0.438033
0.500315
0.787455
0.179177
0.56346
0.464211
0.278854
0.703894
0.698716
0.182512
0.533479
0.882735
0.749763
0.396262
0.587958
0.518828
0.801327
0.554078
0.682162
0.464151
0.616359
0.243055
0.208491
0.252225
0.445301
0.745907
0.416282
0.427343
0.785795
0.614939
0.511978
0.460956
0.733455
0.153496
0.795659
0.645841
0.564331
0.195514
0.474589
0.858677
0.689683
0.573779
0.294384
0.581657
0.623701
0.667542
0.12843
0.573756
0.104783
0.420099
0.666181
0.0822821
0.0110053
0.71697
0.840959
0.485338
0.710407
0.515295
0.137882
0.255811
0.486717
0.115082
0.422537
0.637529
0.181137
0.462919
0.43104
0.424188
0.690825
0.878784
0.562089
0.231702
0.464684
0.0965782
0.111654
0.654575
0.637094
0.509001
0.590904
0.696936
0.940212
0.507398
0.268029
0.368856
0.535453
0.307206
0.57455
0.338574
0.404794
0.649615
0.516759
0.531254
0.442508
0.770078
0.23292
0.564904
0.387978
0.524292
0.33683
0.414077
0.74018
0.562275
0.6884
0.191976
0.294496
0.44116
0.231851
0.441597
0.442464
0.06734
0.542166
0.32653
0.375085
0.358581
0.220416
0.112039
0.830325
0.516729
0.778597
0.327057
0.525435
0.301642
0.654579
0.497708
0.414702
0.196964
0.497824
0.842987
0.41327
0.358371
0.366464
0.323233
0.22765
0.734912
0.476397
0.431994
0.433543
0.254074
0.642996
0.121943
0.441603
0.461186
0.55608
0.255434
0.991765
0.503804
0.528756
0.47036
0.31676
0.851677
0.360767
0.351901
0.61545
0.642952
0.456964
0.800823
0.476598
0.547205
0.84153
0.488917
0.393698
0.535961
0.708585
0.792237
0.51151
0.451296
0.149786
0.092736
0.244889
0.763168
0.199561
0.338941
0.410569
0.40609
0.33859
0.756281
0.512508
0.0857709
0.596166
0.0977059
0.321414
0.446363
0.392055
0.325204
0.389099
0.488916
0.758488
0.112861
0.138262
0.631686
0.582898
0.0620707
0.16834
0.802916
0.512038
0.519535
0.418049
0.456701
0.158103
0.388668
0.325239
0.402591
0.247475
0.325033
0.624689
0.339523
0.852721
0.206441
0.924463
0.484736
0.348471
0.268329
0.201462
0.188271
0.731789
0.29505
0.856786
0.923706
0.947684
0.257693
0.471532
0.545719
0.860366
0.28906
0.403666
0.205138
0.510873
0.386433
0.366576
0.312075
0.801713
0.232743
0.629945
0.437788
0.749122
0.526772
0.483555
0.545886
0.443579
0.713019
0.604671
0.9435
0.359198
0.501841
0.469597
0.343063
0.152622
0.570511
0.450055
0.425293
0.592038
0.835802
0.735008
0.794038
0.756955
0.188734
0.218538
0.713579
0.649349
0.582099
0.494417
0.51904
0.356813
0.3614
0.597997
0.590505
0.40834
0.229822
0.636031
0.281498
0.463347
0.237857
0.445067
0.192416
0.474583
0.688214
0.419027
0.179571
0.965542
0.346643
0.146596
0.490447
0.562991
0.349284
0.499062
0.415801
0.425265
0.197178
0.809211
0.349241
0.206925
0.728561
0.281915
0.64489
0.700429
0.459566
0.27703
0.163785
0.795424
0.183959
0.605244
0.899605
0.39629
0.722534
0.477477
0.0743818
0.438564
0.212784
0.748479
0.594803
0.644865
0.829491
0.595238
0.759736
0.16094
0.326845
0.270831
0.609591
0.212475
0.292714
0.574334
0.808171
0.423268
0.505709
0.17743
0.447597
0.435417
0.285651
0.448322
0.666971
0.472122
0.72807
0.413592
0.475376
0.483754
0.713364
0.49862
0.669847
0.517785
0.581245
0.687199
0.738941
0.453236
0.361085
0.240956
0.642526
0.240236
0.448801
0.61922
0.358414
0.785345
0.120899
0.739947
0.586467
0.623251
0.276295
0.722342
0.500801
0.515463
0.296554
0.251793
0.440704
0.616639
0.415151
0.707738
0.430904
0.849163
0.486399
0.195107
0.421809
0.626595
0.544656
0.619949
0.140339
0.0666325
0.544441
0.449866
0.441984
0.834185
0.172082
0.299902
0.554698
0.255216
0.619527
0.484482
0.605278
0.341949
0.710932
0.676047
0.818822
0.370083
0.27266
0.311004
0.781925
0.648633
0.637313
0.383614
0.160206
0.623022
0.172426
0.268444
0.760814
0.452049
0.224435
0.212008
0.330527
0.69936
0.868561
0.134227
0.480075
0.28005
0.355228
0.880319
0.625299
0.803008
0.64363
0.563765
0.335798
0.449644
0.413094
0.640957
0.48165
0.529624
0.442839
0.85816
0.568873
0.85422
0.750777
0.711419
0.654222
0.567917
0.381969
0.560025
0.729957
0.578905
0.737361
0.534174
0.469207
0.729056
0.833435
0.877438
0.722561
0.344047
0.883389
0.364677
0.656494
0.80422
0.590474
0.436015
0.424271
0.276824
0.544116
0.187505
0.759948
0.250263
0.609449
0.85911
0.386086
0.510967
0.700874
0.460621
0.625817
0.703513
0.330287
0.176142
0.609882
0.614627
0.320575
0.187763
0.469256
0.321686
0.575038
0.559045
0.404006
0.846348
0.29333
0.318953
0.518983
0.453933
0.524562
0.386841
0.316992
0.239179
0.448195
0.479139
0.240057
0.139006
0.773332
0.638343
0.6494
0.5129
0.147048
0.524954
0.634779
0.431555
0.462377
0.612976
0.0437812
0.314386
0.456581
0.429606
0.121724
0.556547
0.490332
0.479734
0.652771
0.28608
0.398423
0.49589
0.492892
0.391807
0.802634
0.654248
0.385303
0.462607
0.77739
0.397325
0.448987
0.278689
0.25882
0.503991
0.230952
0.495498
0.587854
0.0474192
0.21282
0.160869
0.577971
0.381602
0.162397
0.706055
0.498241
0.797054
0.720836
0.0512661
0.862265
0.486333
0.616015
0.466325
0.413654
0.459998
0.392771
0.327083
0.698665
0.553631
0.550594
0.408209
0.616619
0.666548
0.479426
0.352979
0.338728
0.372831
0.0841754
0.460696
0.485957
0.545287
0.488575
0.43236
0.456539
0.132986
0.70902
0.715215
0.793782
0.732974
0.188989
0.586799
0.484771
0.596814
0.584698
0.61912
0.580621
0.712557
0.692591
0.663582
0.528869
0.602778
0.409305
0.497294
0.608664
0.479309
0.614734
0.271374
0.359359
0.395279
0.368804
0.401883
0.393135
0.535095
0.312606
0.544013
0.482287
0.282988
0.664489
0.29015
0.311788
0.210752
0.701756
0.732434
0.287771
0.625292
0.118577
0.530457
0.29253
0.316611
0.650749
0.124704
0.276692
0.14687
0.857926
0.736373
0.579167
0.621127
0.453943
0.794199
0.865502
0.580397
0.0758699
0.428903
0.575277
0.657646
0.382394
0.675895
0.769155
0.637361
0.872192
0.526849
0.766209
0.359291
0.812882
0.470786
0.462171
0.307022
0.671209
0.665283
0.719201
0.521975
0.435066
0.378429
0.217821
0.483482
0.717992
0.342163
0.66163
0.595539
0.536763
0.657612
0.225431
0.420886
0.652704
0.393058
0.637383
0.303015
0.367348
0.515151
0.785821
0.516749
0.163066
0.294007
0.741353
0.588012
0.579287
0.322803
0.0848662
0.423404
0.71495
0.292501
0.432066
0.89023
0.747787
0.162318
0.545176
0.487579
0.861092
0.366586
0.42242
0.2491
0.468574
0.6986
0.755908
0.518094
0.627936
0.5121
0.648563
0.23554
0.533799
0.881006
0.480701
0.381691
0.480597
0.358024
0.316891
0.711851
0.686065
0.472763
0.243735
0.926981
0.365952
0.609967
0.029165
0.419725
0.450578
0.908513
0.493915
0.236519
0.833859
0.321771
0.485761
0.39638
0.545431
0.47998
0.847181
0.707007
0.236494
0.495241
0.767042
0.21883
0.870001
0.849767
0.406944
0.457615
0.505819
0.508006
0.692855
0.576266
0.0714815
0.393272
0.662643
0.566435
0.50917
0.369496
0.260153
0.670575
0.689533
0.368733
0.466431
0.135055
0.482979
0.805049
0.658741
0.444969
0.379065
0.415399
0.587984
0.681256
0.544607
0.668146
0.865152
0.140758
0.211134
0.379819
0.347438
0.859845
0.782316
0.180762
0.814637
0.682229
0.551979
0.470267
0.826443
0.511595
0.423356
0.501853
0.651293
0.389664
0.520167
0.239281
0.157355
0.540329
0.0801829
0.623958
0.55631
0.520475
0.521877
0.394334
0.890538
0.118116
0.5748
0.597933
0.654339
0.138469
0.364301
0.436629
0.439806
0.218595
0.341219
0.585807
0.497992
0.811231
0.447172
0.628016
0.105975
0.47843
0.406059
0.741762
0.630463
0.635645
0.532419
0.286037
0.678553
0.386879
0.447253
0.421241
0.726277
0.591522
0.591945
0.907094
0.61555
0.803501
0.430898
0.71818
0.81016
0.723371
0.733527
0.617743
0.801407
0.303974
0.326211
0.330361
0.554035
0.650281
0.704849
0.454117
0.383062
0.354052
0.39863
0.7529
0.652149
0.403936
0.475653
0.469462
0.184129
0.311634
0.0810208
0.299845
0.774313
0.594753
0.398018
0.669814
0.697212
0.25697
0.423025
0.453915
0.597282
0.406144
0.444763
0.277787
0.654338
0.650982
0.618521
0.54435
0.914244
0.416904
0.525973
0.324496
0.675516
0.321715
0.611216
0.2529
0.822449
0.751723
0.383657
0.569598
0.49542
0.778915
0.778364
0.447923
0.488952
0.559826
0.564523
0.249463
0.768204
0.356724
0.192604
0.346624
0.494485
0.321732
0.470883
0.653467
0.950431
0.184511
0.461927
0.505404
0.255458
0.484144
0.48968
0.0284106
0.262134
0.485818
0.147766
0.63835
0.524075
0.422962
0.19964
0.811065
0.726003
0.205436
0.261212
0.263834
0.466587
0.23442
0.656557
0.688838
0.784692
0.464607
0.337357
0.179247
0.819661
0.354348
0.756686
0.488569
0.496254
0.844348
0.587757
0.763859
0.624875
0.505561
0.67828
0.393449
0.307701
0.496899
0.631024
0.609793
0.541347
0.473373
0.401239
0.488065
0.40669
0.585304
0.301541
0.481139
0.236474
0.209228
0.304891
0.631566
0.651328
0.551105
0.536304
0.601181
0.854809
0.262473
0.343892
0.65896
0.578113
0.710169
0.339888
0.767754
0.565058
0.540236
0.802257
0.41053
0.487987
0.676642
0.327536
0.296727
0.185198
0.395446
0.625512
0.58938
0.610528
0.615019
0.846377
0.793608
0.385729
0.542965
0.330973
0.947107
0.34625
0.820346
0.174764
0.253275
0.471045
0.303855
0.496149
0.297586
0.587048
0.126547
0.299744
0.487836
0.738927
0.677764
0.32527
0.358899
0.614749
0.642871
0.772646
0.382605
0.418171
0.243437
0.293941
0.423372
0.577802
0.318472
0.142794
0.480212
0.684331
0.387359
0.371921
0.355746
0.546084
0.835102
0.469356
0.892836
0.253592
0.360509
0.324024
0.419474
0.643837
0.327943
0.411301
0.542555
0.554768
0.663258
0.0891494
0.431135
0.260729
0.434555
0.895495
0.229835
0.479423
0.258373
0.737434
0.742981
0.841032
0.171948
0.362917
0.530131
0.710119
0.612158
0.50553
0.553603
0.250939
0.641787
0.0929953
0.518623
0.126787
0.56372
0.410013
0.546731
0.223995
0.0637146
0.606079
0.323066
0.291225
0.522351
0.438901
0.358146
0.884657
0.636802
0.144026
0.50478
0.50972
0.493043
0.321319
0.370729
0.349977
0.229123
0.228916
0.767748
0.473793
0.430128
0.375267
0.337625
0.409415
0.895457
0.299899
0.495852
0.479076
0.419038
0.43353
0.333543
0.282772
0.723109
0.928152
0.618232
0.222304
0.186191
0.347705
0.534171
0.456248
0.505866
0.609978
0.802759
0.176439
0.437009
0.570351
0.323718
0.596628
0.246069
0.638014
0.47765
0.543916
0.522052
0.315273
0.73059
0.543594
0.484811
0.0505808
0.681196
0.788019
0.43128
0.795919
0.691178
0.380153
0.460268
0.65914
0.739616
0.742374
0.616445
0.541913
0.141776
0.581204
0.594143
0.15389
0.273045
0.79857
0.641597
0.793709
0.438631
0.240217
0.306246
0.287481
0.529632
0.171911
0.661729
0.475363
0.606107
0.374046
0.657192
0.636855
0.547778
0.245286
0.229534
0.245443
0.412981
0.805862
0.319224
0.443211
0.646491
0.491162
0.930297
0.626054
0.77686
0.626214
0.37517
0.5301
0.743866
0.471713
0.844902
0.709993
0.496728
0.732209
0.44551
0.799634
0.503691
0.417063
0.840978
0.446026
0.313613
0.444829
0.143582
0.806832
0.310181
0.381656
0.692153
0.50229
0.79938
0.704359
0.358905
0.412085
0.570833
0.97876
0.525448
0.707827
0.0736518
0.343951
0.868628
0.511745
0.847407
0.193082
0.596787
0.0722293
0.348853
0.441306
0.277108
0.346842
0.315032
0.771517
0.394634
0.883424
0.803377
0.248484
0.783609
0.389925
0.549441
0.692025
0.571758
0.383575
0.282882
0.199839
0.778127
0.310028
0.642322
0.210619
0.205119
0.523107
0.329709
0.498078
0.265339
0.51576
0.644805
0.486497
0.383881
0.792867
0.540426
0.778448
0.61668
0.776521
0.339063
0.285282
0.125551
0.134395
0.251497
0.351041
0.150543
0.421843
0.838048
0.260394
0.620238
0.428332
0.553074
0.521233
0.540604
0.618856
0.513345
0.812553
0.303046
0.560944
0.630921
0.488241
0.55227
0.727879
0.251154
0.527396
0.254583
0.56878
0.436451
0.821808
0.607259
0.736136
0.536398
0.691225
0.429598
0.861449
0.684901
0.517015
0.676295
0.269594
0.364949
0.384879
0.713749
0.522521
0.681624
0.12721
0.499938
0.682934
0.483993
0.155735
0.308483
0.688558
0.476505
0.975074
0.637529
0.227636
0.960504
0.767822
0.444056
0.00626483
0.346509
0.4418
0.344269
0.298201
0.577855
0.530076
0.420665
0.66777
0.606349
0.834408
0.77642
0.756487
0.560546
0.702708
0.477715
0.524028
0.247278
0.331175
0.524626
0.334175
0.627062
0.481701
0.491203
0.276347
0.40401
0.505196
0.475366
0.613363
0.370858
0.561434
0.499234
0.246042
0.649763
0.42607
0.500529
0.58528
0.469458
0.275428
0.555657
0.222216
0.119428
0.339708
0.475115
0.287126
0.721694
0.315218
0.411827
0.387659
0.460864
0.426268
0.623057
0.517041
0.913055
0.527349
0.526495
0.82288
0.614314
0.636214
0.691175
0.127189
0.509175
0.7885
0.403817
0.588257
0.419955
0.604502
0.951248
0.894983
0.177438
0.458733
0.759498
0.384319
0.553557
0.142889
0.530219
0.472419
0.136705
0.412857
0.515045
0.790146
0.290289
0.810366
0.568512
0.413543
0.835176
0.649935
0.120166
0.579901
0.596628
0.561721
0.706491
0.780046
0.456369
0.4809
0.203274
0.617477
0.550407
0.474218
0.39903
0.824972
0.253226
0.294304
0.550128
0.329284
0.0889858
0.552413
0.558215
0.254568
0.710346
0.900187
0.910596
0.755145
0.585541
0.611084
0.524166
0.0682425
0.534338
0.452082
0.633542
0.677327
0.253488
0.736294
0.363995
0.47666
0.472309
0.447126
0.629839
0.827696
0.379023
0.324573
0.49887
0.397956
0.458463
0.304317
0.163506
0.172992
0.381792
0.200225
0.659227
0.0320765
0.588838
0.52088
0.470972
0.278235
0.703688
0.310771
0.668086
0.513247
0.424158
0.406768
0.708463
0.748251
0.525764
0.500501
0.552505
0.64056
0.620819
0.397279
0.727515
0.747329
0.813284
0.36216
0.483156
0.686692
0.889993
0.943809
0.678608
0.596995
0.688885
0.66676
0.542024
0.784746
0.284858
0.482719
0.442937
0.451918
0.633876
0.371514
0.318231
0.393214
0.815957
0.482336
0.892292
0.553937
0.517656
0.705891
0.331987
0.339071
0.394679
0.568074
0.477073
0.564216
0.955254
0.835809
0.286669
0.438989
0.604865
0.225677
0.642429
0.973521
0.493004
0.605937
0.649015
0.698677
0.802538
0.582598
0.57252
0.590622
0.622335
0.860133
0.557452
0.590351
0.543762
0.767491
0.762904
0.608825
0.621691
0.340004
0.558547
0.408319
0.840623
0.347835
0.421051
0.250622
0.726575
0.661586
0.671582
0.202701
0.245333
0.845681
0.194979
0.49047
0.627717
0.370163
0.781252
0.291269
0.262465
0.331523
0.230017
0.355697
0.297371
0.57319
0.358494
0.349412
0.0893054
0.596297
0.553696
0.805527
0.143729
0.151362
0.509433
0.578227
0.68434
0.4015
0.788755
0.188233
0.49347
0.547793
0.35246
0.450734
0.663857
0.307442
0.694287
0.776418
0.402425
0.135329
0.723431
0.536221
0.52668
0.579612
0.534994
0.380419
0.294373
0.661978
0.708994
0.402702
0.207024
0.67318
0.778579
0.53983
0.42796
0.274477
0.508036
0.597517
0.455475
0.295617
0.121259
0.293161
0.191742
0.619968
0.621262
0.706041
0.548102
0.547441
0.341399
0.525614
0.727355
0.525814
0.86889
0.488528
0.323681
0.641093
0.481281
0.394985
0.880808
0.25753
0.736482
0.595074
0.549059
0.197928
0.356984
0.835695
0.481902
0.354845
0.548892
0.358712
0.112627
0.123344
0.896402
0.140942
0.451774
0.545886
0.472338
0.666625
0.545936
0.560022
0.305381
0.622979
0.238568
0.739483
0.344608
0.909487
0.87342
0.419305
0.56198
0.351518
0.0812247
0.0956131
0.83338
0.508929
0.790258
0.49069
0.738859
0.470256
0.601405
0.673951
0.422676
0.523131
0.668352
0.629451
0.153794
0.591535
0.22353
0.160557
0.227433
0.330536
0.390435
0.522389
0.348313
0.26911
0.422952
0.672688
0.136209
0.391692
0.512304
0.531701
0.394456
0.0490628
0.802251
0.641731
0.782003
0.0892176
0.753173
0.116976
0.529669
0.0988221
0.495648
0.274262
0.341207
0.645893
0.314157
0.835322
0.619811
0.414322
0.401551
0.591229
0.160683
0.620874
0.524878
0.419609
0.950294
0.605278
0.243228
0.545267
0.712959
0.484037
0.818195
0.434842
0.345346
0.758591
0.457596
0.716125
0.879558
0.26844
0.533062
0.512658
0.115398
0.379874
0.41214
0.584235
0.562448
0.300916
0.04551
0.663949
0.332596
0.413111
0.449962
0.382386
0.623615
0.510789
0.227751
0.169608
0.434442
0.838426
0.762945
0.525542
0.652764
0.316714
0.235411
0.549402
0.655551
0.847994
0.593046
0.618772
0.563145
0.591644
0.622887
0.608968
0.287545
0.600069
0.261722
0.543312
0.515503
0.205917
0.786829
0.564936
0.267061
0.551131
0.527466
0.620748
0.170152
0.148478
0.237742
0.748175
0.59189
0.366171
0.771481
0.355325
0.767177
0.726215
0.699724
0.385167
0.565242
0.407092
0.511472
0.754385
0.534757
0.341426
0.538316
0.457502
0.368129
0.799236
0.243563
0.226922
0.425618
0.347412
0.516489
0.6395
0.959884
0.576038
0.612347
0.56027
0.181606
0.482188
0.378748
0.313961
0.306791
0.401807
0.409048
0.474912
0.726389
0.380329
0.763361
0.666033
0.438856
0.372625
0.89782
0.257413
0.386278
0.662933
0.44272
0.855214
0.334686
0.395378
0.470162
0.471479
0.439183
0.605714
0.391821
0.265467
0.134511
0.14491
0.127467
0.247147
0.491686
0.885213
0.684867
0.833476
0.181314
0.0992977
0.291684
0.648087
0.184237
0.903144
0.720005
0.455008
0.390097
0.153258
0.44412
0.117042
0.724486
0.68886
0.272178
0.469421
0.445269
0.309674
0.59235
0.499385
0.748731
0.379937
0.374109
0.222277
0.826158
0.449248
0.56527
0.644806
0.511488
0.280898
0.525406
0.706092
0.160647
0.178283
0.63626
0.587118
0.903199
0.50005
0.729794
0.279211
0.40694
0.75458
0.474479
0.802194
0.296053
0.664449
0.360472
0.462802
0.363449
0.591474
0.424286
0.544027
0.717935
0.712993
0.853594
0.315978
0.506804
0.33998
0.612781
0.758913
0.854505
0.267636
0.229874
0.389045
0.157993
0.549076
0.385476
0.577761
0.379396
0.582731
0.444321
0.254873
0.476624
0.404105
0.570088
0.886528
0.612539
0.572493
0.56409
0.618397
0.283314
0.543303
0.56846
0.474779
0.506613
0.416592
0.774471
0.504232
0.7102
0.952453
0.276602
0.262369
0.461621
0.743869
0.712987
0.522428
0.179575
0.437663
0.83286
0.604258
0.467592
0.894173
0.631632
0.712335
0.710658
0.676268
0.194215
0.673438
0.575401
0.258334
0.387225
0.464605
0.0544708
0.345861
0.540693
0.422
0.695725
0.696246
0.75989
0.521312
0.656861
0.331443
0.507917
0.620313
0.226113
0.533087
0.599665
0.554199
0.449634
0.510706
0.247775
0.474337
0.506192
0.633661
0.301232
0.321051
0.469815
0.117431
0.317207
0.821056
0.600987
0.554861
0.606774
0.90019
0.807042
0.683019
0.395133
0.402038
0.412373
0.776261
0.736957
0.503101
0.379073
0.556146
0.327491
0.715119
0.61865
0.50883
0.350034
0.365176
0.535426
0.500539
0.500409
0.444214
0.442246
0.581777
0.829078
0.714584
0.489141
0.870877
0.0414953
0.967249
0.745537
0.407514
0.397342
0.819275
0.57667
0.366825
0.349263
0.442225
0.454802
0.524745
0.561732
0.612095
0.345887
0.365184
0.450668
0.471397
0.812294
0.219686
0.384423
0.394037
0.472226
0.83017
0.686783
0.343588
0.456445
0.725403
0.582583
0.615611
0.502945
0.801815
0.726588
0.354621
0.330185
0.499279
0.456234
0.236345
0.429513
0.462499
0.408891
0.705881
0.4174
0.578604
0.144231
0.6624
0.588122
0.281602
0.91237
0.480995
0.307499
0.514292
0.208369
0.262323
0.388327
0.738281
0.753747
0.700648
0.588121
0.882719
0.545616
0.46092
0.369805
0.622376
0.614073
0.455512
0.565956
0.875694
0.628466
0.411245
0.587247
0.413435
0.493158
0.61731
0.315696
0.468544
0.573425
0.744733
0.323366
0.737868
0.192103
0.127995
0.557112
0.666334
0.0376129
0.399437
0.630039
0.40423
0.623981
0.867067
0.360253
0.328206
0.443499
0.526407
0.697568
0.0166172
0.452622
0.596999
0.678768
0.569844
0.531755
0.474185
0.552066
0.6662
0.559534
0.486805
0.711364
0.744068
0.742239
0.351424
0.580972
0.200876
0.338951
0.713718
0.591374
0.499547
0.4231
0.667641
0.38669
0.0730453
0.320997
0.643004
0.404458
0.41764
0.368011
0.552084
0.468346
0.265517
0.622982
0.585893
0.534433
0.227363
0.681524
0.550731
0.231681
0.795538
0.228821
0.635643
0.837219
0.598479
0.472553
0.501413
0.827064
0.296942
0.596578
0.581719
0.642915
0.512714
0.37598
0.48706
0.815625
0.680431
0.594134
0.402106
0.585998
0.213099
0.402384
0.367071
0.663521
0.37198
0.762983
0.833745
0.263654
0.231434
0.615902
0.386816
0.564323
0.629363
0.910148
0.521089
0.722218
0.493878
0.140205
0.365253
0.589531
0.436805
0.528228
0.74279
0.27176
0.504669
0.492611
0.460679
0.667207
0.477765
0.543563
0.716506
0.128778
0.60796
0.746309
0.514601
0.38874
0.685833
0.392535
0.48184
0.887026
0.827789
0.520722
0.473729
0.643737
0.373765
0.425977
0.361394
0.316462
0.286166
0.799985
0.390106
0.58303
0.440632
0.641725
0.49996
0.490328
0.199291
0.0795519
0.499347
0.409816
0.657098
0.245286
0.481822
0.240344
0.451896
0.340927
0.377017
0.498921
0.528827
0.538626
0.526199
0.440039
0.749708
0.354523
0.673124
0.344188
0.738008
0.637097
0.260795
0.616195
0.850041
0.310639
0.424746
0.833986
0.663009
0.514475
0.573494
0.888428
0.370512
0.27857
0.446771
0.354851
0.976156
0.376131
0.542161
0.236886
0.675882
0.493838
0.300774
0.723247
0.319637
0.360327
0.44258
0.598073
0.343021
0.473548
0.842016
0.445458
0.559528
0.56763
0.834515
0.2888
0.204001
0.459868
0.84456
0.805591
0.617948
0.418461
0.225893
0.758262
0.467309
0.691636
0.704521
0.281726
0.883338
0.838762
0.315112
0.668235
0.917189
0.504096
0.22144
0.790169
0.698861
0.273787
0.311478
0.301403
0.191107
0.756746
0.457779
0.757845
0.428936
0.530027
0.333765
0.297808
0.135345
0.0893278
0.676544
0.522807
0.603885
0.445249
0.386895
0.719426
0.238712
0.505927
0.357028
0.562876
0.642716
0.386667
0.416755
0.442865
0.644389
0.287208
0.288692
0.552406
0.154023
0.577236
0.443124
0.380194
0.739892
0.230771
0.243151
0.247167
0.815018
0.750069
0.270739
0.527888
0.825166
0.719631
0.724307
0.197359
0.32868
0.130983
0.278474
0.343907
0.358795
0.618823
0.296586
0.288751
0.459038
0.249169
0.286653
0.452895
0.782351
0.50014
0.491318
0.611945
0.144569
0.575983
0.502485
0.679506
0.422853
0.194982
0.29123
0.159759
0.689732
0.491866
0.0436205
0.409853
0.473359
0.675342
0.693068
0.852744
0.534616
0.581388
0.539839
0.281085
0.0516859
0.262911
0.348347
0.39282
0.602723
0.756419
0.812857
0.199083
0.337246
0.666309
0.78222
0.445039
0.226869
0.207419
0.634264
0.18429
0.286013
0.346442
0.690475
0.647472
0.65321
0.68286
0.561578
0.545661
0.423618
0.709984
0.81466
0.449224
0.6234
0.596769
0.352438
0.382733
0.216557
0.630983
0.395327
0.776567
0.534867
0.464397
0.456904
0.415831
0.521539
0.30059
0.203408
0.527209
0.679216
0.166013
0.0879001
0.64439
0.612948
0.404921
0.149706
0.392676
0.558758
0.538822
0.369767
0.833408
0.788435
0.631033
0.472523
0.508829
0.781163
0.29701
0.564953
0.828016
0.552633
0.501034
0.503403
0.434497
0.532238
0.279915
0.378818
0.196184
0.378999
0.534312
0.511007
0.458246
0.62683
0.528315
0.84257
0.199544
0.549779
0.237893
0.623107
0.23326
0.637858
0.688853
0.774329
0.592337
0.5741
0.924921
0.826712
0.240358
0.60346
0.246578
0.318304
0.748493
0.684184
0.361267
0.546312
0.579131
0.312277
0.585614
0.562106
0.116831
0.409689
0.240259
0.80025
0.587205
0.166852
0.377955
0.732187
0.504379
0.230178
0.485536
0.435221
0.787626
0.125162
0.300385
0.467391
0.18783
0.305704
0.382034
0.438892
0.164376
0.22027
0.579516
0.670645
0.353114
0.285532
0.535089
0.830653
0.266008
0.1581
0.864966
0.438767
0.3631
0.194975
0.65767
0.630483
0.637412
0.493347
0.430645
0.0703986
0.353418
0.400364
0.685735
0.405952
0.579699
0.883499
0.704179
0.152067
0.156414
0.652135
0.221714
0.39734
0.738216
0.420994
0.624451
0.22237
0.553222
0.706046
0.80611
0.720887
0.518683
0.543498
0.327271
0.514281
0.353963
0.522519
0.51724
0.650163
0.331457
0.522305
0.659173
0.27559
0.306075
0.544107
0.39908
0.475566
0.663917
0.52887
0.519326
0.667458
0.330758
0.55108
0.217257
0.441942
0.480978
0.77946
0.529587
0.741105
0.587552
0.595144
0.543149
0.264336
0.453731
0.757933
0.532663
0.492617
0.367037
0.511284
0.666117
0.221859
0.516201
0.516639
0.41841
0.495883
0.311658
0.507724
0.333865
0.829691
0.250239
0.555451
0.778249
0.613651
0.464673
0.334025
0.320917
0.589199
0.0985321
0.278918
0.387709
0.786717
0.647234
0.527294
0.325226
0.816182
0.405743
0.031543
0.517101
0.401231
0.163579
0.736529
0.692907
0.547251
0.78777
0.711185
0.570307
0.234134
0.334365
0.125083
0.471088
0.524317
0.829139
0.46059
0.051698
0.476717
0.358114
0.351256
0.788899
0.257219
0.608513
0.437041
0.861184
0.836304
0.500787
0.627012
0.566569
0.664471
0.552327
0.660139
0.417379
0.716063
0.113489
0.354814
0.552668
0.292128
0.61656
0.437706
0.608893
0.472939
0.47829
0.342598
0.189456
0.610792
0.296612
0.869811
0.573756
0.253718
0.482176
0.596857
0.806365
0.390726
0.465323
0.430927
0.306957
0.409205
0.619125
0.693862
0.64161
0.155107
0.539111
0.630207
0.596117
0.48654
0.32031
0.228998
0.691917
0.211395
0.472231
0.249885
0.78528
0.299627
0.612415
0.344233
0.890377
0.260829
0.0791653
0.161812
0.366834
0.577698
0.104098
0.83371
0.612434
0.586052
0.185135
0.722099
0.401553
0.691994
0.300555
0.327458
0.509987
0.316859
0.104739
0.743904
0.266768
0.460577
0.246226
0.553237
0.673621
0.774063
0.948715
0.548332
0.232659
0.531265
0.49562
0.176503
0.622966
0.391499
0.758829
0.593461
0.366675
0.842689
0.412263
0.718497
0.625177
0.216142
0.470887
0.6815
0.766079
0.163479
0.295774
0.552463
0.34154
0.486354
0.705871
0.244064
0.118613
0.209574
0.337067
0.477988
0.302206
0.788259
0.889208
0.205578
0.591299
0.339657
0.401674
0.373468
0.709043
0.290238
0.198148
0.424805
0.0473499
0.32871
0.641194
0.426697
0.566621
0.555551
0.337284
0.714502
0.591219
0.719708
0.432874
0.443588
0.641319
0.433083
0.642189
0.439193
0.441765
0.253418
0.647303
0.235005
0.748552
0.526219
0.511175
0.69108
0.633552
0.87634
0.244238
0.0817392
0.868132
0.239841
0.165184
0.544062
0.546261
0.326766
0.696559
0.277591
0.587749
0.405445
0.235801
0.385896
0.762239
0.298962
0.242339
0.250592
0.374574
0.484396
0.681387
0.328472
0.752166
0.18548
0.465046
0.262342
0.174993
0.349291
0.531349
0.696217
0.888849
0.397591
0.201869
0.685477
0.342465
0.643464
0.45852
0.592623
0.289141
0.763847
0.280167
0.359257
0.893498
0.718605
0.679679
0.5449
0.483986
0.506761
0.0820449
0.523286
0.591764
0.650505
0.684182
0.726754
0.416587
0.297621
0.437053
0.829352
0.36032
0.332932
0.29073
0.759294
0.2687
0.889423
0.843014
0.931388
0.521975
0.649626
0.532253
0.590055
0.615051
0.32793
0.51497
0.65357
0.367762
0.224418
0.368926
0.450154
0.905886
0.240859
0.76226
0.736527
0.553551
0.749485
0.729304
0.889568
0.277632
0.205185
0.193722
0.161685
0.824778
0.891715
0.379585
0.390539
0.691696
0.192582
0.751012
0.553732
0.569302
0.277205
0.620999
0.0590979
0.401385
0.59298
0.0700616
0.661208
0.698386
0.553887
0.81532
0.894723
0.246944
0.816248
0.670647
0.415222
0.355803
0.532271
0.238504
0.638115
0.778731
0.472005
0.474093
0.566292
0.455067
0.90432
0.26245
0.197102
0.708509
0.127555
0.649098
0.399313
0.544793
0.540443
0.364891
0.650665
0.688863
0.643947
0.78568
0.526643
0.502175
0.364623
0.467404
0.331096
0.420747
0.090156
0.397259
0.259325
0.554592
0.307659
0.601548
0.484272
0.589149
0.735398
0.250851
0.556422
0.629342
0.83854
0.903128
0.508059
0.62689
0.619562
0.525395
0.0524866
0.531497
0.573942
0.434581
0.268845
0.30654
0.201765
0.298205
0.663151
0.449885
0.465851
0.33549
0.496185
0.66046
0.587047
0.859543
0.268842
0.291196
0.067307
0.301222
0.755586
0.728977
0.83117
0.35532
0.476622
0.342213
0.37628
0.389688
0.49941
0.63667
0.323559
0.257922
0.460156
0.26017
0.757665
0.156236
0.695897
0.496797
0.74836
0.665158
0.377802
0.391231
0.443404
0.616657
0.536325
0.643831
0.123622
0.427338
0.368825
0.417099
0.610733
0.538327
0.220283
0.694138
0.918611
0.60247
0.127739
0.829746
0.538556
0.55947
0.819077
0.43476
0.749242
0.739589
0.0567751
0.234271
0.841937
0.636543
0.217259
0.540346
0.651638
0.490205
0.496468
0.479879
0.78473
0.319751
0.632277
0.118186
0.933816
0.547875
0.534376
0.618987
0.670319
0.356684
0.712258
0.581384
0.605498
0.415912
0.891919
0.194462
0.810493
0.124078
0.211907
0.350153
0.386039
0.5032
0.889344
0.354967
0.572444
0.887706
0.746537
0.381232
0.790496
0.548152
0.488819
0.298452
0.503886
0.390388
0.624225
0.52543
0.293805
0.87078
0.415647
0.0437551
0.536306
0.76813
0.756083
0.713298
0.573094
0.952899
0.357605
0.530335
0.766332
0.794386
0.144671
0.468918
0.328117
0.34645
0.742413
0.546128
0.815233
0.452446
0.450517
0.251825
0.679815
0.40995
0.0933232
0.48353
0.766541
0.335949
0.136775
0.127051
0.146995
0.873069
0.462836
0.4235
0.681797
0.37752
0.192003
0.763294
0.701149
0.229329
0.444541
0.0477966
0.194421
0.905533
0.431063
0.759208
0.399379
0.456928
0.263081
0.37933
0.181714
0.529001
0.874153
0.29783
0.595462
0.567692
0.442248
0.350644
0.514976
0.850583
0.70396
0.629116
0.729035
0.484152
0.551192
0.700525
0.387756
0.507726
0.300936
0.880613
0.1929
0.744739
0.528768
0.698732
0.722221
0.54193
0.356701
0.696255
0.778464
0.537113
0.585997
0.698853
0.653655
0.596128
0.565577
0.203279
0.199294
0.559613
0.18666
0.519283
0.593081
0.440207
0.394235
0.30727
0.692805
0.71083
0.106013
0.152339
0.368009
0.32464
0.429474
0.315329
0.700069
0.107311
0.567628
0.301483
0.441304
0.162251
0.304129
0.38737
0.623746
0.42938
0.458356
0.746683
0.208188
0.538102
0.701094
0.815535
0.664149
0.59509
0.121424
0.537891
0.371361
0.0475074
0.435478
0.631741
0.233424
0.262299
0.727645
0.0166551
0.394243
0.462169
0.614884
0.543345
0.447864
0.65887
0.224759
0.665845
0.0323546
0.72444
0.377811
0.696945
0.198338
0.740994
0.864905
0.787511
0.942807
0.769714
0.71018
0.770291
0.798855
0.679644
0.310205
0.508866
0.371928
0.676935
0.339993
0.392335
0.713247
0.175146
0.816481
0.616391
0.421007
0.147237
0.710106
0.391394
0.359981
0.0998816
0.495101
0.718068
0.890167
0.310708
0.529137
0.371452
0.495087
0.469114
0.652938
0.733733
0.700365
0.361272
0.400488
0.116571
0.173225
0.239937
0.710464
0.213561
0.393509
0.519709
0.529506
0.323439
0.286865
0.438349
0.697967
0.484671
0.21071
0.324789
0.508755
0.66204
0.183601
0.614455
0.32989
0.125859
0.748648
0.752533
0.681421
0.664443
0.361577
0.625792
0.157297
0.27045
0.194077
0.663604
0.582845
0.441727
0.743058
0.748776
0.298464
0.237285
0.636441
0.578819
0.960168
0.729021
0.526106
0.618283
0.247595
0.489824
0.458622
0.282784
0.370116
0.258675
0.614391
0.495343
0.761663
0.423379
0.805815
0.255662
0.354901
0.46155
0.62513
0.36297
0.325375
0.480468
0.132521
0.933054
0.696249
0.496443
0.475142
0.850108
0.694265
0.0943015
0.827672
0.294018
0.247553
0.607628
0.545032
0.483711
0.515906
0.960383
0.917878
0.277201
0.344153
0.310522
0.421507
0.268939
0.529254
0.636243
0.848797
0.525108
0.791738
0.405485
0.717802
0.597485
0.342113
0.469299
0.844634
0.456484
0.432874
0.319733
0.472247
0.484024
0.786726
0.352829
0.845762
0.666829
0.791659
0.277386
0.624945
0.130792
0.85349
0.310086
0.52447
0.157036
0.2965
0.297636
0.572588
0.32028
0.202797
0.406525
0.378834
0.390153
0.581016
0.52104
0.301386
0.636065
0.755
0.490158
0.404715
0.676273
0.363068
0.363939
0.598132
0.511757
0.858506
0.260042
0.345881
0.385542
0.901909
0.501003
0.83938
0.608075
0.0359866
0.662878
0.522252
0.489301
0.533467
0.675899
0.358761
0.518046
0.308724
0.617748
0.236277
0.429346
0.283746
0.340087
0.392413
0.300334
0.0990753
0.0689673
0.757425
0.315319
0.560351
0.119735
0.602543
0.340684
0.711061
0.367069
0.384811
0.450215
0.422148
0.110766
0.67911
0.541503
0.889084
0.977908
0.587943
0.684027
0.427037
0.502026
0.519639
0.839559
0.454768
0.519896
0.22559
0.595503
0.557858
0.52658
0.487146
0.551803
0.521925
0.629353
0.842787
0.502035
0.226419
0.241125
0.24621
0.549321
0.289647
0.653993
0.545947
0.297674
0.355646
0.633543
0.177145
0.259412
0.413518
0.674529
0.456118
0.619264
0.539867
0.55856
0.868321
0.495784
0.454957
0.854404
0.740348
0.340708
0.783211
0.501549
0.68659
0.11688
0.908686
0.617646
0.721183
0.395355
0.81614
0.170443
0.425851
0.512331
0.308319
0.154854
0.564294
0.426511
0.490096
0.41578
0.53373
0.417529
0.410074
0.757301
0.544218
0.266076
0.250287
0.478875
0.416394
0.556327
0.454621
0.479164
0.388234
0.241313
0.686585
0.568109
0.321483
0.611864
0.507044
0.627884
0.698358
0.309728
0.662557
0.263352
0.29917
0.525517
0.37493
0.582647
0.951466
0.522086
0.522616
0.748506
0.241346
0.123975
0.604588
0.440987
0.577542
0.813548
0.377302
0.372174
0.498928
0.574439
0.555389
0.493522
0.616047
0.622938
0.466683
0.53645
0.577298
0.667947
0.552231
0.526808
0.450418
0.340121
0.601886
0.413846
0.409857
0.430825
0.116132
0.454319
0.620693
0.581527
0.184747
0.492329
0.209711
0.564263
0.272941
0.275557
0.714252
0.293781
0.30559
0.948491
0.899484
0.212012
0.440185
0.863281
0.334694
0.685468
0.419135
0.848847
0.619249
0.0562126
0.892031
0.578865
0.148831
0.48702
0.598518
0.17925
0.312588
0.241344
0.302376
0.715776
0.511813
0.538731
0.867453
0.702435
0.89078
0.626298
0.366067
0.771185
0.170371
0.206893
0.110504
0.643691
0.475104
0.864581
0.498237
0.545697
0.544195
0.128058
0.0614906
0.704652
0.717281
0.312638
0.611775
0.571206
0.585425
0.281426
0.370017
0.405217
0.698028
0.266304
0.472913
0.366876
0.216275
0.38936
0.246124
0.253593
0.403744
0.0253784
0.134946
0.523251
0.344784
0.146021
0.183069
0.244467
0.781321
0.286324
0.450068
0.614483
0.958682
0.27413
0.758227
0.685297
0.87108
0.363093
0.659343
0.438689
0.79739
0.409861
0.512121
0.35073
0.517823
0.236081
0.560791
0.586435
0.602143
0.315846
0.405573
0.465151
0.660029
0.929195
0.755607
0.837338
0.444236
0.922318
0.354986
0.513344
0.697152
0.21506
0.472502
0.384804
0.631395
0.696375
0.345744
0.879296
0.435064
0.64834
0.970164
0.888875
0.692277
0.339361
0.623741
0.313106
0.609611
0.42719
0.517857
0.357221
0.439088
0.312385
0.465035
0.226036
0.488299
0.582832
0.45413
0.354237
0.608333
0.689957
0.523628
0.313676
0.5501
0.497253
0.323659
0.538283
0.579689
0.841748
0.757364
0.507241
0.743391
0.749032
0.592217
0.527032
0.672999
0.442482
0.431963
0.252987
0.322014
0.78729
0.439759
0.590959
0.523394
0.309945
0.703171
0.619756
0.759453
0.433764
0.631641
0.174942
0.534545
0.0711251
0.277042
0.234647
0.241155
0.213008
0.467962
0.747997
0.410029
0.156474
0.148334
0.546806
0.234954
0.510718
0.811028
0.481132
0.762829
0.622296
0.417046
0.419348
0.639638
0.560183
0.69094
0.253329
0.302958
0.801258
0.683066
0.5494
0.511629
0.75686
0.489317
0.485653
0.6032
0.28103
0.51895
0.716271
0.369794
0.301072
0.70113
0.803479
0.44299
0.711047
0.520826
0.857743
0.578382
0.168837
0.774672
0.526851
0.730404
0.437395
0.937425
0.474493
0.308079
0.410814
0.529646
0.488966
0.502286
0.465827
0.877227
0.362636
0.575197
0.279381
0.153383
0.682774
0.502491
0.752896
0.593747
0.674393
0.358979
0.683837
0.275181
0.235715
0.338261
0.325225
0.348935
0.806886
0.297039
0.473721
0.118774
0.712573
0.21472
0.726886
0.354705
0.619057
0.458917
0.0502676
0.732919
0.246459
0.247496
0.294918
0.792585
0.476712
0.697766
0.305981
0.300112
0.497915
0.853468
0.262965
0.411502
0.625687
0.58016
0.392335
0.523433
0.442148
0.71964
0.193036
0.203679
0.393148
0.394029
0.315595
0.591508
0.484384
0.350134
0.735394
0.658668
0.717005
0.734721
0.360775
0.2216
0.403353
0.691318
0.71657
0.595497
0.503456
0.669182
0.343706
0.780827
0.622891
0.835046
0.555496
0.572958
0.812659
0.478271
0.691241
0.485502
0.811675
0.800037
0.507776
0.878001
0.372523
0.477189
0.349577
0.678595
0.811077
0.391366
0.738064
0.592268
0.42063
0.414042
0.520707
0.185331
0.891148
0.638092
0.220584
0.236743
0.374277
0.446526
0.226995
0.7469
0.334722
0.809
0.467766
0.494532
0.328642
0.696734
0.703875
0.532301
0.349649
0.506474
0.587006
0.511767
0.883084
0.384093
0.620677
0.728306
0.30915
0.838497
0.165555
0.276634
0.295559
0.0364217
0.629579
0.70755
0.3203
0.668772
0.483534
0.576524
0.465163
0.279116
0.242679
0.274751
0.620634
0.944965
0.55507
0.533313
0.742801
0.202458
0.537196
0.491047
0.302878
0.105083
0.497556
0.216768
0.569984
0.307053
0.688798
0.576461
0.367805
0.561968
0.729046
0.336069
0.445745
0.527385
0.333048
0.390497
0.605218
0.265919
0.493757
0.509469
0.221682
0.833505
0.254982
0.49085
0.803056
0.34544
0.715719
0.112067
0.225132
0.410837
0.406809
0.77025
0.284623
0.32611
0.180526
0.201716
0.210458
0.418116
0.753734
0.671429
0.273949
0.427583
0.0452322
0.523048
0.638473
0.823446
0.447912
0.480207
0.589267
0.93871
0.676361
0.0896274
0.283985
0.318484
0.33052
0.196713
0.664623
0.170783
0.316043
0.344231
0.671459
0.31075
0.261958
0.484723
0.399604
0.488908
0.0762791
0.397251
0.838818
0.494064
0.280174
0.699126
0.337196
0.421506
0.261328
0.843222
0.429359
0.497101
0.587116
0.491516
0.669769
0.34793
0.518219
0.155475
0.111798
0.610079
0.363304
0.493908
0.073176
0.264214
0.31539
0.158918
0.328436
0.589566
0.410533
0.080575
0.868991
0.626946
0.249449
0.0809337
0.371458
0.541419
0.622698
0.70802
0.514864
0.775263
0.180064
0.680414
0.287347
0.381837
0.284742
0.83306
0.422997
0.430977
0.692973
0.954911
0.609431
0.376553
0.699734
0.40905
0.60676
0.776816
0.391124
0.425912
0.418551
0.258137
0.144065
0.460216
0.155415
0.612801
0.513936
0.50225
0.731853
0.421435
0.650779
0.234124
0.536974
0.0907419
0.384689
0.421623
0.719713
0.697126
0.62102
0.432272
0.229183
0.526859
0.686032
0.270256
0.750773
0.703407
0.263604
0.518805
0.178626
0.79253
0.563628
0.0806747
0.265116
0.775804
0.362727
0.607354
0.0879567
0.783162
0.557909
0.507608
0.475557
0.475106
0.373783
0.426004
0.531256
0.46519
0.363969
0.582019
0.897062
0.673424
0.347317
0.360384
0.397512
0.501197
0.419574
0.543258
0.204293
0.718374
0.681102
0.574884
0.662229
0.453162
0.321302
0.749338
0.417278
0.175391
0.200336
0.211995
0.487155
0.563831
0.568802
0.665342
0.415202
0.64816
0.565967
0.669771
0.648142
0.116219
0.637187
0.429949
0.778328
0.177175
0.511148
0.957427
0.791125
0.371222
0.377542
0.500086
0.45804
0.216428
0.405807
0.629051
0.51623
0.583376
0.745563
0.37371
0.775012
0.688212
0.64935
0.295444
0.790003
0.0947202
0.35832
0.390709
0.745504
0.616062
0.391483
0.714087
0.68577
0.506798
0.879146
0.611931
0.735778
0.335812
0.581168
0.457232
0.452117
0.430777
0.230649
0.276334
0.444642
0.284776
0.343692
0.158117
0.409494
0.3157
0.635846
0.336272
0.714123
0.369065
0.185871
0.835307
0.174949
0.354852
0.487432
0.0708901
0.668256
0.909014
0.529374
0.795163
0.714985
0.47026
0.545164
0.277658
0.180006
0.662749
0.0721729
0.612426
0.226539
0.375316
0.461374
0.54202
0.16631
0.427863
0.478119
0.18894
0.346092
0.715522
0.634605
0.585178
0.211247
0.721234
0.394642
0.390487
0.186895
0.287362
0.391378
0.689989
0.517333
0.536954
0.798575
0.261758
0.204333
0.835301
0.496078
0.704997
0.684939
0.18239
0.670104
0.319438
0.889397
0.926905
0.488964
0.126586
0.819832
0.192371
0.494848
0.42343
0.7903
0.406091
0.352309
0.259257
0.468849
0.321492
0.594051
0.726185
0.362202
0.424495
0.504663
0.454034
0.883689
0.614555
0.782915
0.700179
0.645068
0.550973
0.623241
0.424989
0.612831
0.555125
0.357045
0.243495
0.769652
0.45922
0.294434
0.143896
0.921577
0.292215
0.407027
0.363543
0.291599
0.193518
0.492446
0.313013
0.540225
0.445095
0.461126
0.438903
0.353681
0.512611
0.386061
0.415979
0.740359
0.486229
0.456115
0.559284
0.176149
0.311695
0.473526
0.346848
0.239269
0.70233
0.0362197
0.44362
0.375219
0.622549
0.545566
0.617241
0.432496
0.733551
0.180198
0.436287
0.609675
0.691776
0.476522
0.14162
0.454501
0.690788
0.65654
0.58144
0.555601
0.137176
0.343612
0.600698
0.567456
0.351121
0.306789
0.775478
0.70924
0.682244
0.374321
0.882963
0.378168
0.431366
0.656997
0.49764
0.517971
0.468793
0.721911
0.104332
0.383117
0.439767
0.357298
0.618717
0.339419
0.447698
0.0690601
0.70593
0.841631
0.105801
0.449606
0.787894
0.728687
0.847772
0.559626
0.629993
0.477176
0.388114
0.463443
0.397715
0.553708
0.722759
0.558534
0.0738958
0.506774
0.560581
0.339888
0.627175
0.438732
0.0764604
0.739785
0.322307
0.498551
0.37649
0.683652
0.562935
0.535927
0.565978
0.5026
0.157466
0.557403
0.31085
0.343281
0.398663
0.625116
0.283089
0.715679
0.847586
0.838792
0.880829
0.819475
0.7125
0.541628
0.613741
0.289588
0.713382
0.390662
0.544312
0.501544
0.322649
0.432284
0.175675
0.577274
0.272727
0.823486
0.176583
0.731982
0.221096
0.339501
0.334173
0.602701
0.463427
0.808432
0.625139
0.199165
0.585444
0.613522
0.795931
0.617615
0.444126
0.903661
0.342622
0.158177
0.368884
0.652778
0.781051
0.486426
0.473332
0.70874
0.597878
0.479763
0.468282
0.472364
0.273169
0.399231
0.366576
0.347193
0.765144
0.5274
0.4704
0.600646
0.347701
0.412939
0.531684
0.777164
0.191356
0.362499
0.476231
0.303995
0.578211
0.820544
0.582183
0.430215
0.641583
0.277733
0.503467
0.139643
0.520913
0.848508
0.52883
0.678243
0.822587
0.658482
0.467093
0.336662
0.777289
0.682274
0.549263
0.128521
0.484509
0.17241
0.238098
0.505074
0.63484
0.819906
0.835783
0.746876
0.600677
0.28717
0.780318
0.173078
0.785955
0.753846
0.521254
0.308972
0.125541
0.61622
0.365401
0.152411
0.62491
0.48081
0.683132
0.679736
0.330733
0.0927817
0.365901
0.731826
0.622989
0.339794
0.425619
0.920901
0.719249
0.971912
0.126489
0.698702
0.28173
0.178213
0.539943
0.726672
0.517764
0.660702
0.413297
0.18877
0.1643
0.346168
0.242756
0.687524
0.247062
0.876606
0.441383
0.363976
0.50499
0.518827
0.492669
0.382117
0.870595
0.633886
0.480322
0.418457
0.396838
0.346943
0.384901
0.297342
0.521173
0.558195
0.537921
0.41265
0.557373
0.43549
0.624057
0.0764904
0.305766
0.529267
0.622061
0.435525
0.172494
0.150423
0.575034
0.595548
0.688446
0.651753
0.580662
0.594937
0.318459
0.753572
0.392048
0.367611
0.451441
0.554162
0.0197731
0.83611
0.462013
0.365647
0.225788
0.775434
0.234323
0.515941
0.799791
0.588247
0.538632
0.257382
0.508692
0.132096
0.651316
0.422677
0.609799
0.739252
0.108896
0.468794
0.318354
0.569798
0.48673
0.549415
0.620032
0.438598
0.592986
0.256574
0.819047
0.756775
0.968523
0.172116
0.712468
0.728299
0.583306
0.369594
0.281385
0.442347
0.619982
0.507228
0.289545
0.502022
0.235231
0.152553
0.68009
0.330087
0.689536
0.479386
0.661001
0.792316
0.735977
0.47773
0.369906
0.279109
0.158689
0.31724
0.50884
0.385969
0.3516
0.504881
0.339619
0.333495
0.328079
0.477401
0.930421
0.26749
0.552117
0.769244
0.544218
0.579832
0.481665
0.396522
0.559678
0.390714
0.714755
0.597683
0.815164
0.832888
0.129033
0.571492
0.266455
0.278536
0.905319
0.852947
0.348804
0.649397
0.325832
0.967766
0.433979
0.450764
0.737693
0.506057
0.77289
0.169988
0.572336
0.755811
0.314444
0.180104
0.31146
0.536822
0.291238
0.789219
0.290126
0.375685
0.462731
0.576264
0.227651
0.662473
0.406504
0.653756
0.376899
0.429736
0.748247
0.498186
0.682615
0.39443
0.221088
0.488657
0.839406
0.403425
0.444892
0.294403
0.140016
0.423186
0.816162
0.2518
0.504505
0.714281
0.399149
0.371519
0.580958
0.83132
0.208822
0.116419
0.308355
0.588969
0.776299
0.590819
0.332227
0.134638
0.387372
0.281778
0.663717
0.768499
0.384764
0.492995
0.47267
0.651432
0.424719
0.611965
0.405393
0.541543
0.578571
0.351009
0.817684
0.699868
0.669907
0.102808
0.313784
0.60589
0.237945
0.551066
0.981846
0.623501
0.517768
0.176921
0.716577
0.258021
0.328021
0.301731
0.519653
0.644913
0.756704
0.306871
0.66855
0.410807
0.535689
0.171149
0.6444
0.54747
0.494583
0.966476
0.209512
0.439335
0.484556
0.452412
0.525173
0.185219
0.162774
0.410219
0.700357
0.854861
0.0280416
0.357033
0.161972
0.320892
0.598299
0.280796
0.737254
0.306879
0.620588
0.536556
0.33896
0.792048
0.704109
0.544781
0.643953
0.413328
0.767006
0.432287
0.155833
0.505334
0.687489
0.756425
0.542219
0.418913
0.0499368
0.453148
0.637317
0.758877
0.376586
0.14957
0.500395
0.681556
0.235446
0.481662
0.420793
0.392789
0.615062
0.557695
0.760086
0.486974
0.456738
0.208058
0.522039
0.767813
0.234873
0.662086
0.540963
0.691372
0.475997
0.292503
0.179106
0.572078
0.607172
0.568128
0.423705
0.192278
0.524351
0.855455
0.774316
0.455993
0.771337
0.209727
0.311056
0.227484
0.719966
0.296149
0.834378
0.495256
0.642126
0.581848
0.467006
0.502129
0.564259
0.439204
0.608644
0.481994
0.294951
0.801191
0.634106
0.643892
0.516243
0.509347
0.725471
0.544023
0.829288
0.494981
0.728899
0.486324
0.644985
0.434278
0.426728
0.592238
0.310198
0.517887
0.615481
0.180293
0.360205
0.475648
0.38041
0.596124
0.287986
0.497067
0.457186
0.633561
0.720988
0.688165
0.571389
0.687397
0.895977
0.705335
0.646393
0.778484
0.322623
0.706824
0.770288
0.59176
0.526419
0.26246
0.812464
0.66784
0.761575
0.362268
0.580473
0.3888
0.0845118
0.164578
0.407802
0.398774
0.178569
0.624266
0.0631781
0.599992
0.320561
0.141741
0.872034
0.364878
0.379808
0.373319
0.440752
0.604842
0.740255
0.343585
0.874323
0.336386
0.536317
0.500394
0.378031
0.385147
0.59307
0.35312
0.133802
0.868506
0.461406
0.334779
0.341834
0.597385
0.938796
0.528657
0.318133
0.537863
0.466259
0.400064
0.538587
0.473226
0.792192
0.673843
0.520193
0.507082
0.293655
0.498249
0.430069
0.548169
0.845764
0.535836
0.812879
0.417478
0.629802
0.621972
0.327282
0.218308
0.770669
0.631598
0.382049
0.609893
0.694311
0.194871
0.0624535
0.625216
0.595741
0.40231
0.237578
0.673637
0.408279
0.140061
0.239152
0.86896
0.164645
0.195922
0.502543
0.823566
0.64051
0.776742
0.560539
0.549236
0.671158
0.0778179
0.780532
0.605284
0.531854
0.544928
0.735739
0.634637
0.77257
0.469609
0.601079
0.428468
0.897672
0.55831
0.464336
0.660034
0.781212
0.616056
0.943225
0.428314
0.208429
0.48523
0.498998
0.252094
0.434109
0.880111
0.837201
0.655117
0.148407
0.75779
0.786222
0.982916
0.740763
0.366086
0.544238
0.59197
0.252548
0.609088
0.685206
0.551792
0.409048
0.87095
0.314501
0.500588
0.621421
0.438565
0.764847
0.295097
0.349247
0.163741
0.723149
0.595257
0.714308
0.505497
0.678863
0.5243
0.256199
0.59312
0.58452
0.544915
0.720424
0.450593
0.619039
0.692103
0.769579
0.52303
0.444441
0.803344
0.508258
0.645731
0.346602
0.386703
0.712305
0.096496
0.650661
0.767502
0.153036
0.371812
0.801713
0.654181
0.40706
0.827543
0.501411
0.263971
0.542314
0.324746
0.791095
0.649012
0.570951
0.52124
0.472089
0.86353
0.559692
0.449551
0.753774
0.612705
0.788282
0.521865
0.520071
0.523857
0.346657
0.602592
0.604957
0.180565
0.561464
0.789204
0.967642
0.560355
0.142548
0.541932
0.658024
0.51658
0.440037
0.30297
0.463059
0.445103
0.702645
0.745815
0.624654
0.276435
0.227826
0.795342
0.519733
0.433926
0.294389
0.559274
0.69307
0.39865
0.26822
0.311639
0.633542
0.521602
0.271717
0.168863
0.184411
0.72384
0.307574
0.599111
0.478262
0.725182
0.227533
0.405508
0.787229
0.442104
0.436737
0.323859
0.179126
0.695443
0.224297
0.875496
0.870113
0.368542
0.610709
0.615879
0.664515
0.656462
0.602741
0.919574
0.872433
0.546883
0.746414
0.442231
0.0957579
0.673317
0.368707
0.400188
0.773216
0.681259
0.898605
0.308332
0.375076
0.247911
0.658118
0.816833
0.638138
0.396084
0.513896
0.787378
0.731634
0.742923
0.280065
0.249537
0.744652
0.32407
0.76291
0.877881
0.385731
0.633885
0.338024
0.630469
0.285229
0.522367
0.45056
0.689348
0.291106
0.589378
0.429197
0.843669
0.648735
0.71682
0.504454
0.456065
0.455375
0.879361
0.921978
0.152901
0.279925
0.374363
0.54142
0.879024
0.338588
0.611619
0.811542
0.457642
0.617067
0.603528
0.51216
0.79596
0.829917
0.296338
0.653563
0.377183
0.107687
0.883081
0.924029
0.679527
0.802462
0.738809
0.576056
0.66286
0.302443
0.618789
0.641941
0.463585
0.746187
0.260247
0.369337
0.438413
0.527123
0.528308
0.267392
0.197625
0.478982
0.746748
0.65412
0.768469
0.132762
0.354189
0.595616
0.529308
0.435843
0.026356
0.627732
0.555143
0.823895
0.405023
0.650864
0.515137
0.536186
0.574273
0.388449
0.762772
0.564927
0.4247
0.799808
0.25925
0.629277
0.546175
0.337967
0.470776
0.564627
0.289798
0.443066
0.38034
0.517795
0.639669
0.661992
0.754631
0.838754
0.0350957
0.784858
0.306696
0.559517
0.783865
0.388952
0.394982
0.350805
0.207208
0.180783
0.399376
0.347126
0.657075
0.526843
0.414872
0.230882
0.546353
0.563723
0.403496
0.466143
0.532642
0.278191
0.445099
0.0726928
0.496234
0.447873
0.227656
0.330992
0.452887
0.833146
0.417696
0.308672
0.542058
0.51089
0.551476
0.599182
0.731185
0.240695
0.58754
0.663229
0.37667
0.754176
0.261271
0.663615
0.282166
0.858002
0.38208
0.684119
0.394816
0.741277
0.71384
0.223023
0.78004
0.37788
0.579199
0.351939
0.515531
0.414415
0.828392
0.430526
0.645046
0.934373
0.813188
0.767754
0.832653
0.48914
0.50658
0.620318
0.358029
0.28648
0.908859
0.418839
0.593458
0.427108
0.380681
0.612475
0.603137
0.57999
0.543772
0.522556
0.505425
0.486984
0.889879
0.0958901
0.738652
0.187451
0.738596
0.448344
0.871124
0.35347
0.184695
0.0893346
0.595935
0.12626
0.175585
0.717851
0.551225
0.844461
0.35952
0.48064
0.6065
0.554877
0.845187
0.583172
0.255641
0.696319
0.513293
0.64401
0.257223
0.847169
0.520779
0.683225
0.662785
0.427283
0.63829
0.135453
0.373655
0.244874
0.561517
0.778249
0.866964
0.278988
0.337043
0.466342
0.731483
0.588193
0.54332
0.062425
0.653887
0.736126
0.367388
0.455102
0.496098
0.624502
0.21798
0.554621
0.604303
0.624222
0.515627
0.157015
0.490299
0.8952
0.300387
0.567269
0.525766
0.285536
0.29783
0.372157
0.290116
0.700666
0.583892
0.253355
0.712522
0.833094
0.489246
0.73146
0.648764
0.143358
0.383783
0.731549
0.533519
0.482836
0.481855
0.860891
0.748711
0.249023
0.308894
0.289446
0.348549
0.463903
0.97003
0.123767
0.781885
0.666042
0.361338
0.164941
0.252507
0.507031
0.464335
0.441185
0.357998
0.442892
0.864359
0.405725
0.647783
0.411086
0.633442
0.690585
0.740993
0.883739
0.718317
0.806908
0.144768
0.187714
0.474175
0.682434
0.413621
0.482155
0.484795
0.426765
0.790498
0.284122
0.809682
0.715033
0.470144
0.432955
0.298827
0.680607
0.125415
0.383976
0.615724
0.707455
0.837154
0.722167
0.609257
0.0127838
0.568252
0.286437
0.175098
0.410601
0.322529
0.79512
0.747221
0.146798
0.129049
0.363307
0.560179
0.196391
0.492505
0.302661
0.82275
0.413557
0.95029
0.594313
0.443589
0.425064
0.876879
0.425495
0.449506
0.657744
0.176163
0.180506
0.236993
0.89062
0.50233
0.776654
0.297634
0.222316
0.649952
0.735793
0.558013
0.344378
0.253872
0.382081
0.474748
0.511125
0.439546
0.0565859
0.525279
0.59666
0.564431
0.239354
0.235034
0.629664
0.691079
0.469585
0.381592
0.696598
0.432539
0.45452
0.516481
0.103939
0.310692
0.757679
0.44522
0.690073
0.768166
0.457066
0.306241
0.17747
0.474421
0.163973
0.389317
0.455773
0.566667
0.293005
0.834108
0.686409
0.466208
0.473945
0.349469
0.619375
0.410857
0.496097
0.594125
0.512788
0.84404
0.67572
0.359358
0.545859
0.801211
0.537185
0.694314
0.615892
0.434213
0.698476
0.614562
0.90994
0.314193
0.851664
0.534535
0.641754
0.653718
0.728973
0.564468
0.344626
0.588698
0.44507
0.812465
0.61078
0.160753
0.106203
0.33232
0.667907
0.140637
0.576799
0.857708
0.683494
0.333363
0.794172
0.963387
0.187559
0.50563
0.521942
0.294021
0.504412
0.576201
0.432802
0.501257
0.584085
0.209835
0.411257
0.529676
0.624036
0.455416
0.966958
0.392254
0.371768
0.568895
0.649256
0.575938
0.498978
0.661666
0.353602
0.717985
0.437862
0.315017
0.410421
0.693671
0.570208
0.301257
0.347073
0.256007
0.159894
0.0521695
0.213546
0.368074
0.419423
0.5154
0.362488
0.368622
0.101108
0.539409
0.574206
0.111532
0.503549
0.427609
0.417271
0.719794
0.284014
0.302328
0.735338
0.5946
0.467356
0.419202
0.150809
0.320196
0.542083
0.572634
0.475969
0.10511
0.534214
0.732948
0.422224
0.400377
0.449548
0.555847
0.498048
0.3354
0.474957
0.404824
0.486285
0.112055
0.829344
0.527124
0.391416
0.497675
0.654883
0.523906
0.247427
0.057538
0.339165
0.755211
0.676894
0.267482
0.658879
0.32038
0.591913
0.147267
0.13565
0.75452
0.427502
0.555322
0.494663
0.581679
0.298104
0.785486
0.61669
0.365322
0.967799
0.106381
0.374159
0.39675
0.524871
0.384034
0.741867
0.662082
0.651345
0.42838
0.572994
0.728434
0.378116
0.204264
0.431009
0.689901
0.716298
0.547567
0.368121
0.313988
0.555428
0.52709
0.540878
0.529097
0.719126
0.592814
0.553562
0.393713
0.568863
0.651154
0.919977
0.687898
0.546447
0.707852
0.534284
0.767726
0.545847
0.219116
0.541486
0.323278
0.504998
0.291631
0.498196
0.68084
0.608199
0.372082
0.714321
0.789897
0.489724
0.0667951
0.166268
0.535582
0.329292
0.232138
0.37232
0.51718
0.729994
0.476293
0.120782
0.433328
0.269327
0.213028
0.44155
0.71452
0.613941
0.408107
0.2117
0.543566
0.588736
0.15894
0.285745
0.404599
0.590929
0.248114
0.541165
0.301285
0.739714
0.81143
0.72986
0.784839
0.652145
0.761061
0.52612
0.432486
0.735866
0.604464
0.661763
0.41698
0.88931
0.799674
0.539056
0.30782
0.499993
0.787589
0.712039
0.744776
0.631527
0.341893
0.626886
0.624353
0.789988
0.377223
0.511926
0.439824
0.660241
0.356221
0.307939
0.91545
0.702871
0.436078
0.529374
0.575512
0.502331
0.495213
0.447084
0.88879
0.756936
0.180701
0.483233
0.629095
0.301328
0.117078
0.708977
0.0925036
0.552034
0.417146
0.335558
0.811895
0.766753
0.63541
0.589431
0.909436
0.507975
0.304764
0.862046
0.727625
0.201586
0.697049
0.524917
0.879532
0.681055
0.448125
0.300596
0.358843
0.607853
0.688057
0.0801821
0.350353
0.658711
0.817062
0.57799
0.381521
0.370347
0.0678281
0.213999
0.45571
0.532297
0.494838
0.114709
0.307751
0.518461
0.531318
0.123037
0.422432
0.447993
0.75444
0.207861
0.456568
0.566164
0.499401
0.163859
0.705247
0.735824
0.463001
0.492245
0.7529
0.430081
0.437353
0.853045
0.449801
0.616823
0.81434
0.479532
0.854642
0.425718
0.501455
0.445438
0.783789
0.488302
0.389634
0.675579
0.607859
0.841797
0.513727
0.590515
0.436227
0.787261
0.54621
0.77586
0.330109
0.0927241
0.764783
0.0668866
0.184829
0.43191
0.634465
0.439027
0.421895
0.449181
0.644814
0.594917
0.631527
0.34133
0.542909
0.138593
0.806237
0.346839
0.602693
0.727472
0.306108
0.533243
0.571335
0.592743
0.696377
0.273201
0.433205
0.31879
0.597972
0.799923
0.632112
0.772271
0.691599
0.732566
0.892409
0.571483
0.516027
0.462219
0.279606
0.486634
0.701183
0.289121
0.641112
0.161651
0.276693
0.701711
0.567721
0.548141
0.696479
0.688159
0.516482
0.442138
0.720049
0.470987
0.735569
0.514261
0.791106
0.555415
0.631775
0.723898
0.554088
0.482047
0.721265
0.508056
0.14928
0.674535
0.304195
0.635492
0.927109
0.272831
0.503845
0.616746
0.722261
0.342667
0.310871
0.560715
0.328228
0.351873
0.77331
0.368385
0.31293
0.304174
0.472967
0.154338
0.316016
0.421077
0.928796
0.786679
0.468489
0.762479
0.567915
0.435984
0.575263
0.676625
0.404866
0.523916
0.201287
0.470028
0.569764
0.46212
0.301862
0.687999
0.325931
0.0720253
0.537767
0.396381
0.21767
0.576184
0.415828
0.855142
0.48879
0.551765
0.395547
0.474429
0.912499
0.736832
0.102428
0.443727
0.173307
0.58003
0.788612
0.924732
0.441555
0.424306
0.681451
0.69857
0.281195
0.215285
0.860648
0.65799
0.531444
0.624933
0.304589
0.535151
0.302943
0.481125
0.246485
0.255629
0.729046
0.893748
0.480956
0.809271
0.612855
0.467963
0.261678
0.528518
0.610632
0.495243
0.430722
0.664828
0.0922205
0.512834
0.420203
0.653812
0.319086
0.122233
0.766875
0.459723
0.58061
0.457335
0.280283
0.889914
0.429267
0.692859
0.50511
0.769888
0.655292
0.483682
0.118339
0.369571
0.641488
0.725707
0.401845
0.471435
0.238777
0.528891
0.431066
0.471084
0.303126
0.793055
0.620352
0.400941
0.534487
0.277096
0.265633
0.267654
0.758348
0.552247
0.725025
0.593847
0.29055
0.229977
0.378004
0.554843
0.525971
0.855189
0.503765
0.600985
0.391718
0.355319
0.219396
0.456169
0.305442
0.435971
0.618494
0.883236
0.279411
0.313703
0.250845
0.60682
0.310948
0.176612
0.0837917
0.284305
0.699886
0.263309
0.585915
0.415494
0.43364
0.450938
0.57366
0.0816266
0.780533
0.242853
0.461518
0.404367
0.731999
0.546573
0.556409
0.11539
0.43429
0.132648
0.536865
0.627182
0.250308
0.665062
0.257668
0.495695
0.0921896
0.193787
0.520541
0.165465
0.665266
0.500123
0.45153
0.38783
0.264028
0.68545
0.625707
0.202867
0.260715
0.894011
0.579805
0.375674
0.427158
0.560346
0.853423
0.677627
0.230498
0.572023
0.199415
0.403227
0.243409
0.738265
0.6041
0.513169
0.309441
0.455116
0.257904
0.794261
0.604128
0.457765
0.117073
0.426809
0.232457
0.550653
0.697074
0.8501
0.503353
0.705985
0.738305
0.316604
0.521781
0.421279
0.384753
0.525523
0.739105
0.726573
0.516208
0.226312
0.602323
0.731913
0.374675
0.682792
0.442804
0.105752
0.625594
0.388487
0.245152
0.374876
0.494501
0.423805
0.936819
0.9365
0.119754
0.845691
0.339102
0.673133
0.261949
0.500374
0.420132
0.560863
0.510652
0.149838
0.490501
0.161668
0.629064
0.302632
0.482132
0.390387
0.177257
0.139659
0.45103
0.446978
0.554598
0.425555
0.444537
0.304678
0.601987
0.296292
0.373707
0.6447
0.40453
0.313621
0.531438
0.628088
0.435287
0.676997
0.896985
0.895354
0.180699
0.483585
0.367464
0.684523
0.888332
0.426999
0.556992
0.958215
0.577567
0.325383
0.304078
0.430379
0.453846
0.369455
0.527884
0.383314
0.36711
0.481161
0.573998
0.665599
0.455057
0.673539
0.190325
0.261555
0.111828
0.302429
0.273738
0.322862
0.42277
0.600663
0.528097
0.552966
0.705881
0.885337
0.674279
0.834888
0.30057
0.828817
0.352829
0.493069
0.244358
0.184081
0.859862
0.0798748
0.478142
0.355035
0.356851
0.577378
0.720655
0.202428
0.694906
0.405057
0.152727
0.475982
0.494184
0.62402
0.551999
0.263372
0.619054
0.228393
0.518693
0.346675
0.189635
0.414484
0.433076
0.356912
0.77034
0.718368
0.285236
0.11732
0.376039
0.41249
0.517799
0.565956
0.436484
0.551938
0.522208
0.648283
0.859607
0.56099
0.429195
0.0703465
0.834313
0.25058
0.334063
0.803173
0.513413
0.657286
0.597415
0.729015
0.217299
0.594485
0.361937
0.820065
0.298999
0.806282
0.425877
0.740264
0.811235
0.614859
0.613841
0.260835
0.616105
0.451849
0.285522
0.380163
0.578023
0.664366
0.622996
0.538633
0.480528
0.486329
0.837208
0.319083
0.807598
0.565682
0.434273
0.523465
0.530099
0.438155
0.682217
0.51635
0.537969
0.338181
0.418777
0.225916
0.358795
0.737595
0.340898
0.193018
0.803386
0.502744
0.41654
0.558988
0.178967
0.560627
0.559426
0.382777
0.210639
0.464696
0.207352
0.678066
0.311698
0.250938
0.444691
0.560978
0.843474
0.474864
0.809707
0.399007
0.505282
0.320039
0.427311
0.351791
0.495137
0.16876
0.107881
0.19436
0.581834
0.525521
0.052769
0.313478
0.229042
0.683892
0.307129
0.767704
0.412018
0.52742
0.100676
0.8018
0.26757
0.3552
0.717015
0.706112
0.217906
0.622718
0.0321587
0.411544
0.708979
0.488613
0.362858
0.710748
0.203959
0.557963
0.265372
0.496175
0.572458
0.212736
0.425308
0.905576
0.516132
0.420018
0.779138
0.765618
0.671286
0.408657
0.508047
0.224205
0.529106
0.604932
0.544706
0.462157
0.814136
0.217884
0.733616
0.374852
0.461646
0.364934
0.785643
0.614467
0.334486
0.628402
0.667361
0.383437
0.320081
0.433563
0.565844
0.369764
0.448166
0.638861
0.569511
0.714794
0.66991
0.228907
0.705671
0.404087
0.439028
0.500882
0.475377
0.472015
0.735535
0.634979
0.526218
0.410697
0.172738
0.539494
0.103679
0.673914
0.328116
0.861213
0.421692
0.66661
0.438695
0.551692
0.592995
0.11062
0.601553
0.380086
0.259935
0.677245
0.620077
0.783123
0.566335
0.777291
0.636594
0.942868
0.111051
0.399209
0.692009
0.482895
0.523842
0.385954
0.353063
0.673489
0.80418
0.541193
0.547854
0.53651
0.563621
0.455475
0.25022
0.240539
0.312375
0.443006
0.653637
0.176928
0.430681
0.479643
0.475238
0.60739
0.465623
0.532727
0.530585
0.773745
0.394017
0.673393
0.719816
0.360444
0.491979
0.361979
0.565799
0.700509
0.451811
0.297143
0.444905
0.615501
0.886828
0.71934
0.651044
0.28015
0.364749
0.55926
0.433566
0.502262
0.610274
0.821865
0.649673
0.308542
0.517481
0.59665
0.671952
0.226946
0.612654
0.584742
0.691665
0.656188
0.108189
0.533477
0.558413
0.213039
0.688173
0.969069
0.2968
0.448025
0.666291
0.618001
0.44073
0.320167
0.656667
0.40776
0.825949
0.821367
0.398266
0.437545
0.481469
0.641092
0.373493
0.309569
0.260494
0.261954
0.861602
0.711584
0.351465
0.376833
0.567541
0.141248
0.309871
0.518148
0.966872
0.662966
0.751425
0.289917
0.507369
0.587823
0.847243
0.0932309
0.807936
0.967245
0.261661
0.235746
0.495468
0.290995
0.673288
0.31585
0.820266
0.280153
0.519948
0.272098
0.690651
0.665674
0.608121
0.488569
0.267392
0.343188
0.727505
0.346745
0.258563
0.294627
0.41134
0.114557
0.555482
0.667333
0.483099
0.563206
0.35032
0.401259
0.53019
0.702399
0.376041
0.794891
0.445277
0.524613
0.409271
0.900515
0.175861
0.149025
0.676735
0.639456
0.322727
0.255713
0.805886
0.527911
0.227906
0.700777
0.460342
0.404003
0.692753
0.702985
0.300769
0.546683
0.466785
0.492586
0.411827
0.5771
0.147886
0.312893
0.335798
0.533069
0.634531
0.665288
0.353542
0.507255
0.770613
0.188252
0.653381
0.239711
0.323548
0.561056
0.528552
0.555377
0.436235
0.322731
0.243851
0.537183
0.19353
0.996956
0.212086
0.325367
0.443847
0.913469
0.120975
0.433644
0.516501
0.61664
0.651107
0.972838
0.475445
0.251827
0.425591
0.672619
0.549987
0.320146
0.33202
0.591951
0.383158
0.692259
0.357374
0.408898
0.73831
0.27184
0.57649
0.680384
0.804606
0.699306
0.93472
0.462567
0.742005
0.486471
0.4654
0.18242
0.106376
0.472722
0.0827623
0.151163
0.295365
0.49336
0.590916
0.610167
0.155635
0.650719
0.549505
0.199948
0.392112
0.578703
0.136696
0.742893
0.419856
0.59134
0.650091
0.230316
0.799187
0.606012
0.786213
0.404498
0.894679
0.231955
0.839183
0.326317
0.398671
0.414672
0.459202
0.3191
0.359889
0.526883
0.611483
0.179317
0.357831
0.296625
0.376239
0.544754
0.463524
0.963141
0.230365
0.310771
0.627285
0.0511786
0.451437
0.485291
0.134107
0.654315
0.784641
0.873127
0.767298
0.117945
0.513278
0.480285
0.321
0.512555
0.573447
0.528857
0.602201
0.287896
0.353555
0.473142
0.562888
0.4987
0.819255
0.907606
0.202935
0.492549
0.604454
0.757317
0.384385
0.450525
0.709012
0.141475
0.697719
0.671278
0.44375
0.300657
0.520764
0.489112
0.763403
0.47842
0.410845
0.216745
0.628134
0.147863
0.470816
0.503344
0.534238
0.473786
0.329596
0.498465
0.854662
0.401081
0.377828
0.212534
0.629964
0.759953
0.399292
0.464483
0.450333
0.278623
0.238693
0.807167
0.569304
0.39412
0.146455
0.321191
0.389784
0.7518
0.441138
0.667772
0.463019
0.284205
0.630108
0.291257
0.141123
0.259896
0.629084
0.661923
0.0237973
0.192878
0.721189
0.449689
0.839869
0.503252
0.396124
0.519357
0.404263
0.319706
0.210098
0.638015
0.791038
0.314484
0.307132
0.785221
0.363118
0.961442
0.242366
0.456597
0.799334
0.107828
0.247993
0.851449
0.759404
0.250417
0.582447
0.335061
0.32748
0.406599
0.603462
0.566254
0.374887
0.471079
0.705639
0.180864
0.482667
0.448786
0.76314
0.421751
0.564574
0.454638
0.718127
0.605967
0.331126
0.370767
0.455587
0.319706
0.235349
0.551849
0.105152
0.731658
0.540834
0.469149
0.910549
0.415406
0.652735
0.683914
0.307303
0.0714743
0.352333
0.540736
0.849315
0.539659
0.575783
0.47151
0.124941
0.492271
0.877685
0.300616
0.803201
0.198911
0.220085
0.441943
0.450737
0.253401
0.727545
0.378382
0.260153
0.653499
0.0489073
0.314425
0.330346
0.124025
0.466361
0.892468
0.13948
0.574018
0.392461
0.863479
0.851197
0.578549
0.395701
0.602617
0.594713
0.275822
0.895283
0.360466
0.359415
0.570179
0.165699
0.140472
0.644582
0.531643
0.291751
0.59324
0.504863
0.382611
0.214637
0.318292
0.632125
0.46234
0.509723
0.463925
0.61431
0.559835
0.536638
0.51579
0.511917
0.505771
0.602297
0.664817
0.39273
0.914074
0.777496
0.645104
0.965432
0.463788
0.507699
0.432415
0.452714
0.611843
0.158626
0.693884
0.844517
0.627363
0.637298
0.879574
0.172019
0.83813
0.729135
0.846506
0.443006
0.47983
0.291743
0.40578
0.379236
0.53871
0.946026
0.183419
0.0964439
0.478262
0.405224
0.685559
0.367582
0.240576
0.582525
0.458607
0.60995
0.412965
0.617861
0.235
0.73682
0.450503
0.464524
0.455178
0.514193
0.3451
0.176216
0.55641
0.563304
0.631727
0.535165
0.419083
0.149504
0.622432
0.661932
0.361095
0.398147
0.758759
0.747532
0.570958
0.0781012
0.473202
0.548494
0.870259
0.593514
0.450317
0.285483
0.696083
0.324452
0.17812
0.586118
0.694035
0.457045
0.680388
0.612596
0.812482
0.443752
0.320494
0.514764
0.78864
0.234391
0.0674081
0.849246
0.417132
0.418531
0.61447
0.605271
0.491646
0.419893
0.241579
0.477804
0.310306
0.383384
0.31141
0.528623
0.635394
0.395368
0.290295
0.375962
0.49804
0.17783
0.684384
0.553336
0.738513
0.397031
0.781709
0.678187
0.172722
0.727293
0.590795
0.570968
0.775578
0.810538
0.366414
0.96529
0.271809
0.752205
0.613128
0.44976
0.524887
0.794159
0.45725
0.282132
0.614666
0.305242
0.777817
0.716398
0.494366
0.730064
0.487245
0.483444
0.617534
0.636678
0.352245
0.0658978
0.425595
0.503751
0.745669
0.407783
0.586622
0.387867
0.719867
0.699623
0.375962
0.611581
0.792222
0.379601
0.589318
0.112848
0.333454
0.491417
0.378942
0.596456
0.449341
0.53945
0.903534
0.628081
0.746468
0.48187
0.6825
0.311604
0.372637
0.502305
0.54517
0.690296
0.722558
0.700705
0.56562
0.512507
0.699452
0.844014
0.873706
0.502482
0.423182
0.317289
0.232955
0.776935
0.275546
0.415875
0.275916
0.547989
0.673354
0.619275
0.287611
0.253126
0.459906
0.487334
0.92771
0.752761
0.305515
0.31936
0.782046
0.736069
0.507678
0.716812
0.134102
0.47569
0.581534
0.190175
0.347098
0.571931
0.531231
0.450653
0.747295
0.327102
0.692825
0.527297
0.399143
0.390598
0.539338
0.850202
0.662904
0.315361
0.838597
0.440389
0.425368
0.666343
0.554487
0.347003
0.39429
0.821597
0.882226
0.472457
0.347176
0.60662
0.308314
0.426126
0.725032
0.40257
0.58575
0.547245
0.461716
0.368987
0.515166
0.737614
0.439511
0.421645
0.422494
0.244743
0.461536
0.606145
0.223784
0.536063
0.631635
0.5079
0.467815
0.904826
0.532359
0.339108
0.747109
0.948318
0.591669
0.84336
0.867976
0.559015
0.528987
0.658499
0.170223
0.5693
0.271211
0.278351
0.88714
0.690369
0.729332
0.253967
0.436402
0.385956
0.826274
0.274982
0.532495
0.321492
0.666568
0.271733
0.511307
0.529333
0.238509
0.178751
0.757499
0.430675
0.539405
0.500255
0.125288
0.354783
0.514542
0.818276
0.743255
0.696159
0.7005
0.884027
0.593821
0.350279
0.463439
0.433155
0.758003
0.568517
0.722979
0.865494
0.21607
0.372877
0.552301
0.429943
0.594747
0.671174
0.545095
0.555098
0.251566
0.213279
0.339976
0.466261
0.0870019
0.529041
0.693001
0.729447
0.475021
0.488543
0.488901
0.863025
0.702661
0.625277
0.581659
0.657606
0.309262
0.362903
0.855067
0.344807
0.215996
0.286179
0.393864
0.75552
0.536288
0.59672
0.656112
0.608311
0.457782
0.394191
0.5374
0.568558
0.586458
0.42356
0.217535
0.718983
0.643538
0.429047
0.680316
0.582175
0.405797
0.255388
0.297038
0.335742
0.779905
0.33703
0.364333
0.360717
0.401434
0.215901
0.48699
0.763836
0.149141
0.72836
0.696367
0.514329
0.465161
0.501971
0.195021
0.335823
0.371739
0.402708
0.118188
0.494008
0.575114
0.573227
0.202733
0.620676
0.547183
0.202832
0.254193
0.714764
0.475586
0.669749
0.302545
0.96102
0.472811
0.196342
0.337314
0.506922
0.934963
0.657897
0.512657
0.338481
0.440817
0.185586
0.213043
0.395533
0.581778
0.204258
0.370144
0.567173
0.613373
0.0456608
0.421587
0.707925
0.318902
0.277727
0.302165
0.315303
0.475874
0.390555
0.858147
0.509367
0.315848
0.479701
0.57531
0.454902
0.868311
0.0674079
0.511317
0.366863
0.57921
0.202406
0.323063
0.73968
0.594769
0.478897
0.279619
0.441076
0.101218
0.615351
0.651395
0.31101
0.611048
0.733751
0.366151
0.406367
0.0864285
0.479896
0.322477
0.532033
0.29041
0.625391
0.751368
0.198965
0.256528
0.291959
0.516522
0.149891
0.267451
0.938688
0.743983
0.593262
0.233273
0.752839
0.671752
0.28608
0.3601
0.584852
0.609998
0.106231
0.499543
0.568162
0.402487
0.754937
0.569739
0.564449
0.779857
0.72997
0.438533
0.574964
0.495362
0.710239
0.659449
0.758533
0.13372
0.492373
0.451058
0.196884
0.483668
0.619942
0.810387
0.54791
0.364875
0.345921
0.150986
0.227494
0.299817
0.569033
0.856275
0.760529
0.421256
0.3846
0.638803
0.441747
0.505931
0.890512
0.596033
0.446992
0.525104
0.388952
0.853294
0.0355528
0.602564
0.624499
0.684514
0.484191
0.770742
0.199234
0.501354
0.893477
0.915535
0.805467
0.601385
0.507071
0.80048
0.416721
0.56592
0.184567
0.5609
0.577594
0.198122
0.668522
0.558641
0.433118
0.392034
0.786305
0.488039
0.63825
0.823128
0.227385
0.623717
0.288109
0.351025
0.536678
0.600873
0.509598
0.524986
0.964593
0.618645
0.855022
0.582821
0.814382
0.457207
0.138331
0.333827
0.927435
0.699211
0.854625
0.316382
0.447144
0.546192
0.323524
0.620828
0.501942
0.620579
0.197048
0.268257
0.448176
0.143918
0.472618
0.535835
0.3134
0.381945
0.151818
0.619276
0.580747
0.24713
0.685524
0.523109
0.454986
0.449313
0.346038
0.56935
0.750886
0.585068
0.166856
0.4152
0.544533
0.556401
0.590676
0.470414
0.728203
0.709432
0.46629
0.604942
0.10942
0.583665
0.534982
0.537482
0.694843
0.662477
0.547041
0.295573
0.299577
0.515459
0.149037
0.637832
0.12256
0.723223
0.68247
0.328989
0.928632
0.475307
0.534418
0.658317
0.477919
0.7318
0.680819
0.592108
0.843164
0.33931
0.562995
0.450798
0.755615
0.49191
0.438064
0.501375
0.620102
0.927672
0.343845
0.855704
0.339932
0.251424
0.318897
0.565376
0.592225
0.274356
0.518303
0.803718
0.69431
0.261091
0.365836
0.52559
0.701812
0.47486
0.383125
0.495585
0.379053
0.411384
0.33645
0.575263
0.182395
0.112121
0.341784
0.660047
0.397145
0.447462
0.0687202
0.656399
0.0686519
0.260544
0.183891
0.389903
0.868211
0.762264
0.174521
0.334886
0.534419
0.568154
0.192734
0.0561917
0.530582
0.267721
0.561225
0.253742
0.558825
0.416877
0.580952
0.300504
0.571502
0.344102
0.781436
0.664489
0.920559
0.16094
0.754327
0.605416
0.78545
0.367475
0.210842
0.0366476
0.520253
0.443399
0.403702
0.443047
0.560592
0.815301
0.554202
0.745359
0.531
0.590798
0.425026
0.501749
0.193354
0.450147
0.679448
0.837133
0.376986
0.585941
0.667523
0.490909
0.531124
0.0815311
0.279918
0.873723
0.540258
0.118797
0.509985
0.523891
0.443078
0.905883
0.864715
0.354115
0.195606
0.715531
0.265193
0.579091
0.619127
0.924639
0.0771826
0.714661
0.673581
0.445655
0.912458
0.539121
0.196996
0.440455
0.341517
0.407314
0.75163
0.707305
0.658292
0.308123
0.217419
0.63155
0.837494
0.556009
0.773361
0.590648
0.325202
0.507199
0.407472
0.70417
0.803331
0.691158
0.595926
0.819406
0.0686078
0.247974
0.792014
0.62318
0.666663
0.562269
0.365538
0.770515
0.421887
0.984276
0.633271
0.420777
0.503652
0.528695
0.621108
0.571898
0.669543
0.441953
0.698529
0.583335
0.326215
0.528508
0.726005
0.778369
0.5485
0.6268
0.355964
0.516369
0.697388
0.625493
0.627949
0.625665
0.27752
0.410622
0.49859
0.587625
0.174798
0.634272
0.447018
0.362595
0.414751
0.195419
0.296335
0.248295
0.582277
0.323551
0.891787
0.661322
0.543389
0.155695
0.276239
0.232362
0.609588
0.697488
0.503595
0.605763
0.285481
0.558892
0.230784
0.834062
0.740286
0.855199
0.228928
0.75812
0.143834
0.663949
0.454338
0.763474
0.507696
0.428372
0.319933
0.303532
0.172067
0.19799
0.307736
0.580241
0.0790214
0.0970143
0.563055
0.272853
0.472776
0.41113
0.610977
0.705406
0.167574
0.183331
0.335803
0.343556
0.523828
0.209408
0.364049
0.511378
0.273133
0.823717
0.491633
0.218761
0.332783
0.365855
0.79588
0.490027
0.750422
0.218878
0.572964
0.58439
0.419434
0.309667
0.241415
0.498894
0.20572
0.462082
0.352315
0.644441
0.626476
0.493524
0.346812
0.585538
0.221591
0.445528
0.701567
0.234397
0.258305
0.83902
0.102772
0.389997
0.40974
0.844846
0.789351
0.512749
0.547932
0.760223
0.705984
0.625379
0.291995
0.681714
0.60656
0.730654
0.452029
0.265362
0.748705
0.636583
0.509412
0.46461
0.819989
0.57971
0.774095
0.636632
0.736458
0.537132
0.359511
0.407684
0.454096
0.617859
0.115755
0.188132
0.933857
0.424146
0.161625
0.22775
0.400888
0.27342
0.156176
0.601927
0.538558
0.671429
0.45039
0.519414
0.757937
0.427236
0.25961
0.842225
0.683332
0.300684
0.497343
0.208318
0.494516
0.572956
0.411066
0.647693
0.26627
0.430858
0.16066
0.582512
0.445863
0.0554402
0.4801
0.601889
0.609102
0.805603
0.56301
0.901953
0.635566
0.387282
0.812737
0.781824
0.443654
0.89887
0.597536
0.586124
0.426077
0.643468
0.651516
0.484642
0.226415
0.598624
0.261961
0.479785
0.497353
0.434153
0.383653
0.532434
0.781245
0.468685
0.320821
0.19684
0.153612
0.955561
0.617343
0.15517
0.770197
0.588692
0.295822
0.54234
0.458226
0.61902
0.586172
0.451759
0.492466
0.472197
0.284318
0.512601
0.196733
0.25811
0.381664
0.429236
0.511464
0.562879
0.605922
0.373451
0.667973
0.413943
0.513952
0.120068
0.110025
0.308882
0.777232
0.316604
0.303351
0.698567
0.300568
0.277589
0.0737238
0.315289
0.314693
0.694158
0.614226
0.236491
0.583363
0.649563
0.30233
0.574704
0.865577
0.831212
0.467422
0.184343
0.773554
0.829865
0.249384
0.275971
0.667085
0.916619
0.688868
0.828648
0.224887
0.688293
0.189892
0.691017
0.833584
0.471854
0.495359
0.261725
0.434938
0.378499
0.316157
0.139817
0.471961
0.398014
0.754441
0.635724
0.574527
0.424053
0.661727
0.53348
0.625106
0.100937
0.0724316
0.494773
0.345262
0.382625
0.35347
0.495473
0.543515
0.694453
0.710549
0.685259
0.665212
0.588295
0.691771
0.0609556
0.785025
0.78175
0.32918
0.34423
0.682696
0.471987
0.558865
0.454247
0.142668
0.814878
0.560265
0.465926
0.118206
0.460032
0.655279
0.444418
0.400656
0.532368
0.407814
0.546429
0.934448
0.450846
0.564411
0.279008
0.418482
0.474977
0.476541
0.306443
0.334512
0.369745
0.645232
0.695862
0.543157
0.579563
0.528627
0.492197
0.588167
0.801879
0.753107
0.5131
0.849562
0.351081
0.368609
0.254474
0.186277
0.20329
0.288748
0.797207
0.708932
0.612706
0.0563924
0.605764
0.82335
0.190096
0.575289
0.609245
0.685462
0.834078
0.448389
0.45554
0.708202
0.405802
0.563484
0.329201
0.761038
0.537676
0.0667797
0.223666
0.202752
0.466736
0.365036
0.558447
0.888095
0.283314
0.2969
0.531921
0.288944
0.485604
0.114044
0.600334
0.370594
0.230764
0.412754
0.473655
0.863787
0.173179
0.656578
0.518903
0.573134
0.780503
0.430656
0.461565
0.362527
0.51811
0.568382
0.275735
0.458181
0.292583
0.290987
0.653602
0.709937
0.544853
0.500698
0.444906
0.451424
0.38363
0.368084
0.456993
0.599742
0.649735
0.854214
0.506086
0.635257
0.301968
0.808257
0.610404
0.602157
0.515136
0.281143
0.715751
0.770384
0.380861
0.695921
0.844206
0.599561
0.101799
0.51542
0.556525
0.145554
0.56989
0.547863
0.618891
0.550284
0.719265
0.531029
0.264644
0.255414
0.544445
0.635625
0.441591
0.580536
0.674433
0.528452
0.93555
0.806491
0.393354
0.636024
0.260734
0.40444
0.498243
0.749245
0.207605
0.551302
0.384623
0.609781
0.938825
0.572209
0.750487
0.618739
0.523931
0.450579
0.309313
0.308291
0.303347
0.546438
0.402742
0.716861
0.472377
0.16363
0.403534
0.308505
0.275787
0.60652
0.799433
0.577093
0.70361
0.366823
0.348569
0.975947
0.578796
0.581193
0.697013
0.313535
0.427331
0.400183
0.34912
0.755851
0.521458
0.409207
0.381276
0.576117
0.486613
0.742133
0.789681
0.792421
0.362704
0.0281218
0.86279
0.333917
0.510371
0.312348
0.469034
0.876221
0.752831
0.59122
0.650456
0.486613
0.64395
0.602731
0.412872
0.719686
0.25316
0.512555
0.603195
0.304057
0.357843
0.136527
0.264545
0.560764
0.933814
0.34012
0.359756
0.693981
0.334528
0.755551
0.253933
0.0946721
0.549622
0.45714
0.84665
0.297812
0.433439
0.235543
0.244444
0.733789
0.294142
0.611491
0.86421
0.914632
0.734052
0.229652
0.858133
0.695668
0.631824
0.773247
0.750776
0.753249
0.157104
0.540041
0.678952
0.419169
0.708277
0.320343
0.625004
0.512394
0.663933
0.21762
0.53412
0.808729
0.338683
0.552376
0.706303
0.789054
0.533944
0.4899
0.353624
0.806745
0.574318
0.532519
0.713389
0.314914
0.220197
0.516976
0.607833
0.294086
0.347207
0.257565
0.840976
0.520938
0.783127
0.475635
0.823256
0.818734
0.192904
0.656101
0.814581
0.430067
0.402385
0.471583
0.176405
0.652546
0.551396
0.414794
0.523462
0.378044
0.466797
0.779806
0.665794
0.176138
0.146126
0.132818
0.231673
0.562363
0.242465
0.41305
0.862066
0.591903
0.441153
0.304391
0.367254
0.419349
0.118973
0.518424
0.236235
0.465145
0.676426
0.62945
0.389537
0.329351
0.433736
0.602139
0.566059
0.593343
0.48119
0.652439
0.73458
0.650075
0.374459
0.582356
0.420538
0.703538
0.56551
0.229234
0.83873
0.578027
0.459734
0.670173
0.722536
0.477848
0.48993
0.822183
0.740306
0.338094
0.597751
0.07873
0.389527
0.407103
0.0132485
0.123274
0.259405
0.70124
0.72314
0.56044
0.0524693
0.472608
0.51842
0.505434
0.255844
0.830333
0.51194
0.772346
0.8528
0.656032
0.0165867
0.301943
0.465212
0.454096
0.674684
0.469601
0.817558
0.277419
0.72923
0.91398
0.41306
0.369181
0.32762
0.527078
0.312631
0.66133
0.248449
0.246291
0.407208
0.77037
0.44205
0.789095
0.574131
0.131098
0.275365
0.470985
0.608178
0.408897
0.371796
0.747281
0.317884
0.331223
0.436647
0.61945
0.677759
0.578904
0.458789
0.546546
0.427058
0.377881
0.679168
0.502401
0.505686
0.432011
0.716787
0.819198
0.217909
0.337562
0.742782
0.458044
0.514453
0.12002
0.593216
0.347168
0.283651
0.533835
0.211227
0.428374
0.542244
0.765737
0.309135
0.552368
0.916457
0.682233
0.641155
0.363591
0.303997
0.761924
0.277325
0.315174
0.107575
0.353264
0.269283
0.454647
0.430587
0.398375
0.598509
0.621028
0.625581
0.763556
0.797672
0.693911
0.586133
0.317112
0.635688
0.535177
0.672749
0.395112
0.757132
0.763967
0.663436
0.795718
0.666612
0.505522
0.619547
0.442701
0.448749
0.754532
0.557537
0.358777
0.614367
0.493604
0.317258
0.589371
0.463537
0.707496
0.517402
0.217458
0.35609
0.433708
0.488733
0.110085
0.78022
0.490096
0.0757294
0.537211
0.609815
0.520096
0.197255
0.803487
0.44113
0.496209
0.556889
0.533594
0.399433
0.822362
0.393543
0.251785
0.806242
0.175767
0.662978
0.396221
0.597787
0.228915
0.540869
0.408767
0.385319
0.392308
0.138007
0.540838
0.547885
0.218584
0.318308
0.515939
0.2482
0.608636
0.510208
0.689524
0.262243
0.460353
0.40211
0.346785
0.513195
0.400623
0.412472
0.779016
0.20035
0.241209
0.325195
0.779158
0.413618
0.299124
0.480905
0.19716
0.124257
0.222136
0.414778
0.195788
0.442439
0.460022
0.831516
0.347484
0.532296
0.522208
0.308113
0.712926
0.575061
0.162396
0.615023
0.541899
0.67092
0.130831
0.546367
0.737102
0.0702249
0.634815
0.149791
0.721525
0.624665
0.648095
0.246616
0.350012
0.349039
0.709759
0.132889
0.505641
0.484248
0.853254
0.85197
0.521537
0.452131
0.306159
0.429277
0.56876
0.592775
0.601335
0.459815
0.650872
0.574923
0.740073
0.439112
0.345828
0.370089
0.547871
0.728189
0.435797
0.18104
0.363469
0.543187
0.0655535
0.21523
0.701752
0.360279
0.570058
0.193838
0.531156
0.126487
0.11185
0.487029
0.30621
0.667039
0.768883
0.266053
0.395819
0.679875
0.71342
0.562823
0.547928
0.207944
0.622621
0.127582
0.531192
0.479902
0.461448
0.475295
0.594265
0.509854
0.778501
0.511387
0.383351
0.84674
0.655429
0.627444
0.458619
0.864018
0.450522
0.657522
0.550133
0.480243
0.47712
0.585668
0.693902
0.701192
0.257466
0.395288
0.38868
0.374133
0.492613
0.450987
0.414152
0.544888
0.389033
0.803508
0.95111
0.308304
0.482533
0.308381
0.644263
0.542746
0.60011
0.448934
0.748304
0.419263
0.600371
0.754256
0.49784
0.576028
0.533149
0.202773
0.341835
0.348688
0.358924
0.502033
0.683179
0.447245
0.368689
0.135341
0.764004
0.470107
0.944878
0.565867
0.33738
0.645901
0.303987
0.488844
0.766012
0.693716
0.361505
0.522488
0.188569
0.692365
0.359787
0.228274
0.894255
0.349309
0.39949
0.351163
0.546264
0.559868
0.515201
0.670445
0.394739
0.147336
0.435877
0.351789
0.61985
0.674628
0.170725
0.691144
0.44563
0.718092
0.561149
0.64111
0.665187
0.494094
0.439379
0.510406
0.717916
0.729023
0.534426
0.227057
0.459342
0.663319
0.765965
0.555923
0.764208
0.0801633
0.566791
0.661211
0.603447
0.749455
0.374458
0.404568
0.735652
0.677691
0.432738
0.269401
0.653676
0.554381
0.543517
0.802048
0.426978
0.785619
0.409751
0.96041
0.580356
0.505442
0.710123
0.260687
0.649668
0.455596
0.546
0.612825
0.555196
0.624329
0.401343
0.735324
0.433248
0.534851
0.256171
0.539997
0.566645
0.0740699
0.494218
0.877344
0.554709
0.252243
0.745409
0.533133
0.363372
0.284154
0.30377
0.366832
0.396049
0.382454
0.261403
0.482513
0.225873
0.653781
0.499149
0.32285
0.629944
0.488292
0.674576
0.576833
0.0662006
0.333228
0.347888
0.791839
0.733541
0.741131
0.386418
0.580663
0.355825
0.083353
0.288295
0.81415
0.830377
0.319466
0.565933
0.690047
0.381612
0.713211
0.829962
0.568697
0.860422
0.385601
0.714214
0.466212
0.32993
0.595806
0.282407
0.595733
0.57825
0.140455
0.557142
0.347415
0.19888
0.261959
0.311835
0.0977568
0.379332
0.456501
0.766216
0.738902
0.538656
0.572307
0.326022
0.818537
0.454453
0.0888225
0.507497
0.681004
0.520022
0.467426
0.687335
0.500268
0.772259
0.464299
0.818688
0.59535
0.830924
0.796077
0.753863
0.418851
0.889924
0.548914
0.314333
0.609209
0.401213
0.721576
0.248684
0.99729
0.591946
0.293193
0.719138
0.457957
0.455511
0.206296
0.95725
0.497228
0.857063
0.65576
0.72943
0.465664
0.894185
0.574284
0.2529
0.288595
0.653299
0.705023
0.202722
0.603816
0.502457
0.652012
0.450502
0.197387
0.561132
0.798985
0.675422
0.128148
0.487636
0.487245
0.488207
0.431574
0.724789
0.343176
0.208652
0.293616
0.344471
0.646044
0.437346
0.585122
0.631664
0.626713
0.562202
0.647487
0.548636
0.587881
0.340436
0.220149
0.219863
0.236488
0.196603
0.400551
0.578336
0.618892
0.877323
0.527204
0.313871
0.0494719
0.103328
0.376465
0.764036
0.423245
0.359439
0.563669
0.388347
0.303155
0.463117
0.539221
0.46632
0.672639
0.552195
0.570291
0.160044
0.744102
0.132429
0.59873
0.581869
0.713927
0.325489
0.865827
0.507852
0.354639
0.458012
0.694544
0.377574
0.33486
0.632347
0.319833
0.220967
0.157662
0.419611
0.157694
0.15276
0.607963
0.815687
0.403559
0.0751839
0.0995724
0.600786
0.350658
0.729547
0.312528
0.7432
0.31898
0.237318
0.511335
0.487866
0.585449
0.271331
0.434739
0.270371
0.205951
0.497746
0.647664
0.597024
0.619831
0.429387
0.245919
0.531611
0.427484
0.331077
0.304332
0.429475
0.231664
0.317607
0.458899
0.559522
0.93315
0.284947
0.513606
0.754803
0.371365
0.815348
0.46252
0.732283
0.700609
0.196934
0.317804
0.722414
0.3925
0.698423
0.13425
0.549165
0.755264
0.239606
0.120981
0.801103
0.860501
0.598198
0.730934
0.734168
0.268037
0.29369
0.618742
0.546764
0.439506
0.288831
0.357666
0.167783
0.231273
0.649362
0.306169
0.698207
0.357327
0.802623
0.514786
0.64688
0.712772
0.535669
0.0638888
0.601113
0.948537
0.373504
0.723
0.472719
0.687934
0.478074
0.822251
0.46011
0.275686
0.208635
0.22663
0.867091
0.450048
0.484121
0.803641
0.418967
0.828648
0.588143
0.274985
0.71658
0.598685
0.557233
0.342914
0.468926
0.302079
0.792976
0.481857
0.644947
0.606235
0.53863
0.785956
0.185149
0.451013
0.360885
0.263143
0.913649
0.462554
0.777369
0.466365
0.791294
0.524573
0.670529
0.352596
0.650469
0.897745
0.628518
0.260262
0.552214
0.277818
0.353707
0.895691
0.406286
0.683063
0.279449
0.219227
0.494784
0.561705
0.535717
0.621626
0.539959
0.50994
0.404254
0.781358
0.456848
0.491179
0.403834
0.593444
0.431339
0.447138
0.646292
0.0604538
0.464301
0.691393
0.103918
0.536279
0.522409
0.476033
0.428858
0.213326
0.436279
0.622042
0.465144
0.743728
0.686545
0.604011
0.593973
0.885231
0.718495
0.479836
0.552862
0.562348
0.425905
0.556001
0.369309
0.733433
0.44468
0.679088
0.549575
0.454279
0.396941
0.544128
0.163226
0.528885
0.726166
0.410427
0.464045
0.637991
0.764035
0.615488
0.687949
0.83604
0.669578
0.277644
0.168529
0.307154
0.381266
0.578055
0.410853
0.270786
0.222668
0.512654
0.264131
0.427639
0.302294
0.504708
0.833891
0.836506
0.848258
0.768587
0.774284
0.612636
0.618373
0.315385
0.601131
0.33826
0.526318
0.491008
0.666358
0.575902
0.62449
0.437359
0.434427
0.875097
0.584169
0.36725
0.701392
0.663137
0.313628
0.543645
0.397215
0.910488
0.354802
0.353888
0.611948
0.461476
0.699152
0.369523
0.486429
0.920888
0.663334
0.282326
0.608094
0.487112
0.465322
0.607198
0.552548
0.622418
0.64158
0.542513
0.21151
0.451046
0.445933
0.878573
0.0477608
0.275676
0.870753
0.344781
0.417719
0.102956
0.931076
0.286155
0.602264
0.568669
0.352292
0.559818
0.186445
0.653196
0.302022
0.542082
0.42868
0.0778779
0.806808
0.636752
0.760094
0.272917
0.494243
0.175277
0.0545984
0.807436
0.801165
0.0993704
0.310357
0.172315
0.288543
0.816727
0.383248
0.306443
0.203674
0.620459
0.912949
0.757001
0.430322
0.562884
0.582288
0.364398
0.467421
0.17427
0.850456
0.3625
0.576966
0.417195
0.300731
0.284758
0.741719
0.26711
0.243325
0.566874
0.573357
0.309758
0.713984
0.736625
0.81168
0.746058
0.508964
0.581466
0.555513
0.695093
0.397015
0.684551
0.865917
0.685805
0.648978
0.719775
0.382348
0.728052
0.525652
0.39648
0.592369
0.353622
0.364523
0.44445
0.395562
0.517847
0.406001
0.5298
0.602249
0.752446
0.499787
0.492415
0.507653
0.460198
0.831985
0.795532
0.682125
0.242101
0.313599
0.578116
0.618056
0.147617
0.27102
0.200638
0.374112
0.738638
0.579158
0.17489
0.357401
0.857807
0.377804
0.368456
0.884205
0.491797
0.51189
0.374466
0.659907
0.120195
0.836236
0.43726
0.318724
0.440602
0.525432
0.824583
0.663889
0.360581
0.529465
0.536943
0.748891
0.147075
0.815733
0.244742
0.440402
0.123919
0.538052
0.343828
0.60353
0.308076
0.773292
0.520072
0.549997
0.375217
0.466269
0.213604
0.389894
0.345271
0.723509
0.373333
0.427613
0.378571
0.596516
0.39238
0.74261
0.573222
0.495168
0.615035
0.095589
0.654313
0.371864
0.805878
0.300763
0.445602
0.317047
0.471684
0.704799
0.514292
0.706728
0.426733
0.413085
0.879535
0.542643
0.492156
0.90392
0.175276
0.625654
0.219937
0.67129
0.158066
0.703034
0.532196
0.536814
0.450481
0.230247
0.666391
0.271519
0.410747
0.887859
0.817036
0.668045
0.519225
0.494204
0.864594
0.203917
0.672355
0.454422
0.582142
0.936513
0.774705
0.386495
0.21045
0.270333
0.519733
0.564925
0.79209
0.73722
0.7499
0.322647
0.155206
0.430142
0.286754
0.551828
0.437562
0.731158
0.621603
0.444167
0.541507
0.474203
0.357417
0.611323
0.410464
0.183316
0.292569
0.226088
0.517584
0.526925
0.537055
0.324947
0.457178
0.128825
0.551797
0.412633
0.529563
0.376473
0.501682
0.50931
0.209933
0.367216
0.312932
0.281013
0.891897
0.133092
0.325456
0.393955
0.796298
0.284811
0.430792
0.233345
0.435931
0.715557
0.586271
0.627333
0.52681
0.50523
0.596025
0.716696
0.736579
0.665747
0.549472
0.610916
0.660717
0.368037
0.307885
0.471248
0.417142
0.291347
0.429696
0.161424
0.749853
0.235494
0.425134
0.6066
0.532234
0.636673
0.73084
0.501187
0.560632
0.627457
0.295073
0.50618
0.52885
0.781619
0.164146
0.576618
0.574172
0.184382
0.960694
0.55979
0.785545
0.468739
0.644424
0.204826
0.564542
0.458465
0.445957
0.22428
0.729743
0.558439
0.364389
0.548348
0.755133
0.532907
0.619197
0.412335
0.533176
0.31231
0.447125
0.417999
0.553156
0.469299
0.634649
0.209398
0.885441
0.50457
0.67668
0.403861
0.862265
0.583134
0.452101
0.918714
0.845683
0.861648
0.30678
0.334383
0.4733
0.547447
0.434676
0.434496
0.272409
0.829877
0.447669
0.563617
0.533165
0.324577
0.524733
0.443224
0.331418
0.671322
0.531077
0.586574
0.591821
0.426055
0.497892
0.453059
0.581862
0.387733
0.353307
0.482701
0.727409
0.500615
0.295196
0.151388
0.640433
0.472614
0.696455
0.687494
0.249498
0.250334
0.433379
0.590496
0.423669
0.491428
0.527749
0.592224
0.480453
0.174892
0.493277
0.701356
0.468391
0.489922
0.277013
0.471796
0.614941
0.143963
0.686353
0.635551
0.330262
0.730573
0.692263
0.240732
0.657542
0.797725
0.499352
0.435315
0.56047
0.75717
0.273416
0.537272
0.438504
0.275498
0.417075
0.531706
0.760539
0.287506
0.784136
0.635613
0.207613
0.772509
0.72329
0.570896
0.715266
0.434212
0.341798
0.686258
0.806188
0.424777
0.379753
0.568591
0.603774
0.253699
0.585579
0.284502
0.417207
0.522127
0.483365
0.392577
0.288704
0.12324
0.422675
0.367038
0.393549
0.549327
0.30145
0.0733866
0.18352
0.446165
0.852637
0.436687
0.66437
0.555351
0.385157
0.443093
0.197945
0.685189
0.369844
0.615255
0.7196
0.350769
0.760989
0.60223
0.761518
0.223862
0.444089
0.524516
0.672562
0.533254
0.200458
0.714837
0.425285
0.556143
0.579296
0.495314
0.900723
0.841226
0.567861
0.631625
0.541601
0.304101
0.45036
0.604802
0.264563
0.83561
0.746183
0.841273
0.52207
0.563742
0.618115
0.54179
0.404573
0.409728
0.14113
0.249845
0.173601
0.578954
0.322423
0.300231
0.616377
0.627307
0.263274
0.288337
0.612595
0.743588
0.35339
0.70083
0.303981
0.388619
0.388339
0.848341
0.757255
0.931655
0.500708
0.240769
0.511141
0.924746
0.295602
0.545845
0.398018
0.655652
0.58112
0.771567
0.530865
0.619962
0.0844197
0.813146
0.346114
0.553012
0.544009
0.505064
0.59303
0.662253
0.568882
0.818899
0.660256
0.200679
0.155118
0.84752
0.130135
0.521948
0.250592
0.716283
0.451444
0.257809
0.258387
0.561855
0.621165
0.258484
0.369569
0.719295
0.765902
0.436595
0.615921
0.258001
0.513596
0.655296
0.533276
0.50717
0.546137
0.301215
0.826078
0.211381
0.223514
0.682828
0.423774
0.456926
0.670124
0.394912
0.31969
0.509522
0.71386
0.78967
0.582998
0.704029
0.568614
0.695188
0.434399
0.526782
0.650806
0.521819
0.276163
0.531191
0.420573
0.897136
0.567125
0.727205
0.638247
0.470073
0.433292
0.0852872
0.926735
0.524883
0.404656
0.795508
0.53043
0.545536
0.668867
0.9224
0.161291
0.371173
0.232364
0.596182
0.322694
0.583262
0.87961
0.380988
0.501699
0.765059
0.321046
0.460726
0.620347
0.274013
0.420387
0.283181
0.636616
0.667734
0.391891
0.803004
0.685661
0.92415
0.35823
0.464196
0.651959
0.596481
0.659569
0.562724
0.562993
0.543645
0.3045
0.629885
0.695088
0.376743
0.453446
0.977048
0.782035
0.762217
0.325157
0.5424
0.217119
0.722331
0.916928
0.680319
0.139184
0.573595
0.429167
0.533993
0.293355
0.643742
0.284925
0.631922
0.55704
0.407908
0.635031
0.348926
0.521848
0.684614
0.239442
0.372263
0.522028
0.532196
0.615437
0.313522
0.50008
0.486297
0.343292
0.606874
0.600142
0.279047
0.420038
0.334334
0.379779
0.180559
0.551945
0.118648
0.530823
0.603362
0.276355
0.724434
0.499848
0.610405
0.803482
0.508193
0.398951
0.46724
0.468808
0.357835
0.597424
0.879031
0.186698
0.262315
0.88497
0.552993
0.295867
0.652036
0.597069
0.726899
0.187308
0.650621
0.593134
0.804281
0.605329
0.378688
0.478073
0.736936
0.512294
0.450255
0.457879
0.795379
0.407725
0.302392
0.21989
0.867858
0.492367
0.498754
0.228319
0.428559
0.567847
0.647613
0.3257
0.815624
0.562561
0.575023
0.530869
0.459609
0.574399
0.393728
0.424094
0.203008
0.820947
0.608452
0.509996
0.851465
0.387778
0.398192
0.948877
0.0973004
0.665473
0.716137
0.547082
0.455977
0.365976
0.847836
0.397012
0.356132
0.508932
0.568245
0.557431
0.523796
0.768609
0.53828
0.664672
0.801427
0.572052
0.581489
0.365384
0.542386
0.839071
0.481482
0.461428
0.221475
0.75471
0.440737
0.657569
0.402163
0.464808
0.841406
0.302559
0.201133
0.585277
0.448746
0.514272
0.890757
0.41573
0.697813
0.0794835
0.28015
0.748079
0.204015
0.518937
0.515398
0.160729
0.138184
0.708323
0.939617
0.68899
0.606765
0.445784
0.153433
0.76234
0.177761
0.356584
0.416543
0.29915
0.193051
0.525558
0.530958
0.849516
0.507717
0.747968
0.346556
0.676801
0.79699
0.2894
0.529586
0.668532
0.571451
0.545307
0.234724
0.467258
0.541115
0.490848
0.321331
0.712014
0.469005
0.311622
0.254512
0.280995
0.154863
0.605952
0.831624
0.426089
0.189608
0.549308
0.374849
0.189866
0.621174
0.411529
0.530447
0.495671
0.672347
0.817443
0.815335
0.801439
0.651229
0.141528
0.551598
0.207853
0.694959
0.927224
0.329565
0.411469
0.487303
0.721533
0.140078
0.393446
0.590752
0.215526
0.316574
0.734486
0.533746
0.581381
0.427604
0.446627
0.793646
0.396584
0.76042
0.712507
0.31609
0.0459095
0.536248
0.422717
0.211344
0.491808
0.497879
0.401883
0.768283
0.303831
0.510196
0.214086
0.426626
0.337712
0.81427
0.438261
0.348042
0.454728
0.575639
0.304182
0.726766
0.171976
0.367408
0.579677
0.480335
0.634175
0.228785
0.599682
