5.04392
5.01666
5.00821
5.01173
5.00551
5.00251
5.00266
4.99915
4.99832
5.00065
5.00016
5.00115
4.9976
4.99613
4.99783
4.99691
4.99856
4.99628
4.99631
4.99467
4.9958
4.99573
4.99478
4.99617
4.99494
4.9947
4.99468
4.99509
4.99447
4.99269
4.99316
4.99328
4.99237
4.99296
4.99316
4.99358
4.9929
4.99232
4.99254
4.99312
4.99381
4.99417
4.99535
4.99552
4.99468
4.99522
4.99572
4.99575
4.99548
4.99531
4.99567
4.99554
4.99583
4.9959
4.99577
4.99645
4.99663
4.99699
4.99693
4.99676
4.99763
4.99769
4.99718
4.99726
4.99746
4.99756
4.99694
4.9969
4.99688
4.99716
4.99676
4.99607
4.99655
4.99657
4.99666
4.99686
4.99666
4.99671
4.99693
4.99727
4.99721
4.99676
4.99672
4.99685
4.99667
4.99693
4.99698
4.99709
4.99719
4.99725
4.99697
4.99686
4.99698
4.99726
4.99757
4.99783
4.99743
4.99723
4.99796
4.99824
