1
1
0.148667
0.30184
1
0.101443
1
0.721744
0.996484
0.113358
0.266201
0.146851
0.538578
0.503884
1
0.12438
0.253731
0.321292
1
0.805946
1
0.703031
0.525557
1
0.170358
0.322988
0.0633696
0.0587613
0.227732
0.194263
1
0.857314
0.160587
0.326956
0.127467
0.967434
0.305935
1
1
1
0.194217
0.115835
0.147343
0.0294472
0.360605
0.187795
0.156075
0.353196
0.0949253
0.938178
0.0521118
1
0.99667
0.681228
0.895014
0.0568365
1
0.111251
0.0488477
1
0.719606
1
0.452468
1
0.448964
0.0831143
0.0604634
1
1
1
0.922333
1
0.0505247
0.881653
1
0.316257
0.154176
0.244918
0.180629
1
0.990164
0.0764746
0.250164
0.153454
0.258338
0.816584
0.153284
0.110019
0.119958
0.274404
0.249498
0.173613
1
0.320181
1
0.0718688
0.489804
0.480413
0.495355
0.414944
0.28535
1
0.637674
0.785863
0.162853
0.0895747
1
0.22932
1
0.22401
0.162115
1
0.493219
1
1
0.397569
0.215725
0.794373
0.591918
0.247532
0.730404
0.0469911
1
1
1
0.987617
0.13656
1
1
0.402127
1
0.236323
0.440017
1
0.432041
0.496232
1
1
0.157639
0.0836819
1
1
1
0.325582
0.436727
0.211765
0.233032
1
0.420645
0.188706
0.162782
0.955582
0.0604462
1
1
0.43844
0.126838
0.150136
0.126216
0.155924
0.087157
0.453674
0.222125
0.123653
0.11034
0.0487499
0.106116
0.392736
0.889448
0.216232
0.0594351
0.498297
0.428508
1
0.22511
0.345123
0.0905843
0.0400069
1
0.0690702
0.224087
0.346621
1
0.20004
0.320876
0.121131
0.217783
1
0.617309
0.968707
0.488238
0.609322
1
0.102855
0.268937
1
0.605312
0.0306281
1
1
0.507068
0.505497
0.353522
0.0829048
1
0.43641
0.207848
0.803326
0.306433
0.419389
0.115003
0.135721
1
0.243571
0.221763
1
0.238162
1
0.122431
0.460058
1
0.512803
0.699808
0.287848
0.424556
0.559426
1
0.734497
0.149975
0.936533
0.0908586
1
1
0.128713
1
0.0834486
0.162781
1
0.235023
0.633324
0.199993
1
0.414938
1
0.223328
1
0.237519
0.590684
1
0.182151
0.11377
0.148562
0.269174
1
0.214256
0.0987503
0.25637
1
0.52291
1
0.0946369
1
0.179609
0.566476
1
0.804871
0.0957461
1
0.161353
0.0472769
0.0853962
0.103492
0.325775
0.0892516
0.154115
1
0.344431
0.0801802
0.387843
0.636304
1
0.380204
0.0809991
0.493591
0.0492329
0.276447
0.331141
0.170442
0.24541
0.124297
0.158263
1
0.105889
1
1
1
0.211493
0.619136
0.115978
0.470298
0.496631
0.124497
1
0.413028
0.0832347
1
0.908302
1
1
1
1
0.468916
0.112461
0.35535
0.304665
0.45453
0.318512
0.577015
0.79834
0.239561
1
1
1
0.0781969
0.38714
0.414747
0.0444281
0.513761
1
0.345155
1
1
1
1
0.315624
0.173361
1
0.181912
1
0.65459
0.0863669
0.330667
0.131039
0.912441
1
1
0.134656
0.0914838
0.152149
0.214732
0.501017
0.7113
0.624145
0.676572
0.915802
0.215456
1
1
0.49166
1
0.540536
1
0.0877254
0.272001
0.366797
0.335918
0.645352
1
0.916102
0.0831247
0.482541
1
0.735566
1
0.13189
0.251336
0.257641
0.123906
0.949657
0.317993
0.367947
0.415966
0.519109
0.0826761
0.079635
0.193696
0.438635
0.984088
1
0.305424
1
0.158663
0.602769
1
0.383197
0.286844
0.128186
0.0809812
0.450749
0.211193
0.407305
0.276969
1
0.0737422
0.574407
0.23239
0.175625
1
0.781939
1
0.255889
0.367636
1
0.271901
1
0.0495606
0.420879
0.0546691
0.408525
0.32148
0.193516
0.344784
0.0896698
0.218176
0.298566
0.080118
0.150421
0.307866
0.216107
0.149915
1
0.230503
0.407768
0.0737001
0.248698
0.495608
0.766487
0.553569
1
0.472761
1
1
0.227286
0.213576
0.155342
0.346205
1
1
1
0.157853
0.163646
0.515073
0.125542
0.0975711
0.130197
0.389592
1
0.272047
0.355586
1
0.178178
0.622532
0.165059
0.243384
0.479099
0.88936
0.540484
0.0704861
1
0.287963
0.812909
1
1
1
0.278743
0.405118
0.305894
1
0.113427
1
0.263919
0.159532
0.377793
0.415404
0.0802058
0.10421
1
0.91961
0.250768
0.654418
1
0.245045
0.106001
1
0.382555
0.198563
0.804758
0.120698
0.294937
0.752982
0.317804
0.279397
0.43441
1
0.118666
0.244344
0.438248
1
1
0.315998
0.173932
0.314491
1
0.568922
1
0.264249
1
0.112374
1
0.401226
1
0.0803097
0.309783
0.155956
0.0960566
0.524704
0.160852
0.432937
0.113705
1
0.458832
0.165609
0.0999724
0.11919
0.0863824
0.0659166
0.212036
0.173565
1
0.187684
0.402775
0.286175
1
1
0.0493491
1
0.111194
0.174686
0.0805693
0.129237
0.274022
0.156472
0.120086
0.370602
0.0445299
1
1
0.752363
1
1
0.266016
1
0.159292
0.326955
0.300265
0.163216
0.539377
0.0850286
1
0.159601
1
0.222244
0.311353
1
0.161356
0.282429
0.127851
0.808783
0.230491
0.18262
1
0.337159
0.574587
1
0.426014
1
0.330453
0.295763
0.210667
0.234081
0.166834
0.805261
0.0472371
0.213642
0.094083
0.11534
0.741163
0.0645813
1
1
0.637132
1
1
1
0.344979
1
0.164916
0.317292
0.0873672
0.436004
0.198624
1
0.812634
0.597637
0.136002
0.0740388
1
0.177231
1
0.66785
0.539364
1
1
0.541107
0.534649
1
0.126282
0.0851286
1
0.380346
0.116929
0.116786
0.274507
0.0658442
1
0.097648
0.424938
0.872045
0.175096
1
1
0.187827
0.679702
0.383634
0.0775646
1
1
0.215966
1
0.566177
1
0.455019
0.224809
0.803754
0.943005
0.0849278
1
0.158895
0.17887
0.153289
0.507187
1
0.223704
0.448702
0.498546
0.363873
1
0.0977546
0.146797
1
0.469331
0.995985
1
0.207769
0.970776
0.138505
0.778731
1
1
0.0547593
0.713985
0.149212
0.364058
0.113252
0.106297
1
0.111894
1
0.598826
0.131538
0.0968062
0.21509
1
0.193408
1
1
0.638228
0.195233
0.202031
0.476902
0.138636
0.939845
0.264649
1
0.860299
0.362143
0.0832246
1
1
0.55393
0.571404
1
0.386747
0.243793
0.132713
0.198881
1
0.238514
1
0.22034
1
1
0.474658
1
0.246773
1
0.0758234
0.312
0.569069
0.312528
0.227634
0.520648
0.725868
0.113891
0.516551
0.123879
0.123721
0.423867
0.0527506
0.0987467
0.134622
0.818394
0.742941
0.168402
0.207207
0.821319
0.146527
1
0.0674648
0.0463334
0.062784
0.940468
0.109146
0.55181
0.234584
0.148496
0.165311
0.172913
0.141699
0.36924
0.136834
0.82567
0.230287
1
0.0471961
0.89478
1
0.0582269
0.079311
0.390362
1
0.130966
1
0.16929
0.153237
1
0.695027
0.994704
0.520481
1
0.378956
0.577569
0.0939621
0.529153
0.694035
1
1
0.0996166
0.109959
0.291987
0.274745
0.111796
0.0678957
1
0.0769929
0.397856
1
0.111163
0.463341
0.342237
1
0.394608
0.85198
0.18238
0.141563
1
1
0.971116
0.174572
1
0.27772
0.457834
1
0.235739
1
0.850054
0.665423
0.622439
0.455527
0.358291
0.225237
0.141326
0.189597
0.109744
0.0724898
0.238531
0.192878
0.120752
0.0469375
0.186843
0.241176
0.843192
0.328141
1
0.299356
1
0.316665
0.916416
1
0.0925457
0.109339
0.679866
1
0.423017
0.583268
0.114454
1
0.37515
0.265898
1
0.766333
0.156665
0.998172
1
0.215425
0.601173
0.110453
0.115365
0.243867
0.545309
1
0.228687
1
0.170863
1
0.166941
0.200146
0.53427
1
0.182755
0.166099
1
0.499018
0.0441385
0.905464
1
0.124719
0.360998
1
0.0485333
1
0.130365
0.377667
1
0.885854
1
0.839216
0.108264
0.512867
0.880194
0.510979
0.0552978
1
0.535364
0.470238
0.228474
1
0.492349
0.417181
0.148355
0.620822
0.394768
0.0836039
0.677228
0.558824
1
0.297147
0.120583
0.330864
0.179608
1
1
0.349673
1
0.101665
0.760692
1
0.17829
1
0.122699
0.62874
0.035064
1
0.636055
0.268539
0.964099
0.255372
0.388537
0.401438
1
1
0.0404547
0.794996
0.200868
1
1
0.989644
0.082278
0.0820843
0.483385
0.279327
1
0.465328
0.516601
0.0700409
0.292981
1
1
1
0.729366
1
0.120777
0.110635
0.183411
1
0.173452
0.407342
0.255397
0.143797
0.143292
0.534351
0.436446
0.0614926
0.579553
0.271622
1
0.344911
1
0.274057
0.35198
0.806551
0.18048
1
0.0567278
1
0.31589
0.697739
0.177785
0.145949
0.325257
1
0.367354
1
0.896637
1
0.095975
0.632215
0.800011
0.261905
0.0658854
1
0.516399
1
1
1
0.603375
0.181449
0.489348
0.593282
0.134532
1
0.600563
0.0971188
0.108031
0.205077
1
0.0528124
0.087428
0.121582
0.160961
0.194083
0.217171
0.611017
0.722502
0.400947
1
0.159589
1
0.876411
1
0.842098
1
0.689885
1
0.392574
0.569401
1
1
1
0.122636
0.187322
0.521209
0.200855
0.703631
0.293045
0.496137
0.111088
1
0.361515
0.209698
0.452589
0.22238
0.982331
0.154624
0.178775
0.253153
1
0.198828
1
0.17091
0.173305
0.747372
1
0.19321
0.243672
0.238053
0.263172
0.546543
0.0861967
1
1
1
0.535099
0.639672
1
1
0.0733893
1
0.797191
1
0.134454
1
1
0.584679
1
0.23766
0.962549
0.431563
0.162134
0.355926
0.65126
0.25081
0.161043
0.773467
1
0.961686
1
0.776559
0.161173
0.702928
0.0692094
0.422207
0.219697
1
0.414064
0.463294
1
0.283502
0.0753394
0.473239
0.116298
1
0.589308
0.101945
0.705417
1
0.850523
0.169518
0.366515
0.952142
1
0.289742
0.466671
0.795011
0.258271
0.927863
0.407794
0.118961
1
1
1
1
0.140196
0.0853508
0.0619565
1
1
0.0917822
0.107193
0.322939
0.119778
0.414211
1
0.341866
1
1
0.70423
0.518971
0.200442
1
0.151185
0.497901
1
0.193158
0.259707
1
1
0.73616
0.435215
1
0.283265
0.299845
0.280921
0.690984
0.221774
1
0.145536
0.283961
1
1
1
0.128522
0.602254
0.291626
0.0869705
0.565476
1
1
0.700308
0.0948832
0.170174
1
0.071391
0.103677
0.132402
0.282473
0.0570666
0.291358
1
1
0.330721
1
0.213199
1
0.188321
0.174474
1
0.596209
0.10063
0.417539
1
1
0.357925
0.310782
0.201034
0.661083
0.409305
0.99697
0.0804007
0.71563
0.157767
0.146395
0.66923
0.20345
1
0.0860608
1
0.587793
0.583895
0.0502189
1
1
0.692476
0.140867
1
0.340999
0.111278
0.277765
0.0887618
1
1
0.592205
1
0.277708
0.225401
0.110756
1
0.189341
0.390741
0.737393
1
0.134534
0.137187
0.124135
0.339805
0.103299
0.600056
0.114229
0.203323
1
1
1
0.874407
0.490395
0.291842
0.3451
1
0.0542014
0.459048
0.429823
0.183851
0.300712
1
0.0861012
1
0.419561
0.762415
0.372052
0.254083
0.428748
0.273876
1
0.184251
0.124035
1
0.325819
0.949367
0.602879
0.437037
0.158576
1
0.11632
0.54598
1
0.291241
0.750139
0.90497
1
0.0863385
0.352172
0.477012
1
0.138913
0.458002
0.30588
0.147294
1
0.795078
1
1
0.234856
0.617551
1
0.161827
0.12082
0.288228
0.354994
0.0983082
0.309662
0.145441
0.22822
0.230935
0.16686
0.27714
0.247052
1
0.573531
0.247054
0.538629
0.0660237
0.300788
0.179784
0.220539
0.247171
0.317832
0.30504
1
0.128718
0.633467
0.240515
0.354847
0.555358
0.845575
0.379168
0.267909
0.467944
0.275369
1
0.148216
1
0.0753346
0.142995
1
0.158267
0.0455919
0.145795
0.346744
0.130589
0.22433
0.598822
0.238345
1
0.91866
0.336007
0.459036
0.0934886
1
0.0401799
0.0640705
0.211113
0.1844
0.297763
1
0.456285
1
0.195514
0.116784
0.374533
0.10373
0.717352
0.413612
0.491822
1
0.923148
0.316737
0.118657
0.0639204
0.355054
1
0.199925
1
1
0.0901066
0.0698537
1
0.10639
1
0.826746
0.757923
1
1
0.156239
1
0.692181
1
0.396039
0.458543
0.64114
1
1
1
0.304348
0.0701744
0.697824
1
0.132186
0.24074
0.237648
0.317648
0.928581
1
0.338307
0.695702
0.196414
0.625995
1
1
1
0.352365
1
1
0.456847
0.0384505
0.0407626
1
0.0638449
0.401668
0.225477
0.361766
0.433805
0.130808
0.387936
0.606315
0.485406
0.49093
1
0.364846
1
0.723847
0.276536
1
0.766186
1
1
0.0881137
0.283447
0.330932
0.466032
1
1
0.208988
0.665939
0.221909
1
1
0.127103
0.155373
0.261848
0.118944
0.10966
0.158575
0.726368
0.558913
0.497552
1
1
0.199661
0.826207
0.189492
0.162964
1
0.146184
1
0.381346
1
0.584554
0.433216
0.1645
0.442833
1
0.250672
0.145902
0.379698
0.101773
0.363741
0.0466227
1
1
0.668028
1
0.168791
0.0511587
0.240734
1
0.452815
0.348773
0.43856
1
0.125858
1
1
1
0.357748
1
0.698614
0.330343
0.158556
1
1
0.168777
0.293781
0.0891352
1
1
0.0632996
0.171025
1
0.0816795
0.213221
0.856928
0.135294
1
0.463365
0.317812
0.563978
0.267309
0.645053
0.231261
0.165884
0.346861
0.195267
0.43597
0.269581
0.260278
1
0.303491
0.642395
0.486716
0.597378
0.307233
0.210767
1
1
0.123421
0.643056
1
0.968001
0.0926514
1
0.197125
0.0434304
1
0.912924
0.0908421
1
0.363006
1
0.0475393
0.171824
0.171552
0.702422
0.279789
0.0254808
0.140691
0.323718
0.697469
0.709952
1
1
0.597997
1
0.945235
0.382606
1
0.136598
0.660733
0.0675483
0.560923
0.33367
0.0781708
0.135302
0.405316
0.136365
0.31092
1
0.154753
0.0927392
0.347229
0.603539
0.136983
1
0.421511
0.0923591
1
0.063156
0.457267
0.105808
1
0.250364
0.349191
0.821835
0.941566
0.168611
0.292971
0.140616
0.0803584
0.628627
1
0.0400404
0.133009
0.060224
1
0.0561698
0.169713
0.556988
0.770773
1
1
0.0755472
1
1
0.0823974
1
1
0.211748
1
0.2004
0.324447
1
0.0455693
1
0.884259
0.125071
1
0.519611
1
0.948252
0.635171
0.215312
0.0667721
0.257384
0.175421
1
0.831846
0.164023
0.281788
0.0509322
1
0.349872
1
1
0.400488
0.17491
1
0.186071
1
0.121078
0.206709
0.597664
1
0.359662
0.216788
0.140941
0.264668
1
1
0.25988
0.157533
1
0.0946739
0.645768
0.493441
0.824194
0.0633453
0.217079
1
1
0.146789
0.106431
1
0.52533
0.311245
0.219855
0.117103
1
1
0.214238
0.102882
0.308906
0.12619
0.0726604
0.417402
0.0813243
0.139074
0.267619
0.181934
0.118329
1
0.180623
1
1
1
0.224339
0.167202
0.241254
0.357489
0.820865
0.15175
1
1
0.118168
0.262485
0.138989
0.0892239
0.373632
0.175144
0.19062
0.735562
0.110704
0.102567
1
1
0.16763
0.208344
0.305414
1
0.773331
1
0.359252
1
1
1
0.112371
0.317118
0.259189
1
0.790947
0.387922
1
0.104195
0.0869437
0.369081
0.808656
0.902212
0.110625
1
0.0628036
1
1
0.947059
0.204338
0.299695
1
1
0.331472
0.377483
1
0.111306
0.0638853
0.0794145
0.687139
0.643927
1
0.345202
0.353887
0.179878
1
0.190562
0.191369
1
0.178536
0.0959938
0.522108
0.502183
0.345894
1
0.4411
1
0.242076
0.171905
1
1
0.795041
0.194292
0.0682387
0.731582
1
1
0.216435
1
0.168578
0.15583
0.454949
0.589729
0.434928
1
1
1
0.22534
0.586387
0.456274
0.850406
0.130192
0.218415
0.41998
0.0688585
1
1
0.146919
0.665505
0.179072
0.0944049
0.0982714
0.817326
1
0.361381
1
1
0.362635
1
0.823167
1
0.500097
0.342474
0.171264
0.199053
0.117839
0.280895
0.188117
0.876377
1
0.26874
1
1
0.449347
0.441917
0.872033
1
0.45213
0.214379
0.611191
0.139012
0.46805
1
0.120201
1
1
1
0.19338
0.0907409
0.669787
0.0768421
0.105036
1
0.174518
0.095939
0.261702
0.233447
1
0.297446
0.622186
0.298728
1
1
0.0973054
0.0643748
0.123199
0.310126
1
0.259793
0.108347
0.424158
0.0870307
0.319551
0.284321
0.178677
0.257302
0.342818
1
0.318051
0.241356
0.181128
0.488648
0.123902
0.180716
0.362558
0.14098
1
1
0.19455
0.629401
0.362759
1
0.385565
0.38912
1
1
0.156226
0.142825
0.251111
1
0.123513
0.724327
0.665472
0.447459
0.250753
1
1
0.951093
0.77599
0.252182
1
0.659054
1
1
0.233027
0.393208
0.0972057
0.107091
1
0.428039
1
0.482482
0.372387
0.346241
0.0820949
0.100453
1
0.283984
0.807548
0.113705
1
1
0.0535693
1
0.354239
0.433739
0.158628
0.142343
0.136272
0.321531
1
0.197521
0.55733
0.364653
0.397882
0.064915
0.165025
1
0.39001
0.116763
0.277863
1
1
0.587337
1
0.21129
1
0.172725
0.401432
0.0792409
0.502078
1
0.218206
0.609029
1
1
0.763058
0.344456
0.732049
1
0.170322
0.105731
0.127824
0.193715
1
0.348365
0.228983
0.708597
0.0375674
0.517291
0.107031
0.581997
0.145024
0.378678
1
0.3441
0.582462
0.401094
0.149182
0.116534
0.831994
0.194174
1
0.384994
0.0917609
0.197134
1
1
0.37213
0.71855
0.198478
0.509205
1
0.159186
0.233645
1
1
0.123667
0.0725304
0.167212
0.241611
0.0470031
1
0.374193
1
1
0.193416
0.146144
0.627462
1
0.134468
0.117352
0.103443
0.185526
0.123474
0.185582
1
0.0986928
0.205099
0.103676
0.159434
1
1
1
1
1
0.132607
0.256642
0.269988
0.160221
1
0.560532
0.0575331
0.134851
0.89929
1
0.145352
0.324835
0.162185
0.188521
0.20394
0.112734
1
0.0818655
0.296031
0.317965
0.0442303
0.717245
0.105027
1
0.964837
1
0.673887
0.0612833
0.381092
0.277709
0.121033
1
0.458289
1
0.522167
0.223459
0.192899
0.426125
1
0.156533
1
0.257164
1
0.618194
0.118577
0.496017
1
0.371412
0.720262
1
1
0.375689
0.236801
0.0494451
0.158002
1
1
1
0.0744064
0.701931
0.94367
0.35254
1
0.444623
1
0.648138
0.321054
0.742675
0.124106
1
0.573501
0.112397
0.310241
1
0.26424
1
0.104618
0.458712
0.544213
0.431669
0.423614
0.626624
0.981484
1
0.984107
0.0609982
0.0840197
0.110203
1
1
0.763973
0.15654
0.342045
0.254319
1
0.0522523
0.203212
0.107798
0.135906
0.749527
0.0591312
1
0.287477
0.719336
0.0716278
0.0579266
0.0863503
1
0.688142
0.464259
0.485739
0.11148
0.0580165
0.234565
0.156067
0.132619
0.159491
0.844002
0.882031
0.247574
0.436146
1
0.336093
0.250322
0.0781071
0.910472
1
0.460139
0.616669
0.150383
1
0.228855
0.13299
0.354474
0.236752
0.0578599
0.0459546
0.228993
0.261424
0.12321
0.15819
0.512325
1
0.119078
0.0631035
0.175159
0.103103
0.114827
0.0760858
0.768327
1
1
1
1
0.362305
0.24848
1
0.308572
0.311442
1
0.117073
0.88863
0.258181
0.424873
0.711372
1
0.507059
0.911452
0.0520437
0.186068
1
1
0.130993
0.527077
0.413592
0.412528
0.663543
1
0.0972042
1
0.696748
0.381503
0.354519
0.427157
1
0.142062
0.482537
1
1
1
0.182421
0.127651
0.311644
1
0.209588
0.341658
0.0411961
0.596716
0.419394
1
0.581812
0.0961741
0.266168
0.175046
1
0.0885059
0.264268
1
0.500357
1
0.138998
0.402152
0.868173
0.322862
0.069455
0.0977436
0.12535
1
0.105833
0.305426
1
0.157985
0.229473
1
0.0999554
0.246154
1
1
0.181079
0.308253
0.451178
0.319659
0.419883
0.265517
0.206931
0.163845
1
1
1
0.395249
0.697928
0.198338
1
0.660838
0.237835
0.223299
1
1
1
0.184588
0.279941
0.171201
0.938939
0.589853
0.209452
0.177264
0.141794
0.230283
0.266543
0.398346
1
0.361484
1
0.0995326
0.363546
0.853718
0.0688859
0.0485412
0.179549
0.45482
0.154392
0.745442
0.567487
1
0.139416
0.907946
0.490988
1
0.441532
0.462804
1
0.230016
0.708787
0.701751
1
1
0.152803
0.459388
0.52782
0.549381
0.462245
0.125136
0.620511
0.124323
0.180396
0.290114
0.345605
1
0.101116
0.723536
0.247319
0.178416
1
0.119417
0.0770095
0.184629
0.234808
0.125202
0.76653
0.632713
0.45002
0.121243
0.823527
0.237096
1
0.308047
0.35346
0.406199
0.0894161
1
0.0961695
1
0.172266
0.119463
0.192205
0.15998
0.925451
0.0712402
0.64288
0.481367
0.815476
0.144058
0.81407
0.544388
0.0629802
0.199324
1
0.793071
1
0.0652793
0.0700267
0.0529333
0.285218
0.306369
1
0.119851
0.439992
0.089777
0.0569196
0.121008
0.072887
0.928836
0.190123
0.389778
0.114119
0.100808
0.153878
0.0880276
0.584546
0.291334
1
0.387808
0.286743
0.606818
0.397469
0.29059
0.548799
1
1
0.0479464
0.941654
0.333527
0.674521
0.807405
1
0.248309
0.118378
0.172224
1
1
0.584268
1
0.461914
0.30452
0.238425
1
0.983074
1
1
0.156511
0.589138
1
1
0.307059
0.4636
0.143277
0.423617
0.167258
0.0715369
0.0955413
0.0973368
0.46437
0.791054
0.11934
0.176407
0.0821874
0.0851844
0.163434
1
0.203284
0.275865
0.0553317
0.341295
0.653849
1
0.100967
0.0417449
0.0598917
0.26508
0.0910191
0.238704
0.102756
0.0445328
0.0578697
0.693332
0.571328
0.148155
0.895632
0.314014
1
1
0.808957
1
1
0.781011
0.0617832
1
1
0.17025
0.0475664
0.222663
0.775027
0.268291
0.33931
0.168835
0.218083
0.24523
0.0744085
1
0.168361
0.192416
0.242535
0.419654
0.0733301
1
0.832501
0.378788
0.216858
0.174368
0.0800059
0.109782
0.12955
0.609156
0.832686
1
0.0845628
1
1
0.0549362
0.15297
0.438524
0.754704
0.178298
1
0.0905674
0.158203
0.057147
0.208871
0.149714
0.582218
0.47368
0.624979
0.671228
0.114165
0.0466234
1
0.146687
1
0.0786627
1
0.62296
0.127162
0.169135
0.337234
0.12353
0.121033
0.0315803
0.75166
0.24158
1
0.338407
0.647771
0.108425
0.0550095
0.53024
0.572412
0.244475
0.631025
1
1
0.222626
0.249967
0.674931
1
0.803311
1
0.130199
0.0573825
0.191075
0.239279
1
0.593401
0.113165
0.181448
1
0.263976
0.296819
0.273264
1
0.346413
1
0.184097
1
0.764978
0.0837667
1
0.829051
0.229399
0.448893
0.337975
1
1
0.294101
0.47029
0.0790686
0.752211
0.415953
0.273778
0.590809
0.24081
0.656192
0.310007
0.140798
1
1
0.566038
0.110038
1
0.335572
1
0.167589
1
1
0.151455
0.215385
1
1
0.247145
0.41174
0.0732096
0.539895
1
0.0482131
0.324822
1
0.112482
1
0.226065
0.267047
0.379425
0.31556
1
0.460318
0.917407
0.280462
1
0.771338
0.244552
0.116098
0.985437
0.155873
1
0.292868
0.110176
1
0.331627
0.0686868
0.252607
1
0.651565
1
0.212134
1
0.586374
0.291327
0.113355
0.166732
0.0567615
1
1
1
0.550195
0.226298
0.0554638
0.46052
0.928391
1
0.445356
0.287674
0.404878
1
0.164259
0.314555
1
0.0783335
0.28239
0.222551
0.60963
1
1
1
1
1
0.901237
1
1
0.0673384
0.186213
0.0904592
0.438872
0.573111
0.0502088
1
0.335109
0.19839
0.921082
0.702104
0.12298
0.581422
0.157103
1
0.183353
1
1
0.176524
0.488151
1
0.411254
0.487821
1
0.0522259
0.169852
0.947867
0.562447
0.651742
1
0.179539
1
0.497519
0.606727
0.130103
0.448213
0.678568
0.876028
0.0477745
0.0552054
0.543787
0.406359
0.713932
0.374618
1
0.425088
1
1
1
0.184875
0.952368
0.148401
0.0783379
1
0.707862
0.233536
0.323123
0.814674
0.49002
0.192196
0.798802
0.895744
1
0.259465
1
0.973298
0.0723375
0.354375
0.253684
0.19583
0.174226
0.0747124
0.0652855
1
1
0.130068
0.0852739
0.240984
0.0611083
1
0.804489
0.151008
0.0620003
0.10986
0.283952
0.370503
0.38271
0.304322
1
0.0652855
1
0.36072
0.338734
0.0424383
0.301378
1
0.930378
0.099219
1
0.148277
1
1
0.118983
0.277684
1
0.134275
0.130077
1
0.339585
0.168682
0.105695
0.665301
1
0.83878
1
0.283689
0.0827214
0.160103
0.10246
0.123166
0.113734
0.523675
0.510018
1
0.145805
0.0914054
0.35144
0.834658
0.267187
0.891677
0.0307614
0.288773
1
0.187654
0.204821
0.130602
0.388861
0.667224
0.246384
0.0680568
1
0.098107
0.21604
0.329147
0.205498
1
1
0.359971
0.194536
0.0774176
0.466356
0.252214
1
1
0.570915
0.236214
0.142225
0.378518
1
1
0.194924
0.208413
0.253808
0.367541
0.620259
0.269281
0.256192
0.16589
1
0.352873
0.322219
0.520303
1
0.0995309
0.72069
1
0.230754
0.874349
0.198905
0.753173
0.981628
1
0.0821295
0.344968
0.414249
0.514283
0.123127
0.0951608
0.772998
1
1
0.10277
0.452309
0.369128
0.97878
0.196578
1
0.228383
0.459414
0.0841396
0.112157
0.89437
0.0727687
0.105548
0.114317
1
0.118446
0.651496
0.285582
0.925667
1
0.448377
1
1
0.987647
1
0.700589
1
0.237849
0.186961
0.593513
1
1
1
0.919889
0.252056
0.11025
0.285442
1
1
0.426659
0.0743421
0.293956
0.475875
1
0.149186
0.504085
1
1
0.47281
0.5543
0.766208
0.129268
0.393358
1
0.280632
1
0.396656
0.312251
0.123181
0.73096
0.282701
1
1
0.933327
0.277326
1
0.0815721
1
0.858006
0.125016
0.696324
0.284452
0.399998
0.883738
0.33498
1
0.181886
0.386976
0.625248
1
1
0.22279
0.343493
0.109031
0.909736
0.688296
0.328042
0.558816
0.133718
0.338942
0.990755
0.222908
0.224161
0.267802
0.123042
0.273537
0.640023
0.0976759
0.153244
1
1
0.222629
0.0597871
0.960807
0.119417
0.193216
1
0.82321
1
0.289762
0.161235
0.884214
1
0.0548986
0.398033
1
0.534386
0.135182
0.449595
1
0.167114
0.830877
1
1
0.338956
0.224547
1
0.316922
0.696778
0.116427
0.22977
0.17473
1
1
0.572715
0.610325
0.132478
0.84801
0.328033
1
1
0.170644
0.781074
0.291303
0.320959
1
0.759605
1
0.293181
0.266142
0.2649
0.208101
0.15941
0.623561
1
0.27362
0.25887
0.132767
0.802979
0.702971
1
0.594385
0.10442
0.618559
0.603058
0.0713772
0.0978068
0.359123
0.297601
1
0.722104
1
0.0919427
0.659871
0.0418476
1
0.220946
0.949974
0.389376
0.259139
0.497696
1
0.0680128
0.475309
0.532507
0.269619
0.445495
1
0.196374
0.383535
0.0995437
0.137827
1
0.201782
0.301071
0.194736
0.115985
0.162114
0.398657
1
0.0764738
0.473785
0.435294
0.132918
1
1
1
0.176954
0.081073
0.0508205
0.133854
0.14449
0.0768019
0.316034
0.0631959
0.178191
0.26824
0.470664
0.34713
1
1
1
0.138389
0.33379
0.183648
0.501927
1
0.723567
0.0950074
0.231642
1
0.311972
0.0551966
0.123096
0.24825
1
0.589239
0.0643815
0.174932
0.228281
0.580398
0.384644
0.881951
0.807746
0.164422
1
1
0.247958
1
0.128502
1
0.500285
0.647434
1
0.257577
1
1
1
1
0.122477
0.587568
1
1
1
0.215641
0.472407
0.555371
0.300045
0.931091
0.800257
0.176131
0.397861
0.114373
0.0863871
0.139717
0.864373
1
0.231544
1
0.238483
1
0.0895134
0.436372
1
0.0509057
1
0.0740779
0.981959
0.402713
0.205739
0.086526
1
0.528474
0.243959
0.528271
0.119484
0.696903
1
0.831679
0.165275
0.522142
0.253282
0.0645957
0.17318
1
0.105151
0.122045
0.54609
0.115193
0.516511
1
0.302893
0.18757
0.131205
0.228787
1
0.446913
1
0.585752
0.170271
1
0.667347
0.39119
0.865478
1
0.809622
0.839335
0.837363
0.106169
0.0761893
0.136327
0.975364
0.400031
0.150156
0.724262
0.702707
0.118065
1
0.332388
1
0.938629
0.52232
0.129386
0.179497
0.156113
1
1
0.0977669
0.575591
0.264959
0.557418
0.402334
0.426762
0.182967
0.293716
1
0.707931
0.320307
1
0.0624792
0.364211
0.081505
0.464597
0.812748
0.185145
1
1
0.42939
0.142248
0.719673
0.104733
0.499866
0.848623
0.0713397
1
0.0924255
0.551495
0.274019
1
1
0.667213
1
0.347357
0.572395
0.611195
0.481677
0.332504
0.0776477
0.399579
1
0.102291
0.0972819
1
0.538913
0.403551
0.318056
0.328656
1
1
0.275086
0.323276
0.0951036
0.12619
0.0704274
0.230221
0.0638131
0.171732
0.117969
0.263022
0.206744
0.130119
0.0970391
0.0735014
0.0676251
0.188986
0.0470255
0.150965
0.0746358
0.160304
0.81106
0.0582344
0.972853
0.135929
0.296397
0.0947373
0.11138
0.134908
0.255835
0.114758
0.22036
0.126863
0.149642
1
0.11498
0.107197
0.132646
0.242626
0.238526
0.281443
0.076617
0.219521
0.148585
0.194583
0.292122
0.0745486
0.172812
0.273233
1
0.10872
0.174807
0.141701
0.297621
0.187437
0.254085
0.279186
1
0.695574
0.247001
1
0.209264
1
0.095835
0.0340205
0.11319
0.806165
0.916224
1
0.525509
0.114115
1
1
0.371424
0.390364
0.131407
0.0820411
1
0.156402
0.278596
1
0.29583
0.350471
0.480642
0.0935673
0.17908
1
0.0552032
0.914549
0.744013
1
0.105485
0.835984
0.0962296
0.74385
1
1
0.166746
1
0.339774
0.113907
1
1
0.939809
1
0.935628
1
1
1
0.568486
0.390852
0.303252
0.0711994
0.305694
0.265402
1
1
1
0.536999
1
1
0.979406
0.0904791
0.201782
1
1
0.581002
0.425204
0.228904
0.183413
0.165026
0.325385
1
0.335565
1
1
0.100499
0.604118
0.143972
0.0999634
0.097097
1
0.385469
0.542228
0.124737
0.204217
0.0525673
0.108451
0.109924
1
0.529033
0.500533
1
1
0.342167
0.440106
0.28301
0.428885
0.9154
0.367966
1
1
1
0.443273
1
0.133836
0.0687135
1
1
1
1
0.989671
1
1
1
0.32575
0.218037
1
1
0.0576849
0.295436
0.0405013
1
0.429669
0.229807
0.844827
0.111426
0.389577
0.445158
0.401969
0.39568
0.117972
0.630387
0.355385
0.320739
1
0.169204
0.0987966
0.521346
1
0.311154
0.532154
0.163354
0.534833
0.333791
0.847312
1
0.094801
0.917552
1
0.221646
0.70773
0.950015
1
0.0987062
1
1
0.276028
1
0.235037
0.119447
1
1
0.216826
1
0.479212
1
0.0727429
0.214394
1
1
0.588862
0.444266
0.260592
0.123822
1
0.644614
0.296961
1
0.0419149
1
0.742035
0.441846
0.812453
1
0.865839
0.684003
0.0927711
1
0.412127
0.349635
0.0346428
0.403955
1
0.118456
0.220364
0.420952
0.126323
0.0484001
0.181805
0.058476
0.14287
0.278515
0.11527
1
0.277138
0.460353
0.632319
0.150057
0.102087
0.336239
1
0.280468
0.503965
0.418229
0.132827
1
0.421939
1
0.687905
0.143279
0.418873
1
0.969884
0.538484
1
0.545379
1
0.756186
1
1
0.297542
0.090964
0.700274
1
1
1
1
1
0.128672
1
0.239627
0.465953
0.0941016
1
0.304888
0.2155
0.879539
0.15487
0.615857
0.540966
0.124332
1
0.0549854
0.118301
1
0.508975
0.19073
0.324218
0.173827
1
0.34695
1
0.135621
0.172941
0.202988
0.209637
0.257018
0.312119
0.165249
0.0885143
0.22393
0.821164
0.151536
0.613401
0.655774
0.12169
0.723903
0.7855
1
0.3426
0.381788
0.212805
0.203245
0.488008
0.140759
1
1
0.785733
0.0413661
0.150153
0.0986006
0.101589
0.11404
0.126659
0.355715
0.412166
0.270093
0.736749
1
0.125616
1
0.181539
1
1
1
1
1
0.0989141
1
0.423929
1
0.368911
0.0479404
0.113071
0.301765
0.211734
0.096651
0.737666
0.218592
0.169037
0.284379
0.143144
0.747007
0.649824
1
0.166505
0.577452
0.87017
1
0.752779
1
0.400337
0.258071
0.655037
0.130975
0.17199
0.112948
0.0498264
0.256399
0.2948
0.2532
0.422442
1
1
1
0.122115
1
0.341928
0.0881568
0.217374
0.12577
0.206316
0.209981
0.268602
0.743931
1
0.255507
0.0643473
0.114587
1
0.10045
0.198041
0.165558
0.295453
0.0839593
0.421262
0.0913441
0.889404
0.283439
1
0.536156
0.102677
0.310854
0.332103
0.127326
0.27457
0.107648
0.0748855
1
0.0420436
0.345118
1
0.506839
0.85408
0.472558
0.248683
1
1
1
0.0652801
1
1
0.131894
1
1
1
0.604462
1
1
1
0.310554
0.212522
0.314463
1
0.175364
0.380616
0.409401
1
0.273402
0.588685
0.432338
0.247516
0.178333
0.219433
1
0.0467402
0.269125
0.175639
0.0910397
0.172426
1
1
0.620269
1
0.556481
1
1
0.158466
1
0.560283
0.748255
0.946534
1
0.132304
0.041245
0.408588
0.270844
0.48968
0.24831
0.215297
0.630178
0.34135
0.366326
0.907294
0.0959661
0.594664
1
0.2078
0.751849
0.302818
0.0803333
0.867627
0.0804239
1
0.233739
0.813605
0.188498
0.247576
0.58698
1
0.12975
1
1
0.0294992
0.214374
1
0.778664
0.315765
0.0901542
0.0532517
0.508414
1
0.47396
0.190153
1
0.0944387
0.15574
1
0.228046
0.445965
0.838585
0.623429
1
1
1
1
1
0.417477
0.467845
0.0693991
0.251811
1
0.281012
0.320887
0.52011
0.0945597
0.0688765
0.918498
0.0733566
1
0.959711
0.987656
1
1
1
0.181008
0.0921502
0.588285
0.834576
0.446737
0.354509
0.249431
0.543821
0.14469
1
0.643675
0.085611
0.599901
1
0.240355
0.192963
0.479538
0.564885
1
0.046265
0.571422
1
0.486233
1
0.363601
0.113843
0.459766
1
0.161388
1
0.0797536
1
0.947276
0.274962
1
0.4341
0.383455
0.627149
0.134978
0.427687
0.126287
0.37951
0.278634
1
0.214641
0.660128
0.762525
0.400066
0.140924
1
1
0.59097
1
1
0.109888
0.764823
0.144486
0.155942
0.109509
1
0.692242
0.113426
0.916682
0.140097
0.25537
0.0909124
0.158049
0.53201
0.223113
0.226449
1
0.169508
0.267037
0.0655175
0.0910877
0.234971
0.286044
0.342884
0.254491
0.579022
1
0.471202
0.0592839
0.131784
0.200392
0.857214
0.451512
0.156839
0.857435
0.972959
0.781133
1
1
1
0.0831647
0.162838
0.0994387
0.28158
1
0.667468
0.0371825
1
1
1
0.994424
1
0.175093
0.827882
0.0770987
1
1
1
0.26086
0.542697
0.138735
1
1
1
0.0870256
0.878457
1
0.486522
0.542252
1
0.532464
0.949294
0.583319
0.125927
1
0.344552
1
0.376023
1
0.316621
0.213018
0.0293675
0.93901
0.0929077
1
0.708132
0.0406638
1
0.0504366
0.243027
0.321234
0.211213
1
0.112059
0.053549
1
1
0.415636
0.107726
0.404262
0.483245
1
0.884813
0.0895546
0.44792
1
0.42832
0.368012
0.125908
0.466062
1
1
1
0.247926
0.192952
0.995207
0.290124
0.203662
0.273325
0.0916186
1
0.939247
1
0.175805
0.961075
0.480132
1
0.0511242
1
0.24345
0.143774
0.179237
0.62758
1
0.169661
1
1
0.393465
0.249228
0.825396
0.286194
0.641944
1
0.061064
0.0721782
0.44431
0.0892923
1
1
0.227414
0.49881
0.372618
0.856097
1
1
1
0.408743
1
0.367096
0.22362
1
0.357359
1
1
0.122077
0.638722
1
0.705977
0.350506
0.111438
0.801997
0.314125
0.956791
0.945842
0.0602801
1
0.684306
1
1
0.899331
0.331163
0.237143
0.0478316
0.63045
0.735522
0.296184
0.396657
0.358676
0.230416
1
1
0.116528
0.482838
0.182844
0.437897
1
0.599181
0.249537
1
0.607507
0.531982
1
1
0.18875
0.298176
0.358607
0.257879
0.58548
0.168132
0.358309
0.414632
0.110407
0.410285
0.0887686
0.188844
1
0.207442
0.0800561
0.301608
0.0726168
0.664601
0.396971
0.970617
0.918208
0.14556
0.466633
1
0.269787
0.264224
0.38983
0.487579
0.144937
0.0982424
1
0.102823
0.411595
0.232762
0.91725
0.0802375
0.793138
0.592995
0.345731
0.164775
0.17652
1
1
0.362283
1
0.5586
0.455827
0.393116
0.520535
0.122255
0.344658
0.216105
0.226611
0.256475
1
0.106887
0.336484
1
0.635393
1
1
1
1
1
0.527455
0.411462
0.145517
0.49293
1
0.0999103
0.438749
0.271243
1
0.921435
0.586712
0.238559
1
0.462507
0.4264
0.584259
0.059593
0.957797
1
0.223788
0.289372
0.318214
1
0.478058
1
1
0.579642
0.355493
0.552956
0.281068
0.665889
0.0656764
0.719011
0.513305
1
0.82357
0.0422297
0.614645
0.90645
0.756522
0.354523
1
0.900638
0.317575
0.821187
0.323816
0.250727
1
1
0.128124
0.357614
0.22452
0.692792
0.314791
1
0.0824833
0.253309
0.089264
0.189249
0.427622
0.347203
0.554637
0.938145
0.651906
1
1
0.152194
0.206274
0.0695992
1
1
0.226649
0.168501
0.225697
0.234527
0.156786
0.554488
0.479905
0.231776
0.185944
0.126922
0.362069
1
0.328133
0.181012
0.164458
0.0747327
0.103513
0.15684
0.0771686
0.380225
0.765877
0.116493
0.741311
1
0.0993924
0.120461
0.201063
0.9388
0.353715
1
0.321152
0.750321
0.45736
0.378244
0.216738
1
0.26574
0.805915
0.892278
0.322077
0.528436
0.256251
0.216008
0.436969
0.476277
0.0974282
0.177558
0.385323
0.399762
1
0.146271
0.122908
0.0703706
1
0.297279
1
0.778414
0.16381
0.195087
1
0.377858
1
0.124866
0.59354
0.198334
0.783267
0.0776739
0.606384
1
1
0.362159
0.841346
0.538266
0.658508
0.150118
0.324463
0.261294
0.286223
0.177841
0.109221
0.660324
1
0.0238001
0.979908
0.263111
0.414679
1
0.330227
0.216416
0.102609
1
0.674078
0.252987
1
0.765581
1
0.0681328
0.646116
0.374684
0.342753
1
0.195023
0.255765
0.0697515
0.0787695
0.303216
0.178024
0.0326522
0.243612
0.119959
0.160325
0.197841
0.0766933
0.570453
0.068388
0.186742
0.26405
0.515961
0.0447193
0.366247
0.0954043
0.46797
0.257255
0.110186
1
1
0.175206
1
0.347436
1
0.0308231
0.595262
0.306893
0.797115
0.249275
0.178384
1
1
0.152754
0.338783
0.0502339
0.351175
1
1
1
0.162047
0.101328
0.141296
0.470138
0.0999903
0.327382
0.212258
0.386654
0.476921
1
1
0.111568
0.18874
0.736563
0.159062
0.716972
1
0.0506701
1
0.756623
0.241735
0.359012
0.184822
1
0.080873
0.145512
0.278229
1
0.537784
0.7294
0.067579
0.0488206
0.200562
0.41134
0.231934
0.39841
0.0915798
1
0.134689
0.415945
0.3736
0.133191
0.433964
0.667522
1
0.222441
0.314308
0.15619
0.140705
0.0893006
0.861931
1
0.69453
0.297282
1
0.207247
1
1
0.175781
0.623953
0.678702
0.47463
0.0297009
1
0.167837
0.315177
1
1
0.327268
0.268909
0.208131
0.289765
0.476672
0.351066
1
0.0782254
1
0.140463
0.229117
1
0.740571
0.98814
0.132627
0.277476
0.392069
0.0719451
0.324987
0.0608572
1
0.309687
0.408904
1
0.403335
0.315274
0.416719
0.143515
0.204486
0.275445
0.552758
0.103416
0.0643455
0.741802
0.505771
0.08026
0.234813
0.888552
0.0784004
0.145508
1
0.268152
1
1
0.218692
0.746127
1
0.333495
0.522149
1
0.162146
0.159207
0.579736
0.121371
1
1
1
1
0.481865
1
0.039931
0.0963742
0.803206
0.140365
0.151401
0.120658
0.186297
0.0488472
0.774723
0.566155
0.153548
0.284272
1
0.188057
0.609127
0.203703
0.389852
0.46252
0.490469
0.134257
1
0.0678573
0.552034
0.145389
0.19387
1
0.0620856
0.182087
0.101576
1
0.0636893
1
0.20747
1
0.242166
1
0.0930264
0.975825
0.219971
1
0.527042
1
0.320789
0.129018
0.121994
0.684873
1
0.119066
1
0.277747
0.171125
0.395841
0.756364
0.261679
0.194656
1
0.506828
1
1
0.163009
0.16455
0.418944
1
0.381727
0.432372
0.222697
0.122029
0.745551
0.0632961
0.175931
0.601154
1
0.220313
1
0.104986
0.455848
1
0.82231
0.249771
0.104236
0.163277
0.0777642
0.721554
0.0770718
0.164726
1
0.990443
0.707364
0.0963124
1
0.164112
0.213901
0.515578
0.0826453
0.194964
0.165606
1
1
0.0647024
0.179411
0.252647
0.0489775
0.341687
1
1
0.293719
0.397596
0.948792
0.049457
1
0.210087
0.213449
0.744675
1
0.441208
0.236764
1
0.226231
0.050046
0.840377
0.293905
0.695937
0.334094
0.204814
0.656604
1
0.343175
1
0.35914
0.362181
0.287435
0.365773
1
0.327964
0.58468
1
0.961607
0.141148
0.796422
0.143976
1
0.294144
1
1
0.224654
1
0.113579
0.221475
1
0.252754
0.159784
0.432925
0.665496
1
0.341192
0.434782
0.45201
1
1
0.0964905
0.271075
0.33069
0.064658
0.231338
0.090434
1
0.257805
0.757412
0.0320104
0.890697
0.251521
0.400685
0.37425
0.381438
1
0.209401
0.0964805
0.366982
1
0.897055
1
1
0.26438
1
0.0815305
1
0.123636
0.0789805
0.195239
1
0.276384
0.0947382
0.0541487
1
0.331338
0.278939
1
0.616875
0.0807307
1
1
0.255127
0.156223
0.550591
1
0.372346
1
0.0608484
0.0595204
0.272544
0.25975
0.0919629
0.108406
0.123671
0.56149
1
0.0396533
0.159684
1
0.0929091
0.185429
1
0.265623
0.105956
0.335638
0.894339
1
0.408134
0.0942832
0.216865
1
1
0.711675
0.20214
1
1
1
1
1
0.198848
1
0.089155
0.248498
1
1
1
0.096025
0.133529
1
0.300928
1
1
0.371681
0.15167
0.176834
0.282105
0.0836006
0.115115
0.0520211
0.700095
0.346442
0.246135
0.161869
0.384341
1
0.0573174
0.192834
1
0.0894891
0.164562
1
1
0.519443
0.268951
0.165614
0.336926
0.233563
0.0988561
0.589083
0.937901
0.481555
0.457048
0.186869
0.791679
0.34657
0.985601
0.239089
1
1
1
0.205566
1
1
0.264298
0.0588274
0.630156
0.387332
0.37532
1
0.323977
0.549289
0.0771995
0.214066
1
0.156131
0.123923
1
0.190547
0.0727325
0.355562
0.0954886
0.49381
0.653172
1
1
0.0998841
0.234722
0.0786517
0.251409
0.171804
1
1
0.124993
0.547515
0.799562
1
0.852382
0.99688
1
0.262768
1
1
1
1
0.102178
0.498083
1
1
0.513304
0.898995
1
0.25321
1
0.611793
0.122959
0.0464894
1
1
0.519095
0.277807
0.374594
1
0.699573
1
0.556284
0.237522
0.379959
0.259922
0.735586
1
0.077465
0.755773
0.701171
0.883807
1
0.964604
1
0.724027
1
0.206009
0.189485
0.110551
1
0.148904
0.185304
0.312318
0.457109
0.0606565
0.124607
0.299881
0.492993
0.231908
0.199692
1
0.148146
0.247868
0.0985567
0.18686
0.0884178
1
1
0.486882
1
1
0.420751
0.0692164
0.772049
0.871511
0.404773
1
1
0.225026
0.696964
0.160335
1
0.430734
1
1
0.642313
1
0.270956
0.305201
1
0.189746
0.163808
0.506473
1
0.426371
0.238734
0.0382922
1
0.239421
0.0972445
0.242654
0.208191
0.278266
0.247521
0.243739
0.843771
0.280845
0.831247
0.429675
1
1
1
1
0.186558
0.176841
0.18301
0.0945768
0.199189
1
0.117966
0.786605
0.28566
1
0.158795
0.343587
1
0.943181
0.409327
0.289792
0.0425316
1
1
0.159599
0.267601
0.677979
1
0.457484
0.325285
1
1
1
0.291095
0.937629
1
0.202938
1
0.734168
0.0729614
0.215347
1
0.0995968
0.290732
0.420584
0.769569
1
0.126916
0.673674
1
0.69154
0.986981
0.0508982
0.349523
0.349672
0.404091
1
0.29446
0.667567
0.194372
0.539958
0.225253
0.210386
1
0.127362
0.150824
0.0713225
0.894132
0.393296
0.961513
0.39383
0.685826
1
0.117932
0.0980036
0.684088
1
0.342966
0.986994
1
1
0.122714
1
0.0752872
0.281754
0.905699
1
0.367801
1
0.184237
0.670888
0.186049
0.209496
1
0.517482
0.0358496
0.519173
0.294498
0.187527
1
0.918424
0.12422
1
0.868954
0.688618
1
0.591019
1
0.50214
1
0.642652
0.210335
1
0.421999
0.594818
0.298303
1
0.205833
0.102462
0.587151
0.265469
1
0.739933
1
0.14435
1
1
1
0.174195
0.125705
1
1
0.126482
0.191757
0.0588127
0.259678
0.129667
1
1
0.0931721
0.378796
1
0.227199
0.158999
0.456247
0.51468
0.114761
0.0905512
0.805005
0.2611
0.36331
0.221188
0.948006
0.289475
0.760465
0.812993
1
0.0389445
0.192766
1
1
0.0477596
0.539254
0.831364
1
0.443091
0.608761
1
0.693228
0.657091
0.121333
0.595558
0.127739
0.166378
0.164411
0.319322
0.762671
0.227965
0.497219
0.281957
0.427378
0.382245
1
0.732782
0.122977
1
1
0.0717284
1
0.310944
1
0.365185
0.201856
0.538115
0.143381
1
0.274086
0.354488
1
0.158558
1
1
0.310634
0.712143
1
0.600016
0.184027
0.733809
0.682996
0.268086
1
0.537892
0.0419649
0.500928
0.365715
0.416388
0.137054
1
0.0628913
1
0.0916415
0.0976225
0.789449
0.795028
0.925526
1
0.676805
0.161479
0.21754
0.177584
1
0.129694
0.150576
0.0602081
0.64857
1
0.487655
0.61407
0.376834
1
0.0593181
0.298076
1
1
0.586832
1
0.37281
1
0.0949095
0.124979
0.11465
0.0776323
0.0514474
0.159326
0.222803
1
0.145668
0.109483
0.0781315
1
1
0.894371
0.24402
0.0720071
0.38426
0.286612
0.677935
0.709185
1
1
0.140851
0.27314
0.171831
0.572412
1
0.347399
0.254392
0.607784
0.0722466
0.069987
0.899174
1
1
0.584862
0.107178
0.056354
0.472432
0.224106
1
0.0929949
0.459186
0.38473
0.177978
1
0.260295
0.414289
0.709344
0.0791093
0.966466
0.9141
1
0.270015
0.109308
0.178109
0.390993
0.491328
0.46051
0.416673
0.246071
1
1
0.49843
0.530781
1
0.515122
1
1
1
0.27521
0.237183
1
0.1171
1
0.687841
0.962495
0.101652
0.274867
0.147673
0.478979
1
0.287291
0.107941
0.150818
1
1
1
0.828994
0.978827
1
0.283971
0.442441
0.0727564
1
0.0923402
0.330119
0.225024
1
0.951453
0.117787
0.377968
1
0.167963
0.336506
1
1
0.526191
0.371937
1
0.126404
0.186347
0.269001
1
0.903711
0.149828
1
1
0.138391
0.716047
0.0982346
0.346613
0.82183
0.310789
0.629781
0.473596
0.0693716
0.283816
0.293716
1
0.122366
0.771712
1
0.187355
1
1
0.519744
0.49512
1
0.443865
1
0.0548565
0.152544
1
0.0684747
0.851385
1
1
1
0.772493
1
0.332804
0.732195
1
1
0.594534
0.275312
1
0.0833667
1
1
1
0.0560192
1
1
0.227036
0.147309
1
1
0.136997
0.652629
0.178145
0.156896
0.145231
1
1
1
1
0.312314
1
0.371692
1
0.0839588
0.616558
0.144386
0.127113
1
1
0.0281744
0.150441
0.472068
1
0.275445
0.599322
1
0.206612
0.197752
0.189878
0.813629
0.139463
0.460445
0.891387
0.210072
0.9466
1
1
0.168187
1
0.675356
1
1
1
1
0.127951
0.161793
0.294317
1
0.405586
1
0.0978031
0.338956
0.863294
0.109232
0.893118
0.631872
0.112415
0.405248
0.139968
0.0570821
1
0.0478419
0.67472
0.111235
0.545524
1
0.410371
1
0.613327
0.804044
1
1
0.220012
0.925884
0.0862019
0.572629
0.621515
0.831828
0.326456
0.262401
0.483084
1
0.108315
1
1
0.419917
0.671905
0.278221
0.176303
1
1
1
0.326506
1
0.42546
1
0.111667
1
0.109414
0.0608402
0.276284
0.0744323
0.837036
0.239711
0.20853
0.320087
1
0.101381
0.573357
1
0.245006
0.47039
0.0603212
0.108267
0.0469558
0.278234
1
0.0996536
0.587039
0.148923
1
0.0773314
0.162335
1
0.223279
0.105022
0.0759965
0.114927
0.586135
0.53641
1
0.821654
0.13093
0.131604
0.206926
0.339356
0.224457
0.131679
0.211828
0.0917572
1
1
0.329571
1
0.800986
0.354707
0.0389444
0.0785154
1
0.473539
0.089589
1
1
1
0.10345
0.0657955
1
0.343922
0.161833
0.187581
0.707116
1
0.329202
0.193915
0.215417
0.302424
0.111929
0.665246
0.1244
0.222408
0.757772
1
0.156769
0.292763
0.44981
1
0.559072
1
0.055355
1
0.691769
0.0417754
0.726936
0.718455
0.0753956
1
0.0950816
0.490847
1
1
0.671995
0.189719
1
0.0837076
0.117387
0.213554
0.400078
0.370154
0.103442
0.207508
0.153811
0.558294
0.116546
1
0.102468
0.270162
0.288616
0.0639816
0.405482
1
0.110401
0.23855
0.503761
0.0763302
0.0858377
1
0.185785
1
0.0972713
0.146779
1
0.0643905
0.879735
0.255062
1
0.12838
0.168725
0.22917
1
1
0.631381
0.239723
0.61268
0.124002
0.412522
0.593899
0.072478
1
0.210015
0.31168
0.725611
0.159104
1
0.180032
0.235103
0.513306
0.389992
0.412721
0.369034
0.205804
0.564362
0.942333
1
0.814136
0.378672
0.932089
1
0.920273
0.376846
0.168214
0.498101
0.154034
0.273162
0.42002
0.184328
1
0.27135
0.733715
0.11623
1
0.134824
0.337196
0.651649
0.232932
1
0.38963
0.346259
1
0.542298
0.287538
1
1
0.651966
1
0.176824
0.123878
1
0.559813
0.299971
0.280517
0.316608
0.0703354
0.212822
0.204244
1
0.510702
1
1
0.10095
0.489073
0.28099
0.276561
0.0972983
0.283242
0.127144
0.597576
0.339723
0.54703
0.209572
0.132678
0.613701
1
1
0.099969
0.28491
0.126838
1
0.517882
1
0.962574
0.17242
0.136692
0.0628802
0.16312
0.181696
0.372615
0.73204
0.299708
1
0.0863445
0.271892
0.0746588
0.13649
0.554972
0.107761
0.273381
0.528816
0.158994
0.477259
0.746937
1
0.407856
0.124078
1
0.232363
0.840889
0.477611
1
0.0698338
0.621735
0.255089
0.164957
1
0.358759
1
0.15708
1
0.151626
0.90769
0.916652
1
0.136516
0.0774086
0.0692238
0.572899
0.974792
0.73633
0.887311
1
0.329128
1
1
1
0.109745
0.381937
0.200176
0.213775
0.422712
1
0.152968
0.686313
0.178457
0.805257
1
0.570045
0.806119
0.288251
0.130224
0.81776
0.747712
0.0822295
1
0.31285
0.59836
0.415666
0.0922219
0.993916
0.254098
0.799632
0.96331
1
0.407225
0.171713
0.190315
1
0.0941742
0.303504
1
0.488579
0.352346
0.508334
1
0.585333
0.633157
1
0.781618
0.226887
0.400473
0.151755
0.376659
1
0.211994
0.365484
0.318157
0.59982
0.198504
0.340072
0.961866
0.938021
1
1
0.408808
0.0859196
0.475064
0.249183
0.560484
1
0.206906
1
1
0.232001
0.428369
1
0.416585
0.329331
0.444966
0.147248
0.563124
1
1
0.080759
0.762053
0.3116
0.38474
0.370175
0.0903323
0.0883405
1
0.0765806
0.326275
1
0.104827
0.471831
0.257121
0.0916636
0.523579
0.662631
0.328918
0.0734452
0.0593102
1
0.266313
0.443957
1
0.0948005
0.130198
1
0.375945
0.824539
1
0.232383
0.116891
0.148375
0.650842
0.546166
0.0931674
0.137159
0.172965
0.679967
0.837172
0.181405
0.134738
0.888986
1
1
0.187375
1
0.0828535
0.271739
1
0.322337
1
0.16753
0.0546691
0.181239
0.246236
0.0542866
0.278642
0.0837721
0.136852
0.176117
0.671816
0.0816307
0.157794
0.122137
0.0872226
0.330232
1
0.304046
0.881722
0.427665
1
0.0770877
0.161859
0.831363
1
0.206382
0.836581
1
0.359342
0.122809
0.721277
1
0.205891
0.60073
0.363859
0.613187
0.243408
1
0.407241
0.0936449
1
0.178633
1
0.0498589
1
0.148245
0.188021
0.122843
0.40705
0.152324
0.0952898
0.259065
0.0894261
0.930729
1
0.0772934
0.0985415
0.264754
0.139923
0.363145
1
1
0.0408099
0.445966
0.0608418
1
0.2705
0.121924
0.0777374
0.0436814
0.144739
0.391822
1
0.729008
0.266769
0.409958
1
0.649776
0.478247
0.583074
1
0.627764
1
0.758111
0.199673
1
0.0872845
0.619572
1
0.0772263
0.218787
0.0891868
0.175598
0.166228
0.0788173
0.0947709
0.583914
1
0.647874
0.177784
0.260186
0.0977691
0.383777
0.281251
0.459534
0.403883
1
0.113205
0.0670184
0.635425
0.384673
0.30636
0.465509
1
1
0.386687
0.217337
0.172118
0.262118
0.595055
0.0878395
0.0774604
1
1
0.810067
1
0.629259
1
0.319874
0.250091
0.129308
0.331427
0.238449
0.0258854
0.0988741
0.447945
0.549053
1
1
0.97395
0.390185
0.124726
0.0831324
0.15157
0.34742
0.271319
0.127636
1
0.213075
0.297813
0.0876218
0.23556
1
1
0.314454
0.161433
0.175645
1
0.803477
0.32724
0.109186
0.11269
1
1
0.515611
0.0771862
1
0.12738
0.0868118
1
0.0674345
0.414872
1
0.102326
0.591634
1
0.327628
0.432254
0.806146
0.529648
0.074689
0.0951802
1
0.536079
1
0.229363
0.0919874
0.173794
1
0.716257
0.561286
0.209301
1
0.459836
1
0.498723
1
0.845383
0.297851
0.134546
1
1
0.0848
0.405073
0.0636265
0.260396
1
0.123012
0.478919
0.195918
0.39509
0.152759
0.226676
0.128565
0.42183
0.240708
0.461635
0.0827829
0.856412
0.42247
0.944177
0.176153
0.6075
0.71519
1
0.814388
0.455834
0.161802
0.222105
0.145939
1
0.701868
0.168904
1
0.181308
0.309912
1
0.193521
0.118831
0.86022
0.440769
1
0.880682
1
0.473962
1
0.248079
0.941406
1
1
1
0.226797
0.33507
0.250214
0.0497623
0.397857
0.93082
0.407798
0.0953726
0.147743
0.768491
0.737118
0.0497017
0.164202
0.166454
1
0.198701
0.485721
0.329767
1
0.447004
0.721512
0.131632
0.426056
1
0.589074
1
1
1
0.834252
0.862725
0.155179
1
0.146692
1
0.732268
0.256247
1
1
0.394297
0.432395
0.460416
0.0506106
0.913508
0.0860807
0.192361
1
0.314424
1
1
0.0708691
1
0.685758
0.671227
1
0.254751
0.214942
0.10258
0.215148
0.564023
0.309785
0.596909
0.290036
1
0.110684
0.0522529
0.123298
1
0.0519648
0.202566
0.228868
0.145418
0.347336
0.145548
0.104498
0.364978
0.15131
0.121194
0.867809
0.211515
1
0.197198
0.167097
0.535101
1
0.586272
0.244499
0.0817522
0.15872
0.289536
1
0.224311
1
0.290106
0.432055
0.240806
1
0.701459
0.0447549
0.0620926
0.22142
0.111829
0.105663
0.130043
0.288601
0.716265
0.0499558
1
1
0.395355
0.299264
1
0.598027
0.0633708
0.0942486
1
0.623467
1
1
0.135231
0.175311
0.123188
0.158491
0.127779
0.334511
0.0819125
0.951575
0.244408
0.504323
1
0.135318
0.430488
0.542162
0.2253
1
0.183214
0.721182
1
0.494846
0.282966
1
0.267082
0.20687
0.0854522
0.491671
0.303877
0.121212
1
0.146137
1
0.350826
0.10466
0.305527
1
0.956606
0.920858
0.136339
0.106101
0.760764
0.450417
0.204768
1
0.252369
0.113908
0.0377636
0.193374
0.327404
0.802927
0.483712
0.106
0.130483
0.353796
0.328845
0.178071
0.0963562
1
1
0.0976646
1
0.477196
0.316633
0.416733
0.422953
0.297004
1
0.826234
0.191525
0.457115
0.0566569
1
0.419695
1
0.797999
0.884159
1
1
0.205462
0.106532
0.286344
0.232269
0.0778962
0.129802
1
0.094287
0.366712
0.0740549
1
0.120462
0.0583264
0.19056
0.123438
0.0310773
0.159093
0.0711938
0.119169
0.114301
0.250141
0.168543
0.0642827
0.813326
0.187384
0.21631
1
0.110458
0.0828879
0.074002
0.066048
0.11923
0.358629
0.838108
0.332409
0.0430507
0.259098
0.163954
0.124455
0.0579828
0.0906631
0.5963
0.416297
0.178746
0.194474
0.209242
1
0.107493
0.184362
0.0926621
0.234355
0.0350813
0.155018
0.242536
0.169616
0.102045
0.513267
1
0.54904
0.0716994
0.203595
1
0.0561865
1
0.585524
0.434564
1
1
0.052417
0.219325
0.384254
0.151706
0.213459
1
0.0509241
0.912784
1
0.552652
0.213971
0.0465097
0.354987
0.599432
0.332249
0.12278
1
0.897457
0.121571
1
0.086707
0.493409
0.307564
0.678252
1
0.0942548
0.260683
0.0619504
0.664869
0.088172
0.186338
0.0313036
0.270356
1
0.346535
0.622967
0.559789
0.169104
1
0.442363
0.516158
1
1
0.271167
0.221382
0.21153
1
0.414266
1
0.104506
0.177885
0.266959
0.481063
1
1
1
0.88928
0.52761
1
1
0.167864
0.0595908
0.0731195
0.248278
0.671394
0.14931
1
1
0.212912
1
0.285282
1
0.611868
0.108084
0.236442
0.0712486
0.100163
0.229824
1
0.412826
0.339835
0.196404
0.845585
1
0.794373
0.299092
1
0.136005
0.140256
0.195143
0.804037
1
0.120756
0.725035
0.499838
0.190153
0.816583
1
0.282106
0.335011
0.39008
0.16942
1
0.27285
1
1
0.105207
1
0.191256
0.534086
0.769141
0.719873
0.649294
0.354242
1
0.138716
0.0630916
0.697847
0.812917
0.0805187
0.991313
1
0.132873
0.105089
0.448815
0.113542
0.0685391
1
0.0478562
0.687777
0.184499
0.119369
0.067842
0.416491
0.167425
0.66668
0.52043
0.206873
0.0962017
0.373254
1
0.0528791
0.619565
0.525668
1
0.546359
1
1
0.288371
0.383399
0.214447
0.336363
0.202591
1
1
0.244519
1
0.250037
0.12715
0.0513273
0.148637
0.453112
1
0.14984
0.112516
0.280917
0.463817
0.386829
0.105597
0.0753692
1
1
0.966659
1
0.28836
0.981184
1
0.205983
0.24378
1
1
0.51548
0.507611
1
0.586064
0.229473
0.068181
1
0.4179
1
0.363567
0.177684
0.121946
1
0.230462
0.311718
0.419663
1
1
0.924766
0.11584
1
0.189238
0.0629217
0.670646
0.045069
0.115123
0.202738
0.257592
1
1
0.087478
1
0.102171
1
0.150222
0.316296
0.22472
1
0.364603
0.720292
0.643501
1
0.159215
0.0796971
0.138226
0.0959731
1
0.979228
0.32881
0.0735155
1
0.817469
0.187634
0.390166
0.284937
0.401155
0.317265
0.215304
1
0.143888
0.0588257
0.670651
0.748496
1
0.3277
0.171159
0.161523
0.65252
0.220717
0.462988
1
1
0.0474263
0.733075
0.427457
0.815888
0.13796
0.0816355
1
0.0448576
0.204928
0.0923398
0.512529
0.683608
0.116191
0.159895
1
1
0.61513
0.0426267
0.215856
0.120165
0.773078
1
0.0845373
0.153074
0.0900235
0.097409
0.110679
0.398611
0.255529
0.469264
1
0.183338
0.287169
1
0.167792
0.456892
0.366577
1
1
0.104237
0.283212
1
0.49859
0.216657
1
0.268799
0.552221
0.119801
1
0.119654
0.0422604
0.348656
1
0.148836
0.536353
0.25429
0.191866
0.130573
1
1
0.208032
0.348031
0.155911
0.522481
1
0.267983
1
0.209949
0.078717
0.160419
0.405951
0.251396
0.599583
1
0.777074
0.664306
0.301956
1
0.337998
1
0.0819917
0.313213
0.126377
0.22038
0.343461
0.074316
1
1
0.658564
0.477908
0.0840063
0.474758
0.221587
0.101821
0.0815372
1
0.692358
0.13321
0.487091
0.778246
0.0836882
0.4087
0.327347
0.532003
0.298281
0.233947
0.0621528
1
0.214339
1
0.360233
0.851699
0.251638
1
0.450074
0.0339597
0.0881972
0.472416
1
0.189886
0.0985067
0.186462
0.499365
0.359553
1
1
1
1
1
0.232301
0.349068
1
0.0375355
0.0329413
0.113995
0.168731
0.990229
0.266088
0.389369
0.230049
0.548529
0.368348
1
1
0.625845
0.170732
0.0953592
0.241782
0.211424
0.587579
0.154689
0.150433
0.146125
0.211636
0.133502
0.343513
1
0.173175
0.220315
0.145199
0.302187
0.264795
0.265881
0.126221
1
0.717988
0.344033
1
1
0.346778
0.269152
0.219068
1
0.0505077
0.201134
1
0.69321
1
0.365356
1
0.76582
1
0.14884
0.253464
0.186481
0.166493
0.330429
0.135269
0.205108
1
0.195601
0.159291
0.357109
0.856522
0.108705
0.182667
0.0572113
0.169067
0.215366
0.873851
1
0.193897
1
0.165176
1
1
0.152798
0.960701
0.0831646
0.150855
0.187092
0.299897
0.673025
0.525052
0.86117
0.496407
0.151052
1
0.341168
0.354839
1
0.238036
0.161066
0.526147
0.0768964
0.553771
1
1
1
0.0497506
1
0.476556
0.888721
0.0451421
0.450939
0.724222
0.424527
0.0949941
0.344703
0.0472213
1
0.311355
0.940298
0.582467
1
1
0.790227
0.340863
1
0.249903
0.416714
0.104241
1
0.171431
0.140703
0.102646
0.921011
0.196696
0.0880012
1
0.128598
0.270823
0.581457
0.22007
0.830795
0.347215
0.402223
0.0544293
0.352435
0.0718627
1
0.726159
1
1
0.20756
0.63475
0.730564
0.23782
1
0.178462
1
0.213628
1
0.131177
0.0738213
0.534723
1
0.26487
0.803895
0.0875362
0.401931
0.309234
1
1
0.0862538
0.0817667
0.306855
0.193337
1
0.0637947
0.216994
0.922812
0.781045
0.417112
0.0990522
0.675239
0.226412
0.349156
0.519431
0.188711
1
0.820351
0.653069
0.133349
0.456087
0.735332
0.165838
1
0.101022
0.127974
0.0741559
0.0998161
0.532088
0.0945476
1
0.473014
0.115199
1
0.405332
1
0.906985
0.162407
0.0490175
0.0928043
0.224282
1
1
0.141723
0.433754
1
1
0.320106
0.139836
0.518339
0.768794
1
0.199786
0.138707
0.824574
1
0.069294
0.955774
0.16802
0.0848122
0.749853
1
0.209449
0.833571
0.836012
0.473854
0.396048
1
0.23145
0.76615
0.074268
1
0.923174
1
0.117505
0.853662
1
0.190779
0.64479
0.208575
1
0.788093
0.490285
0.497481
0.106853
1
0.157518
0.354473
0.752295
1
0.518699
1
1
1
0.0464336
0.339701
0.0527498
0.294032
1
0.605102
0.122602
0.233541
0.099009
1
0.735428
0.0934826
0.181378
0.356292
0.0673765
0.151968
0.103277
0.843119
0.103684
0.619208
1
0.23418
1
0.449158
0.186344
0.13399
0.0475846
0.220091
0.174516
0.124152
0.0880718
0.541384
0.372396
0.586874
0.517629
0.0777555
0.839739
1
0.97628
0.352805
0.802539
0.291988
1
0.306289
0.108485
0.364228
0.18219
0.615444
1
0.0521143
0.734877
0.273347
0.0569289
0.75792
0.0778269
1
0.715896
0.209885
0.635089
0.737477
1
0.639079
0.267463
0.0419363
0.217946
1
0.182177
0.0311865
0.690272
1
0.491552
0.462114
1
0.315692
0.0601779
0.0630539
0.291655
0.103678
0.8312
0.254969
0.0776946
0.935551
0.126271
0.531811
0.0889589
0.75775
1
0.052085
0.785794
1
0.60361
0.332397
0.0774261
1
0.0665794
0.513001
0.193882
0.889796
0.827685
0.0552164
0.154184
0.687043
0.350424
0.264603
0.187279
1
0.327889
0.145258
0.216558
0.132095
0.565233
0.72948
1
0.177842
0.327472
0.297836
0.226692
0.113493
0.109178
0.52965
1
0.201621
1
0.969815
0.448948
1
0.14627
0.0798631
0.169567
0.181479
0.759147
0.179232
1
0.271702
0.395329
1
0.582161
1
1
0.123856
0.546964
0.0840181
1
1
0.191081
0.0496424
0.181858
0.499855
0.758416
0.102828
0.811644
0.0639213
0.0821519
0.0684688
1
0.0624001
1
0.803913
0.128099
0.742533
0.342355
0.0705873
0.173938
0.137852
0.89744
0.222567
0.537661
1
1
0.25767
0.284055
0.226268
0.0876196
1
1
0.561238
1
1
0.306487
1
0.242587
0.30592
1
1
0.0936978
0.501227
0.439896
1
1
0.45186
1
0.289437
0.111521
0.151469
0.51742
1
0.387404
0.0527337
0.120743
0.885457
0.058054
0.613838
0.530358
1
0.115411
0.266382
0.192061
0.0366385
1
1
1
0.115049
0.339219
1
0.338321
0.598329
0.230306
0.750969
0.281968
0.315749
1
1
0.221225
0.803852
0.179223
0.578453
0.753944
0.459277
0.666384
1
0.115888
0.220425
1
0.356713
1
1
1
0.922783
0.159889
0.24057
1
1
0.290932
0.083714
0.112862
0.335205
0.177894
1
0.196384
0.354057
0.479822
0.147172
0.13088
0.065791
0.0449355
0.244635
0.671757
1
0.550988
0.121183
0.453632
0.170285
0.169171
0.23723
0.232719
0.728254
1
0.563827
0.742078
0.526609
1
0.149242
0.267534
1
0.118665
0.151919
0.730866
0.275457
0.159707
0.118369
0.163372
0.150812
1
0.865842
0.921213
0.514032
1
0.193167
1
0.935385
0.146199
1
0.109272
0.328666
0.221926
0.203609
0.39485
1
0.387721
1
1
0.0717567
1
1
0.301273
0.322626
0.427257
0.735952
1
0.670033
0.842833
0.609338
0.601139
0.715299
1
1
0.500804
0.489279
0.0374957
0.564407
0.186902
0.130448
0.271575
0.0774943
0.625589
0.782643
1
0.27915
0.120376
1
0.170571
0.918539
0.247841
0.734497
1
1
0.195805
0.158361
0.340903
0.517977
0.261537
0.760864
0.32282
1
0.584195
0.561029
1
0.254207
0.185861
1
0.869443
1
0.0474164
1
1
0.120311
0.181374
0.789562
0.26022
0.309582
0.969528
0.145196
0.100041
1
1
0.111042
0.0487423
0.488367
0.197009
0.102538
0.176294
0.104552
0.0539395
0.194015
0.588604
0.257635
0.982758
1
0.5098
0.115236
0.451488
1
0.119967
0.347055
0.738511
0.269727
1
0.23538
0.246648
0.150623
0.0372656
0.246071
0.156066
1
0.852927
1
0.128202
0.0885653
0.140295
0.511087
1
0.170012
0.344213
0.153799
0.42622
1
0.184219
0.332105
1
0.795511
0.0585092
0.0428324
1
1
1
0.263313
0.0616863
1
0.285374
0.247818
1
0.936209
0.170019
1
1
0.172697
1
1
0.466474
1
0.0803003
0.439927
0.292686
0.317879
0.104557
0.382017
0.327464
0.132369
0.43094
0.168854
1
0.333141
1
0.813545
1
0.30603
0.721192
0.148925
1
1
1
1
0.502808
0.0978173
0.525541
0.607399
0.104264
0.487704
0.0807992
0.0951853
1
0.85039
1
0.348328
0.721971
0.185353
0.916822
1
1
1
1
0.151014
0.133458
0.22847
0.469426
0.132453
0.0728814
0.152674
1
0.69502
0.984083
0.408857
0.426567
0.0804731
1
1
1
0.653206
0.873724
1
0.653274
0.1944
0.183804
0.215277
0.0734048
0.127043
0.185488
1
0.068835
1
0.121424
0.121192
0.94907
0.127917
0.304922
1
1
1
0.0629548
0.114489
0.472024
0.0942163
0.828816
0.103705
0.275256
1
1
0.13598
0.142971
0.0963047
0.0323135
0.73186
0.152257
0.193557
0.0468214
0.110685
0.280209
0.367018
0.171039
0.175096
1
0.251358
0.943131
0.652026
0.284785
0.300654
1
1
0.294394
1
0.169387
0.573805
1
0.243978
0.114617
0.560031
0.133177
0.716723
0.222292
0.403856
0.789732
0.454165
0.269649
0.240587
0.828538
0.145473
1
0.25822
0.685483
0.763247
0.153253
1
0.157504
0.865694
0.230559
0.748266
1
0.157998
0.0640516
0.086457
0.291669
0.109165
0.321557
0.0893555
1
1
0.207407
0.152977
0.201125
0.434752
0.629253
0.115278
0.558362
0.281091
1
0.586789
0.249847
0.249814
0.100648
0.0864662
0.191685
0.200798
0.565028
1
0.591934
0.0546878
1
0.208123
0.288602
0.138652
0.560855
1
0.315846
0.123403
0.277643
0.148907
0.428049
1
0.101257
0.381772
0.097335
0.255383
0.406499
0.287474
0.148867
1
0.339311
0.490835
1
1
0.0786831
0.576204
0.444222
0.980518
0.0657666
0.280994
0.115271
0.164186
0.280962
1
0.130396
0.231448
0.421768
1
0.157293
0.845132
0.279272
1
0.392002
0.463881
0.510631
1
0.342642
0.0837482
0.709448
1
0.32356
0.333452
1
1
0.0711162
0.46794
0.790587
0.890218
0.117409
0.0769855
0.14797
1
0.371788
0.134153
0.222603
0.472996
0.441921
0.106969
1
0.115038
0.551777
1
1
1
1
0.0695385
0.504339
0.56347
1
1
0.909863
0.215905
1
0.407303
0.142788
0.142498
0.996098
0.146404
0.12136
0.169578
0.0774849
0.499247
0.126204
0.147715
0.121347
0.627395
0.37771
0.116596
0.483207
0.647817
0.769451
0.0639136
0.107691
0.111809
1
0.168953
0.984982
0.629374
0.610125
0.500609
1
0.477565
0.269796
0.0963392
0.18107
0.181665
0.350438
1
1
0.899651
0.456818
0.834039
0.346301
1
0.458166
0.197942
0.723261
0.070907
0.221784
0.437367
0.126297
1
1
1
1
0.148832
0.316272
0.336364
0.268145
0.935885
1
0.648127
0.298671
0.0913867
0.4565
0.0595664
1
0.417359
1
0.286778
1
0.188889
0.104458
0.35367
0.869231
1
0.0535141
0.27666
0.792599
1
0.931506
0.290073
0.170149
0.207713
0.459939
0.596142
0.092971
0.399422
1
0.12681
0.154697
0.215963
0.439104
0.118789
1
0.69749
0.526723
0.366643
0.685066
1
1
1
0.285889
1
1
1
0.492841
0.190404
0.0892296
0.225664
0.0525637
0.326816
0.191194
1
0.0848565
0.279941
0.723266
0.103139
0.674778
0.154206
1
0.239248
0.146421
0.448427
0.161791
1
0.401525
0.156516
0.226584
0.546704
1
1
0.553684
0.663438
0.338723
0.0361968
1
0.619449
0.745365
0.477835
0.498308
1
0.869494
0.063657
0.1993
0.207906
1
0.125723
1
0.870582
0.341044
0.339382
1
0.405786
0.267646
0.734353
0.579544
1
1
0.287029
1
0.166227
1
1
1
0.671688
0.108369
0.25224
0.175875
0.934592
1
1
0.147698
0.15406
0.444798
1
0.264262
0.221429
0.872347
1
1
1
1
0.665412
0.182904
0.969217
0.276234
1
0.422569
0.302649
0.867015
0.0782474
1
0.172613
1
1
1
0.0577561
0.0756762
0.492284
0.0844655
0.506256
0.251602
0.386339
0.0732435
0.863097
0.356657
0.176437
0.469579
0.0833337
0.0938154
0.153157
0.355897
0.333902
1
0.132081
0.306608
1
0.45772
0.0417261
0.0992825
0.319016
1
0.996611
0.191102
1
0.916027
0.196974
0.433348
0.100656
1
1
0.183081
0.95404
1
0.245211
0.172406
1
0.153962
1
0.0969548
0.188119
0.214938
0.160528
0.302048
0.978519
0.136841
0.12931
0.0906259
0.121087
0.119364
0.33577
0.30422
1
0.571208
1
0.233505
0.166405
0.195747
0.403989
0.373876
0.119083
0.341645
1
0.183995
0.355884
0.387086
1
0.314196
0.519637
0.968362
1
1
0.0970381
0.275135
0.890067
0.0587695
1
0.219114
0.488818
0.120984
0.211124
1
0.438132
0.576075
0.262363
1
1
0.0967001
1
0.0580083
1
0.191352
1
0.127424
0.447097
0.488447
0.477599
0.557797
0.091774
0.463886
1
0.174259
1
1
0.271359
0.169841
1
0.794969
1
0.762796
0.0716782
0.0942145
1
0.223752
1
1
0.273916
0.0665959
1
1
0.123862
0.156985
1
0.15598
0.0783485
0.644998
1
0.265616
0.569756
0.597614
0.847644
0.289723
0.623252
0.0729631
0.0931971
0.217416
0.919238
0.328251
0.0689902
0.269318
1
0.0315354
0.464299
0.38845
1
1
0.110014
0.159851
1
1
1
0.330554
0.0495291
0.855359
1
0.199473
0.0933173
0.11971
0.418057
0.135995
0.209588
0.469716
1
0.600977
1
0.276993
0.0407724
0.350061
0.26178
0.141791
0.827034
1
0.295379
0.253212
1
0.195854
0.453314
0.0926804
0.428785
1
1
0.932576
0.761804
0.0881151
0.0901237
0.100238
0.152176
0.307193
1
0.1227
1
1
0.534195
0.213815
0.316053
0.353053
0.860316
0.100208
0.652428
1
0.30978
0.240106
0.835173
0.415955
0.793874
0.254372
0.0858299
1
0.920142
1
0.990093
0.65149
0.803933
1
0.74044
0.260092
0.61625
0.16915
0.515784
1
1
0.133627
0.45042
1
0.0930013
0.456456
0.662083
1
1
1
0.405388
0.180544
0.163039
0.0837513
0.175415
0.291864
0.0886133
1
0.112578
0.312117
0.115876
0.623362
0.357339
0.819957
1
1
0.402098
0.161203
0.215708
0.41467
1
1
0.136622
0.394624
1
1
0.419559
1
0.667241
0.305365
0.137452
0.174606
0.405115
0.0666883
1
0.345507
1
0.263854
0.36989
0.399784
1
1
0.216136
0.121928
0.0707559
1
0.927751
1
0.547576
0.936234
1
0.225375
0.364695
1
0.357337
0.56391
0.493843
0.766725
1
0.687763
0.459699
0.487879
1
1
0.735665
0.0628938
1
0.0486022
0.246449
0.0421439
0.736816
0.274333
0.114655
1
1
0.546648
1
0.94264
0.358217
0.824796
0.203314
1
0.0599643
0.0788097
0.303117
1
1
0.200358
0.0328115
1
0.389199
0.2062
1
1
1
1
0.582274
1
0.515308
0.671429
1
0.0871155
0.0872995
0.200765
0.34437
0.643044
0.429186
0.916241
0.952597
0.686129
0.426364
1
0.500114
1
0.592319
0.358869
0.463175
0.299833
0.15167
0.184213
0.500307
1
1
0.109869
0.112804
0.144905
0.113206
0.172838
1
0.0963414
0.391668
0.0315052
0.468366
0.534553
1
0.164715
0.292152
0.715191
0.074069
1
0.084389
0.199531
0.101861
1
1
1
0.586921
0.329934
0.159285
0.182846
1
1
0.315165
0.166828
1
0.131426
0.646162
0.316339
0.696597
1
0.0517645
0.519543
0.123244
0.454518
1
0.6624
0.191309
1
0.151756
0.483842
0.533344
0.431752
1
1
0.13209
0.331406
1
1
0.416597
0.547604
1
0.286905
0.492864
0.103554
0.976997
0.232935
0.115999
1
0.0849365
0.136014
0.506852
1
0.127549
0.320681
0.651894
1
1
1
1
1
0.240072
0.500906
0.118034
0.0624908
0.34232
0.142077
0.326513
0.19383
0.769903
0.342263
0.118736
0.970592
0.134238
1
1
0.348379
0.367034
0.0931784
0.209612
0.112532
0.296443
0.916909
0.273594
1
0.0489224
0.482578
0.0442217
0.0948712
0.200372
0.346762
0.821349
0.150827
1
0.239323
1
0.20686
1
0.0426672
0.143583
0.701855
0.2138
0.442604
0.917654
0.0661856
0.138018
0.209016
1
1
0.0762361
0.37904
0.233752
0.101472
0.412496
0.152707
0.295995
0.194137
1
1
0.0563393
0.266261
0.576919
0.521363
1
1
1
0.555014
0.819781
0.721488
0.429994
0.889231
0.170494
0.669985
0.940623
0.0913168
0.675252
0.230175
1
1
0.0548205
1
0.226555
0.162004
0.271499
0.283426
0.65704
0.188516
0.0972039
0.172504
0.864125
1
0.564344
1
0.921707
0.568102
0.434897
0.104562
0.721335
1
0.0732653
1
0.179354
0.311588
0.32642
1
1
0.0951495
0.0709392
0.0398496
1
0.357318
0.279061
0.856525
1
0.230354
0.218627
0.0975503
0.169125
1
0.0837244
0.151443
0.397799
1
0.333246
0.932674
0.242436
1
1
0.353809
0.958508
0.614279
0.101574
0.540253
0.223817
0.84805
0.168844
0.28766
0.593985
0.999787
0.082379
0.100915
0.281408
0.877173
1
0.644322
0.062917
0.329374
0.679851
0.541691
1
0.531172
1
1
1
0.116107
1
0.553422
0.078058
0.0962528
0.0884127
0.0997877
0.287393
0.0927213
0.504323
0.402092
0.509033
0.258466
1
0.220638
0.267131
0.174324
0.141142
1
0.67695
0.18662
0.106611
0.215128
1
0.22485
0.590747
0.245188
1
0.406962
0.293154
0.511126
0.469532
0.128639
1
1
0.220933
0.238344
0.15133
0.155298
1
0.114949
0.683969
0.117254
0.201674
0.72702
1
0.159773
0.614434
1
1
1
0.24355
0.149539
0.294191
1
0.0416792
0.67572
1
0.353797
0.93782
1
1
0.0487346
0.0814489
1
0.419618
0.178049
0.776808
0.331397
0.17979
0.348102
0.376945
0.363833
0.49338
1
1
0.384096
1
0.196708
0.257998
0.946594
1
1
1
0.340075
0.120811
0.437363
1
0.0304236
0.0837659
0.362243
0.129467
0.42455
0.223566
0.474427
0.1115
0.721984
0.361554
0.103111
0.425782
0.0446248
0.164805
1
0.266239
0.159258
0.145996
0.141802
0.134675
0.688535
1
1
0.117751
0.199019
0.0762252
0.619254
0.945256
1
0.153498
0.334278
1
0.531996
1
0.305574
1
0.198055
0.329801
0.183839
0.29953
1
1
0.612096
1
0.200878
1
1
1
0.12363
0.111764
0.705401
0.154428
0.339149
0.283333
0.158896
0.361411
0.886914
1
1
0.631832
0.365025
0.186506
1
0.187722
0.108997
0.485746
1
0.871463
0.409774
0.378414
0.249889
0.243748
0.126145
0.17017
1
0.069552
0.226455
0.578527
0.164526
1
0.876553
1
0.59501
0.517731
0.214308
0.549488
0.870656
1
1
0.692146
0.734445
1
0.0829723
0.045365
0.0661223
1
0.183212
1
0.382734
0.0486365
0.166448
0.250321
1
0.757568
0.468458
1
1
1
0.398378
0.562793
0.183819
1
1
0.0759531
0.326193
0.348784
0.208522
0.0623321
0.0916881
0.543119
0.663469
0.613507
0.0654594
1
0.404632
0.442042
0.46938
0.351953
0.449863
1
0.642231
0.387203
0.14272
0.0794769
0.0655188
1
0.153216
0.212025
1
0.478591
0.177818
0.152221
0.0588366
0.276631
0.0408064
0.244202
0.717668
0.448289
0.471636
0.124361
0.608977
0.214477
0.677864
0.124361
1
0.510273
0.378623
0.0855638
0.691517
1
1
0.205881
0.275212
0.375034
0.792145
1
1
0.189322
0.418752
1
0.1417
0.464188
1
1
0.685925
0.208603
0.268675
0.540389
0.0732791
0.587044
1
0.916536
0.709244
0.365943
1
0.801383
0.341134
0.539554
0.215139
0.518993
1
1
0.444458
1
0.521501
0.624995
0.367693
1
0.0992211
0.242746
0.334351
1
1
1
0.0986698
0.182528
0.514296
0.116079
0.265545
0.137891
0.69637
0.379079
1
1
0.854177
1
0.432578
1
0.0816687
0.198864
0.0615206
0.0379725
0.354551
0.114833
0.0778416
0.134128
0.385441
0.0881998
0.0928624
0.343785
0.881988
0.61105
0.176991
1
0.97993
0.218609
0.144308
0.274253
1
0.583986
0.611843
0.536829
0.431047
0.420842
0.141323
0.138858
0.489667
0.721735
0.295886
0.25809
0.105447
1
1
1
1
0.283285
0.664438
0.634739
0.220502
0.492813
1
1
0.069463
0.232473
0.628748
1
1
0.136622
0.525869
0.54699
1
0.0443154
0.326046
0.531075
0.618091
0.772174
0.496499
0.0803631
0.370407
1
0.845491
0.117908
0.14856
0.296728
1
0.385291
0.512652
0.482064
1
0.354349
0.857201
0.655568
0.379466
1
0.110431
0.188837
0.933383
0.70625
0.0748654
0.924054
0.0595947
0.181786
0.13466
0.730357
0.0645863
0.35669
0.0450038
0.318699
1
1
0.108775
0.551469
1
1
1
0.0779902
0.211872
0.0463094
0.80967
0.0968375
0.0503713
0.205986
0.952534
0.241646
0.216414
0.398554
1
0.234436
0.0883297
1
0.203098
0.0936934
1
1
0.327054
0.118664
0.179512
0.193358
0.378356
0.407116
0.119201
0.421058
0.0580562
0.0838955
0.0832728
0.139145
0.211804
0.120602
0.172815
0.497004
0.173217
1
0.568142
0.0668932
0.21153
0.535534
0.878269
1
0.393957
0.323945
0.164325
0.129431
0.0981724
0.0472985
0.540851
0.290545
0.192281
0.203419
1
0.39487
0.338095
0.78026
0.0404929
0.087381
0.312035
0.786176
0.420992
1
0.145983
0.369329
1
0.0440025
0.722863
0.619434
0.184152
0.115872
0.416364
1
1
0.0963491
0.116693
1
0.481798
0.650214
1
0.222516
0.424263
0.228314
0.109635
0.545344
1
0.0779326
1
0.145195
0.267681
0.0938052
0.691869
0.102711
0.215115
0.575263
0.0603001
0.28741
0.332173
1
0.120353
0.982346
1
0.318229
0.672618
0.0789531
0.641273
0.7222
1
0.0730305
0.131305
1
0.257876
0.0683963
0.898103
0.0981771
0.387041
1
0.666482
0.0317556
0.814343
0.347908
0.389456
0.188447
1
0.18049
0.0707799
1
0.0747364
1
0.619525
0.976022
1
0.611889
0.225136
0.475198
0.0776643
1
0.132163
0.0506371
0.0464216
0.359677
0.269339
0.238166
0.0898918
0.076735
0.527917
0.426599
0.782247
0.158507
0.510548
0.0589134
0.0781792
0.376716
1
0.238265
1
0.71868
1
1
0.286245
0.256336
0.0826737
0.0808937
0.163392
0.911076
1
0.219793
1
0.491067
0.1847
0.140491
0.296209
0.215474
0.0853868
0.120627
0.305838
0.10584
1
1
1
0.130238
0.336649
0.150539
1
1
0.646384
0.151618
1
0.397022
0.992134
1
1
0.195817
0.492961
0.0773457
0.33363
0.294317
0.117126
1
1
0.312633
0.164435
1
0.913576
0.469977
1
1
0.354103
1
0.10486
0.405677
0.402184
0.280548
0.432561
0.160345
0.859671
1
0.0871668
0.0545699
0.038129
0.0661496
0.384703
1
0.886409
0.0900097
1
0.139933
0.615714
1
0.260919
0.339309
0.478589
0.420619
0.214861
0.365015
0.553878
1
0.152433
0.128197
0.200211
0.542895
0.131885
0.686284
0.154739
0.0364877
1
0.792977
0.4184
1
1
0.249504
0.313499
0.813814
0.0870141
1
0.171011
1
0.846228
0.293938
1
0.354352
1
1
0.269443
0.531867
1
0.298506
0.305284
1
0.162103
0.599323
1
0.313978
0.143011
1
1
1
0.120083
0.0724516
1
0.173109
0.141447
0.715489
0.340483
0.0978021
0.172736
0.7243
0.11656
0.590525
0.345561
0.662751
0.634947
0.202328
0.198021
0.976112
1
0.132304
0.321057
0.186643
0.705633
0.229667
0.268786
0.0604154
0.435129
0.723202
1
0.0930392
0.990332
0.281434
1
0.0478823
1
0.195784
0.0939502
0.424214
0.0668494
0.095109
0.926342
0.0875668
0.526736
0.295815
0.302872
0.695422
0.152989
0.315169
1
1
0.103544
0.474112
1
1
0.381423
1
0.542186
0.185797
0.841108
0.357244
0.184534
1
0.181498
0.187486
0.183211
0.406556
0.580486
0.0291801
0.0591518
1
0.631553
1
0.0555669
0.3945
0.11674
0.6128
0.332833
0.0719875
0.165141
1
0.208515
0.670901
1
0.150105
0.221001
1
0.118174
1
0.50212
1
0.216316
0.0878444
0.44886
0.240764
0.0595067
0.175018
1
0.584228
0.328706
0.712374
0.789325
0.797113
0.632432
1
1
0.0765103
0.757785
0.604988
0.104442
0.539991
0.28194
0.960028
0.49666
1
0.859277
0.187831
0.513459
1
0.128221
1
1
0.274743
0.431158
1
1
1
0.384654
0.293932
0.339094
0.148761
0.373832
0.129513
0.153741
1
0.105137
0.845222
0.139456
0.092896
1
1
0.311287
0.112362
1
0.278564
1
0.0700851
0.125403
0.339786
1
1
0.121454
0.209074
0.0957176
0.721859
0.406927
1
0.23008
1
0.136133
0.446542
0.520349
0.185943
0.151145
0.232664
0.881197
0.528921
0.0591501
0.305975
0.401949
0.893965
0.811669
0.205674
0.414538
0.10761
0.0896522
0.0891722
0.237886
0.128294
1
0.429768
1
0.729243
0.434439
0.265918
0.273024
0.738955
0.405384
0.492704
0.259754
1
0.712286
0.677224
0.779414
0.904663
0.194007
0.973057
0.612591
1
0.393669
1
0.19366
0.594573
0.460491
1
1
0.354616
0.153636
1
0.57609
1
0.171961
0.239124
0.304419
0.0980224
0.124772
0.121844
0.200956
0.485531
0.0746686
1
0.41325
1
0.162575
1
1
0.226101
0.0769411
1
0.165475
0.0826902
0.0664661
0.537162
1
0.741491
1
0.119028
0.321201
0.179645
1
0.75317
0.336646
0.0838961
0.72629
0.648672
0.152581
0.249662
0.740892
0.17665
0.553676
0.20694
0.52475
1
0.634952
0.414983
0.674746
0.257887
1
1
0.0842576
0.125416
0.0997221
0.0473573
0.473771
0.280585
0.121349
1
1
0.0724174
0.754746
0.167069
1
0.101484
0.0394325
0.164226
0.115243
0.581791
0.17109
0.563908
0.23175
0.113015
0.685241
0.122348
0.617902
0.775215
0.189687
0.100949
0.223013
0.17931
0.0998729
1
0.247685
0.128581
0.889854
0.298474
0.26617
0.319326
0.071783
1
1
0.345387
0.693256
1
0.122147
0.0950962
0.734764
0.677619
0.749012
1
1
0.383007
0.452106
1
1
1
0.318791
0.131965
1
0.662119
0.235835
1
1
1
0.09105
0.133828
0.09419
0.0774532
0.265118
0.133118
0.134927
0.0672329
0.36882
0.29177
1
0.203908
0.130909
0.113018
0.419188
0.606635
0.161413
0.822513
1
0.370816
0.628532
0.863485
1
0.15459
1
0.134601
0.757433
0.190635
1
0.931052
0.10751
1
1
0.118107
0.46677
0.0724668
0.257083
0.540622
1
1
0.573926
0.220007
0.10029
0.314331
0.270796
0.299529
1
0.0424637
0.087433
0.414208
0.10004
0.118938
0.466489
0.322336
0.115705
1
1
0.122042
1
0.0541247
0.0929579
0.150216
0.211564
1
1
1
1
0.28441
0.0798591
0.115678
0.58715
0.170074
1
0.259199
0.718009
0.566865
0.245076
0.195492
0.173604
1
0.950962
1
0.110153
0.485753
0.358551
0.286807
0.946906
0.864666
0.321039
1
0.0362031
0.17843
0.148039
0.196666
0.426347
0.912122
0.384143
0.437379
1
0.944296
0.228671
1
1
0.226976
0.553486
0.555012
0.945394
1
0.0830059
0.058564
0.175704
0.99334
0.247494
0.0667451
0.655142
1
0.173429
0.323581
0.587664
1
0.537889
0.0682465
1
0.513209
0.414298
0.158205
1
0.334525
1
1
0.146283
1
0.197253
0.105871
0.167656
0.103964
0.135627
0.524287
0.191296
0.281987
0.696119
0.208977
0.105866
0.405679
0.402597
0.281511
0.0828396
1
1
0.194746
1
0.528715
0.443601
1
0.18338
1
0.14941
0.0359223
0.0519004
0.0497659
0.216359
0.0343784
0.194471
0.104219
0.519638
0.109128
0.495149
0.258726
1
0.231468
0.485835
1
0.1058
0.342756
0.393719
0.142873
1
1
1
0.536402
0.189366
0.184968
0.169394
1
0.601928
0.593092
0.244153
0.2231
0.28872
0.326553
0.0465756
0.341892
0.805525
0.136992
0.952974
0.138415
0.410982
0.103302
1
0.468627
0.193278
0.208332
0.312619
0.105604
0.189983
1
0.128861
1
0.335554
1
0.553899
0.274312
0.128416
0.962366
1
0.155113
0.269015
0.088582
0.133317
0.732672
1
0.296074
0.389194
1
0.209784
1
0.159753
0.45894
0.283845
1
0.789585
1
0.139976
0.140634
0.298483
0.202159
1
0.0325212
0.321983
0.314689
0.715224
0.364709
0.127196
0.196922
0.0959031
0.0956681
0.110912
0.0847431
0.18669
0.0896018
0.0605202
0.217371
0.393045
0.0513278
1
0.464263
0.231127
1
0.151093
0.202289
0.305111
0.424272
0.0692286
0.593129
1
0.886236
1
0.439823
1
0.432911
1
1
1
1
0.0998388
0.109813
0.136468
0.168731
0.162076
0.367963
1
0.303639
0.801339
0.763441
1
0.156395
0.129593
1
0.206935
1
1
1
0.0839587
0.484407
0.206245
0.323895
0.355007
1
0.0569612
0.148991
0.279588
1
0.57377
0.302109
0.481835
0.108254
0.181824
0.43061
1
0.569411
0.513607
0.315958
1
0.244698
1
1
0.169046
0.587938
0.387541
0.127533
1
0.593057
1
0.119421
0.0441958
0.554656
1
1
0.149254
0.124291
0.488984
0.107152
1
1
1
1
0.363846
0.358383
0.349766
0.219621
0.124029
0.0383393
0.494741
1
0.620274
1
0.654855
0.372919
0.404106
0.453753
0.346561
0.410223
1
0.713604
0.47916
1
0.893134
0.227024
0.147661
0.271133
1
1
1
1
1
0.287949
1
0.256917
0.616262
0.125639
0.0992306
0.247257
0.445651
0.078475
0.221039
0.0620389
0.510431
0.367266
0.0812975
0.459191
1
0.122384
0.100189
0.404663
1
0.87455
1
0.346324
0.200928
0.203459
1
0.864039
0.308263
0.956893
0.451125
0.469015
0.422046
0.138341
1
1
1
0.52209
1
0.0887121
0.411061
1
1
0.130837
0.198695
0.407388
0.416008
0.451558
1
0.354312
0.127071
0.117123
0.0635398
0.51362
1
0.277653
0.42176
1
0.59764
1
0.666739
0.372164
0.493115
0.220337
0.14921
1
0.922678
0.732546
0.283279
1
1
0.81716
0.0492902
1
1
0.711979
0.27075
0.234695
0.107965
0.157008
0.144173
0.0867534
0.382385
0.351664
1
0.888507
0.43376
0.851346
1
1
0.300347
0.297659
0.317374
1
0.668303
1
0.086302
0.075674
0.138025
1
0.0612435
0.170523
0.114277
0.350694
0.376431
0.938211
0.601045
0.585645
0.233645
0.113881
1
1
1
1
0.167978
1
0.183664
0.0463499
0.0554097
0.055853
0.315273
0.131163
0.104343
0.227863
0.205634
0.193985
0.0394025
0.361386
0.167578
0.615782
1
0.0747328
1
0.145767
0.195979
0.955168
0.247181
0.237332
1
0.471903
0.162485
1
0.207455
0.0540696
1
0.627463
0.266016
1
1
1
1
0.620016
0.895045
0.286574
0.106871
1
0.570274
0.855027
0.12983
1
0.12393
1
0.287016
0.0503011
0.2488
1
0.43199
1
0.79205
0.164101
0.213586
1
0.284648
0.092993
0.091478
0.231644
0.455885
0.0513007
0.360833
1
0.769074
0.147755
0.14825
1
0.4992
0.552769
0.454068
