1
1
0.00336537
0.429839
0.654202
0.149064
1
1
1
1
0.753082
1
1
1
1
0.901932
0.215837
1
1
0.528097
1
1
0.600602
0.600268
1
1
0.0206907
1
0.0454528
0.360162
0.239604
1
0.287806
1
1
1
1
0.488702
0.6819
1
0.0237089
1
1
0.800238
1
0.319967
0.176804
0.498949
1
0.0853336
0.133199
0.406617
0.179359
1
1
0.100753
1
0.251401
0.0754197
0.63416
0.0684864
0.0339671
1
1
1
1
0.220747
0.326797
0.579892
0.262675
1
1
1
1
0.306093
0.0475528
0.0155008
0.0155587
0.0181008
0.356757
0.383264
0.105128
0.443372
0.0943216
1
0.347855
0.529658
1
1
0.635288
0.00807859
1
0.986145
0.454436
1
1
0.0538654
1
0.0140944
0.213222
1
1
1
1
0.254889
0.030053
1
0.111093
1
0.0265507
0.0181053
0.159029
0.285101
0.716339
0.656973
1
0.131258
0.0842373
0.135852
0.0489737
1
0.0128206
0.179076
1
0.211245
0.577082
0.853989
1
0.689274
0.195671
0.387715
0.175253
0.0617217
0.165828
0.117602
0.80584
0.0227763
0.620891
0.536291
0.387559
0.248513
0.0265913
1
0.151018
1
1
0.547038
0.0326705
1
1
0.995341
1
0.455342
1
1
0.13744
0.129566
0.553239
0.338779
0.142144
0.632571
0.166649
1
0.0374574
0.0464875
0.192014
0.666988
0.412084
0.262661
0.829207
0.356719
0.467406
0.264063
0.672271
0.147418
0.29129
1
0.429381
0.125348
1
0.0965803
0.77087
1
0.26859
1
1
0.116995
0.0658285
0.0560616
0.978085
0.927792
1
0.391312
0.0460922
0.564931
0.0739954
0.0908393
0.0487587
0.26618
0.0640033
0.0651931
1
0.856208
0.878964
0.205264
0.0404521
0.272341
0.245211
0.0815561
0.430939
1
1
1
0.0513945
0.0626794
0.948748
1
0.120703
0.442809
0.250018
0.234845
0.845144
0.151524
0.263956
0.188858
0.237319
1
0.301525
1
0.919559
0.0901482
1
0.388661
1
0.919602
0.513294
0.562006
0.325153
0.353143
0.436574
1
0.0765049
1
1
0.310796
0.427011
0.0942367
0.447537
1
0.671057
0.939126
0.0995341
0.920119
0.482584
1
1
0.707772
1
0.204628
1
0.454836
0.100413
1
0.818552
0.15849
0.0501582
0.0800365
0.447371
1
0.12195
0.433928
0.036655
1
0.358552
0.0754878
0.897334
0.304057
0.215869
0.0671125
1
0.331166
0.852759
0.280596
0.928549
0.119291
0.0816408
0.902802
0.147798
1
0.156992
0.180051
0.0684764
0.17277
1
0.049235
0.498899
0.348559
0.533906
0.921499
0.0789192
0.950378
0.108696
0.027524
1
0.49857
1
1
0.846151
0.0375218
0.164962
0.0241728
0.0982999
0.138396
0.126733
0.459653
0.0169739
0.0202897
0.962299
1
0.508635
0.447459
1
0.263595
1
0.423459
0.705053
0.319777
1
0.429295
0.143689
0.0289881
0.0728382
0.0181789
0.0775609
0.01599
1
1
0.010263
1
0.550996
0.0727668
0.67593
0.0496938
0.130904
1
0.175435
0.0783024
0.242534
0.815436
0.0819071
0.662423
0.615458
0.0432506
1
0.378145
0.142534
0.0469864
1
0.213512
0.599062
0.715953
0.273925
1
0.0868134
0.729113
1
0.0319451
0.236176
0.101162
0.616913
0.309511
1
0.333344
0.219265
0.827718
1
0.370788
1
0.513353
0.808582
0.223444
0.0777176
0.0806812
0.739995
0.0507341
0.144815
0.180598
0.426573
1
0.443081
0.560084
0.0766469
0.0570223
1
0.349708
0.226903
0.0300953
0.330867
0.0299537
0.687138
0.685616
0.0290944
0.419898
0.286728
1
1
1
0.395144
0.351581
1
0.314362
0.267147
0.0409071
0.402632
0.148214
0.0673515
0.100461
0.200737
1
0.0683654
1
1
0.664633
0.0348413
0.0782282
0.417323
0.659946
0.0209519
1
0.538487
0.102563
0.320778
1
1
0.0435661
0.0789816
1
0.0967905
0.113672
0.0295569
0.717671
0.333367
0.261123
1
0.23479
0.499981
1
0.83511
0.0249523
0.0980287
0.716241
0.2174
0.868971
0.349453
1
0.204734
0.95595
1
0.382595
0.67888
0.101608
0.422612
0.335401
0.260445
1
0.018235
1
0.131944
0.22127
0.184675
0.214674
0.13035
1
0.0285313
0.581646
1
0.935065
0.760283
0.711016
0.354169
0.0551188
0.0892287
0.0637235
1
0.235111
0.130403
0.306254
1
0.777353
1
1
0.734132
0.916312
0.336188
0.358247
0.551214
0.14975
1
0.275774
0.622762
0.519817
1
1
0.17348
0.357746
1
1
0.87372
0.317005
0.157661
0.0158784
0.222033
0.839516
0.171167
0.237189
0.165451
1
0.143607
0.0207989
0.273498
0.770374
0.050137
0.0730069
0.235027
0.114828
0.907297
0.326081
0.307786
1
0.643906
0.527596
0.408596
0.0549837
0.515553
0.123578
0.602735
0.0883544
0.158456
0.146225
1
0.253812
0.280775
0.212898
0.24799
0.290856
0.13453
0.539476
1
0.0809522
0.378143
0.232908
0.0183726
0.147127
0.222949
1
1
0.399507
0.634074
0.225619
0.254486
0.0610493
0.812043
0.477846
0.034622
0.660693
0.537022
1
0.0181683
0.341473
1
0.66099
1
0.546295
0.535581
0.0550218
0.798627
0.213597
1
0.528091
0.193317
0.834494
1
0.163082
0.332725
1
0.804873
0.922745
0.251226
0.701697
0.0941552
0.143997
1
0.251384
0.522638
0.0708143
0.447074
1
0.213748
0.31716
1
1
1
0.526874
0.347701
1
0.101987
0.0918347
0.871455
0.0660371
0.405108
0.0768546
0.306634
1
0.0890965
0.0673415
0.0967554
0.0279457
0.0367202
0.920423
1
0.114493
0.0439098
0.0185898
0.935763
1
0.0399725
0.0727754
0.105903
0.186757
0.0760439
0.69537
0.256576
0.667705
0.167924
0.012442
0.146559
0.17726
1
0.0671207
0.0200354
1
0.303446
1
0.00984025
0.243693
0.00768501
1
0.596918
0.287232
0.0548447
0.287838
0.316969
0.0958696
0.692252
1
0.312892
0.0519934
0.015698
1
0.834452
0.0316553
1
0.536416
0.0159989
0.185486
0.582696
0.917209
1
1
0.128343
0.239546
0.195723
1
0.237329
0.0651697
0.407675
0.869093
0.397158
0.0137574
1
0.839405
0.0400905
1
0.0546499
0.0252844
0.0698252
0.703211
0.738629
0.841899
0.498027
0.28488
1
0.422196
0.109521
0.0972901
0.330181
0.777089
0.179409
1
0.20313
0.378865
0.136136
1
1
1
0.0454096
0.104841
1
0.656536
0.191098
0.693064
0.119107
0.540797
1
0.520145
1
0.126835
0.901484
0.231163
0.351293
0.0601356
0.908617
1
0.950476
1
1
1
0.400388
0.150527
0.254351
0.0321522
1
0.278171
1
0.11845
1
0.417611
0.994862
0.165978
0.402699
0.184483
0.592951
0.230693
0.543512
0.116339
0.20657
0.189341
0.0966941
0.437784
1
1
0.486324
0.653499
0.289748
0.683022
0.311822
0.0586211
0.0825852
0.563312
0.143232
1
1
0.482577
0.0938079
0.714076
0.166474
0.48071
1
0.408795
1
1
0.160865
1
0.190844
0.0938928
0.365832
0.841183
0.293644
1
0.106786
0.884263
1
0.129508
1
1
0.102287
0.320015
0.523975
0.643533
0.168159
0.101036
0.0535337
0.0689782
0.561761
0.124527
1
1
1
0.0231248
1
0.115302
0.579122
0.280321
0.136854
1
0.214839
0.194856
0.298886
0.135047
0.259627
0.609959
0.101773
0.111354
0.10749
0.310761
0.361313
1
0.166945
0.142194
0.0126367
0.369411
0.749715
0.00890899
0.105528
1
0.752919
0.0954845
0.608869
0.321243
0.278412
1
0.124102
1
0.0683805
1
0.621165
1
0.444226
0.376919
0.378276
0.107338
0.0981726
1
0.854629
0.82837
1
1
0.403735
0.208019
0.0470838
0.737459
0.651143
0.0369303
0.201787
0.268717
0.239983
1
1
0.287415
1
1
0.148244
0.499996
0.571224
1
1
0.0794499
0.422817
1
0.329777
0.753595
0.217803
1
0.209537
0.27484
0.103478
0.130999
0.461122
0.203908
0.24094
1
0.132222
0.19201
0.535173
0.159142
0.42646
0.442685
0.0922352
0.180622
1
1
1
0.828997
1
0.198728
1
0.580253
0.10399
0.635871
1
0.842733
0.0746412
0.540442
0.572232
1
0.721626
0.229829
1
0.0609451
0.762383
0.12306
0.182116
0.373537
0.189787
1
0.293209
0.45514
0.879365
0.0993309
1
0.0757227
1
0.737381
0.404383
0.0354345
1
0.0621052
0.859702
1
0.281208
1
1
0.140915
0.737205
0.614496
0.0163911
0.0529503
0.0465868
0.0747324
1
0.216493
0.0156021
1
0.207086
0.015355
1
0.0308325
1
0.0376226
0.885596
0.133362
1
0.505629
1
0.476506
1
0.486867
0.180698
0.0442625
0.0355204
0.622704
1
1
0.231295
0.110119
0.105441
1
0.540446
1
0.131713
1
0.0630764
1
0.0967814
1
0.63054
0.00389659
0.24687
0.068068
1
0.0430533
1
0.264265
1
0.599188
0.841066
0.468859
0.0553274
1
0.161988
0.285376
0.0803381
0.00991284
0.140444
0.150538
1
1
0.677249
1
0.194489
0.0598619
0.730522
1
0.407127
0.422655
0.0225874
1
1
1
0.0500202
0.896096
0.434249
1
0.138217
0.0629096
1
0.0216843
0.388161
0.972769
1
1
0.65054
0.415838
0.212266
0.992132
0.517344
0.547473
0.585758
1
0.201955
1
1
0.274509
0.211825
0.511903
0.0691757
1
1
1
1
0.407502
0.0229122
0.387665
1
0.109944
0.228829
1
1
1
0.322222
0.540631
0.0862782
0.0959448
0.0186485
0.564389
1
1
1
0.426294
0.0971741
0.177685
0.0561355
1
0.230135
0.734903
0.169616
0.520573
0.480536
0.145614
0.522624
1
0.195633
0.741286
0.507904
0.576807
0.193686
0.241482
0.186257
1
0.49927
0.0732247
1
0.522702
0.361199
0.107582
0.297438
1
0.653972
1
0.237279
0.957523
0.445843
0.440136
0.79985
0.784536
0.709837
0.927707
1
0.287418
0.46283
0.127188
0.102424
0.183078
1
1
0.419054
0.634138
0.242673
0.544955
0.178036
0.539551
1
0.707816
0.346136
0.559722
0.0571659
0.0607876
1
0.666819
0.0720611
0.361493
0.496242
0.0745825
1
0.055348
0.264197
1
1
0.109341
0.114
0.382476
0.366079
0.956452
0.118226
0.708689
1
0.428096
0.133993
1
0.296432
0.149636
0.927961
0.0371097
0.203168
0.133975
0.6158
0.125444
0.0664493
0.0995576
1
0.133122
1
1
0.2513
0.304323
0.084657
1
0.0615883
1
0.130594
0.0559381
0.31729
0.173252
0.0909266
0.507708
0.580564
0.231214
0.573427
0.871091
0.180694
0.337472
1
0.131124
0.147941
0.0801437
0.19872
1
0.0282207
0.22954
0.521503
1
0.95427
0.17427
0.243221
0.579107
0.0971066
0.553973
0.783599
0.0562134
0.948632
0.0378811
0.264259
0.15872
1
0.290766
0.205783
1
0.146187
1
0.105765
0.891937
0.790333
0.160352
0.0956401
0.115223
0.197848
0.216636
0.310424
0.0594805
1
0.682305
0.951596
0.162281
1
0.615233
1
0.704097
0.0820578
0.639499
0.487934
0.0559181
0.0521238
0.921313
0.0257858
1
0.294263
0.458781
0.89103
1
0.0347899
1
0.0934335
0.657437
0.175995
0.141532
0.602593
0.991885
0.0598727
0.34893
0.4097
1
0.813226
1
1
0.970264
0.18994
1
1
0.0805287
1
0.131325
0.110079
0.308903
0.133235
0.683378
1
0.323445
0.0406774
0.0701629
1
1
0.950721
0.291956
1
0.457169
0.330293
0.235779
0.505786
1
0.134928
0.874302
0.272425
0.161122
0.329347
1
0.251661
0.275497
1
0.0616916
0.0606269
0.847108
1
0.873671
0.756683
0.219981
1
0.115059
0.142423
0.364158
0.572434
0.2861
1
0.210083
0.045423
0.27658
0.911593
0.0203761
0.0690707
0.0840204
1
0.938373
1
0.33842
0.0705587
0.333497
0.477289
0.248146
0.310367
0.160288
0.93102
0.0479766
1
0.713182
0.085311
0.354252
1
0.601737
0.246031
0.492135
0.894662
0.361182
0.209555
1
0.189388
0.586398
0.0245387
0.246867
0.134584
0.00639828
0.0389068
0.0860963
0.0532953
0.0104837
1
0.664306
0.48126
1
0.276884
0.434086
0.0462735
0.0684613
0.23408
0.434519
0.0711559
1
0.532707
1
1
1
0.694896
0.0471461
1
1
1
0.0925385
0.125235
0.308265
0.38179
1
0.279937
0.079228
0.886365
1
0.998008
0.727906
0.297979
0.0366912
0.0167362
1
0.302603
1
1
1
0.0516388
0.68543
0.257147
0.135429
0.0574503
0.324558
0.133998
0.520054
1
1
0.856159
0.774367
0.346218
1
0.0700693
0.291191
0.25197
0.486628
1
1
0.19159
0.104669
0.047806
0.30261
0.164311
0.152889
0.338569
0.138066
1
0.159302
0.0372893
1
0.226339
0.0260036
0.17754
0.591022
0.0563618
1
0.79722
0.1699
0.355513
0.0843526
0.494644
1
0.0627445
0.941683
0.316334
0.977471
0.0632662
0.339267
0.60253
0.074838
0.054497
1
0.258165
0.146934
1
1
1
1
0.212986
0.0772323
1
0.821515
0.237056
0.179681
0.345483
0.581465
0.0522095
1
0.0478957
0.262066
1
0.340444
0.44413
0.691251
1
1
0.140406
0.437574
0.582686
0.123808
0.0844597
0.111681
0.0774612
0.0503225
0.251007
1
1
1
0.136712
0.159492
0.123266
0.837631
0.417311
0.591012
0.2064
0.228866
0.0706513
1
1
0.191925
0.738633
0.295949
0.127126
1
0.0785395
0.194
0.826069
1
0.31701
0.932802
0.528704
0.082391
0.0664774
0.101768
0.022496
0.104896
0.11724
1
0.14879
1
0.072794
0.159709
1
0.220797
0.306235
1
0.0688937
1
1
0.0921872
0.609445
1
1
0.0265817
0.02282
1
0.0136581
0.427727
1
1
0.231144
1
0.72378
1
0.374853
0.333587
1
0.964288
0.0591316
0.210861
0.328521
0.268724
0.0796275
0.0469319
0.363336
0.447967
0.322469
1
0.350431
0.691414
0.0712246
0.616723
0.308428
0.505769
0.312232
1
1
0.664506
0.536295
0.44962
0.340134
0.0149113
1
0.371755
0.0700733
0.400621
0.0532853
0.306052
0.531709
1
1
1
0.212887
1
0.388586
0.816118
0.0959594
1
0.434143
0.710827
1
0.13009
0.990221
0.236458
0.137353
0.18242
1
0.554562
0.237507
0.822238
0.543484
0.0832466
1
1
0.011331
1
1
0.0339451
0.167586
0.328388
0.0829603
0.134602
1
0.158568
0.760744
1
0.226284
1
0.150152
0.422714
1
0.179687
0.0431716
0.955122
0.850728
1
0.99456
0.116837
0.431718
0.131198
1
0.410852
0.804655
1
0.262121
0.444935
0.0390422
0.206045
0.0178363
0.0504094
1
0.403594
0.74294
0.111844
1
0.185183
0.0753407
0.157374
0.642643
0.369176
0.347469
0.0946784
0.0588637
0.166359
0.858643
0.121225
1
0.0508789
0.318892
0.464762
1
1
0.119818
0.854095
1
0.0737403
0.136429
0.732151
0.719931
0.0622644
0.291439
1
1
0.0531324
0.341289
1
1
0.108769
0.676886
0.0668103
0.309661
0.0373572
1
0.0520417
0.995362
0.108731
0.0664737
0.205471
0.176353
0.138095
1
0.345764
0.244239
0.0664919
0.843503
0.0165874
0.224704
0.255729
0.863535
0.216687
0.442946
0.130357
1
0.943023
0.421614
0.0856852
0.0311766
0.448764
0.0576066
0.0271273
0.0941276
1
1
0.049443
0.0680382
0.63548
0.452104
0.13983
0.896667
1
0.2245
0.275838
0.0483193
0.0968961
0.0450289
1
0.594822
0.190463
0.11105
0.647175
1
0.696068
0.0657411
0.459251
0.0211784
0.995178
0.598932
0.106455
0.0767891
0.301098
0.030168
0.390992
0.434867
0.0581474
0.0292521
0.56371
1
0.17333
1
0.551792
0.779638
0.0351235
0.109719
1
0.279673
0.166102
0.2334
1
0.273283
1
0.667177
0.0770726
0.162128
0.103701
0.264036
0.0398116
0.455455
0.409872
0.766177
0.436837
1
0.492021
1
0.813577
1
0.0218221
0.123104
0.16636
0.508993
0.541666
0.0483581
0.837442
1
0.282596
1
0.221778
0.160051
0.463081
1
0.257215
0.237357
0.224057
0.694868
0.496404
0.111127
0.732145
0.0805813
0.276129
0.902086
0.363409
1
0.0668695
0.257642
0.600079
0.0422305
0.421407
0.0410237
0.0988188
0.695481
0.427245
0.665794
1
1
0.893024
0.764377
1
1
0.0962652
0.574787
0.334398
1
0.130422
0.968864
1
0.131047
0.538105
0.557904
0.180115
0.134551
0.0150356
1
1
0.0539883
0.0183712
0.0180619
0.302477
0.200665
0.479181
0.132335
0.0423312
0.468468
0.00946818
1
0.0326308
0.120698
0.597789
0.907819
1
0.0463665
0.348464
0.143675
1
0.570935
0.0769339
1
0.171476
0.498963
0.561074
0.758316
1
0.128841
0.0407339
0.508444
0.603366
0.696649
0.255572
1
1
0.0527334
0.0647098
0.345653
0.483233
1
0.160984
0.0839148
0.0929134
0.290003
0.41959
0.18898
1
0.10062
0.217556
0.77155
0.273865
1
1
0.317797
0.455226
1
1
0.75486
0.932208
0.170683
1
1
1
0.0357545
0.343215
0.0631264
0.123427
0.642331
0.298705
0.71256
0.482394
0.112131
0.0214959
0.247028
1
0.411306
0.22406
1
1
0.860459
0.173033
0.896519
0.152458
0.149775
1
0.494165
0.447724
0.267187
1
1
0.117043
1
0.290256
0.288187
0.438551
0.158932
0.629663
0.17648
1
0.098451
0.302854
0.166099
0.0289739
0.281191
0.317891
1
0.280187
0.26537
0.035397
1
0.18182
0.114577
1
0.100415
1
0.71989
0.434793
1
0.442065
0.955126
0.235426
0.246121
0.0380355
0.295105
0.598218
1
0.0400643
0.519764
0.0784071
0.259831
0.206826
0.653092
0.122213
0.147928
1
0.0389649
1
1
1
0.230245
0.239552
0.096889
0.339244
1
0.710885
0.046149
0.308598
0.553572
0.633645
1
1
0.263216
0.42435
0.772772
0.0127832
0.0760091
0.109804
1
0.0477824
0.176802
1
0.184107
0.803549
0.23024
0.307945
0.278386
0.103039
0.676007
0.372027
0.668269
0.14546
1
1
0.423811
0.285458
0.164772
0.92291
1
0.578655
1
0.220046
0.0341305
1
0.202221
0.86861
0.111332
0.130761
0.0395548
0.187363
1
1
0.898267
0.117733
0.260672
0.308843
0.816738
1
1
0.341709
1
0.205293
0.12095
0.284274
0.206482
0.176197
0.337396
0.889071
1
0.201757
1
1
1
0.413468
0.665382
1
0.121693
0.118258
1
0.110767
0.642294
0.360958
1
0.42637
1
0.688449
0.128146
0.0907197
0.422135
0.00396377
0.0355243
0.0377492
1
0.406168
1
0.636708
0.176614
0.193151
0.202039
1
0.0458913
1
1
0.0465016
0.210449
1
0.116073
0.0434773
0.479403
0.407219
1
0.0106742
0.0348136
1
0.79015
0.0649591
0.128141
0.0979475
0.813148
0.295165
0.020411
1
0.61248
1
0.0925389
0.0614863
0.0884971
0.133123
1
0.63589
0.194703
0.135679
0.12497
0.916693
1
0.302077
0.588148
0.486164
0.0299845
0.607916
0.0734325
0.161074
0.724914
0.448279
0.268204
0.0264564
0.0829538
0.294001
1
0.218524
0.815702
0.0409739
0.17257
0.172211
0.0791833
1
0.26903
0.0209708
0.165813
1
0.0759737
0.602403
0.0647574
0.112891
0.375842
1
0.559725
1
0.716448
1
0.121651
0.20351
0.122899
0.798507
0.590749
0.228242
0.171814
0.0962096
1
0.520347
0.0855524
0.963675
0.112209
1
1
1
0.523583
0.633714
0.847539
0.527181
0.118732
1
0.954593
0.255757
0.888492
0.343038
0.39835
0.282727
0.0240041
0.467292
0.511824
0.975647
1
1
0.267406
0.0321118
0.603735
0.0491192
0.134599
0.661098
0.808537
0.805133
0.505075
0.379137
0.407281
1
1
0.261189
0.637025
0.747225
0.387916
0.506843
0.112054
0.311218
0.799426
0.131032
1
1
0.113271
0.455847
0.0283496
1
0.236742
0.391771
1
0.119203
1
0.394493
0.79831
0.16893
0.205405
0.67525
0.398015
0.317607
1
1
0.187721
0.0336129
0.0979914
1
0.808095
0.106414
0.109165
0.567783
0.761317
0.0881628
1
1
0.4048
1
1
0.591424
0.371447
0.34506
0.288719
0.0233604
1
1
1
0.170565
0.442059
0.159732
0.329619
1
0.28755
1
0.116523
1
0.549278
1
0.057374
0.516668
0.0970673
0.0806232
0.0575979
0.0829367
0.368141
1
0.0823421
0.375359
0.907952
0.109842
1
0.277151
1
0.767825
0.0655916
0.180346
0.709481
0.432252
1
1
0.367346
0.480276
0.138871
1
1
0.542895
0.83699
0.136071
1
0.389381
0.134362
0.82654
0.0794319
0.536855
0.396716
0.724503
0.124887
0.394451
1
1
0.358318
1
0.780013
1
0.247661
0.0374985
0.266804
0.873394
0.509598
0.0443478
0.41508
0.869996
0.0836679
1
0.23578
0.0996581
1
0.0449682
1
0.350084
0.386927
1
1
0.401655
0.588257
0.219314
0.0796029
0.290729
0.659159
0.0455381
0.0227041
0.123604
1
0.106217
0.853406
0.643018
0.0307573
0.0392223
0.0105769
0.589017
0.0949075
1
0.459564
0.541138
0.199402
0.821064
1
0.578093
0.467286
0.499028
0.0472757
0.00994708
0.044671
0.284708
0.277844
0.0509042
0.0741031
0.393861
0.0774648
0.164636
0.111773
0.196329
0.186166
1
0.180744
0.238392
1
0.323801
1
1
0.072632
0.768461
0.102538
0.0280892
0.105899
1
0.33671
0.650684
0.119677
0.224262
0.166041
0.144235
1
0.401648
0.0183018
0.031914
1
0.111329
1
1
1
1
0.303432
0.25076
1
0.51913
0.621069
0.0385815
0.300149
1
0.462187
0.0992211
0.155858
0.0651334
0.458079
0.740799
0.021972
1
0.277179
0.05777
0.0660072
0.155893
0.62645
0.165235
0.00453483
0.118607
0.86691
1
0.387414
1
0.436301
1
0.124052
1
1
0.0347207
0.805818
1
0.949325
0.234238
1
0.489784
0.0341483
0.320093
0.595161
0.66236
0.618887
0.621504
1
1
0.144591
1
0.92979
0.558652
0.147707
0.289686
0.253041
1
0.174003
0.185619
1
1
1
0.149367
0.201157
0.0540695
1
0.718737
1
0.59421
0.961008
0.0464821
0.041313
0.127328
0.150301
0.430955
0.0493788
0.0838295
0.0158054
1
1
1
0.0110017
0.836699
1
0.0840794
1
1
1
0.951302
0.0472604
0.0606958
0.168661
1
0.0794749
0.053168
0.391505
0.79662
0.118177
1
0.785757
0.276668
0.598287
0.216247
0.487964
1
0.382573
0.459916
1
0.552232
1
0.916775
0.0303619
1
0.523129
0.0794454
0.0348786
0.226717
0.0582449
0.0238518
0.232337
1
0.398087
0.0355936
0.131788
1
0.541393
0.351743
0.359386
0.93374
0.0559569
0.275312
0.0584353
0.187921
1
0.29239
0.0713359
0.023584
0.108722
0.167101
0.685563
0.0748382
0.916713
0.0371459
1
0.213527
1
0.0856869
0.100708
0.292372
0.53257
0.150542
1
1
1
1
0.134441
0.159549
0.999825
0.43202
1
0.434349
0.167047
0.363449
0.371682
0.0970149
1
0.167033
0.882
0.607962
0.786085
0.548999
0.0389086
0.788342
0.176293
1
0.387799
1
0.459512
1
0.0933489
0.0832066
0.115674
0.141505
0.0304923
0.0468337
0.150674
0.0326413
1
0.162149
1
1
1
0.0836731
0.97961
0.619794
0.204054
0.542948
0.04668
1
0.70605
0.242357
0.032664
0.135677
0.0993388
0.337033
0.438462
1
1
0.576685
0.346248
0.450351
0.396926
1
0.381058
0.17113
0.753444
1
0.53528
0.114422
0.0539411
0.102271
1
0.440621
0.126763
0.0819744
0.626886
0.216846
0.108953
0.565491
0.0205824
0.240614
1
0.04566
1
1
1
0.158645
1
1
0.139882
1
0.105265
1
0.165261
0.0165496
0.921115
0.201674
0.294781
1
0.354228
1
0.0580269
0.512485
1
0.612814
1
0.0828984
0.0544609
0.101091
1
0.0724626
0.176967
0.177106
0.279799
0.671501
0.969963
0.240768
0.229079
1
0.0578268
1
0.483229
0.83347
1
0.103249
0.0515581
0.0596947
0.567304
0.141674
1
1
0.155084
0.140318
1
0.108467
0.210184
0.104243
0.0297066
0.049069
0.716094
1
0.595666
0.451647
1
0.116139
0.0549943
0.268604
0.334125
0.0143418
0.123095
1
0.795204
1
0.605061
1
0.00956564
1
0.217477
1
0.903154
0.109531
0.105349
0.787883
0.074373
0.348987
1
1
0.0835475
1
0.0526058
0.320368
1
1
0.242158
0.798479
0.239155
0.596627
0.160428
0.0403389
0.768272
0.209741
0.239907
1
1
0.260241
0.482899
0.0655136
0.0237483
0.752715
0.916204
0.929053
0.599475
0.0924913
0.0930966
0.290782
0.937559
1
0.60884
0.169513
0.0765262
0.177522
0.157572
0.434153
0.239504
0.912426
0.690946
0.908939
0.428896
0.290932
0.896109
0.0709807
0.0195329
0.233029
1
1
0.578539
0.120549
0.295234
0.756999
1
0.122584
0.728426
0.371442
1
0.926594
0.560053
0.198803
0.0256761
0.186107
0.5069
0.0857847
0.821822
0.18018
0.275193
0.67264
1
0.116453
0.0320632
1
0.315368
0.350794
0.960923
0.0295224
0.209991
0.601272
1
0.902895
1
0.657195
1
0.16344
1
0.416127
0.517146
0.384499
0.103693
1
0.0572128
0.0401051
0.0577246
0.00991812
1
0.503161
1
1
1
1
0.088085
1
0.638935
1
0.157283
1
1
0.0451863
0.240589
1
1
1
0.296977
1
0.863896
0.91752
0.925557
0.449221
0.213394
1
0.399653
0.22816
0.339536
0.138323
0.0648939
1
0.0819024
0.306306
0.131573
0.362234
0.229006
0.234302
0.719405
0.207882
0.356089
0.378959
0.359599
0.125002
0.916122
1
0.998813
0.082833
0.650886
0.697182
0.277897
0.408
0.0571487
0.113051
1
0.585588
0.710017
0.181115
0.429676
0.36967
0.873091
0.547296
0.0961288
0.0488444
1
0.0872963
0.642154
0.269441
0.415858
1
0.11815
0.0923081
0.0270859
1
0.28379
0.025523
0.0206255
1
0.120493
0.125566
1
0.672735
0.453893
0.677206
0.29938
0.753151
0.179283
0.250339
0.982497
0.60814
1
0.320843
0.271185
0.0837909
0.104265
0.571912
0.334084
0.247115
0.486386
1
0.357776
0.0873745
1
0.186299
0.180918
1
0.177442
0.192102
1
0.535188
0.034409
1
1
0.290153
1
0.33588
0.215376
1
0.0994636
0.185567
1
0.720259
0.351721
0.240186
0.163105
0.368282
0.292659
1
0.116916
0.299217
0.371324
0.983107
0.26628
0.0238691
0.131021
1
0.141256
1
1
1
0.595372
0.107511
0.0998062
1
0.179041
0.82423
0.138594
0.206355
1
0.139917
1
0.171033
0.657373
0.128528
0.240422
0.624875
1
0.431426
0.205979
1
0.670462
0.129485
1
0.722407
0.280433
0.27671
0.149333
1
0.458626
0.539615
0.131593
0.273812
0.574793
0.180321
0.456238
0.0730911
0.246902
0.16227
0.674597
1
0.809103
0.399297
0.276119
0.117607
0.579215
0.13379
1
0.179464
0.973403
0.950223
0.633706
0.294727
0.472783
0.0992382
0.809761
1
0.0303656
0.0506649
0.0664634
0.675284
0.443759
0.0547131
0.62465
0.0263936
0.822307
1
1
0.146938
0.998574
0.903194
0.19731
0.0233599
0.236054
0.348329
0.90804
0.106083
0.0591526
0.346141
1
0.0600341
1
0.192754
0.0731373
0.220916
0.442386
0.527747
0.130952
0.0617976
1
0.459415
1
1
0.55678
0.277494
0.082747
0.0761235
0.344124
0.718954
0.274303
0.167263
0.20334
0.0890685
0.0350146
0.209537
0.236516
1
0.0122607
0.861386
0.0909171
1
0.0606976
0.0675
0.0536777
1
0.702975
0.566244
0.63122
0.100524
0.271797
0.595417
1
0.424563
0.0902993
0.105305
0.320411
1
0.722708
0.654371
0.365652
1
0.0626538
1
0.723157
0.888205
0.207695
0.656928
0.0158681
0.211132
0.390626
0.191687
1
0.0855689
0.986715
1
0.0836833
0.0253443
1
0.413039
1
1
0.0917851
0.436812
1
0.20956
0.0198576
1
0.773129
0.198672
1
0.285988
0.202159
1
0.858386
0.327741
0.63275
0.0767806
0.296972
0.0486207
0.190507
1
0.233418
0.737632
0.389346
0.209732
0.0977377
1
1
0.0199175
0.156123
0.0713
1
0.161294
0.522455
0.244115
0.121945
1
0.344515
0.169652
1
1
1
0.0779632
0.226798
0.821056
0.33154
0.221347
0.726709
0.10037
0.357546
1
1
0.417077
0.248726
1
0.26357
0.16454
1
0.609259
1
1
0.0842947
0.0649486
0.738738
0.992716
0.772146
0.339942
0.190788
0.722403
1
0.157527
0.772684
1
0.526752
0.744512
0.0969227
0.264334
0.103168
1
0.0417012
0.963526
0.922488
0.80697
0.169119
0.0238086
1
1
0.877487
1
0.204115
0.791909
1
0.685626
0.183554
0.0406517
1
0.259349
0.988036
0.956557
0.58148
0.126335
1
1
1
0.446234
1
0.133308
0.071349
0.0216317
0.307331
0.643999
1
1
0.105076
0.106124
1
0.393779
1
0.654511
0.0610936
0.169002
0.242812
0.338945
0.587552
0.99353
1
0.480195
0.359621
0.606001
0.0314115
0.904578
1
0.22331
1
0.193552
0.155967
0.880578
0.185229
0.0342357
0.351977
1
0.14442
1
0.951323
0.45902
0.535962
0.0975671
0.180521
1
0.187727
0.676243
0.233261
0.189315
0.985766
0.582021
0.215921
0.151627
0.919137
0.742161
0.514505
1
0.155796
1
0.495646
0.231862
0.652142
0.111314
0.693113
0.0977589
0.0474498
0.217686
0.40477
0.529763
0.253001
0.0205345
0.186324
0.968165
0.172251
1
1
0.0355702
0.158068
0.990875
0.151998
0.166679
0.00788416
1
0.607895
0.0432544
0.418366
0.177931
0.0487973
0.0518455
1
0.0183299
0.0894478
1
1
1
0.0225824
0.0460106
0.148713
0.806209
0.612637
0.0249605
1
0.0828768
1
0.345338
0.767419
0.735934
0.442391
0.37913
0.279139
0.979039
0.220955
1
1
0.307121
0.307825
0.206948
0.405023
0.202866
0.151614
1
1
0.0298977
0.253395
1
0.0650066
0.212983
1
0.962319
1
0.210909
0.236765
1
0.356137
0.0745516
1
0.133115
1
1
0.497036
0.0847791
1
0.171397
0.330033
0.77516
0.573025
0.0304235
0.155971
0.619209
0.845816
0.645425
1
1
0.0107089
0.182547
1
0.990548
0.989944
0.757348
0.867596
0.16746
0.978468
1
0.434311
0.234971
0.235552
0.278419
0.649204
0.0293431
0.646783
0.10294
0.0839768
0.0687837
0.0430649
0.128539
0.365741
0.380372
0.206312
0.00260782
0.107423
0.55449
0.857834
0.0827779
1
0.606945
0.0249958
1
1
0.304503
0.427039
0.304797
1
0.0749031
1
0.153376
1
0.11399
0.303918
0.15973
0.102094
0.609079
1
1
0.0643928
1
0.413278
1
0.775709
0.706358
0.165746
0.0959662
1
1
0.165868
0.272645
0.752881
0.0299852
0.232604
0.0569722
0.737196
1
0.0651969
0.400097
0.903813
0.600005
0.983937
0.0317163
0.0665904
1
0.0501589
1
0.672821
0.0601283
0.949274
0.547033
0.312557
0.280104
1
0.686094
0.476231
0.101251
0.119119
1
0.517892
0.606285
1
0.0782555
0.606241
0.518741
1
1
0.0885263
0.32267
0.0972339
0.26562
0.626986
0.0598467
1
0.210588
0.443308
1
1
0.887526
1
0.0987143
0.475584
1
0.122525
0.176391
0.121569
1
1
0.0847242
1
0.479572
0.179185
0.126872
0.179528
0.774441
0.894084
0.268178
0.13819
0.224192
0.058159
0.181511
0.0791067
1
0.476562
1
0.538252
0.0746613
0.151045
0.0217435
1
0.315684
0.116802
0.981743
0.18836
0.986151
0.900228
0.178607
0.939743
0.0797143
1
0.845275
0.161946
0.843285
1
0.67638
0.0827945
0.0722876
1
0.187873
1
0.0196655
0.37074
0.0749836
1
0.423185
0.606236
1
0.63305
0.465414
1
0.333434
0.18928
1
0.0888538
0.449263
0.0617906
0.14645
0.148138
1
1
0.153614
1
0.909479
1
0.103514
0.045463
1
1
0.0866167
0.0401562
1
1
1
1
0.448251
0.767335
0.247141
0.229326
0.364086
0.208322
0.0376194
0.0300405
1
1
1
0.307525
1
0.0648999
0.9521
0.875168
0.479327
1
0.203765
0.0673038
0.460839
1
0.256064
1
0.771742
1
0.787923
0.148997
0.903231
0.0980618
0.172375
1
0.340173
1
1
0.0277649
0.370055
0.50953
1
1
1
0.147067
0.0688687
1
0.679064
0.418406
0.363546
0.0677734
0.373357
0.33661
0.150345
0.0886792
0.142035
0.124392
0.986328
0.314168
0.871031
1
0.207375
0.741554
1
0.2822
1
0.0161064
0.27278
0.872225
0.521578
1
0.828077
1
0.106018
0.461869
0.520888
0.830029
0.0833751
0.0897754
0.0255696
1
1
0.0544679
0.246317
1
0.271838
1
0.224314
0.58805
1
0.0417985
0.83175
0.10634
0.836408
0.0509241
0.827954
0.079889
1
0.156696
0.618552
0.223413
1
0.289596
0.130792
1
0.037667
0.690465
0.830774
0.0563682
0.29469
0.335896
1
1
0.226929
0.0905581
1
1
0.0090481
0.380147
0.978458
1
1
0.207685
1
1
0.390163
0.325164
0.0304227
0.469374
0.51155
0.439225
0.117854
1
0.27172
1
0.400377
1
0.234171
0.299283
0.0849452
1
0.299542
0.309965
0.0499599
0.233833
1
0.288339
1
0.0199975
0.362604
0.55401
0.866811
1
0.177881
1
0.896493
0.664049
0.188127
0.241245
0.432045
1
0.186963
0.993568
0.0812392
0.111144
0.0502685
0.110337
1
1
0.10626
0.238692
1
0.182718
0.0568849
0.320785
0.90201
0.532804
0.116218
0.311334
0.875747
0.978452
1
0.655297
0.0465302
0.0342836
1
0.290592
0.522366
0.84957
0.914504
0.475334
0.250064
0.203426
0.388101
0.0823576
1
0.142487
0.0721732
0.0666455
0.205304
0.92511
0.0162588
1
0.0642505
1
1
0.851532
1
0.444161
0.848775
0.13045
0.0719436
0.304091
0.0953368
0.299838
0.87813
0.0622244
0.340386
1
0.930084
0.555489
0.117202
0.453148
0.0543649
0.873387
0.210319
0.0401072
0.136155
1
0.772628
0.0429502
0.670844
0.313794
1
1
0.658856
0.706575
0.0855317
0.689368
0.0522587
0.0654787
0.308491
1
0.440475
0.253844
0.278844
0.0896799
0.428188
0.983139
0.237316
0.0224654
0.276062
0.102924
1
1
0.0302442
0.0694708
0.586705
0.265186
0.129623
0.219081
0.130405
0.257689
1
1
1
0.236079
0.0790149
0.194346
0.138577
0.229465
0.732105
0.153244
0.0882737
1
0.343434
1
1
0.283558
0.440211
1
0.0431086
0.0486117
0.52957
0.632591
0.0657165
0.347524
1
0.997417
0.125002
0.574434
0.396461
0.0769034
0.244437
0.0278262
1
0.101643
0.201162
0.0697096
1
1
1
1
1
0.109604
0.507335
0.871512
0.101777
0.812734
0.0987333
0.8178
0.920026
0.204096
0.223651
0.443272
0.284849
0.154667
1
0.171043
1
1
0.0531392
0.619941
0.952836
1
0.149827
0.488083
1
0.291378
0.896709
0.424548
1
0.0302755
1
0.149534
0.128201
0.0144303
0.454255
1
0.337221
1
0.0624844
0.952343
0.212784
0.105258
0.594616
0.252762
1
0.0591182
1
0.0372501
0.22795
1
0.528763
1
0.221353
1
0.705234
0.167128
0.0372873
0.788998
0.529239
0.0254057
0.0889532
0.275444
1
1
0.207558
1
1
0.145703
0.32909
0.204555
0.295957
0.069949
1
0.313916
1
0.0789852
0.0419283
0.099892
0.604449
0.203676
1
0.142514
0.323691
1
0.303224
0.824195
0.190658
0.216114
0.393255
0.151161
0.742944
0.167878
0.547159
1
0.665922
1
0.0569939
0.423246
0.0613094
0.0612361
1
0.100694
0.0882475
1
0.173802
0.840698
0.138125
0.273606
0.121809
0.108571
1
1
1
1
0.190062
0.212065
1
0.66685
0.114772
0.0525253
1
0.0835564
0.612645
1
1
0.0769472
0.0482726
0.0973906
0.0276309
1
1
0.253771
0.525971
0.196277
1
0.0807565
0.340688
0.0366728
0.232172
0.950201
0.788426
0.544542
0.0456507
0.554363
0.228232
1
0.100315
0.517969
1
0.651588
1
1
1
0.100007
1
0.0743732
0.177524
0.732435
1
0.132204
0.0499744
0.0650564
0.314421
0.0797579
0.0834377
0.223831
1
0.137541
0.149413
0.0454742
0.286803
1
1
0.553999
1
1
0.0552365
1
0.223581
0.700684
0.288454
0.290528
1
0.0788017
0.333685
0.266009
0.48724
0.926402
0.164445
0.305117
0.0413359
1
0.0752279
0.104855
0.0541006
0.526977
0.152303
0.148574
0.766886
0.915143
1
0.766842
1
0.0797777
0.129226
0.224911
1
1
1
0.68615
0.064878
0.167575
0.146722
0.300604
0.758365
0.184638
1
0.568534
0.0129655
0.734149
1
1
0.917413
0.121142
0.438621
0.297418
1
0.0750969
1
0.274475
1
0.707603
1
0.329545
0.0691165
0.77691
0.162309
0.17011
0.546888
0.0124099
1
0.402405
0.462317
1
0.0900546
1
1
0.452045
0.232224
0.133255
0.210161
0.112276
0.228414
0.370995
0.96214
0.259012
1
0.0413933
1
0.204866
0.22417
0.191364
0.404525
0.0516746
0.0167158
1
0.198228
0.077864
0.18905
0.759058
0.0177875
0.615745
0.262362
0.0235533
1
0.243383
0.334428
0.306106
1
0.0882462
0.064773
0.112973
0.317984
0.0561088
0.124996
1
0.101332
1
0.440244
0.999461
0.579275
0.167685
0.375898
0.832099
0.389591
0.765071
0.114516
0.0738726
0.623482
0.14065
1
0.271343
0.15375
0.678053
0.140379
0.217548
1
0.639257
1
0.204134
1
0.332458
0.112565
0.641396
0.261453
1
0.0520199
0.989797
0.891849
1
0.401569
1
0.734626
0.0660093
0.382518
0.308774
0.0824873
0.499415
0.0156354
0.825597
0.298634
0.823545
0.126092
0.0877277
0.118073
1
0.110837
1
1
0.442457
0.0495971
1
0.569252
0.0620652
1
0.102056
1
1
0.877297
0.0762171
0.226015
0.0984071
0.241071
1
0.450354
0.34814
0.387134
0.968941
0.0925696
0.108156
0.341099
0.0505725
1
0.492449
0.847848
0.213119
1
0.933789
0.170623
0.0391385
0.0517418
0.246459
0.347418
0.163353
0.0873621
1
0.0805467
0.112228
0.108449
0.473641
0.0589111
0.853034
0.994028
1
0.127669
0.403371
0.389079
1
1
0.378598
0.243016
0.367256
1
0.405077
0.192727
0.119081
0.608961
0.817408
1
1
0.946675
0.316891
1
0.277146
0.0218405
1
0.0888283
0.598519
0.536539
1
0.212784
1
0.0877989
0.976934
1
0.275852
0.572112
0.283384
0.659109
1
1
0.349337
0.112624
0.197078
0.278146
1
0.359825
0.914407
1
0.515774
0.252677
0.442872
1
0.0922301
0.176456
0.142787
0.710879
0.0555835
0.252495
0.193167
0.398794
0.146958
0.435358
1
0.421837
0.636997
0.0312955
0.192788
1
0.167032
0.332052
1
0.824609
0.427613
0.109767
0.0578391
0.794735
0.603226
1
0.0366186
1
0.205646
0.232256
0.176276
0.993273
0.782841
0.513611
0.739099
0.0346772
1
0.130067
0.113329
0.309164
0.603511
0.0550184
0.0359735
0.576103
0.266809
1
0.70783
0.0705771
1
1
0.453555
0.965459
0.655607
0.595949
0.0786625
1
0.176178
0.877502
0.935816
0.456954
0.134243
1
0.136685
0.441581
1
0.378517
0.0542644
0.747088
0.175188
0.131311
1
0.271738
1
0.0212695
0.230237
0.156348
0.507697
0.860287
0.479961
0.885094
0.681369
1
0.387146
0.515045
0.897934
1
0.202654
0.086889
0.494223
0.026448
0.186086
0.315617
0.71336
1
1
0.260871
0.0208212
0.0085623
0.387076
1
0.0652066
0.452942
0.783667
0.203634
0.0851569
0.0185608
1
1
0.0303897
1
0.746784
0.676523
0.282076
0.538122
1
0.19463
1
0.720613
1
0.0372247
0.0285446
0.535028
1
0.21657
1
0.802505
1
1
0.0659757
0.0482318
0.45944
1
0.372355
0.0241267
0.733123
0.354198
0.0922556
0.491378
1
1
0.409203
0.0853036
0.368842
1
0.554094
0.205117
0.223742
0.24353
0.27067
0.225001
1
0.0860461
1
0.0430786
0.292982
0.112071
0.234395
0.754977
0.157572
1
0.089191
0.257435
0.0821629
1
1
0.0452117
0.185535
0.611448
0.181551
1
0.283829
0.162241
1
0.60292
1
0.10713
0.174353
0.31291
1
0.0546596
0.462822
0.461448
0.760832
0.824926
1
0.298658
0.0555365
0.0900704
0.325349
0.101598
0.343542
0.220633
0.352056
1
0.488339
0.0622272
0.13546
0.048636
0.185745
1
1
0.256031
0.269977
0.228075
0.188053
0.701297
1
0.198813
0.50067
0.326783
0.488751
0.253937
0.472938
0.170412
0.00676485
0.229714
0.733104
0.180914
0.140052
0.0661301
1
0.0392648
0.967235
1
0.0170535
0.559199
0.303031
0.0970637
0.0643854
0.169671
0.0275407
0.197349
0.24061
1
0.660922
0.151269
0.123141
0.0623824
1
0.947588
0.745139
0.0301085
0.123223
0.75834
1
0.0282011
0.197581
1
1
0.0820232
0.126236
1
1
1
0.0308723
0.270413
0.369413
0.0614562
0.129658
0.496869
0.0953497
1
1
0.291393
1
0.278745
0.080173
0.403353
0.174099
0.0924039
0.816728
0.832437
0.526477
0.363673
1
0.0810957
0.179952
0.313461
0.426366
1
0.221791
1
0.463927
1
0.140074
0.830499
0.0443773
1
0.776471
0.196963
1
0.588015
0.190023
1
0.1002
0.320276
0.837527
1
0.103374
1
0.491574
0.298069
1
0.0904561
0.373022
0.191656
0.655303
0.201955
0.60246
0.133911
0.837495
1
0.311818
1
1
0.287521
1
1
0.0507136
0.396572
0.519005
0.0937049
0.998796
0.320737
0.692524
0.398891
1
0.124029
0.21283
0.650774
0.360799
1
1
0.422541
0.996576
0.386458
0.307334
0.0816976
0.161708
0.0999694
1
1
0.127072
0.844171
1
0.960015
0.119107
0.632932
0.102059
0.162869
0.0431019
0.0982266
1
1
1
1
0.221036
0.111206
0.0229867
1
1
1
0.677095
0.842649
0.641017
0.062819
0.99282
1
0.650417
0.394608
0.100739
0.684378
0.107026
0.0159698
0.0943895
0.0910949
1
0.420206
1
1
0.291591
0.968521
0.478807
0.802375
0.15625
0.677081
1
0.179716
0.0208375
0.495459
0.871455
0.265705
0.0604336
0.361167
0.0605301
1
0.450724
0.888301
0.74418
1
0.742357
0.612138
0.347272
0.401538
0.650017
0.0589176
1
0.0330577
0.148144
0.171241
1
0.142719
0.239196
1
1
0.44423
1
1
0.384623
0.195588
0.35511
0.21558
0.442529
0.501164
0.178384
0.953435
0.636346
0.344089
0.967778
1
0.0768899
0.0291855
0.0668951
0.316647
0.111588
0.225141
0.655206
1
1
1
0.160916
1
0.264353
1
0.980912
1
0.259651
0.0308764
0.341808
1
0.376109
1
1
0.140114
0.49751
0.228235
0.0769899
0.201341
0.042462
0.0703918
1
0.11056
0.25921
0.233501
0.434653
0.342133
0.380452
0.054909
0.315942
0.360785
0.459431
0.0323584
1
0.384712
0.0283549
0.355538
0.190536
0.360432
1
0.0844192
1
0.199642
0.109161
0.337173
0.0129521
0.0737566
0.100464
1
0.363723
1
0.169082
1
1
0.0773433
0.0160153
0.230484
0.804796
0.0128151
0.0605748
0.685413
1
1
1
1
1
0.0775397
1
1
0.0320429
0.51437
0.0443033
0.178628
0.719153
0.0518806
0.331773
0.750591
0.459042
0.0801546
0.536543
0.0155565
1
0.259256
0.0902613
0.0458668
1
0.479135
1
0.0168817
1
0.342331
0.0921297
0.361681
0.0904864
0.137867
0.0589648
1
0.0265603
1
0.249256
1
0.504707
0.990197
0.971868
1
0.106059
0.46527
0.0467216
0.0563748
0.412165
1
0.596411
0.176234
1
0.264159
1
0.350114
0.210886
0.193079
0.108443
0.0426587
0.286528
1
0.226664
0.0949804
1
0.285746
1
0.268443
0.90633
1
0.858559
1
0.0426671
1
0.855653
0.0804918
0.108713
0.109475
1
0.101515
0.503545
0.0757274
0.0778041
0.859559
0.0865167
0.301174
0.0126567
0.610211
1
0.688597
0.0821758
1
0.737685
1
0.642116
0.158118
0.088964
1
0.0703381
0.642614
0.617353
0.584565
1
0.12099
0.230369
0.599689
0.110148
0.586647
0.46118
0.600332
0.192592
0.948564
1
0.328705
0.434432
0.869965
0.0925492
0.82352
0.40785
0.985606
0.908957
0.0512445
1
0.297458
0.722839
1
1
1
0.62708
0.312693
1
0.664002
1
0.0508935
0.030918
0.0929907
0.0403299
0.0457509
0.0742278
0.0214625
0.962059
0.196674
0.17869
0.0293907
0.668018
1
0.897081
0.434343
0.488963
0.468483
0.284702
0.0895447
0.0926099
0.108729
0.226778
0.575333
0.0797805
0.0630518
0.0762908
0.144738
0.033486
1
1
0.0337708
0.369379
1
0.120114
1
0.898387
0.435199
0.0304493
0.247892
0.487052
0.636603
0.0227529
0.55313
1
0.778754
0.378748
1
0.0896706
1
0.116466
0.237106
0.560396
0.151484
0.122296
0.300117
0.299271
0.0903529
0.0984576
0.38982
0.993467
1
1
0.311202
1
1
0.458076
1
0.018001
0.220184
0.422431
1
1
0.755173
0.342295
0.114354
0.558081
1
0.103479
0.221184
0.15133
0.140901
0.509323
1
0.032406
0.2872
0.802958
0.807291
0.109691
1
0.0165326
0.113543
0.0260733
1
0.154113
0.303792
1
0.342098
0.0862409
0.0164528
1
0.181809
0.109611
0.141569
1
0.0823746
0.280836
0.772974
0.179849
0.0208952
0.14423
1
0.0297959
0.147014
0.0356308
0.640395
0.344287
1
0.914282
0.092194
0.873001
0.0896555
0.022222
0.688954
0.781792
0.856197
1
0.371876
0.306539
1
0.166965
0.0859
0.927717
0.176535
0.321916
0.752306
0.170625
0.177273
1
0.0517273
0.609633
0.0667797
0.0409402
0.396549
0.491293
0.505009
1
0.551495
0.490069
0.28985
1
0.160968
0.127896
0.0796739
0.0542484
1
0.125171
1
0.537163
0.0871465
0.523298
1
0.129768
0.807393
0.617375
0.0470111
0.0683264
0.115303
0.230128
1
1
0.202254
0.048148
1
0.438627
0.064231
0.345529
0.770341
0.152455
0.488559
0.971763
1
0.450115
0.0375882
1
1
0.0779685
0.0462872
0.750139
0.562065
1
0.397462
0.896619
0.464005
0.125245
1
1
0.194334
0.0229432
1
0.249937
0.555603
0.1721
1
0.00941045
0.506741
1
0.0119402
1
0.920018
0.300751
0.914653
0.252364
0.0842681
0.273578
0.526535
0.0731226
0.914106
1
0.386237
1
0.0990491
0.271769
0.845011
0.254462
1
1
0.125852
1
0.104789
0.339627
0.148011
0.53713
0.309959
0.254069
0.176432
0.498852
0.896209
0.456026
1
0.16549
0.237713
0.0288503
0.176334
1
1
0.0719228
1
0.511142
0.89659
0.531364
0.23167
0.436667
0.240597
0.712603
0.0310973
0.226138
0.744611
0.0985131
0.0884644
0.123407
1
0.403829
0.0580801
0.102705
0.0601541
0.219333
1
1
0.091525
0.919159
0.402237
0.35004
0.424378
0.561889
0.603831
0.171886
0.506483
1
1
1
1
0.143625
0.0967807
1
0.0387032
1
0.200826
1
0.51459
0.553277
1
0.0785271
0.395361
0.232805
0.0155039
1
1
0.230708
0.94633
0.292442
1
0.0288901
1
0.862892
0.125241
0.116983
0.929275
0.949823
0.307424
0.731552
0.224083
0.113081
0.134689
1
0.584978
0.262747
0.171544
1
0.0566775
1
1
0.183249
1
0.413779
0.365518
1
0.223642
0.376908
0.132634
0.113463
0.20708
0.0668483
0.552408
0.864653
0.152627
1
0.15404
1
0.120371
0.073545
1
0.823392
0.276325
0.37532
0.196925
1
0.370214
0.0228332
0.0371266
0.0762571
0.258874
0.99426
1
0.05441
1
0.066613
0.142594
1
0.496868
0.680695
0.0983869
0.778876
1
0.124328
0.311105
0.105726
0.0855231
0.248935
0.243761
0.620348
0.166319
0.850936
1
0.493573
0.0815846
0.631461
0.0731136
0.0755648
0.821448
0.60019
0.0686577
0.97702
1
0.221521
0.133845
0.504517
0.0895084
0.0658882
0.188445
0.433673
1
0.0579304
0.0672038
0.320507
0.772605
1
0.059225
0.0338148
0.0527064
1
0.342969
0.0086772
0.781235
1
0.0311542
0.705643
0.348906
0.128544
1
0.499958
0.93755
1
0.359497
1
0.276079
0.941227
0.0934947
0.0894207
0.612265
0.497763
0.250636
1
0.164636
1
0.384905
0.334315
0.599141
1
0.344182
1
0.160608
0.639125
0.989249
0.653871
0.392647
0.0475507
0.628547
1
1
0.19646
1
0.0496031
0.163787
0.0941936
0.485675
0.0798745
0.176845
0.326849
0.202285
0.0952834
0.332907
0.346329
0.824445
1
0.128087
1
0.0507977
0.173376
0.306493
0.953876
1
0.272255
0.0733278
0.475579
0.173375
0.390873
0.954639
0.76463
0.172728
0.127825
0.239955
0.00900603
1
1
0.846792
0.643889
1
0.194774
0.178511
0.875608
0.595573
1
0.0667724
0.336332
0.187028
0.108694
0.210876
1
0.056154
0.869685
1
0.262136
0.0562126
1
0.0568423
0.159606
0.0154341
0.0851018
0.0345214
1
1
0.0224283
0.151845
0.911176
0.0764039
0.301493
0.0505407
0.107986
1
0.0383245
0.769835
0.465204
1
0.766712
1
0.794995
0.163459
0.816128
0.0452218
0.257466
0.0793977
1
0.0676472
0.090635
1
1
0.487664
1
1
0.303114
0.137397
0.289424
0.311431
0.217604
1
0.34729
0.657301
0.0640601
0.141503
0.320193
0.289356
1
1
1
0.186092
0.49161
0.104926
1
0.50708
1
1
0.0262064
0.139274
0.80405
0.916211
1
1
0.18525
1
1
0.285708
0.339773
0.612695
0.0701831
0.601428
1
0.26074
0.767808
0.851993
0.116819
0.844352
0.741731
0.206416
0.105729
0.45683
0.216249
1
0.646062
0.71769
0.364047
1
1
0.411468
0.139114
0.348906
1
0.071154
0.440733
0.492268
1
0.79319
0.133493
0.248199
1
0.684543
1
0.693857
0.717639
0.125026
0.914732
0.00836933
1
0.0931905
0.175491
0.346303
0.328904
0.187108
1
0.275843
0.138615
0.908929
0.716646
0.804503
0.108347
0.0186061
0.309396
0.0866955
0.325332
1
0.0488389
0.0148978
0.0552131
1
0.063137
1
0.0274419
1
0.0130639
0.597691
0.354835
0.0245862
0.844509
1
0.148015
0.6781
0.656309
0.00485424
1
0.608069
0.542451
0.327789
0.128901
0.168069
1
1
0.140042
1
0.244978
1
1
1
0.13334
0.0380008
0.0810875
0.557223
0.079284
0.22234
0.167747
0.0581171
1
0.63465
0.169857
1
0.145089
0.105008
1
0.415178
0.0646817
0.661763
0.770119
1
1
0.0397381
0.142272
0.920491
1
0.059492
0.634582
0.581451
0.333409
1
1
0.306026
0.191121
0.0768213
1
0.272099
0.553212
0.039431
0.334354
0.366042
1
1
0.30987
1
1
1
0.0809676
0.0887737
1
1
0.239545
0.229481
0.177622
0.269123
0.923277
1
1
0.151019
1
0.224957
0.670263
0.380921
0.656586
1
0.326391
0.0429478
0.53003
0.141953
0.674899
1
0.538327
0.152858
1
0.297256
0.775214
0.0977433
0.380775
0.622337
0.169309
1
0.457408
0.117659
0.662729
0.237283
0.22875
0.0832895
0.650735
1
1
0.511979
0.458028
0.589784
1
0.142421
0.0675629
1
0.367953
0.251079
0.0545573
1
0.538134
1
0.673112
0.387028
0.230483
1
0.274378
0.943052
0.122193
0.741995
0.0968244
0.240461
0.0379441
0.140265
1
0.204646
1
0.343711
0.070146
0.459136
0.3585
0.0745218
0.0291524
0.644971
0.267136
1
0.0798206
0.0860007
0.30499
0.599202
0.234639
0.0284658
0.00906346
0.0437246
1
1
0.204899
0.699631
0.886506
0.488496
0.451012
0.0215422
1
1
0.311785
1
1
0.640339
0.548951
0.14357
0.0343918
0.0750228
1
0.453405
1
0.687441
1
1
0.594944
1
0.0678149
0.107213
0.381436
0.0172288
1
1
1
0.754409
1
1
0.0225586
1
0.203263
1
0.40384
0.591738
0.191141
0.400783
0.141773
0.669349
0.64417
0.384979
0.427269
0.250712
1
0.298086
0.0319363
0.182318
1
0.751552
0.12136
0.0639865
0.0999202
0.118697
0.116838
0.16288
0.673311
1
1
0.0679119
1
0.137763
0.886188
0.239193
0.0268827
1
1
0.286639
1
0.345625
0.0733856
1
0.114689
0.633592
0.0919514
1
0.0743357
0.0239144
1
0.0416212
0.304225
0.55784
0.140601
0.219412
0.115879
0.563929
0.241511
0.239191
0.498272
0.138546
0.204425
1
0.860011
1
0.210684
0.0475461
0.488099
0.156484
1
0.63538
0.159349
0.527766
0.670525
0.0633126
0.454582
0.056567
0.128743
0.240232
0.664442
0.711831
0.151101
0.284612
0.49999
0.0763226
0.021287
0.406666
0.630785
1
0.2399
0.0197394
1
0.167123
0.0973945
0.656749
0.125933
1
0.492022
0.282645
0.0969602
0.265237
0.125119
0.920468
1
0.0910036
0.0684835
0.922451
0.633556
0.594269
0.624071
0.135897
0.177874
0.0693373
0.0263608
0.34255
0.564358
1
1
0.13061
0.232705
1
0.234371
0.315173
1
0.0249914
0.90964
0.353335
1
0.396274
1
0.676418
0.295059
0.259435
0.419525
0.0376501
0.0290662
0.242255
0.955938
0.098779
0.502986
1
0.211923
0.211598
1
1
0.28211
0.056969
0.0921073
1
0.0707829
0.196213
0.110751
0.1845
0.121138
0.874407
0.870556
0.339728
1
0.354535
0.64725
1
0.481507
0.587619
0.211205
0.729206
0.220208
0.122245
1
0.235229
0.247401
0.970896
1
1
0.107935
0.102218
1
0.145416
0.428952
0.277501
0.765905
0.0636296
0.0537855
0.0225294
0.342212
1
0.0723406
0.10518
0.0259345
0.940831
0.0461566
0.635253
1
0.965024
0.151962
0.703476
0.152709
1
1
1
0.0591359
0.566893
1
0.112864
0.112259
0.920335
1
0.24679
0.465395
0.993529
0.133798
0.030357
1
0.0237867
0.470597
0.31217
0.328058
0.0656926
1
0.0833808
0.208621
0.151678
1
0.090794
0.0109581
0.0630103
0.124245
0.232217
0.0128
0.0383192
0.224033
1
0.138045
0.0779486
0.0451694
0.694242
0.300353
1
0.143635
0.175517
1
0.183304
0.110794
1
1
0.459548
0.212442
0.0561849
1
0.522788
0.176341
0.105984
1
1
0.0678238
0.0882413
1
1
1
0.0242163
0.0473434
0.571297
0.494464
1
0.957159
0.0249832
0.123441
0.904668
0.122558
1
0.0283887
0.0177311
0.0201303
0.134788
1
1
0.110444
0.0176061
0.372178
0.113424
0.0670707
0.967107
1
0.501267
1
0.586504
0.704855
0.22327
0.116902
0.505594
1
0.414355
0.359053
0.0741074
0.0467181
0.0455172
0.0929999
0.0431887
0.055199
0.0294066
0.336482
0.171554
0.360292
0.171129
0.0352593
1
0.177631
0.517981
1
0.0944513
0.373521
0.838213
0.0836357
0.209574
0.0824829
0.529296
0.161941
1
0.168874
0.380471
1
0.00747093
0.250647
0.150576
0.321678
1
0.712211
1
0.909037
0.92289
0.345272
0.580046
1
0.120887
1
0.0869422
1
0.928894
0.321168
0.837773
0.076586
0.206251
0.204528
1
0.785565
1
0.230145
0.381045
1
0.199991
0.512725
0.226279
0.220047
0.538249
0.587619
1
0.997289
0.0872867
0.0666746
1
0.257472
0.391276
0.455469
0.105402
1
0.701793
0.3947
0.584967
0.345721
1
0.378229
0.439462
0.0145558
0.0624011
0.689744
1
1
0.383952
0.0449621
1
0.252286
1
0.130757
0.357194
0.820599
0.0743338
0.415178
1
1
0.462735
0.665417
0.61457
0.188872
0.0971918
0.143016
0.357893
0.0569204
0.106343
1
0.588938
0.104254
0.63697
0.0429024
0.918383
0.362619
1
0.210869
0.459814
0.685804
0.812648
1
0.133593
0.127633
0.200375
0.296615
1
0.0915369
1
0.142845
1
0.144604
0.536215
0.842324
0.118868
0.0422926
1
1
0.0490673
0.0764293
0.0965756
0.232573
1
0.0931514
1
0.0708567
0.234698
0.0424609
0.871356
0.351157
0.0340639
0.824291
1
1
1
0.899263
1
0.454785
0.359555
0.242212
0.301288
1
0.540944
0.0295596
0.122464
0.136261
0.51968
0.0799404
0.406992
0.0453049
1
0.0237839
0.237095
1
0.468566
0.215476
0.893585
0.0890169
0.856487
0.0911934
1
1
0.0652519
0.261284
0.180939
0.55905
1
1
0.130342
1
0.523958
0.688849
0.144731
0.54438
0.670787
1
0.738683
1
0.13884
0.551258
0.0180118
1
0.328862
0.0426065
0.360887
0.105018
1
1
1
1
1
1
1
1
0.496849
0.138612
0.0969029
0.232537
0.600901
1
0.0547675
0.978172
0.776502
0.705934
0.0676591
0.10049
0.253422
1
0.146008
0.148925
0.300423
0.0365888
0.375055
0.581841
0.0799965
0.552895
0.17406
1
1
0.015135
1
1
0.522847
1
0.146928
1
1
1
1
0.36978
1
0.849356
1
1
0.295686
0.0897835
1
0.785731
1
0.0537586
0.347287
0.203111
0.300316
1
1
0.129241
0.0614221
0.208008
0.963791
0.873481
0.131864
0.541558
1
0.402842
0.131344
1
0.353708
0.222645
0.378925
0.132869
1
0.0080544
0.103263
0.798628
1
0.0782196
1
0.381779
1
1
0.222757
0.0768937
0.268072
0.749379
0.290115
0.102611
1
1
0.355944
1
0.121044
0.106509
0.649078
0.49882
0.0466986
0.0544529
1
1
1
0.176233
0.809804
1
0.064116
0.0368389
0.258334
0.752581
1
0.920641
0.142812
0.201551
0.583801
1
0.704734
0.0997796
0.143604
0.4926
0.0332605
0.149546
0.448252
0.48201
1
1
1
0.161008
0.288123
0.639184
0.0817577
0.0411502
0.418003
0.788938
0.0977457
0.395713
0.4701
0.22245
0.258765
1
0.537257
1
0.0647675
1
0.399942
0.170569
0.15325
0.462982
0.203558
0.842936
1
0.442476
0.945071
0.0265553
0.0437962
0.213419
1
1
0.683147
0.2118
0.0585785
0.175164
1
0.609125
0.574083
0.139906
0.272373
0.278821
0.520721
1
0.0777433
0.389256
0.037376
1
1
0.568211
0.538917
0.145588
0.224011
0.323229
0.227557
1
0.183119
0.734254
0.147496
1
0.249238
0.303678
0.227452
0.435041
0.84426
0.260271
0.565081
0.502847
0.933519
1
0.469356
0.135826
0.421418
0.555921
1
0.395256
0.213788
0.54551
1
1
0.6988
0.182369
0.471625
0.0378198
0.290483
0.201612
0.344244
0.467504
0.0874816
0.0486564
1
1
0.539314
1
0.162587
0.318568
0.662744
1
1
1
0.697826
0.0349761
0.0669364
0.0437198
1
0.565666
0.140403
1
0.526111
0.0995625
0.194323
0.17252
1
0.135156
0.0405002
0.308637
0.852559
0.242599
1
0.387549
0.162378
0.0987434
0.977167
0.806964
1
0.342237
0.0280616
0.786067
0.0493206
0.123681
0.0221238
0.90868
1
0.171683
0.0907964
0.116935
0.214012
0.259298
0.742038
1
0.0991743
1
0.641398
0.628689
1
0.386599
0.688699
0.364595
0.197708
1
0.419323
0.496134
0.0663068
0.434232
0.994835
0.11226
0.764545
0.109463
0.13573
0.520022
0.0820318
1
0.11742
0.178734
0.0563618
0.839613
0.65635
0.109242
0.125243
0.0992323
1
0.168514
1
0.417776
0.577207
0.145224
0.515462
0.318725
0.0746708
1
0.055003
0.0349871
0.0774169
1
0.117835
1
0.0985934
0.176986
0.137473
0.00859556
1
0.0562644
1
1
1
0.700545
0.0235523
0.797556
0.028497
0.208327
1
0.705714
0.699619
0.915422
1
0.313077
0.345123
0.457452
0.19643
0.080678
0.072172
0.228676
0.780324
0.0181005
0.285616
0.120245
1
0.190366
0.0465272
1
0.368025
0.468855
1
0.126735
1
0.0649198
1
0.25331
0.520449
0.128754
0.0217299
0.0451719
0.0453749
0.232291
0.0902267
1
0.114565
0.578646
0.196104
1
1
1
0.211389
1
0.195426
1
0.170387
1
0.248985
0.748739
0.142926
1
0.855971
0.777612
0.386722
1
0.578135
0.0885394
0.250471
1
0.780351
0.515409
0.937099
1
0.407116
0.155395
0.589999
0.191166
0.227896
0.419213
1
0.210814
0.103166
1
0.0269472
0.133458
0.108672
0.0661015
0.707046
0.520406
1
1
0.40839
0.0578236
0.768563
0.115225
0.539397
0.445937
0.0314176
0.934995
1
0.33938
0.117322
1
0.0285483
1
0.281706
0.601136
0.0292984
0.122395
0.293566
0.53149
0.25352
1
1
0.137785
0.181516
0.567153
1
0.206053
0.179917
0.155769
1
0.455789
0.614379
0.0435194
0.379599
1
1
0.612687
0.361978
0.280818
0.0987341
1
0.130015
0.0963651
0.515185
1
0.274222
0.244309
0.657466
0.40611
0.17727
0.152365
0.0347418
0.291921
0.0631702
1
0.124019
0.0180821
0.180955
0.720805
0.512084
1
1
0.47037
0.628731
0.389522
0.728206
0.837712
0.0134044
1
1
0.731867
1
0.370725
1
0.261949
1
0.375187
0.0357555
0.802991
0.30263
1
1
0.243714
0.591343
0.0545879
1
0.0466408
0.152103
0.541775
0.0289332
0.580925
1
0.891254
0.131405
0.126973
1
1
0.0155492
0.612203
1
0.0706745
0.0656582
0.873523
1
0.457713
1
1
1
0.933786
0.209972
0.275028
0.277519
0.941144
0.544731
0.059147
0.0272338
1
0.599131
0.0133902
0.173859
1
0.349889
0.172986
1
0.0871037
1
1
0.25599
0.162808
0.348064
0.654804
1
0.998895
0.159393
0.673324
0.255292
0.0847551
0.240988
1
1
1
0.228054
0.238107
0.767037
0.820802
0.054351
0.252893
0.216816
0.268359
1
0.701144
1
0.0865622
0.166845
0.942358
0.772361
0.0133405
1
0.0308259
1
0.0648047
1
0.025087
0.490025
0.334671
1
1
0.119793
0.326172
1
0.061692
0.27439
0.129869
0.597442
1
1
0.409722
1
1
0.391774
0.109562
0.195009
0.499122
0.090113
0.186727
0.215705
0.22118
0.792686
1
0.913045
0.447762
0.235703
0.0772459
0.983717
0.0508567
0.149413
0.530228
0.0157184
1
0.349596
1
0.327583
0.11941
0.227511
1
0.220208
0.218896
0.460254
0.164617
0.325407
0.729077
0.843966
1
1
0.258868
0.3628
0.103977
0.282411
0.258922
1
0.197962
0.626929
1
0.0515647
0.687991
0.998484
1
0.154786
1
0.156748
0.077353
1
0.19327
0.746841
0.738339
0.841737
0.0781687
1
0.755139
0.0947438
0.0419788
0.385196
0.0449764
1
0.736233
0.109705
0.210549
0.0103188
0.0980349
0.149953
0.79089
0.00589583
0.278061
0.211534
1
0.074093
1
0.0973869
1
1
0.455309
0.177624
1
0.124737
1
1
0.0626123
0.0681463
0.18465
0.390769
0.365699
0.283157
1
0.102789
0.19163
0.0543572
0.524072
1
0.381176
0.244279
0.590233
0.0551257
0.235068
0.283521
0.0448134
0.871225
0.402859
0.154561
0.501302
0.330905
0.477489
0.572615
0.0572394
0.390838
0.122963
0.52473
0.183142
0.968067
0.863536
0.264738
0.328957
0.167013
0.055343
0.116662
1
0.124218
1
0.164843
0.472576
0.146188
0.0155754
0.101576
0.454769
0.162193
0.0733861
0.297739
0.623647
0.0639472
1
0.28546
1
0.238107
1
0.119745
0.643359
0.817846
0.706926
1
1
0.702321
0.346166
0.427174
1
0.360737
0.0314074
0.210165
1
0.243636
0.860382
0.181073
0.592239
0.239397
0.282253
1
1
0.756359
0.684795
0.0646139
0.0329248
1
0.122804
1
0.162695
0.162877
0.355068
0.299166
0.701725
0.542812
0.464351
1
0.22639
0.0801438
1
0.891646
1
0.847644
1
1
0.825964
0.0444455
0.121865
0.406811
0.97748
0.152385
0.545931
0.0659426
0.122151
1
0.089651
0.327004
0.756113
0.0646117
1
0.106131
1
0.0704407
0.0350515
0.865989
1
0.0719438
0.448903
0.0384919
0.0156516
0.873465
0.064694
0.262841
0.56159
0.0323539
0.200672
0.0571523
1
0.0272751
0.0513213
1
0.668785
1
0.063741
1
0.307791
1
0.0658213
0.0290576
1
0.0858832
0.21566
1
0.563435
0.403411
0.539789
1
1
1
0.0854302
0.147717
0.154259
1
0.221782
0.153222
0.142262
0.0192015
1
0.0364058
0.299249
0.306795
0.987561
0.131427
0.0591781
1
0.920522
0.0698656
0.773054
1
0.860055
1
1
0.481856
0.0508491
0.039993
1
1
0.278207
0.533266
1
1
0.603257
0.286062
1
0.879601
1
0.174485
1
0.317335
0.0736405
1
0.111268
0.0751186
0.0497234
0.845216
1
0.0404825
0.147269
0.775142
1
0.569169
1
0.909947
1
0.168076
0.059322
0.312246
0.172042
0.22596
1
0.281147
0.322842
1
0.205116
0.629564
0.181786
0.123748
0.928532
0.437665
1
0.981102
1
0.291634
0.238524
0.11445
0.159164
0.128896
0.330339
0.715124
0.309515
0.568194
0.255359
0.5093
0.882155
1
0.0400086
0.215764
0.232366
0.0715673
0.135232
0.308998
0.0974552
1
0.629909
0.578046
0.0491258
0.312276
0.0493831
0.525517
1
0.0779955
0.0212298
0.0828643
1
1
1
0.0307428
0.721592
0.25432
1
0.0141449
1
1
0.0402257
1
0.0966073
0.529427
0.233992
0.162535
0.0466725
0.32704
1
0.483798
0.832204
0.760874
0.112514
0.361182
1
0.255304
0.0765794
0.0881452
0.814182
0.214044
0.252122
0.338386
1
0.0823859
1
0.0309212
0.551067
1
1
0.0336063
1
0.193344
0.880764
0.444533
0.371359
0.773984
0.142756
0.39251
0.0710534
0.128732
0.0744625
1
0.816055
0.0920494
0.221715
0.337837
0.0422887
0.198248
1
0.0207734
1
0.112355
0.179671
0.0816329
0.0232863
1
1
0.776247
0.166707
1
0.16701
0.187121
1
0.300572
0.0885362
0.0179132
1
0.134095
0.538477
0.0667355
0.30721
1
1
0.857336
0.321619
1
0.273277
0.136749
1
0.725318
1
0.117902
0.0774725
0.357386
0.159297
0.141063
0.0747125
0.427833
0.029232
0.085627
0.127331
0.806114
0.0912269
0.813554
0.234374
0.232447
0.65984
0.0416772
0.382549
0.332196
1
0.120688
0.49815
0.688716
1
0.232059
0.80051
0.319955
0.0221323
1
0.321632
0.26965
0.672997
0.737593
1
0.0504534
0.325936
0.422491
0.435545
0.620279
0.796881
0.906131
0.23913
0.0605581
0.490153
0.0749139
0.0353088
0.10518
0.375093
1
0.614115
1
0.0266618
0.524341
0.55163
1
0.647507
0.175974
0.0453309
0.43451
0.11461
0.0439306
0.59959
0.244066
0.524154
0.0179941
0.52648
1
0.0961705
1
0.676085
0.0500247
1
0.104255
0.278642
0.057593
1
0.0846578
1
0.391592
0.0646483
0.220615
1
0.537444
0.0683561
0.559776
1
1
0.0563422
0.551482
1
0.133355
0.128044
0.158284
0.326284
1
0.224183
0.0918296
0.243826
0.0646054
0.660288
0.243365
0.0239142
0.11431
0.117432
1
1
0.0417004
1
0.729714
0.0711049
0.289654
0.342642
1
0.164786
0.0214653
0.579738
0.123128
0.173462
0.102879
0.198354
0.813715
1
1
0.864061
1
0.143277
0.892801
0.66904
0.717879
0.505037
1
1
0.627302
0.274506
0.215681
0.0510658
1
0.0659261
0.225996
0.178204
0.0641547
0.0906115
0.740382
1
1
0.320487
0.605996
0.628365
0.840068
0.0131719
1
0.240102
0.0886913
0.165316
1
1
0.69941
0.679369
0.957928
0.198681
0.226469
1
0.153348
0.131913
0.470837
0.369257
0.0157438
0.32374
0.406831
1
0.248647
0.139792
1
0.0284356
1
0.589067
0.64872
0.285266
0.129336
0.0420152
0.30764
0.53116
0.0865936
0.209072
1
0.23109
0.118698
1
0.852576
1
0.263186
0.0662453
0.560339
1
0.134377
0.0476952
0.718793
0.251435
0.0258756
0.1395
1
1
0.133713
0.427845
0.788717
0.0272896
0.0941555
0.464015
0.165076
0.51541
0.708856
0.175233
0.460872
0.613309
0.2623
0.0632201
1
0.132117
1
0.0932979
1
0.0155526
0.0962694
0.333604
0.0405802
0.466657
0.605338
0.154492
0.54119
0.105646
1
1
0.0753116
0.0369496
0.133565
1
0.148158
0.0157922
0.299646
0.111755
1
0.0548406
1
0.118634
1
1
0.317492
0.920485
0.141827
0.0892592
0.125496
0.265562
1
0.148359
1
0.486705
1
0.946619
0.109336
0.113026
1
0.302691
0.895099
0.102533
0.148951
0.0999073
1
0.83989
0.0676018
0.0876973
1
1
1
0.262352
0.0715369
1
1
0.128826
1
1
0.031801
0.00851469
0.385105
1
1
1
1
0.00996648
0.0765794
0.0373486
0.873788
0.507522
0.23121
0.0378324
0.034998
1
0.0742727
1
0.0645082
1
0.0507933
0.125984
0.133952
1
0.266827
0.428763
0.15864
0.111226
0.467303
0.470384
0.538645
1
1
0.722901
1
0.0797071
0.220186
0.659363
0.238971
1
0.691669
0.282828
0.0983768
0.275365
0.822547
0.00892203
1
0.0357046
0.0195109
0.0991658
1
0.286697
0.246618
0.0997331
0.0234649
1
0.0821373
0.410855
0.0558993
0.501643
0.189713
0.0699867
0.797831
0.699291
0.492055
1
0.777157
0.0313127
0.659434
1
0.12489
0.753465
0.549565
0.5319
1
0.0229439
1
1
0.0683426
1
0.262277
0.0590238
1
0.29877
0.809994
0.226641
0.355747
0.0347447
0.0629186
0.0368499
0.453429
0.0321305
1
1
0.479535
0.245209
1
0.466849
0.0517244
0.477384
1
0.0463128
0.496098
0.176865
0.0773664
1
0.466516
0.214454
0.123233
0.164412
1
0.414288
0.452501
1
0.138132
1
0.335263
1
0.164203
0.59961
1
0.775477
0.892096
0.395595
0.382066
1
0.0317281
0.361528
1
0.360396
0.0464859
1
0.31276
0.157144
0.113194
0.187651
1
1
0.289751
0.743534
0.239361
1
1
0.424259
0.198466
0.431423
0.156651
0.417334
0.0138461
1
0.100066
0.263336
0.332172
0.0748123
1
0.100689
0.342568
0.883658
1
0.104476
0.771762
1
0.310108
0.909372
0.920281
0.103859
1
0.193011
0.764781
1
0.0549502
0.0294667
0.965794
0.279139
0.0304422
0.0369938
0.264438
0.086791
0.14253
0.131845
0.355502
1
0.0802497
1
0.529672
0.672465
0.660109
0.386005
1
0.15793
0.472247
0.180157
0.0305293
1
0.877733
0.0489379
0.214377
0.461142
1
0.128719
0.0586789
0.910267
0.0622975
1
1
0.222926
0.030298
0.654904
0.0130466
0.285123
1
0.18478
0.14387
0.402131
0.772183
0.469472
1
0.100767
0.175062
0.237031
0.0444225
0.561343
0.034581
0.181039
0.421435
0.445505
0.079532
0.286147
1
0.144747
0.511246
0.0810765
0.594294
0.111015
0.110348
1
1
1
0.0906362
0.175232
0.456321
0.573477
0.261315
0.16632
0.0556537
0.356776
0.743858
0.0248211
1
0.742582
0.18165
0.66069
0.178963
0.41138
0.0596795
0.357194
0.119668
0.150253
0.552663
0.012919
1
0.232963
0.0617035
0.1834
0.409345
0.309263
1
1
0.376768
0.341177
0.120831
0.302363
1
0.0892298
1
0.0839088
1
0.597284
0.468672
0.682078
0.0733
1
0.504315
0.462428
0.118252
0.581386
0.497352
0.0430184
0.0912416
0.13436
1
0.844246
1
0.0729073
1
0.349171
0.321429
0.071834
1
0.0621684
0.332951
1
1
0.241518
1
0.200601
0.232037
0.0776278
1
0.0683828
0.0524774
0.130885
0.101195
1
0.105085
0.44789
0.061056
0.423927
0.146288
0.509373
1
0.160822
1
1
0.732829
0.0394441
0.885175
0.626746
0.132312
0.624456
0.0985472
0.0563642
0.103133
0.355888
0.393659
0.0707973
0.804837
1
0.0948539
0.0992456
1
0.640549
0.556071
1
1
0.924426
0.127716
0.308676
1
0.188945
1
0.968822
0.43434
0.363744
1
1
0.874728
0.409913
0.0718261
1
1
0.456887
0.0686286
0.105324
0.133775
0.379005
1
0.205174
0.369807
0.0434019
0.0535636
1
0.993512
0.194473
1
1
0.318635
1
0.64602
1
0.60249
0.99996
0.634897
0.750437
0.702487
0.37518
0.647272
0.466852
0.266275
0.0604555
0.0167634
0.0661114
0.025686
0.644636
1
0.251966
0.365548
0.609619
0.64373
0.0307325
0.237931
0.150167
0.206322
1
0.0934219
0.0561374
0.238263
1
0.110123
0.13193
0.47111
0.089171
0.722594
0.283199
1
0.72855
1
1
0.484117
0.411392
0.181352
0.558799
0.0493503
0.604572
0.668688
0.583774
0.0850568
0.29633
0.120204
0.507764
0.0727486
0.0120909
0.0754115
0.0327362
1
1
0.130977
1
0.0108867
0.884041
0.0367085
0.821255
0.250694
1
0.0437633
1
0.404246
0.865516
0.831607
0.195509
0.732766
1
0.291882
1
1
0.373599
1
0.440112
0.353851
0.0379145
0.497273
0.0606987
1
0.0366257
1
0.0224331
0.170153
0.398241
0.252528
0.0541429
0.6797
0.051244
1
0.359674
0.0660957
1
0.085151
0.237847
0.0667745
0.359483
0.511014
0.02431
0.0793903
0.0908288
0.780896
1
0.1145
0.781338
1
0.0431013
1
0.337945
0.389602
0.153168
0.164734
1
1
1
0.160346
0.695115
0.113562
0.107839
0.427937
0.0944207
0.180665
0.663703
0.0404293
0.205354
0.159325
0.0788432
1
0.133328
0.0316161
1
0.835474
1
0.956945
1
0.076834
1
0.657668
0.00964891
1
0.081499
0.0383042
0.0211381
1
1
1
0.0737813
0.0354086
0.61064
0.569374
0.136213
1
0.0402172
0.796159
0.0150832
0.271038
1
1
0.371489
0.39615
0.719578
0.468041
1
0.19363
1
1
0.0343309
0.172216
0.671294
0.374847
0.380026
1
0.171696
0.769221
0.0809014
1
0.0538197
0.168783
1
1
1
0.0290809
0.543455
0.239358
0.168779
1
0.0892143
0.132474
0.0980647
1
1
0.0618772
0.682787
0.458084
1
0.101604
0.272133
0.310633
0.543987
1
0.924253
0.029675
0.581892
0.617616
0.131748
0.453575
1
0.808183
0.343699
1
1
0.544938
0.385436
0.13452
0.515474
0.385094
1
0.619519
0.587136
0.217112
1
0.413507
0.0728804
0.176726
1
0.0802792
0.366218
0.277798
0.182058
0.598659
1
1
0.151953
0.919128
0.0816941
0.112979
0.572752
1
0.0413006
0.127974
0.0407923
0.0347159
0.742699
0.151193
0.616744
0.344303
1
0.966537
0.135153
1
0.401667
0.144026
1
0.0284476
1
1
0.989508
0.349713
1
0.651832
0.253648
0.485482
0.859364
1
0.120864
0.264581
0.041387
1
1
0.403487
1
0.246898
0.968182
0.84134
0.337744
0.0411384
0.231102
0.189466
1
1
0.928338
0.499633
0.0231575
0.917749
0.0691533
0.0833571
0.17133
1
0.337525
0.372508
0.0832533
0.348385
1
1
0.0865646
0.624837
1
0.9371
0.393018
0.178486
0.166908
1
0.0659795
0.0398144
0.629929
1
0.0735322
0.662477
0.716108
1
0.35462
0.0415246
0.14783
0.974213
0.4625
0.731141
0.478269
1
0.219499
0.354004
0.107755
0.0820717
0.14201
0.747662
1
0.383533
0.169553
0.941724
0.0715519
0.5145
0.156168
0.530492
1
0.0232141
0.189637
1
0.159865
0.237629
0.0756515
0.172246
0.41589
0.511219
1
0.0833391
0.0907749
0.694494
0.647798
0.847102
0.0406871
1
1
0.171749
0.0779483
1
0.0578966
0.249416
0.354622
0.583988
0.600286
1
1
0.690538
1
1
0.331965
1
0.203157
0.0451625
0.0949334
1
0.713659
0.638781
1
0.0158957
0.0758506
0.552194
0.0732646
0.235062
0.535718
1
1
0.700173
0.258486
0.287994
1
0.393738
0.0455483
1
0.314352
0.413973
0.27665
0.461405
1
1
0.644413
1
0.529731
0.258722
0.324754
0.189345
0.310833
0.154824
1
0.965838
0.675457
0.262674
1
0.667789
0.071111
0.139612
0.651973
1
0.146526
0.947259
0.0259829
1
0.107037
0.0601254
0.126489
0.693365
0.518863
0.220532
1
0.0200028
0.327311
1
0.106529
0.0917883
0.195824
0.0178824
1
0.0255277
1
0.24424
1
1
0.0185282
0.067703
1
0.0753899
0.157296
0.496566
1
0.611825
0.461244
0.0697669
1
0.183082
0.237243
0.565219
0.94733
0.0828014
0.316007
0.493614
0.206998
0.179187
0.370961
0.240886
0.0817471
1
0.612597
0.0817686
0.905739
0.218458
0.0329061
0.0750772
0.742309
0.011455
0.0745777
0.0127976
0.196931
0.387986
0.130151
0.63966
0.172154
1
0.321944
0.083392
0.597951
1
0.59427
0.0857716
0.325998
0.117216
0.077372
0.126083
1
0.0174701
1
1
0.275896
0.56219
1
0.63536
0.0856735
0.288991
0.451496
0.114297
1
0.144422
0.507381
1
0.0795263
0.380627
0.160588
1
0.539637
1
0.122384
0.460936
1
0.0950451
0.178786
0.265502
0.282741
0.0683947
1
0.105326
0.41334
1
0.97302
0.0167126
0.018857
1
0.15739
0.154715
0.293606
0.248382
0.34833
0.0140762
0.16188
0.987294
0.924124
0.92066
0.163046
1
0.189337
1
0.167024
0.0299688
1
0.91242
1
1
1
0.735245
1
0.0275282
1
0.068842
0.241823
1
0.591785
0.219947
0.447406
1
0.133957
1
0.446337
0.176518
0.934864
0.249755
0.436171
0.534562
1
0.847301
0.421054
1
0.630069
0.00938669
0.144571
0.166406
1
1
0.141266
1
1
0.412576
0.599193
1
0.137592
0.603526
1
0.868215
0.250426
0.249429
0.0400523
0.145122
0.0361314
0.190665
0.231714
1
0.141691
0.891124
0.377501
0.228954
0.085568
0.299043
1
0.116158
1
0.226737
0.603091
0.450709
0.120157
0.292487
0.355024
0.304833
0.260214
1
0.696205
0.184158
0.255461
0.224274
0.100898
1
1
0.603353
0.242624
0.0388966
0.322592
1
1
0.111041
0.261148
1
0.0450241
1
0.338542
0.217543
0.0203759
1
0.546604
0.190424
0.342268
0.0359569
0.0706867
0.0567853
1
0.949938
0.219448
0.589703
0.901038
0.181491
1
0.187887
0.0827077
0.17945
0.224252
0.138598
0.460997
0.313349
0.151383
1
0.0390616
0.031176
0.525623
0.0481896
0.134866
0.407793
0.0794824
0.535821
1
0.251299
1
0.126087
0.869709
0.542298
0.594407
0.801846
1
0.298688
0.775211
0.437206
1
0.620554
0.907948
0.159042
0.399804
0.172229
0.0688721
1
0.327205
0.112914
0.0201121
1
0.164396
0.839783
0.0824001
0.0592518
0.154404
0.387375
0.767964
0.0543344
0.992973
1
0.141962
0.829972
0.122318
0.07535
0.211737
0.610376
0.840591
0.81939
0.0738688
0.740894
0.0145697
0.215521
1
1
0.134518
0.262894
0.978245
1
1
0.89054
0.299768
0.0761166
0.136776
1
0.767617
1
0.229754
0.318143
0.167483
1
1
0.0378519
0.0304712
1
0.0555609
0.223038
0.0435468
0.200712
1
0.120326
0.890774
1
0.604025
1
0.436827
1
0.271235
0.32133
0.148238
0.623295
1
1
0.95646
0.331361
1
0.0444898
0.62733
0.126819
0.813982
0.896922
0.712191
0.829593
0.693404
1
0.43817
0.467982
1
1
1
0.262583
0.636806
0.0926593
0.479885
0.428627
0.988464
0.0888287
0.353095
0.678198
0.167541
0.102082
0.876043
0.222967
0.236938
0.196914
0.151746
0.196624
0.382174
0.204833
1
0.468525
1
1
0.443983
0.73883
1
0.448224
0.0678075
1
0.00631621
0.111549
0.0711212
0.520736
0.171768
0.50961
0.120575
0.51059
0.0651416
1
1
0.325024
1
1
0.457182
1
0.178161
0.978155
0.604396
0.146605
1
1
0.393885
1
0.111969
0.0988938
1
0.389949
0.660336
0.323192
1
0.676078
0.817482
0.130012
0.31019
1
0.679062
1
0.326369
1
1
0.250842
0.0896245
0.105991
0.195902
0.848064
0.0383626
0.905075
0.433273
0.295098
1
0.213136
0.125381
0.175856
0.0281752
0.653193
0.043442
1
0.920251
0.762555
0.876954
0.0736699
0.196292
0.12886
0.177979
0.199427
0.972626
0.295754
0.0638728
1
1
1
0.301686
0.903048
0.417931
0.0755153
0.152128
0.354324
0.203782
0.050174
0.155454
0.427902
0.485742
0.927911
0.859785
0.0388316
0.439251
1
0.259551
0.130357
0.894603
0.95436
0.208728
0.0418388
0.0436582
0.143198
0.0258595
0.241593
0.902642
0.220276
0.0355866
0.0481059
0.410261
1
0.0222466
0.16202
0.188295
1
1
0.437146
1
0.460592
0.187311
0.819889
0.318202
0.0892585
0.98038
0.570113
0.67778
0.311601
1
0.475873
0.231771
0.431012
1
0.203876
0.0446768
0.129344
0.31013
1
0.0880068
0.0435992
0.020679
0.0531617
0.046964
0.134498
0.118697
1
0.160495
0.964819
0.123341
0.487962
1
1
0.226384
0.0423346
0.103355
0.145083
0.254961
0.689517
1
0.506124
0.05819
0.280497
0.850856
0.550165
0.377783
0.350223
1
1
0.319281
1
0.279437
0.131906
0.0692925
0.123277
0.2516
1
1
0.394727
0.57263
0.171877
0.0873968
0.0792025
0.0217823
0.0777666
0.83573
1
1
0.899726
0.119803
0.474715
1
0.190199
0.290894
0.534405
0.520466
1
0.309538
1
0.223846
0.0735074
0.0778143
0.0958139
0.496039
0.335331
0.488622
1
0.972745
0.0271786
0.280515
0.0644948
0.169517
0.154572
1
1
1
0.0853955
1
1
0.528531
1
0.418053
1
0.637766
0.645722
0.185703
1
0.348997
0.903102
0.225538
0.472751
0.823212
0.348544
0.66832
1
0.104264
0.00769831
0.267269
0.0579424
0.018445
1
0.991611
1
1
0.550355
0.257912
1
0.0563642
0.010728
1
0.0200949
1
1
0.357473
0.438022
0.132017
0.59935
0.0190635
0.622878
1
0.97757
0.039063
0.845906
0.325723
0.276463
0.0341074
1
0.594448
0.416884
1
0.662726
0.0365459
0.281304
0.309227
0.131703
0.0719134
0.375663
1
0.144317
1
1
0.0843747
0.140041
0.534918
0.521301
0.55124
0.0451675
1
0.103634
0.0799222
1
0.734352
0.273763
0.221899
0.0175255
0.325357
1
1
0.191559
1
1
1
0.603058
0.0764377
0.0192589
0.22649
0.262396
0.115061
1
0.105093
0.00865873
0.147774
0.497119
0.272259
0.512828
1
0.0303823
0.0277231
1
0.589521
1
0.529638
0.8875
0.0265569
0.178457
0.153371
1
0.687668
0.0464461
0.334995
0.457965
0.423772
0.116696
0.0160343
0.140102
1
0.00948537
1
1
0.0580525
0.397368
0.0240725
0.575807
0.0433302
1
0.215661
1
0.0678808
1
0.0519809
0.0500595
0.146488
0.198659
0.523176
1
0.531032
1
1
0.0436436
1
0.266254
1
0.149498
0.353653
0.217736
0.0773175
0.212803
0.144149
0.0968003
0.343432
0.998429
0.580622
0.386081
0.112356
0.542707
0.542996
1
0.544727
0.812203
0.28331
1
0.0678615
0.955455
0.127443
0.542213
0.0722011
0.741072
0.530048
0.441661
1
0.107938
1
0.0310729
1
0.0699276
0.0500891
0.0953896
0.0617896
0.0460573
0.0336708
0.13209
0.272023
0.0700035
0.0827355
0.137375
0.134166
0.0250315
0.479876
0.204473
0.0464983
0.127864
0.508194
0.572547
0.125306
0.32313
0.607858
0.28799
1
0.177385
1
0.425969
0.20711
0.152099
0.158981
0.152377
0.120407
0.152161
0.149813
0.0227493
0.597209
0.135432
0.0997607
0.00713142
1
0.255378
0.867782
0.777404
0.0354731
0.0564275
1
0.0615993
0.381196
1
1
0.460884
0.709931
0.750923
0.0274788
0.599578
1
0.939105
0.207236
1
0.143288
0.273291
0.304378
0.92148
1
1
0.243045
0.400503
0.156992
0.389117
0.117709
0.17759
0.638223
0.266892
0.168574
0.166851
0.357276
0.982705
0.0827677
1
0.524901
0.0771811
0.307617
0.0358245
1
0.16936
0.584526
0.0487392
0.034223
0.577703
1
0.512888
1
0.120821
1
0.0755444
0.159419
0.0585796
0.58603
0.0484747
0.794332
1
0.370072
0.268678
0.77669
0.0850973
0.627391
0.275216
0.468495
0.43538
0.0990774
0.26697
0.314851
0.870026
0.255441
0.52022
0.389161
0.0286049
0.0329049
0.349555
1
0.0176655
0.144676
0.0250146
0.0256762
0.0447902
1
1
0.538919
1
1
1
0.0366296
0.211881
0.0330781
1
0.757909
0.201378
1
1
0.369632
0.0934798
0.163773
0.169088
0.603241
0.289197
0.149683
0.155693
0.973537
0.727154
0.152491
0.388629
1
0.187204
0.591046
1
0.824671
0.146973
0.923466
0.578375
0.324201
0.119829
1
0.0287943
0.623617
0.0930137
0.641998
0.0477417
0.0903607
0.0190145
1
0.182455
0.421052
1
1
0.0652986
0.794222
0.0509877
0.12201
0.50387
1
0.184695
1
1
1
1
0.400991
0.412841
1
0.449832
1
0.27632
0.230346
0.120521
1
1
0.0701461
0.0561844
0.343006
1
0.673247
1
0.037565
1
0.162923
0.0303558
0.102215
0.0565021
1
0.562523
0.292941
1
0.948595
0.338888
0.720332
1
0.118285
0.556156
0.310008
0.176451
0.400906
0.0386994
1
0.129029
0.130846
0.515887
0.106347
0.386911
0.409749
1
0.332568
0.44334
1
0.994371
0.291002
0.0704442
0.798666
1
0.679895
0.725169
0.244501
0.192854
0.927307
1
0.193766
0.950616
1
0.081587
0.15103
0.10086
1
0.460734
1
0.265624
0.21304
0.371845
0.592477
0.280437
0.656474
1
0.840341
0.260783
0.109056
0.237195
0.841064
0.0782618
0.359897
0.120446
0.0461287
0.412442
0.0571555
0.138539
0.106191
1
0.148236
0.0856176
0.0198578
0.951634
0.0106892
1
0.300237
0.0930624
0.104666
0.718993
0.394865
1
1
0.690012
0.751828
0.083059
0.092268
0.732937
1
1
0.049908
0.032105
0.0482707
0.505555
0.121731
1
0.386432
0.529574
0.448268
1
1
1
0.106429
0.980697
0.884675
0.0748305
1
0.505337
0.101593
1
0.257005
1
0.648841
0.0886877
0.525305
0.0332843
0.666926
0.0193089
0.137788
0.296367
0.0596781
1
0.214045
0.0114986
0.0437282
1
0.207519
0.0357282
0.280831
1
0.171091
0.0989821
0.0218729
1
0.280532
0.10154
0.0285643
0.33018
0.232443
1
0.029866
0.342224
1
0.0807903
0.0454505
1
0.55126
0.106893
0.267848
0.0237953
0.416875
1
0.051096
1
1
0.031652
0.302774
0.492058
0.161904
0.965704
0.259541
0.469355
0.965418
0.209455
0.168871
0.184925
0.437007
1
0.0255566
0.0945946
0.0515107
0.627544
1
1
0.207406
0.127239
0.424461
0.108821
1
0.133099
0.0478704
1
0.139565
0.0236164
0.266362
0.187162
1
0.119528
0.29344
0.652976
0.287874
1
1
1
1
0.132739
1
0.26501
0.0433832
0.365654
0.0402334
0.0852703
1
0.567003
0.118454
0.0190158
0.0374408
0.156488
0.136808
0.400181
0.0589956
1
0.415725
0.497881
0.602816
1
0.188365
0.499059
0.0321525
1
1
0.496475
0.277184
0.251371
0.418098
0.683539
0.127656
0.575515
0.204384
0.15286
0.0933147
1
1
0.821993
1
0.293742
0.0375138
0.588811
0.329596
0.632706
1
1
1
0.0318674
0.159937
0.994789
0.920346
0.380444
0.556177
0.304094
0.11643
0.620945
0.207981
0.301793
0.544758
0.105118
1
0.864662
0.898618
0.428237
1
1
0.176756
0.109112
0.374494
0.0887713
0.0813421
0.0589601
0.331393
1
0.289591
0.42453
0.0985472
0.148286
0.988759
0.275176
1
0.122405
0.176937
0.317737
0.141712
1
0.49452
0.598124
1
0.189243
0.229083
1
0.0427367
0.0664215
0.269302
0.666362
1
0.569458
0.952107
1
0.720958
0.208275
0.871411
1
0.101217
0.770079
0.123418
1
0.153353
0.114769
1
0.827558
0.051221
0.0784701
1
0.468815
1
0.909851
0.411425
0.155292
0.155869
1
0.192411
0.340449
0.249963
0.0168668
0.709756
0.11593
1
0.0922748
1
1
0.298201
0.343188
0.407023
0.0337266
1
0.158388
0.0752153
0.219494
1
0.0392883
0.636833
0.489527
0.411327
0.524775
0.0465136
1
1
0.184363
0.685102
0.0229464
1
0.0694364
1
0.759174
0.0382747
0.146881
0.219251
0.195967
0.197622
0.0564254
0.0965673
0.225841
0.96763
0.665219
0.205072
1
1
0.619795
0.10284
0.524946
0.0978118
1
0.195879
0.29069
0.538474
1
0.322467
0.386526
0.66625
0.0399673
0.124504
1
0.0196145
0.0369049
0.165493
0.412491
1
0.0745139
0.027034
0.123083
1
0.0132344
0.557601
0.813908
0.0771576
0.359101
0.361841
1
0.218233
1
0.26885
0.0174477
0.15836
0.40728
1
0.040144
0.0907037
0.083659
0.0422604
0.228522
0.110379
0.0537059
1
0.749346
0.442524
1
1
0.26876
0.966414
0.644713
0.381805
0.732476
1
0.140352
1
0.372535
0.823628
0.255001
0.0589839
1
0.455164
0.199521
0.150315
0.196831
1
0.180852
0.658615
0.436276
1
0.544871
0.0725762
0.167328
0.735902
1
1
0.145751
0.0390244
0.362197
1
0.498027
1
0.102231
1
0.18167
0.154255
0.0596207
0.0264867
0.146502
0.110557
0.777158
1
0.513512
0.754459
0.50833
1
1
0.175732
0.384207
1
0.0160846
1
0.247615
1
0.950918
1
1
0.197032
0.118194
0.605411
0.0915136
0.0925147
0.432726
0.517459
0.60824
0.0661784
1
1
0.0596499
1
0.666649
0.0730451
0.221145
0.956045
0.0537707
0.356334
0.127834
1
1
1
0.237013
1
0.0519627
0.016867
0.0720927
0.124838
0.435405
0.63622
0.431734
0.604898
0.0338467
0.52728
0.13309
1
0.124482
0.373584
1
0.676117
0.0679494
0.211587
0.288616
0.117745
0.29041
1
0.735779
0.0389305
0.58032
0.0384296
0.829378
0.69555
0.117546
0.2649
1
0.181273
0.0966235
0.576386
0.193116
0.0323254
0.0701749
1
0.134954
0.379443
0.337317
1
0.023212
0.0658098
0.0241676
0.245183
0.0803595
0.077808
0.0116303
1
1
1
1
1
0.835466
1
0.602717
0.187269
0.0375403
0.0656201
0.0650314
0.426469
0.496683
0.841518
1
0.131007
0.420705
0.269294
0.271891
0.0261369
0.891872
1
0.154057
0.264102
0.562213
0.0785111
0.0639541
1
0.365065
1
0.367232
1
0.104385
0.598988
1
0.294656
0.133083
0.074678
1
0.226093
0.12201
1
1
0.577916
0.347399
1
0.299533
0.159772
0.145091
0.592238
0.210201
0.0769731
0.528752
0.153596
1
0.0655397
0.69576
0.461112
0.767719
0.0453231
0.186083
1
0.716233
0.964922
0.591989
0.0364094
0.0516347
0.083773
0.0299668
0.124621
0.966732
0.022801
0.120283
0.209456
1
0.0499232
1
0.504894
0.0739824
0.0408561
0.651328
0.0720481
1
1
0.0474958
0.413032
0.141098
0.545192
0.105598
0.842205
1
1
1
1
0.336263
1
0.358798
1
0.148216
1
1
0.294323
1
0.925154
0.0462359
0.675094
0.193394
0.315172
0.428529
1
0.425835
0.471982
0.056683
0.152654
0.641413
0.126783
0.27213
0.921803
1
0.0542667
0.201772
0.455615
0.305034
0.278638
0.519146
1
0.655635
1
0.149514
0.669093
0.807722
0.295452
0.0649462
0.0409158
1
1
0.392711
0.0143161
0.00764084
0.118138
0.185628
0.195392
1
0.61558
0.0142217
1
0.0346782
0.13044
0.201199
1
0.209223
0.0468777
1
0.0156234
1
0.420347
0.547936
0.456121
0.654619
0.300996
0.132964
1
1
0.168762
0.434666
1
0.143264
0.165341
0.784527
0.0875945
0.69679
0.0242535
0.052546
0.117546
0.68089
0.0127713
0.93498
1
0.108884
1
1
1
0.363914
0.997239
0.751234
1
1
0.144906
