1
0.71359
0.01099
0.481052
0.626299
0.328838
0.991691
1
1
1
1
0.299623
0.128957
0.388614
0.251433
0.0343908
1
0.176865
1
0.274611
1
0.162638
1
0.417092
0.55763
1
1
0.7316
1
0.137637
0.227482
0.300158
0.0648424
1
0.231958
0.688496
0.0349386
0.0582518
1
0.161619
1
0.927112
0.276467
1
0.087245
0.555588
0.306935
0.254337
0.142791
1
0.339597
0.419805
0.852325
1
1
0.858327
1
0.812207
0.270684
1
0.127111
0.076514
0.548
0.512849
1
0.0597696
0.135822
0.337001
1
1
0.568205
0.125852
0.144987
1
0.542678
0.377214
0.313944
0.0866428
0.0794545
1
0.077389
0.213178
0.0660816
0.124073
1
1
1
0.137804
0.198532
0.354683
0.0988954
1
0.558652
0.0817513
0.541562
0.0801501
1
0.640275
0.0617675
1
0.724994
1
1
1
0.493313
0.130993
0.121366
0.0407801
1
0.150743
0.0505877
0.730113
0.156295
0.601195
0.30338
1
0.0347363
0.0942457
0.62871
0.0591745
1
0.0183309
0.431973
1
0.139096
0.148183
1
1
0.406815
0.327733
1
0.146348
0.114356
0.121599
0.103458
0.88151
0.0311502
1
0.895639
0.834371
0.528858
0.0573394
1
1
0.476663
0.725025
0.226283
0.223199
1
0.24784
0.687891
1
0.557999
1
0.999214
0.337999
0.157879
0.927279
0.355376
0.0582043
0.571357
0.349179
0.70913
0.144986
0.632712
0.118479
0.934573
0.278352
1
1
0.315081
0.36672
0.523916
0.100429
0.127357
0.991662
0.710853
1
0.508781
0.383495
0.34361
0.721478
0.777194
0.232075
1
1
0.0739813
0.0271907
0.0778721
0.962236
0.511938
1
0.561177
0.120519
1
0.241652
0.0697508
0.0364659
0.383671
0.0912313
0.0853414
1
0.580485
0.865562
0.365092
0.0510089
0.181859
0.804055
0.118636
0.281047
0.840267
1
1
0.12225
0.0708132
1
0.274626
0.570399
1
0.313687
0.775113
0.265993
0.18119
0.225518
0.206513
0.215531
1
0.304539
1
0.67825
0.0895747
1
0.460171
1
0.257169
0.648521
0.0960486
0.0701099
0.154938
0.28108
1
0.133817
1
1
1
0.851736
0.0574921
0.366182
1
1
0.678615
0.356187
0.424832
0.315091
1
1
0.419557
0.233048
0.0533705
1
0.398529
0.329092
1
0.918595
0.364952
0.183393
0.269763
0.383919
0.701542
0.311932
0.84586
0.0511995
1
0.262541
0.348073
0.512901
0.194738
1
0.0774408
1
0.703046
1
0.14227
0.976657
0.487944
0.0396338
0.864066
0.211398
1
0.141618
0.395384
0.122436
0.182337
1
0.0488918
0.468007
0.657889
0.907531
0.235676
0.39083
1
0.322542
0.0922228
0.25691
1
1
0.387017
0.0491639
0.132557
0.745351
0.26584
0.129988
0.132334
0.144554
0.348718
0.0225509
0.0246429
1
0.585841
0.82688
0.987439
1
0.879856
0.872033
0.279369
0.867149
0.109092
0.487642
0.392896
0.0597375
0.0227637
0.10522
0.0157215
0.079384
0.0123605
1
1
0.0110512
1
0.658793
0.0564253
1
0.0787249
0.170029
1
0.249651
0.0609187
0.637303
0.250207
0.0542999
0.535957
1
0.0597799
1
0.229534
1
0.0380842
1
0.0722075
0.834073
0.936419
0.475692
1
0.233402
0.0910527
0.952139
0.223062
0.0618546
0.0334502
0.715257
0.0855566
1
1
0.0388432
0.169305
1
0.736509
0.531216
0.211573
1
0.185414
0.0867343
0.252022
1
0.0835727
0.180779
0.246896
0.336871
0.265628
0.763745
0.785629
0.0814749
0.0394848
1
1
0.122664
0.0263642
0.0556441
0.0248817
0.262737
1
0.0273985
0.52131
0.386419
1
1
1
0.24561
0.421139
1
0.171061
0.526694
0.0552567
0.274135
0.126111
0.0945127
0.0853072
0.244568
0.599532
0.0698271
0.871917
0.456992
0.62004
0.0861538
0.100292
0.455297
0.896989
0.0371628
1
0.473726
0.223457
0.740339
1
1
0.891673
0.100678
0.428867
1
0.0988225
0.0117313
0.315144
0.405014
0.30809
1
0.0890174
0.369512
0.59165
0.750397
0.0206564
0.952263
0.339098
0.177044
0.7771
0.668575
1
0.647177
1
1
0.181994
0.0894873
0.0507979
0.393703
0.0887516
0.122391
1
0.0866021
0.725577
0.0990983
0.0770211
0.145688
0.269529
0.0649848
0.82113
0.0118351
0.490862
0.702223
1
0.226143
0.118591
0.69835
0.0356921
0.0258553
0.538511
1
0.761141
0.0466459
0.109494
1
0.969515
0.707791
1
1
1
0.949181
0.231912
0.70807
0.122711
1
0.460956
0.46533
0.742939
0.564398
1
0.244171
0.288042
1
0.977243
0.468809
0.572167
0.133781
0.0091441
0.194867
1
0.180083
0.766555
0.13248
1
0.219118
0.0199363
0.181661
1
0.136195
0.102337
0.491503
0.0496925
1
0.202393
1
0.557216
0.438881
0.284311
1
0.025032
0.438307
0.446643
0.173348
0.209053
0.475667
0.733843
1
0.305419
0.113999
0.36835
0.307604
0.146926
0.12108
0.224405
1
0.578952
0.355081
0.0521019
0.0200805
0.154644
0.140546
1
1
0.378991
0.540149
0.32755
0.781765
0.089739
1
1
0.0882791
0.544644
0.119756
0.150748
0.0497994
0.42695
0.725185
1
1
0.253067
0.116202
0.0433933
1
0.0862725
0.551682
0.488622
0.0873114
1
1
1
0.241729
1
0.166954
0.876204
0.0374812
0.138235
0.110287
0.112951
0.819279
0.147635
0.422249
0.083763
0.484499
1
0.239035
0.509816
1
1
1
0.119017
0.342166
1
0.188928
0.0468546
0.947189
0.0705478
0.394253
0.104026
0.125266
1
0.0522273
0.0541757
0.355952
0.0190959
0.0357827
0.829142
1
0.107288
0.0278747
0.011498
1
1
0.039179
0.048521
0.172554
0.12789
0.0716719
0.450949
0.596435
1
0.0567666
0.0175113
0.246889
0.0623142
0.671213
0.0731045
0.0280555
1
0.202868
1
0.00741299
0.238889
0.0112417
0.43013
0.314363
0.481109
0.0299693
1
0.194461
0.169079
0.342876
1
0.639243
0.0706528
0.0088459
1
0.6114
0.0218207
1
0.815706
0.0150959
0.152345
0.451454
0.860314
1
1
0.116834
0.296977
0.19816
1
0.215538
0.049888
0.380624
0.830909
0.522486
0.0146565
1
1
0.0724085
1
0.0396782
0.0121499
0.0915836
1
0.179415
0.890696
0.686859
0.501256
1
0.339281
0.107934
0.0830274
0.291878
1
0.175664
1
0.148105
0.239938
0.151272
1
1
1
0.397031
0.144488
1
0.56882
0.0725054
1
0.0424805
0.604958
1
0.676242
1
0.111178
0.828733
0.649905
0.261868
0.0506629
0.737283
1
0.282513
1
1
0.601317
0.351089
0.109054
0.353834
0.0478667
1
0.159736
1
0.417174
0.886239
0.762882
0.424281
0.0648341
0.908257
0.239364
0.640252
0.0938259
0.701271
0.215019
0.187058
0.142894
0.219595
0.42844
1
1
0.459234
0.591307
0.292969
0.549989
0.275591
0.146123
0.147898
0.473001
0.094075
1
1
0.547374
0.169107
0.206422
0.194695
0.654989
1
0.491142
0.485364
0.333094
0.0230143
1
1
0.0722114
1
0.478837
0.228695
1
0.516422
0.671317
1
0.220935
1
1
0.0527199
0.0330401
0.401937
0.800865
0.936733
0.0952307
0.0676216
0.0603851
0.511555
0.129192
0.460537
1
1
0.0350053
0.788889
0.188523
0.155466
0.0823033
0.0914733
1
0.707288
0.647837
0.0947902
0.346761
1
0.732344
0.168327
0.159895
0.29874
0.113951
0.269472
1
0.137258
0.24508
0.0102468
0.375017
1
0.00440423
0.0759032
1
1
0.464043
0.609859
0.199716
0.329328
1
0.18843
0.647424
0.678041
1
0.450764
1
0.298806
0.144502
0.30463
0.11003
0.0756923
1
1
0.656659
1
0.997305
0.307774
0.208526
0.0346497
0.604075
1
0.0294458
0.306054
0.136845
0.244627
1
1
0.651032
1
0.555147
0.12905
0.517346
0.529854
1
1
0.0776108
0.461891
1
0.45523
0.865871
0.105282
0.867723
0.208248
0.146019
0.0273866
0.314898
0.515228
0.213971
0.12268
1
0.0828971
0.075289
1
0.260149
0.43211
0.608721
0.118219
0.208663
0.632235
1
1
1
0.473912
0.255626
0.527116
0.931449
0.390726
0.399094
0.56653
1
0.0515896
0.770425
0.916596
0.741009
0.373037
1
0.804899
0.0283195
0.259133
0.227023
0.874951
1
0.269376
0.333293
0.204468
0.212271
0.591122
0.41626
0.883943
0.070509
1
0.256558
0.0977676
0.0294157
0.473744
0.0962119
0.404996
0.627163
0.823824
1
0.990875
0.105821
0.408877
0.357765
0.0446366
0.0195823
0.130521
0.0326295
1
0.678489
0.00926541
1
0.430119
0.0300871
1
0.0236083
1
0.0997003
1
0.950684
1
0.785104
0.729393
1
1
0.764628
0.0819528
0.0441514
0.0563744
1
1
0.392386
0.412387
0.311068
0.0650226
0.817717
0.39315
0.792343
0.183099
1
0.172024
0.624468
0.151748
1
0.51848
0.00503427
0.709803
0.0462055
1
0.0266491
1
1
1
0.383667
0.271996
0.498065
0.0714844
0.894166
0.124389
0.157692
0.10038
0.00856903
0.173336
0.146371
1
1
1
0.24298
0.236449
0.038303
0.862228
1
0.855104
0.560649
0.0182221
1
1
0.926
0.226285
0.822215
1
1
0.150916
0.14299
1
0.0373723
0.290484
1
1
0.341643
0.845063
0.373709
0.0963789
0.466117
0.239236
0.182654
0.428738
1
0.0778351
1
0.56357
0.286707
1
0.344544
0.0493025
1
1
1
1
0.38353
0.0204016
0.292223
1
0.100252
0.212889
1
1
1
0.35453
0.388948
0.0891779
0.114642
0.0139764
0.514782
1
0.965726
1
0.3235
0.37257
0.116178
0.129193
1
0.714021
0.207976
0.0957114
0.215942
0.674244
0.873371
0.591526
0.72126
0.145073
1
1
0.795124
0.172013
0.0695029
0.138335
0.74571
0.552229
0.1083
1
0.365296
1
0.870492
0.505658
1
0.189842
1
0.640168
0.852733
0.564603
0.0520158
0.168417
1
0.44243
1
0.485604
0.570839
0.0955821
0.697921
0.302474
0.170807
0.430698
1
0.358749
0.395494
0.0541728
1
0.147093
1
1
0.63879
0.42786
0.697238
0.0649788
0.0803937
1
0.850701
0.0594146
0.19755
0.594063
0.06314
1
0.0766623
0.227601
0.988444
1
0.0823717
0.0814222
0.566569
0.278732
0.791739
0.0696131
0.998845
1
0.852298
0.519375
0.866684
1
0.0813618
1
0.0551195
0.16855
0.115075
0.739539
0.178406
0.106596
0.0702538
1
0.144807
1
1
0.638371
0.217935
0.0927762
1
0.257731
1
0.14014
0.14204
0.0379128
0.0408223
0.310514
1
1
0.254041
0.386722
0.679598
0.0328713
0.758266
1
1
0.0518823
0.0755251
0.0612399
1
0.0820186
0.660296
0.245621
1
1
0.248043
0.488584
0.882042
0.106346
0.679407
1
0.0565835
0.843341
0.0618666
0.288297
0.072812
1
0.231883
0.249675
1
0.273843
1
0.149329
1
0.826762
0.755785
0.0462264
0.190176
0.237741
0.114103
0.865791
0.0415901
1
1
0.781786
1
0.768962
0.530697
1
0.660031
0.116612
0.758684
1
0.790122
0.0836641
0.522974
0.0142473
1
0.463288
0.455808
1
0.336848
0.0272321
0.936568
0.59281
0.937755
0.409231
0.04027
0.267756
0.0742898
0.0402437
0.164925
0.190614
1
0.802261
1
1
1
0.259088
1
1
0.0638046
0.72703
0.107658
0.0961515
0.197702
0.16567
0.741259
1
0.633639
0.0427693
0.0584904
1
1
0.674355
1
0.650679
0.810783
0.532305
0.120137
1
1
1
0.195177
0.57983
0.0833354
0.256741
0.551196
1
0.0243952
0.82836
0.038182
0.0543852
0.568017
1
0.346008
0.523226
0.159313
0.427849
0.656899
0.0741879
0.768652
0.158838
0.198562
0.573677
0.14775
0.099263
0.0663121
1
0.0347807
0.109659
0.216232
0.846308
1
0.822638
0.811189
0.0464685
1
0.447297
0.282523
0.243342
0.0755263
1
0.0558165
0.776514
0.887693
0.0632649
0.941403
1
0.544023
0.314774
1
0.873768
0.129127
0.645166
0.243105
0.0655158
0.691116
0.0222785
0.499129
0.0971953
0.00539435
0.0248887
0.149098
0.0504725
0.0077239
1
0.529569
0.530927
1
0.204917
0.47334
0.0504713
0.074025
0.193739
0.343962
0.0697743
1
0.582522
1
1
1
0.384429
0.0299428
0.893128
0.267863
0.241382
0.0718768
0.0314617
0.34944
0.224007
1
0.177993
0.0265124
1
0.304845
1
0.753096
1
0.503864
0.0366024
0.346262
0.468971
1
0.792485
1
0.330819
0.115794
0.950276
0.143847
0.0182707
1
0.126401
0.69494
1
0.564572
0.560529
0.541323
0.566424
1
0.0805987
0.311978
0.210738
0.484665
1
0.499819
0.0784443
0.0505392
0.0579527
0.114418
0.102799
0.166642
0.136577
0.0604862
1
0.219606
0.0258171
1
0.152832
0.0119163
0.145566
0.702715
0.0390473
1
0.418576
0.489094
0.237458
0.0497594
1
1
0.0391983
1
0.7285
0.83523
0.0518177
0.267941
1
0.253227
0.0600504
0.917721
0.19362
0.151802
1
0.776191
0.835153
1
0.52749
0.0495691
1
0.545932
0.100331
0.150186
0.38961
0.50698
0.0525441
1
0.122407
0.151906
0.793682
0.661361
1
0.321493
0.430171
0.683073
0.142877
0.222683
1
0.254051
0.527456
0.0485964
0.779749
0.0307111
0.185146
1
1
1
0.21088
0.792336
0.0319174
1
0.102657
1
1
0.160617
0.068912
1
0.512275
0.0728522
1
0.457874
0.0824058
1
0.11652
0.0420276
0.33762
0.909868
0.212254
0.381762
1
0.114452
0.101639
0.128449
0.0163955
0.142899
0.0572593
1
0.0501726
0.194367
0.0440188
0.12705
1
0.125856
1
1
0.243905
0.899253
0.748546
0.279936
0.145287
1
1
0.0352454
0.030295
1
0.018544
0.195558
1
1
0.602919
0.668909
1
0.827597
0.180321
0.083749
0.713013
0.173277
0.0868473
0.178294
1
0.191939
0.130668
0.0724308
0.391775
0.184718
0.334516
1
0.135992
0.581197
0.0526446
0.421214
0.520807
1
0.277231
0.828826
1
0.285552
0.481331
0.470112
0.391334
0.011146
1
0.213112
0.0759888
0.252374
0.556386
0.31423
0.445704
1
1
1
0.15018
0.979016
0.361383
1
0.105296
1
0.322974
0.793867
1
0.193563
0.738819
0.0789963
0.808091
0.0291821
0.437934
1
0.118347
1
0.400675
0.0760505
0.730422
1
0.0101448
1
0.428664
0.0440442
0.375462
0.909782
0.060747
0.068594
1
0.228735
0.46683
1
0.116217
0.842291
0.41605
0.843981
1
0.21134
0.210702
1
0.12589
0.700651
0.627374
0.0305976
1
0.202186
0.625986
0.698105
0.569642
0.460513
1
0.52521
0.0707564
0.577197
0.0255769
0.0752798
1
0.101353
0.223174
0.316597
1
0.105722
0.046695
0.30543
1
1
0.248438
0.258857
0.0453164
0.119509
0.318035
0.169246
0.48674
0.056683
0.964141
0.147058
0.403547
1
0.136681
0.704925
0.804358
0.0748247
0.609732
0.407754
0.714484
0.188885
0.523383
0.67923
0.803913
0.124307
0.151859
0.531234
1
0.070598
1
0.183479
0.231964
0.16291
0.686766
1
1
0.062693
0.133066
0.421466
0.113311
0.259513
1
0.856137
0.145631
0.0495351
0.841311
0.027157
0.127086
0.286651
0.775273
0.252803
0.486058
0.10284
1
1
0.397032
0.1251
0.0428862
0.516775
0.0581009
0.0164334
0.116648
1
0.634707
0.0416788
0.102367
0.60722
0.702299
0.374008
0.801786
1
0.1285
0.903526
0.248822
0.251988
0.0552635
0.868805
0.693528
0.116304
0.102523
1
1
0.381907
0.133093
0.792713
0.0381077
1
1
0.469553
0.0485928
0.110306
0.0275957
0.201479
1
0.0748733
0.0225646
0.663441
0.943836
0.144841
1
0.4625
0.262099
0.0809068
0.101179
1
0.250208
0.124256
0.857621
1
0.802061
1
0.436895
0.272898
0.0708161
0.254844
1
0.0373007
0.445923
0.365815
0.781372
0.510427
1
0.536532
1
0.831215
1
0.0251574
0.116968
0.174658
0.514973
0.558068
0.0518382
0.987543
1
0.303029
1
0.197229
0.142504
0.37836
1
0.199206
0.181639
0.214471
0.804185
0.859003
0.510265
1
0.46268
0.229607
0.363715
0.0914932
1
0.081554
0.3798
0.0958946
0.881422
1
0.887831
0.196302
1
0.312425
0.364893
1
0.457439
1
0.721988
1
0.57454
0.0572443
0.790564
0.894033
0.831176
0.20232
0.848447
1
0.0803302
0.308526
0.692677
0.193847
0.135019
0.0160291
1
1
0.0765887
0.0180394
0.0209796
0.378706
0.27216
0.29796
0.182654
0.0667134
0.290278
0.00766178
1
0.0312912
0.12188
0.391168
1
1
0.0556328
0.30021
0.232926
1
0.534479
0.0683035
1
0.090577
0.599998
0.55791
1
1
0.113852
0.0497401
0.707297
0.541908
1
0.326997
1
1
0.0884268
0.113291
0.47638
0.23272
1
0.148475
0.0589263
0.0537652
0.321372
0.272926
0.168947
1
0.106122
0.177677
0.44549
0.374812
1
0.918235
0.287481
0.565183
1
1
0.749837
0.848951
0.128098
1
0.896037
1
0.0401428
0.280894
0.0405129
0.151207
0.400116
0.482746
0.608568
0.269537
0.127478
0.0229934
0.276488
1
0.861079
0.126826
1
1
0.655717
0.417033
1
0.0724698
0.581232
0.345078
1
0.564745
0.185812
0.94565
0.507311
1
1
0.0595843
0.558205
0.098072
0.328163
0.277241
0.101117
0.595728
0.0175454
1
0.0875986
0.0297609
0.124216
1
1
0.253943
0.392049
0.0258035
1
0.55759
0.154785
1
0.260414
1
0.498992
0.433807
1
0.267454
0.55038
0.33684
0.47432
0.0210424
0.24145
0.644154
1
0.0205564
0.79563
0.0828474
0.163196
0.327664
0.439167
0.12518
0.0768774
1
0.052505
1
0.324093
0.945143
0.104827
0.63121
0.167263
0.866511
0.495472
0.52846
0.0132842
0.308912
0.721396
1
1
1
0.341854
0.172793
0.626008
0.0283318
0.06744
0.186897
1
0.0520147
0.0630846
0.837653
0.0941294
0.798285
0.687254
0.0591814
0.0600039
0.133173
0.25371
1
0.381761
0.238207
0.38164
0.729692
0.234897
0.536873
0.118803
0.938465
1
0.510517
1
0.0366274
0.187743
1
0.912921
0.844064
0.120385
0.162272
0.0519112
0.148722
1
1
0.569984
0.139366
0.337401
0.384388
0.723017
1
1
0.375094
1
0.185254
0.108035
0.301291
0.202277
0.175457
0.348115
0.900472
1
0.194648
1
1
1
0.463129
0.604582
1
0.134221
0.104631
1
0.122358
0.565186
0.388979
1
0.471333
1
0.675128
0.123912
0.0771085
0.390778
0.00383025
0.0352263
0.0360192
1
0.460598
1
0.675955
0.152621
0.205728
0.197894
1
0.0447589
1
1
0.0498268
0.215942
1
0.132004
0.0464542
0.531126
0.453032
1
0.0109923
0.0380825
1
0.793809
0.0720882
0.132639
0.0857183
0.797602
0.250677
0.0195103
1
0.633082
1
0.0899143
0.0576982
0.0954635
0.130406
1
0.551756
0.186084
0.13319
0.126622
0.91159
1
0.332054
0.533113
0.47544
0.0302434
0.603917
0.0700113
0.161091
0.772109
0.438658
0.256313
0.0253643
0.0798742
0.291431
1
0.20112
0.942618
0.0436815
0.191454
0.170428
0.0827174
1
0.250297
0.0206594
0.156303
1
0.0690001
0.624716
0.0665246
0.117653
0.346688
1
0.757896
1
0.726722
1
0.123326
0.230249
0.120577
0.79901
0.550601
0.205054
0.164019
0.0952214
1
0.462571
0.0836184
0.932053
0.102346
1
0.791646
1
0.608684
0.657832
0.812826
0.488577
0.107934
1
0.960643
0.291515
0.790196
0.340462
0.440616
0.250815
0.0235737
0.465844
0.511743
0.983536
1
1
0.303908
0.0308788
0.567508
0.0461403
0.137871
0.719519
0.778469
0.763847
1
1
0.245626
1
1
1
1
1
0.879811
0.567985
0.191356
0.284475
0.700223
0.233218
1
1
0.254082
0.499701
0.0271671
1
0.425741
0.171512
0.746087
0.0728421
0.63289
0.29129
0.170127
0.23852
0.718254
0.975785
0.192086
0.0437726
0.546735
0.560427
0.188595
0.021363
0.0718505
1
1
0.094444
0.165266
0.766842
0.458301
0.108772
1
1
0.172315
0.185523
0.31227
1
0.690685
0.430155
0.547545
0.0476825
1
1
0.989322
0.437616
0.410782
0.267333
1
1
0.854175
0.857371
0.371543
1
0.494339
1
0.140123
0.943177
0.484681
0.118646
0.0777794
0.15596
0.439635
1
0.199011
0.475714
0.171266
0.126381
0.382729
0.216135
1
0.783537
0.0378072
0.116022
1
1
1
1
0.875383
1
0.407863
1
1
0.468257
0.447779
0.991316
0.812033
0.339151
0.129656
0.231571
0.326121
0.428026
0.833448
0.754081
0.0389628
1
1
1
0.0912866
1
0.697675
0.291291
0.522683
0.00932375
0.11748
1
1
0.18704
0.161142
1
0.090253
0.76022
1
0.107288
1
0.48544
0.689426
0.324546
0.072436
0.525224
0.261727
1
0.775505
0.278149
0.0644665
0.691043
0.239128
0.0634338
0.0520656
0.101622
0.9969
0.0997766
0.274283
0.557498
0.048101
0.08029
0.0192624
1
0.508564
1
0.932335
0.566608
0.0369487
0.0894233
0.418029
0.0727723
0.340876
1
0.148902
0.0505968
0.341854
0.0702638
0.399054
0.144709
0.153886
0.68099
0.0638072
0.0881023
0.450592
0.110402
0.331094
1
0.265329
0.413027
1
0.263465
0.33145
1
0.0876723
0.47658
0.225478
0.118432
0.047759
0.177625
0.478188
0.761684
0.0672524
0.0993943
0.296744
0.287362
1
0.334439
0.0102789
0.0182798
1
0.0600285
1
1
1
0.916506
1
0.220367
0.224108
1
0.236235
0.120966
1
0.736147
0.228519
0.0969554
0.170087
0.0386583
0.199599
0.645389
0.0288698
1
0.266128
0.0634708
0.0797336
0.176037
0.52239
0.149068
0.00481441
0.144898
0.855225
0.947579
0.270364
1
0.506449
1
0.0895478
1
1
0.0484059
0.500836
0.65027
1
0.329139
1
0.850156
0.0477213
1
0.289392
1
1
0.954222
0.864535
0.746275
0.0421579
0.885452
0.835252
0.587786
1
0.30806
0.188024
1
0.194065
0.295529
0.286228
1
0.111614
1
0.661855
0.0316214
0.327553
0.315913
1
0.973411
0.741434
0.0756016
0.081334
0.232869
0.549881
0.110129
0.035348
0.122487
0.024561
1
1
0.262802
0.0131264
0.615831
0.268665
0.152774
1
1
1
0.202889
0.0387175
0.0284274
0.18258
1
0.0259875
0.0197865
0.36799
0.418125
0.24713
1
0.873117
0.0981478
0.948886
0.20538
0.446581
1
0.423211
0.37798
1
0.682729
1
0.486331
0.0633671
0.29365
0.105019
0.0349967
0.0619239
1
0.0328071
0.0605361
0.510292
0.529272
0.53185
0.0489196
0.407103
0.744351
0.320154
0.664969
0.629125
0.816165
0.0608306
0.72571
0.0809824
0.509599
1
0.179365
0.0447997
0.0211983
0.462085
0.151487
0.476988
0.0452962
0.617179
0.0348444
1
0.15882
1
0.0851308
0.173635
0.280119
1
0.0633224
1
1
0.914242
1
0.16161
0.64113
1
0.748106
0.691211
0.661759
0.116257
0.417321
0.824965
0.225688
1
0.505396
0.413261
0.316195
0.887067
0.175776
0.0418544
0.809621
0.20456
1
0.0881377
1
0.888867
1
0.0852613
0.0681128
0.0933986
0.0927525
0.0372249
0.0567474
0.478135
0.145859
1
0.641029
0.620411
1
0.97271
0.113706
1
0.98883
0.318626
0.0925474
0.0546565
0.315375
1
0.212999
0.312323
1
0.121053
0.387678
0.431509
0.80174
0.420231
0.119756
0.567817
0.742686
1
0.510532
0.604846
0.36312
0.479453
1
0.530811
0.0649835
0.0525348
0.0978827
1
0.447629
0.102792
0.0625734
0.600953
0.183542
0.10353
0.548613
0.0177688
0.2943
1
0.0916356
1
1
0.452889
0.793239
1
1
0.149957
1
0.0885772
0.399176
0.238699
0.0341785
0.234038
0.0807143
0.969141
1
0.19235
1
0.209856
0.372681
1
0.504903
1
0.145821
0.0367845
0.138558
0.906122
0.0131047
0.0373704
0.864075
0.852446
0.365095
1
0.387036
0.295214
1
0.0759155
1
1
0.779585
0.257511
0.0494902
0.152379
0.296419
0.336858
0.249769
0.785967
1
0.128224
0.120267
1
0.0975038
0.273893
0.177695
0.0420592
0.0601101
0.672342
1
0.641889
0.73615
1
0.0443849
0.0174846
0.211882
0.682987
0.0101962
0.426527
1
0.542674
0.0595504
0.666383
0.488206
0.0162076
1
0.0284299
1
1
0.0471888
0.0434028
1
1
0.531803
1
0.441745
0.111802
1
0.0378398
0.320028
0.792558
1
0.185045
0.696882
0.23123
0.805308
0.147868
0.0512491
0.628777
0.192942
0.227302
1
1
0.199446
0.409447
0.0522978
0.017719
0.629571
0.917931
0.995732
0.573728
0.101176
0.132349
0.230773
0.858021
1
0.502798
0.107703
0.087121
0.185241
0.134343
0.389759
0.160771
1
0.691811
0.958507
0.361197
0.382515
0.699653
0.0848838
0.019545
0.185211
1
1
0.566177
0.112488
0.212992
0.850263
1
0.186914
0.87979
0.357635
1
0.843826
0.522219
0.135333
0.0261247
0.239668
0.650308
0.106617
0.921172
0.15713
0.307632
0.477355
1
0.114837
0.0299422
1
0.455618
0.345932
0.715573
0.0255964
0.164602
0.506783
1
0.783235
1
0.563534
1
0.158413
1
0.523272
0.742574
0.317066
0.104667
1
0.0779522
0.0442331
0.0818494
0.00960583
1
0.387532
1
1
1
0.805699
0.0891265
1
0.749284
1
0.176041
1
1
0.0549043
0.303087
1
1
1
0.419935
0.924432
1
0.961113
0.880898
0.382389
0.145955
1
0.569476
0.350746
0.285568
0.0986978
0.0721505
1
0.0908451
0.247116
0.0782133
0.401467
0.15673
0.225518
0.783707
0.140852
0.286065
0.120344
0.216001
0.156239
0.955347
1
0.812397
0.119344
0.678738
0.949713
0.0673188
1
0.332265
0.570841
1
1
0.14534
0.753491
0.277476
0.462988
1
1
0.105827
0.187664
1
0.069631
0.364318
1
0.520155
1
0.0823594
0.297881
0.0720403
0.792498
1
0.0353286
0.0685869
0.136287
0.0303611
0.104669
0.665838
0.123857
1
0.445286
0.226819
1
0.0546873
0.0984116
1
0.312112
1
0.0932108
0.405716
0.104021
0.0323276
0.223253
0.0600233
0.340498
0.436258
1
0.103213
0.0770981
1
0.131851
0.763577
1
0.101117
0.0997222
1
0.336715
0.0333876
1
0.75654
0.540627
0.569806
0.118261
0.400974
1
0.0624892
0.0645348
1
0.861566
0.104815
0.459155
0.0645142
0.152219
0.436737
0.594145
0.107377
0.180279
0.504419
1
1
0.0518432
0.282214
0.878328
0.40027
0.31049
0.226809
1
0.881454
0.0612433
0.0875555
1
0.285175
0.699957
1
0.205796
1
0.0296133
1
0.430667
0.0752409
0.0844986
0.199806
0.605751
1
0.292171
0.228364
1
0.72596
0.137805
1
0.915293
0.36646
0.186215
0.21764
1
1
0.833761
0.175681
0.122987
0.237295
0.215666
0.628685
0.095753
0.130147
0.642352
0.106855
0.369859
0.495238
0.315677
0.883606
0.115437
0.413489
0.0768105
1
0.0849415
1
1
0.271119
0.169768
0.325624
0.410138
0.122883
1
0.0521346
0.0290531
0.0622733
1
0.920954
0.289019
1
0.073641
0.465202
0.411333
0.681574
0.0591588
1
1
0.973308
0.0187705
0.417667
0.342977
1
0.160195
0.0808561
0.253017
1
0.0922195
0.638556
0.527672
0.0459611
0.237698
0.556029
1
0.0563254
0.04801
1
0.892736
1
0.775926
1
0.383025
0.114385
0.16149
0.286858
0.669596
0.378678
0.11986
0.0785933
0.184218
0.0225927
0.531924
0.425603
1
0.0161613
1
0.0910579
1
0.0528891
0.0894793
0.0470362
1
0.492327
0.884327
0.900834
0.189267
0.238696
0.796129
0.686587
0.536698
0.0475805
0.143795
0.352999
1
0.914877
0.88054
0.165918
0.324378
0.0356606
1
0.233983
0.24193
0.130679
1
0.028608
0.0830654
0.238458
0.428774
1
0.0847188
1
1
0.0451706
0.0524796
1
0.121556
1
1
0.166865
1
1
0.242923
0.0362201
0.950809
0.753465
0.24027
1
0.151876
0.108178
1
0.634694
0.0820943
1
0.157929
0.434179
0.116133
0.20704
0.475964
0.271816
0.516811
0.198954
0.132413
0.399806
0.313583
1
0.0312379
0.259727
0.0474433
1
0.469395
0.456191
0.12082
0.0597685
1
0.0463019
0.563322
0.419601
1
0.741603
0.158895
0.0631333
0.448065
0.684672
0.942998
0.171341
0.114056
0.93191
1
1
0.924196
0.127128
1
0.0893343
0.107737
1
0.180645
1
1
0.317718
0.075223
0.217137
1
1
0.124363
0.0555048
0.966679
0.315257
0.27376
0.652949
1
0.896999
0.993799
0.0641231
0.136814
0.183833
1
0.127461
1
0.507506
1
0.0740103
0.0396528
0.438432
0.149736
0.715998
1
0.81418
1
0.626576
0.202465
0.227889
0.0187191
1
0.211469
0.437544
0.154729
0.965651
0.136324
1
1
0.767283
0.459723
1
0.11766
0.0973416
0.0318015
0.422186
0.332413
1
0.994906
0.10417
0.0880636
1
0.239364
1
0.839955
0.0347166
0.377807
0.465188
1
1
1
0.98088
0.4164
0.396797
1
0.0404973
1
1
0.179554
0.395162
0.541529
0.331033
0.711584
1
0.178791
0.790954
0.548203
0.081891
1
1
1
0.116903
0.0399292
0.104425
1
0.0865806
1
0.53959
0.623618
1
0.456854
0.236308
0.65519
0.980234
1
0.421614
0.407277
0.272632
0.396179
0.179377
0.10931
0.513349
0.0451131
1
0.0579917
0.119255
0.328262
0.966842
1
0.598075
0.0276894
0.176869
0.898231
0.103928
1
1
0.0419051
0.316577
1
0.209803
0.232292
0.0116171
1
0.630467
0.0505429
0.504471
0.142822
0.0433226
0.0620813
1
0.015181
0.0883522
1
1
1
0.0338718
0.0666019
0.131194
1
0.506739
0.0346627
1
0.33127
1
0.442577
0.672115
0.872361
0.140088
0.97699
0.194631
1
0.131544
0.699868
0.552648
0.345175
0.30669
0.119369
0.686649
0.135202
0.182107
0.958301
1
0.0381779
0.378701
1
0.0790142
0.169237
1
0.452763
0.286639
0.186771
0.0643626
1
0.527448
0.104669
1
0.110612
1
0.961828
0.18109
0.490676
1
0.0638989
1
0.616098
0.167439
0.0599559
0.249824
0.797937
0.288169
0.59966
1
1
0.0129913
0.136608
1
1
0.935364
0.681827
0.625164
0.140864
0.70024
1
0.428079
0.855657
0.121101
0.808102
0.853528
0.024385
0.450208
0.109596
0.0613556
0.0378696
0.10739
0.28493
1
0.541324
0.257623
0.00371064
0.094298
0.290972
0.376481
0.0864464
0.574184
1
0.0185669
1
1
0.758285
1
0.182525
0.884454
0.0401572
1
0.0985711
1
0.274748
0.368085
0.217628
0.162353
0.448026
1
0.73002
0.0299763
1
0.0744562
0.720299
0.571968
1
0.49228
0.0585383
0.74488
0.774239
1
0.201989
0.362455
0.222486
0.231189
0.0521139
0.240432
1
0.0466405
0.118069
0.668356
0.446518
0.983606
0.0276668
0.110283
1
0.0500293
1
0.904167
0.128213
0.651898
0.242208
0.307881
0.399528
0.651451
1
0.874723
0.14689
0.194131
0.731934
0.212707
0.501819
0.498363
0.107663
0.463391
0.434363
1
1
0.066151
0.105328
0.212492
0.0822144
1
0.0233673
1
0.986922
0.139
0.416983
1
1
1
0.306428
0.554111
0.301278
0.102473
0.98138
0.0882995
1
1
0.794273
1
1
0.0199295
0.13813
0.0553477
0.332511
0.900211
0.037762
0.126272
0.220273
0.107845
0.124095
0.0618024
1
0.7276
1
1
0.322131
0.174891
0.0245368
1
0.73427
0.564193
1
0.94785
1
0.875326
0.238692
0.666412
0.0598829
0.798883
1
0.108011
1
0.733242
0.994587
0.0463068
0.0923816
1
0.17432
1
0.0218823
0.335256
0.0663972
1
0.442509
0.725998
1
0.765153
0.477934
1
0.266712
0.234011
1
0.152899
0.474532
0.0531851
0.173347
0.117467
1
1
0.244275
1
1
1
0.147538
0.0491393
1
1
0.135424
0.0942515
0.682778
1
1
0.763094
1
0.785853
0.332615
0.407331
0.164186
0.298753
0.0744816
0.0231786
1
0.723147
1
0.143139
0.478015
1
0.249045
0.294343
0.0429493
1
0.57885
0.0640909
0.153677
1
0.596713
1
0.464913
0.252338
0.393227
1
1
0.044411
0.158787
1
0.707675
1
1
0.0340867
0.540969
0.595177
0.95538
0.423745
1
0.169354
0.0319045
1
1
0.79191
0.0383106
0.49386
0.120401
0.316817
0.818414
0.0623603
0.136735
0.119331
1
0.840034
1
0.949465
0.335285
0.388576
1
0.105326
0.986048
0.106463
0.589681
0.445988
0.235247
0.84894
1
1
0.676448
0.208103
1
0.519302
0.0737867
0.0649658
0.0337687
1
1
0.114188
0.445773
1
0.215199
1
0.129369
1
0.541541
0.0705922
1
0.844328
0.804896
0.212692
1
0.368948
1
1
0.460572
0.160177
1
0.336
0.144491
1
0.0446357
0.888411
0.985749
0.0550351
0.142557
0.621231
1
0.446242
0.483925
0.0662851
1
1
0.0136567
0.38694
0.723403
1
1
0.132359
1
0.253998
1
0.377408
0.0463092
1
0.815891
0.608688
0.12413
1
0.294109
1
0.431459
0.910309
0.303917
0.227782
0.101856
1
0.518379
0.353047
0.404107
0.174074
1
0.366822
0.916119
0.0126686
0.739641
0.0734656
0.136365
1
0.220336
1
0.198027
0.746806
0.409065
0.370031
1
1
0.806922
0.058946
0.0574866
0.088016
0.0327268
0.24243
1
1
0.129568
0.0578568
1
0.060577
0.24988
0.7492
0.999352
0.50308
0.137326
0.760537
0.521957
1
1
0.107965
0.0541383
0.0844114
1
0.205146
0.371554
0.995217
0.90816
0.25904
0.394037
0.0802652
0.298133
0.0523881
0.852423
0.103631
0.0512514
0.0750391
0.16156
1
0.0154953
1
0.0766156
0.442543
1
1
1
0.0839051
0.195544
0.158599
0.0327264
0.379517
0.199041
0.801194
1
0.0367174
0.158032
1
1
0.236553
0.327637
0.454253
0.445107
0.246351
1
0.443063
0.400275
0.0623394
1
0.908335
0.597443
0.107058
0.46863
1
0.936712
1
0.0873673
0.191195
0.328011
0.125026
0.166504
0.964844
0.131292
0.233351
0.597604
0.343626
0.445533
1
0.24703
0.0230698
0.397795
0.0978127
1
1
0.0237684
0.0571704
0.678092
0.223408
0.137513
0.169825
0.0918028
0.290834
1
0.850095
0.970682
0.178681
0.0942409
0.205939
0.174985
0.276955
0.665747
0.167684
0.089407
1
0.322478
1
1
0.30274
0.402673
1
0.0578961
0.0503259
0.799137
0.52156
0.0500554
0.50612
1
1
0.141853
0.452881
0.554412
0.0904171
0.194348
0.0274836
1
0.0957326
0.164459
0.0930929
1
1
1
0.981516
1
0.0620718
0.566738
1
0.26881
0.660202
0.191011
0.687211
0.722954
0.108434
0.372154
0.328963
0.621302
0.118221
1
0.128047
1
1
0.05157
0.927374
0.889297
1
0.169791
0.654371
1
0.232371
0.979104
0.338935
1
0.104422
1
0.73904
0.0274166
0.122944
0.179902
0.319569
0.526759
0.7515
0.0494312
0.95298
0.680762
0.377338
0.749804
0.185284
1
0.225171
1
0.0274139
0.143676
0.76645
1
1
1
1
0.2097
0.129766
0.198832
0.353409
0.603785
0.153908
0.0544562
0.329671
1
1
1
1
0.649065
0.911718
0.338806
1
0.175957
0.615989
1
0.228246
1
0.175146
0.0889533
0.096187
0.511407
0.114695
1
0.246436
0.598846
1
1
1
0.45738
0.373501
0.649008
0.130757
0.923441
0.0440858
0.732394
0.382915
1
1
0.486506
0.0738429
0.0287284
0.098636
1
0.0480944
0.0427102
1
0.350005
0.542158
0.062871
0.839416
0.0451933
0.185724
0.716357
1
1
1
0.26582
0.372047
0.742028
0.44748
0.0367989
0.0799241
1
0.265259
0.165303
1
0.887361
0.122184
0.0371466
0.161395
0.0212122
1
1
0.191773
0.968034
0.512435
1
0.106157
0.477771
0.0500886
0.379252
0.305837
0.359927
0.174339
0.098655
0.176079
0.189623
0.788144
0.195287
0.280508
0.872617
1
1
1
1
0.170364
0.819036
0.0728839
0.555514
1
0.288641
0.147853
0.0780948
0.0896206
0.0473067
0.023718
0.334331
0.340862
1
1
0.251293
0.0509192
0.162836
0.505937
1
1
1
1
0.115683
1
0.83651
1
0.467518
0.258669
1
0.0838566
0.145407
0.292902
0.665915
0.276075
0.280776
1
0.0847065
1
0.480597
0.0400627
0.350081
0.171065
0.222772
0.129516
0.309572
1
0.798724
0.757449
0.442234
0.281406
0.164661
0.216066
1
1
1
0.616503
0.733759
0.129734
0.117961
0.32125
0.569825
0.577866
1
0.724269
0.00819469
0.861098
1
1
1
0.0906589
0.579174
0.453998
1
0.11346
1
0.547467
1
0.220765
0.356802
0.144409
0.033221
1
0.0820385
0.0927808
0.265232
0.0265715
0.515871
0.394633
0.261161
1
0.113367
0.916245
1
0.737044
0.72759
0.166119
0.26849
1
0.0861768
0.373053
1
0.254644
1
0.0982056
1
0.137839
0.293496
0.232219
0.40558
0.0797255
0.0131925
1
0.170781
0.146548
0.146171
0.317254
0.0118953
1
0.282158
0.021304
1
0.200851
0.39386
0.478073
1
0.0999078
0.0899633
0.179603
0.451759
0.0830568
0.288602
1
0.168481
1
0.486828
0.871761
0.918854
0.0941466
0.485705
1
0.446012
1
0.171004
0.224248
0.664795
0.774986
1
0.255099
0.105938
0.332951
0.175136
0.254015
0.602482
0.432778
0.335233
0.140521
1
0.179466
0.139211
0.756667
0.242483
0.437276
0.0480048
1
0.670155
0.889429
0.597575
1
1
0.208633
1
0.193857
0.119668
0.0529212
0.0292037
0.0849802
0.598715
1
0.54267
0.0423925
0.0563892
0.19874
0.0863968
1
1
0.61983
0.0975731
1
1
0.15263
0.393718
0.558481
1
0.945517
0.201391
0.26356
0.0470128
0.081985
0.226231
1
0.753287
0.488109
0.904089
0.484736
0.0490982
0.150941
0.177026
0.0252447
1
1
1
0.0189505
0.928781
0.0781392
0.109902
0.0355906
0.0409904
0.165793
0.255143
0.192289
0.0870451
1
0.295893
0.84692
0.0505875
0.345889
0.0624487
0.734661
0.900317
1
0.097671
0.236969
0.273896
1
1
0.500586
0.508749
0.238672
1
0.972119
0.292553
0.40399
0.229688
0.434142
0.54429
0.538451
1
0.659042
0.222822
0.0691994
0.0312222
1
0.629718
0.55824
0.186454
1
0.10802
1
0.262144
0.258769
1
0.483027
1
0.131582
1
1
0.855626
1
0.229242
0.546908
0.302658
1
1
0.454273
1
1
0.537661
0.20135
0.976537
0.0180087
0.345488
0.052306
1
0.0583991
0.034058
0.410204
1
0.0414679
0.299302
1
0.487012
0.239798
0.111349
0.0928964
1
0.149084
0.0813499
1
0.485255
0.190367
0.258775
0.136268
1
0.10166
1
0.0361093
1
0.699833
0.0694985
0.293827
1
0.159462
1
0.771606
0.175377
1
1
0.206426
0.364812
0.382565
0.0449663
0.0431457
0.397462
0.125943
1
0.479651
0.0686654
1
1
0.418217
0.370294
0.364024
1
0.353817
0.117773
0.26994
0.137829
1
0.439215
0.153011
0.940549
0.133332
0.517321
0.88117
0.379143
0.0625189
0.728626
0.195418
0.138006
1
0.2534
1
0.0204852
0.256147
0.144293
0.578463
0.837961
0.45777
0.978831
0.551243
1
0.419424
0.51439
1
0.911332
0.188719
0.0879823
0.529836
0.0264649
0.177828
0.303818
0.795046
1
1
0.273243
0.0220271
0.00918727
0.376177
1
0.074462
0.449721
0.800066
0.173143
0.0808924
0.0190026
1
1
0.0305034
1
0.822721
0.555041
0.118838
0.559233
0.638733
0.0847259
1
1
1
0.0323473
0.0383075
0.356712
1
0.195637
0.234607
0.635819
0.379073
1
0.28308
0.294373
0.873851
0.930707
1
0.0385025
0.514961
0.552781
0.222739
0.719941
1
1
0.874614
0.11526
0.56151
1
0.136837
0.186981
0.146897
0.270338
0.255641
0.227776
1
0.0473551
1
0.134729
0.578111
0.183211
0.41826
0.857718
0.104394
1
0.110948
0.222484
0.116755
1
0.897399
0.250095
0.161903
1
0.126618
1
0.335033
0.0734532
1
1
1
0.0421507
1
0.115212
1
0.0135858
0.114207
0.136298
1
0.422118
1
0.683153
0.0322289
0.0936161
0.232675
0.100967
0.314907
0.147804
0.355172
1
0.287171
0.0545821
0.13196
0.0268247
0.129283
1
1
0.767267
0.832373
0.127614
1
1
0.612155
0.290545
0.61293
1
0.298564
0.281614
0.172701
0.821609
0.0179423
0.503207
0.874403
0.469662
0.276803
0.21203
0.511104
0.0482744
0.381427
1
0.0905673
0.64824
0.249894
0.044962
0.0240551
0.427039
0.0198745
0.0965975
0.205533
1
0.260996
0.641564
0.371304
0.0412789
1
1
1
0.0585285
0.12895
1
1
0.0752381
0.366823
1
1
0.249082
0.0363873
0.202648
0.751483
1
0.0827859
0.925063
0.185507
0.0889969
0.186873
0.0960456
0.261094
1
0.477444
1
1
1
1
0.127284
0.415928
0.40069
1
1
0.167773
0.587267
1
0.217527
0.451114
0.221375
1
0.64515
0.106054
1
0.104949
1
0.115282
0.756882
0.308449
1
1
0.110892
1
0.0916941
0.19245
1
0.173763
0.107761
0.326739
1
0.186312
0.616824
1
0.186866
0.426512
0.164334
0.507891
0.24295
0.977936
0.367501
0.370754
0.235015
0.910769
1
0.174695
1
0.528874
0.0385471
0.916569
0.218505
0.0630323
1
0.170521
0.0633467
1
0.50403
1
0.279288
1
0.0725336
0.345065
0.20464
0.550349
0.343926
0.945011
0.397977
0.217858
1
0.0643076
0.0112943
0.296913
0.142683
1
0.351585
0.215648
0.148687
0.920427
0.575449
0.356705
1
0.103611
0.254273
0.0364081
0.0567166
0.891508
1
0.609335
0.222853
0.102836
0.257992
0.0144908
1
0.985007
0.603394
0.949062
1
0.218081
0.03698
1
1
0.141244
0.130897
0.202869
0.428691
0.095036
0.022415
0.048075
0.208137
1
0.166223
1
1
0.295382
0.773166
0.143865
0.243664
0.421686
1
0.118622
0.11143
0.0128741
0.359371
1
0.510665
0.0961938
0.0768032
0.0743143
1
0.044297
0.105715
0.703284
1
0.605902
0.381776
0.488294
0.343688
0.413247
0.0531484
1
0.0306445
0.220825
0.175992
1
0.131171
0.333403
1
1
0.309126
1
0.874157
0.431678
0.277711
0.374535
0.127122
0.313085
0.415127
0.192625
1
0.589709
0.283874
0.777132
1
0.0630483
0.0371655
0.0797495
0.323713
0.0869821
0.331871
0.925275
1
0.719172
0.809514
0.37833
0.273709
0.348414
1
0.634623
1
0.562569
0.0265303
1
1
0.135486
1
1
0.0731815
0.719737
0.364253
0.140552
0.146952
0.0422284
0.0718551
1
0.256067
0.670104
0.176983
0.277724
1
0.0782691
0.472006
0.995601
0.605212
1
0.0546218
0.741504
0.0340322
0.373808
0.730691
1
0.333763
1
0.0683788
0.623218
0.135131
0.0646227
0.28996
0.0117857
0.0600523
0.265743
0.999226
0.77649
0.849332
0.214977
1
1
0.021039
0.0574716
0.11905
0.0701703
0.0215946
0.100295
0.490956
1
1
0.492729
1
0.490126
0.0242754
0.197318
1
0.0311847
0.670158
0.0390106
0.157116
1
0.0694726
0.347437
0.575654
0.408951
0.100769
0.474612
0.0411437
1
0.188233
0.0696469
0.054059
1
0.192557
1
0.0147491
0.365066
1
0.221438
0.374969
0.137012
0.221253
0.0931614
1
0.0480653
0.720367
0.0996444
1
0.171535
0.804684
0.372674
1
0.265624
0.264925
0.709649
0.190145
1
0.313982
0.264518
1
1
0.66495
0.376909
0.290392
0.304014
0.188902
0.0952383
0.0939271
0.786493
0.874729
0.162138
0.108841
0.882978
0.32614
1
0.454756
0.545681
1
0.768071
1
0.0783871
1
1
1
0.0744862
0.269137
1
0.0845228
1
0.261888
0.338698
1
0.400882
1
0.0159247
0.440074
0.388892
1
0.343878
1
0.879514
0.308944
0.11653
0.0877113
0.0576116
1
0.240981
0.938065
1
1
0.172752
0.306671
0.26492
0.368359
0.488745
0.239024
0.312211
0.456921
0.151104
1
1
0.433027
0.247202
0.175122
0.145894
0.0814189
0.690794
1
0.414455
0.130918
1
0.0971684
0.401058
0.543015
0.361348
1
0.996082
0.894338
0.23895
1
0.552671
0.10273
0.105024
0.0368511
0.0433308
0.0793644
0.0633686
0.0895209
0.238504
0.100021
0.381387
0.0406786
0.0997895
0.396582
1
0.996565
0.895292
0.131581
0.502393
1
0.0747529
0.246913
0.153729
1
0.170087
0.24818
0.219191
0.5628
0.127052
1
1
0.0652456
0.141005
1
0.135057
1
0.83882
0.382439
0.0245476
0.165589
0.599703
0.741177
0.0169535
0.847361
1
0.102874
1
1
0.149504
0.97554
0.423662
0.31927
1
0.242899
0.262036
0.275754
0.213992
0.111115
0.0452806
0.197696
0.8909
1
0.435639
0.638216
1
0.969635
0.29223
0.788307
0.14088
0.310328
0.436842
1
1
1
0.689082
0.11868
0.456532
1
0.0716327
0.153347
0.171181
0.133233
0.528226
1
0.0420469
0.296635
1
0.677237
0.106798
0.913175
0.0159476
0.11967
0.0244554
1
0.17296
0.343576
1
0.34288
0.102391
0.0190029
1
0.155824
0.123105
0.117506
1
0.0620111
0.213284
0.812171
0.176671
0.0242487
0.162681
1
0.0327889
0.165116
0.0398935
0.547725
0.434851
1
1
0.103543
0.867834
0.104115
0.0252703
0.787229
0.871931
0.903997
1
0.325451
0.263121
0.955294
0.1678
0.113344
1
0.20972
0.160741
0.677198
0.0727707
0.371826
1
0.136532
1
0.202536
0.073248
0.506894
0.237291
0.62612
1
0.307642
0.340592
0.193705
1
0.195281
0.302858
0.124495
0.0610205
1
0.0994325
0.635842
0.328485
0.0804345
0.278175
1
0.125829
1
0.113225
0.0429855
0.047006
0.0768094
0.565048
0.776222
1
0.360599
0.0620527
0.618102
0.437069
0.0414242
0.373135
0.284127
0.30281
0.219973
0.549518
1
0.16306
0.0188414
1
1
0.0718092
0.0335723
1
0.447009
1
0.490119
1
0.240947
0.0403513
1
1
0.345636
0.102859
0.472381
0.193116
0.399634
0.309098
1
0.00399046
0.254842
1
0.0124388
1
1
1
0.789172
0.0384164
0.125461
1
0.323766
0.470334
0.536251
0.0543286
0.471975
0.292257
0.139174
0.491223
0.225635
0.521403
0.372748
1
0.168723
1
0.205632
0.346419
0.0989499
0.578168
0.120929
1
0.121244
0.458559
0.442488
1
0.90487
0.173876
0.508094
0.035488
0.0700291
1
1
0.0386127
1
1
0.0633826
0.382747
0.172172
1
0.258978
0.804539
0.0367484
0.217322
0.735875
0.0969435
0.0879704
0.172443
1
0.610553
0.0600907
0.148136
0.0689032
0.273123
1
1
0.107513
0.879472
0.584649
0.266759
0.219734
0.269651
0.327949
0.0257512
1
0.454972
0.242994
0.646563
1
0.403273
0.120423
1
0.0326017
0.14976
0.227638
0.562881
1
0.141172
0.554856
0.0295149
0.803889
0.686733
0.045222
1
0.941251
0.0325154
1
0.202746
0.725008
0.0170102
1
0.833207
0.594059
0.976474
1
1
0.152446
0.237241
0.304946
0.127785
0.345598
0.736149
1
0.919859
0.497613
1
0.540291
0.766822
0.836391
0.10076
0.884138
0.0727713
0.226673
0.523795
0.388754
0.316998
0.0806546
0.237356
0.475557
0.0956338
0.332422
0.605954
0.201446
1
0.0502231
1
0.0449287
0.0203665
1
0.668069
0.767472
0.318071
0.99781
1
0.2706
0.044584
0.0253761
0.0607155
0.277483
0.637359
1
0.0939056
1
0.037722
0.328172
0.274524
1
0.439141
0.528563
0.714339
1
0.364741
1
0.135339
0.0683494
0.734663
0.521967
0.153823
0.0192011
0.332919
1
1
0.0817927
0.232597
0.637914
1
1
0.165728
0.246784
1
1
0.113358
0.412769
0.203006
0.0269286
0.284149
0.491043
1
1
0.0505831
0.0267884
0.0835509
0.191635
1
0.0432962
0.0102043
0.203582
0.320554
1
0.0302492
0.666458
0.456864
0.0361591
1
1
0.282434
1
0.876649
1
1
0.0708138
1
0.830959
0.536289
0.497112
0.322579
0.986105
0.0602753
0.29798
1
0.535241
0.254221
0.472232
1
0.397461
0.117867
0.791218
1
0.931844
0.700829
1
0.87328
0.536186
0.0720964
1
1
0.484124
0.123038
0.105912
0.292286
0.0787337
0.0178991
0.35368
0.0781672
0.504722
0.658761
0.142288
0.039945
0.492724
1
1
1
1
0.994513
0.22829
0.160302
0.758508
0.745282
1
1
0.0510032
0.277036
0.060206
1
0.797594
0.310525
0.492259
0.234487
0.304908
0.00620241
1
0.55259
1
0.735442
1
0.367295
0.0893017
0.158778
0.29765
0.403182
0.0726074
0.2961
0.185653
0.0799751
0.238384
1
0.0639417
0.999338
1
0.245908
0.0684579
1
0.0490533
0.173927
0.0152139
0.0793683
0.0262049
1
1
0.0183934
0.123749
1
0.0610086
0.179411
0.0603917
0.111332
1
0.0380227
1
0.514498
1
0.802756
1
0.55962
0.170239
0.762262
0.048967
0.184821
0.0784136
1
0.0658119
0.0952218
1
1
0.629938
1
1
0.259571
0.121919
0.248709
0.450639
0.185013
1
0.250205
1
0.0954666
0.281857
0.430809
0.377423
0.967528
1
0.263192
0.249498
0.517234
0.111355
1
0.414789
1
0.944373
0.0215209
0.1279
0.847823
0.778524
1
1
0.26792
1
1
0.342749
0.313445
0.50312
0.0799131
0.464861
1
0.405625
0.775116
0.905801
0.0782758
1
0.550121
0.0456799
0.283815
0.491838
0.785287
1
0.357414
0.264629
0.319829
1
0.759971
0.594661
0.0935823
0.216249
0.666293
0.0444997
0.345481
1
1
0.317685
0.0534386
0.176129
1
1
1
0.776338
0.0823422
0.0613686
0.0995004
0.0615044
0.445291
0.124144
0.053209
1
0.395862
0.143678
1
0.420578
0.271114
0.348132
1
1
0.906975
0.162935
0.811164
0.0949694
0.191469
1
0.119702
0.0225818
0.0939071
1
0.0813574
0.275898
0.0341936
0.665294
0.0144347
0.489842
0.287237
0.0229648
0.547609
1
0.127009
0.853613
0.597792
0.00559468
1
0.443466
0.858293
0.206932
0.128149
0.174689
1
1
0.0925122
1
0.253652
1
0.432584
1
0.0491073
0.0426806
0.0972767
0.794386
0.181617
0.135472
0.129677
0.0401884
1
0.844231
0.200028
0.60556
0.525552
0.071405
0.972802
1
0.0737541
0.938388
0.625535
1
0.663157
0.101449
0.181876
0.210662
0.870031
0.102634
1
0.365374
0.494958
1
0.720204
0.453302
0.27276
0.0606419
0.942702
0.190387
0.696779
0.0342764
0.356162
0.441018
1
1
0.542384
1
1
0.938171
0.0820897
0.103095
0.587388
1
0.191297
0.17494
0.135918
0.194588
1
1
1
0.205874
1
0.364435
0.288068
0.363309
0.633723
1
0.174129
0.0516953
0.608639
0.149205
0.946667
1
0.39163
0.208828
1
0.550521
0.653487
0.0830534
1
0.164333
0.505825
0.64831
0.970302
0.529195
1
0.484423
0.68018
0.0795566
0.622379
1
1
0.541174
0.432665
0.597747
1
0.133861
0.0657305
1
0.381554
0.235513
0.0530047
1
0.59829
1
0.76357
0.393597
0.23309
1
0.304425
0.87308
0.124242
0.737809
0.0988688
0.254954
0.0389136
0.13366
1
0.212372
1
0.381241
0.0734079
0.478178
0.353595
0.0698901
0.0301694
0.745232
0.272964
1
0.0770574
0.0849379
0.314751
0.606861
0.244201
0.0302523
0.00987794
0.0451256
1
1
0.193956
0.700908
0.93146
0.436278
0.427977
0.0222553
1
1
0.342007
1
1
0.605215
0.529728
0.143546
0.0337075
0.0772238
1
0.449274
1
0.804294
0.516288
1
1
0.20485
0.981862
0.0158639
0.0709742
0.0308356
1
1
0.247154
0.564742
1
0.607189
0.0195528
1
0.156165
1
0.416653
0.368668
0.354764
0.374569
0.055392
0.88719
1
0.577505
0.648949
1
0.29728
0.299903
0.0447169
0.190547
1
1
0.487943
0.0793725
0.0469787
0.166214
0.0950034
0.207761
0.629376
1
1
0.120326
1
0.223098
0.309663
0.724708
0.053927
1
1
0.318582
0.477317
0.581209
0.192676
1
0.178109
0.735091
0.093419
1
0.0602685
0.0487787
1
0.0749955
0.180409
1
0.0377941
1
0.0252376
1
0.016157
1
1
0.153889
0.348736
1
0.90572
1
0.632733
0.0448909
0.246449
0.133269
0.754093
0.744891
0.172678
0.0567286
0.469982
1
0.207013
0.108681
0.0818564
0.759998
1
1
0.323651
1
1
0.167135
0.0466076
0.564083
0.142896
0.984401
0.483298
0.308091
0.3348
0.980621
0.242652
0.38338
0.0943912
1
0.618574
0.09454
0.398916
0.0578227
0.102788
1
1
0.248964
0.291185
0.723619
0.148189
0.218969
0.23818
0.312106
0.872887
0.114751
0.0204934
0.396178
0.548737
1
1
0.38101
0.164337
1
0.614821
0.0906596
1
0.0771579
1
0.167385
0.570457
0.0816084
0.199574
0.564016
0.193427
0.543563
0.399084
0.0662019
0.0220259
0.248677
0.75281
0.0752418
0.229479
1
0.140084
0.0714217
0.530355
0.821225
1
0.056042
0.0865855
1
0.345947
0.136284
0.0672295
0.202034
0.0743847
1
1
0.311002
0.75294
0.494393
0.112338
1
0.785947
0.43058
0.528976
1
0.0871534
0.100959
1
0.574081
0.213867
0.849018
0.554606
1
0.0739405
0.257754
1
0.161178
0.371683
0.282712
1
0.0641527
0.041358
0.039127
0.417743
1
0.0981224
0.166246
0.0369084
1
0.0660555
0.517628
1
0.679676
0.12825
0.538829
0.219477
1
1
1
0.0769451
1
1
0.0840579
0.148357
1
0.197779
0.32393
0.30497
1
0.141628
0.0491874
0.620105
0.01333
0.272827
0.323495
0.35182
0.0773686
1
0.149604
0.234313
0.152835
1
0.104766
0.00838968
0.0884814
0.121992
0.307138
0.0144654
0.044852
0.299941
0.912786
0.206109
0.10986
0.0225723
0.244016
0.688968
1
0.0906297
0.348885
1
0.244771
0.254895
1
1
0.713817
0.126322
0.0763542
1
0.192901
0.131555
0.362583
1
1
0.11662
0.0622667
0.84595
1
1
0.0141271
0.0293108
1
0.618711
1
0.227092
0.00865527
0.110057
1
0.351276
0.987787
0.0229574
0.056006
0.0134602
0.290219
1
0.941647
0.100115
0.0201919
1
0.251987
0.0290994
1
0.228039
1
0.29587
0.899142
1
0.0340115
0.389162
1
1
0.105275
0.300043
0.0506677
0.230107
0.0625241
0.0533452
0.113828
0.0211951
0.0447243
0.243125
0.126979
0.446708
0.194837
0.0278768
1
0.0672892
1
0.994473
0.135371
0.143264
0.695107
0.0684451
0.27366
0.118352
0.647999
0.152302
1
0.213083
1
1
0.00924958
0.129507
0.593824
0.333847
1
0.864819
1
0.896382
1
0.306344
0.621888
0.857125
0.116601
1
0.0979613
1
1
0.211571
0.945396
0.10387
0.233357
0.21479
1
0.520871
1
0.388531
0.405571
1
0.177311
0.707889
0.175851
0.236324
0.575917
0.670042
1
1
0.0660058
0.14669
0.530721
0.108256
0.318044
0.560863
0.102636
1
1
0.12489
0.125216
0.207436
0.418182
1
0.434654
0.0243132
0.0641744
0.382482
0.555737
0.260593
1
0.0929468
1
0.205085
1
0.240895
0.585268
0.832553
0.13722
0.385958
1
0.979308
0.544551
1
0.864299
0.0481191
0.0886731
0.104161
0.133462
0.329511
0.101964
1
1
0.587558
0.796332
0.0481008
0.17976
0.182768
1
0.785338
0.887798
0.230207
1
0.64661
0.0926411
0.116734
0.155256
0.169531
0.782156
0.47131
1
0.20749
0.72948
0.0957656
0.314947
0.510889
0.157689
0.0398798
1
1
0.0464214
0.0554267
0.147191
0.368165
1
0.121682
1
0.0902789
0.164878
0.0650603
1
0.280112
0.0274734
0.685808
1
1
1
0.879628
1
0.73603
0.526016
0.279149
0.248366
1
0.288443
0.0833213
0.141449
0.430499
0.201862
0.482456
0.857554
0.193976
1
0.0274464
1
0.972848
0.0770456
1
1
0.0972052
0.537008
0.315247
1
1
0.0706561
1
1
0.340047
1
0.371885
0.0718933
0.529352
0.881391
0.495435
0.860049
1
0.388263
1
0.0239335
1
0.406603
0.573912
0.023107
1
0.307346
0.056273
0.34726
0.129375
0.816759
0.770155
1
1
0.331206
0.872719
1
1
0.247265
0.103984
0.348577
0.497399
0.278534
1
0.178059
0.719847
0.935204
0.290186
0.0796225
0.127892
0.213497
1
0.122457
0.156143
0.524469
0.047099
0.367362
0.39982
0.0870241
0.759875
0.218658
1
1
0.0162257
1
1
0.598505
1
0.155898
1
1
1
0.792494
0.276682
0.986466
0.851436
1
1
0.359032
0.101546
1
0.422798
0.480331
0.0997213
1
0.660514
1
0.629015
1
0.221214
0.0658897
0.0430464
0.846441
0.745578
0.257229
0.250941
0.494024
0.381812
0.133794
1
0.873703
0.414027
0.107557
0.271662
0.617655
0.0225058
0.0737754
0.200845
1
0.0694939
0.731692
1
1
1
0.193932
0.179883
0.192617
0.549311
0.147912
0.068144
1
1
0.749163
0.857555
0.145018
0.244719
0.911795
0.48993
0.139089
0.0322301
1
1
0.810967
1
0.485431
0.29825
0.199017
0.0479005
0.146369
0.404397
1
0.865039
0.849818
0.123944
1
1
0.247096
0.131628
0.390069
0.400475
0.0156608
0.142357
0.0901799
0.207016
1
1
0.44694
0.390363
0.508214
0.329223
0.109274
0.140886
0.61284
0.382147
0.20236
0.319404
1
0.0357616
0.1589
0.78273
0.108058
0.122786
0.0429627
1
0.654689
0.503699
0.0499533
0.806294
1
0.690715
1
1
1
0.0319472
0.0614259
0.125829
1
1
0.0930399
0.337137
0.0455782
0.15438
1
1
0.535027
0.140942
0.346173
0.325282
0.519669
1
0.0557981
0.381211
0.0403164
1
1
0.583173
0.47884
0.191909
0.289299
0.396468
0.23953
1
0.151825
0.722821
0.125772
1
0.168246
0.24654
0.203605
0.469877
0.856863
0.337923
0.680663
1
0.287691
0.45121
0.187861
0.0820981
1
1
0.574246
1
0.125971
0.588598
1
1
0.433853
0.0571059
0.925687
0.0419775
0.174074
1
0.162061
0.220933
0.123433
0.0437796
1
1
0.314702
1
0.221087
0.113528
0.23425
1
0.861457
1
1
0.090865
0.401287
0.0658614
1
0.130043
1
1
0.144025
0.168711
0.0318138
0.0442973
0.355416
0.29694
0.030163
1
0.609573
0.212451
0.168819
0.0556323
0.0968449
0.504563
1
0.267989
1
0.223143
0.307599
0.494765
0.0243193
0.211146
0.01786
0.862872
1
0.374584
0.417755
0.567143
0.232139
0.0340444
1
0.396815
0.152658
0.881065
1
0.674011
1
0.116675
0.10066
0.664426
0.113921
0.357292
0.455852
0.974323
0.292403
0.146059
0.324034
0.139656
0.332038
0.180661
0.207661
0.349988
0.0605018
1
0.275593
0.245043
0.0329027
1
0.176649
0.139597
0.0677093
0.134319
1
0.120734
1
0.343079
1
0.304052
1
0.205104
0.0365004
1
0.0402032
0.029972
0.0777652
1
0.0570602
0.189336
0.119636
0.0798527
0.0931116
0.00786617
0.560216
0.048614
1
1
1
0.770321
0.0481204
0.975156
0.0467006
0.323997
1
0.415357
0.762384
0.701933
0.992067
0.0679631
0.263823
1
0.102656
0.569613
0.0370835
0.110321
0.245714
0.078102
0.764299
0.182448
0.510048
0.247557
0.038257
1
0.311909
0.413321
0.438714
0.384938
0.79165
0.0574796
1
0.410542
0.316019
0.0661835
0.0227335
0.126593
0.041197
0.453989
0.178743
1
0.487341
0.317442
0.409214
1
0.731231
0.736011
0.0784823
0.817585
0.149023
1
0.469115
0.563564
0.234729
0.328236
0.520288
1
0.160988
0.283613
0.250872
0.79593
0.402233
0.0379651
0.458398
1
0.141637
0.211655
0.520461
0.129744
1
0.456103
0.866246
0.53834
0.16914
0.135349
0.110746
0.251165
0.103312
1
0.0709052
0.439414
0.138927
0.034278
1
0.654428
0.802288
1
0.954391
0.108046
0.738213
0.0166606
0.156383
0.682527
0.0144339
0.13538
1
0.245236
0.10158
1
0.0208866
1
0.552956
0.685853
0.0243885
0.202468
0.187272
0.493895
0.195762
1
1
0.0681169
0.345044
0.407024
0.610234
0.138509
0.107442
0.181257
1
0.106609
0.797179
0.105915
1
0.0681123
0.872911
0.940024
0.824444
0.883534
0.122555
0.318501
0.117085
0.349402
1
1
1
0.133802
0.673033
0.300122
0.0589313
0.322638
0.0599406
0.630889
0.173056
0.346248
0.180476
0.00942629
0.22285
0.490214
0.688742
1
0.634147
0.322282
0.51506
0.563541
0.501234
1
0.010088
0.898448
1
0.677344
1
0.514438
1
0.160535
0.153658
0.505157
0.0510913
0.366249
0.289551
1
1
0.301118
1
0.0854486
1
0.0469636
0.244198
0.326462
0.0299787
0.328449
1
0.847575
0.173738
0.100122
0.858325
1
0.0231582
0.378721
1
0.0796303
0.0405032
0.621727
1
0.228921
1
0.888876
1
0.968589
0.148198
0.569667
0.46788
0.898251
0.287857
0.0576299
0.0237131
1
0.647021
0.0145575
0.178927
1
1
1
1
0.528847
0.583606
0.189944
0.614447
0.431517
1
0.102971
0.390009
0.329978
0.669105
0.577361
0.104208
0.0966707
0.07766
1
1
0.698364
0.301837
0.646423
0.451309
0.103832
0.0936267
0.0873381
0.92399
0.17162
0.609943
1
1
0.0324138
0.157297
0.960935
0.568909
0.015595
1
0.032528
1
0.101687
1
0.0254608
1
0.0764951
1
0.525834
0.308797
0.0260673
1
0.0706423
0.249467
0.118644
0.1882
1
1
0.691145
0.246181
0.897005
1
0.221703
0.643885
0.528201
0.295296
0.275703
0.556613
0.340954
1
1
0.194523
0.312685
0.608713
0.1321
1
0.0162365
1
0.357705
0.0126966
1
0.128811
0.418398
0.33457
0.143567
0.199879
0.412965
0.227056
0.301141
0.0737547
0.0543272
1
0.754964
1
0.290009
1
0.375442
0.301044
0.0636805
0.137486
0.0921873
1
0.152464
0.584726
0.217069
0.0750207
0.966639
0.891936
0.534116
0.0972598
0.384758
0.403768
0.0336821
1
0.166905
1
0.87113
0.321806
0.050031
0.64976
1
0.307552
0.0524938
0.530849
0.184209
0.375804
1
0.484974
0.158529
0.0250027
0.023715
0.781618
0.15703
0.00781417
0.35246
0.231585
1
0.0715984
1
0.148577
1
0.632763
0.536997
0.0562108
1
0.312016
1
0.923921
0.0573057
0.0136651
0.100996
0.110109
0.193699
0.0713626
0.441476
0.260805
0.88774
0.0424795
0.725075
0.213057
0.11286
0.032286
1
0.408143
0.162055
1
0.0514427
0.818162
0.360777
0.0948422
0.551151
0.339727
0.368514
0.518875
0.0563617
0.283564
0.103825
0.407945
0.133422
0.963031
0.781622
0.214149
0.267955
0.197072
0.0476575
0.0987488
1
0.161268
1
0.164756
0.391878
0.155954
0.0193581
0.122041
0.521549
0.131306
0.0739817
0.291496
0.483004
0.0764899
1
0.200352
1
0.211766
1
0.0698996
0.549702
0.825858
0.712945
1
0.727004
0.45795
1
0.926406
1
0.25747
0.0542778
0.359431
0.757867
0.299583
0.852149
0.12674
0.796271
0.369893
0.224577
0.844909
1
1
1
0.0980469
0.0454125
0.894485
0.0500771
0.975667
0.164998
0.378597
0.287542
0.545397
0.189202
0.587374
0.505201
1
0.986375
0.135243
1
0.135059
1
0.903376
0.917728
1
0.762211
0.0732057
0.123391
0.291546
1
0.332964
0.340721
0.134955
0.0843398
1
0.103637
0.379777
0.777045
0.0540009
1
0.110957
1
0.0873966
0.0321152
0.685738
1
0.0476144
0.464683
0.0432877
0.0134355
0.734048
0.0946946
0.370991
0.37949
0.0348219
0.314576
0.06303
1
0.0333755
0.045755
1
0.931336
1
0.0847598
1
0.516401
1
0.0854848
0.0389872
1
0.0595455
0.16628
1
0.434397
0.404486
0.568202
1
1
0.875488
0.0658965
0.14314
0.131638
1
0.354065
0.17297
0.0868648
0.0176081
1
0.0280945
0.301754
0.304815
0.982373
0.100603
0.0446825
1
0.918304
0.0453234
0.880138
1
0.88483
1
1
0.529529
0.0486632
0.0347946
1
1
0.21024
0.426254
1
0.803528
0.896668
0.625949
1
0.529393
0.812674
0.165379
1
0.680445
0.149573
1
0.623486
0.0356023
0.0516112
0.82452
0.968076
0.0307187
0.0881643
1
1
1
1
0.282006
0.59163
0.412762
0.187186
0.83518
0.128542
0.202572
1
0.990299
0.107583
0.292905
0.158822
1
0.235333
0.237534
0.243614
0.0319279
1
0.573001
1
1
0.233932
0.117609
0.324087
0.226075
0.266689
0.45733
0.499726
0.47262
0.654583
1
0.41072
0.780494
0.114836
0.488651
0.572626
0.0750539
0.1599
0.541694
0.113212
1
0.464706
0.331652
0.0456459
0.195376
0.0809246
0.470618
1
0.128771
0.039548
0.079231
1
1
0.772755
0.0369669
1
0.255416
1
0.0199674
1
1
0.158639
0.547335
0.131457
0.583756
0.163842
0.289109
0.0726089
0.398526
1
0.830254
0.842302
0.220834
0.0454517
0.140832
1
0.0733398
0.0475488
0.0515539
0.387574
0.252041
0.323956
0.403781
1
0.134808
1
0.0175699
0.29246
0.921739
1
0.0392605
1
0.428297
0.825191
0.243544
0.999904
1
0.0577658
0.935441
0.213768
0.0910146
0.389811
1
0.391735
0.325162
0.351259
1
0.239599
0.474049
1
0.0556164
0.97344
0.15787
0.102715
0.0859778
0.0334825
1
0.384025
1
0.0476075
1
0.249291
1
1
0.102151
0.130718
0.0598918
0.706194
0.0362425
1
1
0.0856514
1
0.46985
0.500742
0.221732
0.852196
0.828576
0.223723
0.216105
0.690273
1
0.155107
0.0675776
0.495792
0.103265
0.247242
0.0220668
1
0.0635816
0.233474
0.159069
0.996207
0.0337978
1
0.34929
0.294639
0.696608
0.0180187
0.794423
0.520452
1
0.319459
0.57819
1
0.068655
0.226254
1
0.662443
0.0214216
1
0.500678
0.473488
0.593498
1
0.937275
0.259037
0.272874
0.502575
0.538877
0.736856
0.160869
1
0.279901
0.613289
0.258117
0.115415
0.0291295
0.0547085
1
1
0.169356
1
0.538458
0.23783
0.0722262
1
0.203245
1
0.029921
0.294019
0.077168
0.0238732
0.79647
0.496922
1
0.0313575
0.291887
1
0.171236
1
0.346037
0.0365091
1
0.0662607
0.858407
0.0678686
1
0.11217
1
0.474068
0.0343195
0.477772
1
0.235871
0.0686287
0.413449
1
0.902242
0.163837
1
0.389423
0.105237
0.43211
0.946317
0.591403
1
0.100732
0.166383
1
0.107743
0.156163
0.161852
0.0269907
0.160357
0.243645
1
0.530626
0.0614612
0.45849
0.706145
0.0463775
0.475763
0.431799
1
0.365177
0.0143245
0.432247
0.154009
0.11564
0.0797713
0.414149
1
0.783544
0.515182
0.808594
1
0.230011
1
0.334959
0.538482
0.374047
0.634201
0.656475
0.534846
0.545541
0.0528543
1
0.937311
0.0296198
0.297197
0.0747656
0.130401
0.173756
0.396408
1
1
0.240492
0.18366
0.74102
0.677026
0.0139492
1
0.205267
0.214338
0.453604
0.613952
1
0.246063
0.39525
1
0.102381
0.0449637
1
0.181918
0.243916
0.72296
0.597981
0.173565
0.0864111
0.837715
0.431492
0.0819636
0.165263
0.935816
0.0103115
1
0.0306234
0.566183
0.356127
0.0304616
0.142733
1
1
0.497174
0.10108
1
0.295663
0.0359808
1
0.176173
1
0.332863
0.164121
0.934091
1
0.269346
0.0702535
0.676248
0.143215
0.352754
0.0206778
0.408833
1
0.0422465
0.173606
0.196457
0.126702
0.439413
0.0579866
0.238839
1
0.803452
0.194337
0.830336
0.652514
0.289376
0.0861398
1
0.0769395
1
0.197342
1
0.0350629
0.148832
0.559581
0.0405466
0.373298
0.580197
0.278633
0.290793
0.0981992
1
1
0.0603398
0.0222581
0.17205
1
0.305334
0.048037
0.223239
0.108292
1
0.043958
1
0.834359
1
1
1
0.800928
0.0837777
0.017078
0.551476
0.0322832
0.527774
0.747868
1
1
0.750518
0.751799
0.0312567
0.84112
0.204436
0.0949049
0.668875
1
0.102341
0.271621
1
0.906471
0.120227
0.110283
0.81178
0.98326
1
0.100384
0.0572005
1
0.253774
0.0821621
1
1
0.0359025
0.0110396
0.290601
1
0.753691
1
1
0.015822
0.0826297
0.0430158
0.48577
0.122255
0.19894
0.132539
0.0503649
0.831083
0.238037
1
0.125449
0.18139
0.207786
0.177179
0.225125
0.472778
0.0676369
0.26414
0.0655635
0.373692
0.131442
0.896643
1
0.428459
1
0.497286
0.488444
0.0147418
0.344356
0.236687
1
0.22216
0.675104
0.407415
0.0730874
0.299261
1
0.0095095
1
0.0239382
0.01541
0.17537
1
0.147345
0.396817
0.114453
0.0333283
1
0.13682
0.815176
0.0250061
0.15823
0.269183
0.134255
1
1
0.449967
1
1
0.0297935
0.323906
1
0.0461112
0.520099
0.257037
0.201078
1
0.0916987
1
0.167419
0.272494
0.214898
0.501979
0.0900396
0.893689
0.130295
1
0.179116
0.454397
0.0261399
0.0346478
0.0255157
0.712362
0.0880994
1
0.406768
0.695744
1
1
0.217103
0.0637312
0.270984
0.775302
0.0881215
0.245158
1
0.0926027
0.92474
1
0.61178
0.235327
0.123689
1
0.585624
0.0798274
1
0.381764
1
0.260264
0.781548
0.749575
1
1
0.176842
0.539508
0.398895
0.978783
1
0.256988
0.0866865
0.498887
0.783203
0.0263813
1
0.0191525
0.428013
0.0842247
0.527605
0.602775
1
0.340327
0.456675
0.505011
0.733257
1
1
1
0.676224
0.37922
0.173593
0.0260982
0.929124
0.120499
0.448768
0.304785
0.249526
0.871586
0.0810694
1
0.755428
1
0.121726
0.493149
1
0.111416
0.759435
0.794489
0.0388673
1
0.853424
0.810416
1
0.0539744
0.0434493
0.311258
0.0347101
0.0602032
0.0567525
0.664006
0.0885778
0.0664587
0.0443341
1
1
0.0599254
1
0.713713
0.330444
0.2931
0.273088
1
0.391836
0.34814
0.0681411
0.0504806
1
0.578448
0.0133117
1
0.927525
1
0.249212
0.171023
1
0.0702825
0.914947
1
0.19618
0.120001
0.0999022
0.0265035
0.0897125
0.660861
0.887388
0.351336
1
1
0.893622
1
0.207482
0.252171
0.333967
0.0523626
0.523586
0.0299275
0.196353
0.754891
0.499506
0.0807064
0.328463
1
0.129174
0.603304
0.0967761
0.503158
0.134919
0.13357
1
1
1
0.119731
0.423978
0.261051
0.266998
0.242474
0.821544
0.365632
1
0.153759
0.105566
0.665982
0.457703
0.566716
0.572879
0.175026
1
0.131911
0.283107
0.140967
0.120634
0.252155
0.0130483
1
0.63222
0.0496335
0.173128
0.578702
0.372578
1
1
0.316334
0.206651
0.0824492
0.405706
1
0.0412007
1
0.14391
0.164385
0.654959
0.34928
0.748966
0.0592481
1
0.548774
0.594941
0.158121
0.428109
0.777305
0.0562552
0.118547
0.177571
1
0.925998
1
0.0844201
1
0.424871
0.381113
0.0834291
1
0.0609571
0.250122
1
1
0.213658
1
0.209769
0.197462
0.0750961
1
0.0477214
0.0359772
0.133151
0.0996456
1
0.139335
0.438784
0.0620653
0.723991
0.17606
0.355594
1
1
0.436057
1
1
0.204237
1
0.24473
0.124483
0.256012
0.0465444
0.0183784
0.107994
0.86077
1
0.113063
0.706906
1
0.131218
0.1057
1
1
1
1
0.473523
0.35683
0.0242074
0.0843109
1
0.645775
1
0.954119
0.397658
0.505975
1
1
0.399055
0.198584
0.133655
0.41575
0.848905
1
0.110023
0.0683359
0.235284
0.210157
0.979592
0.34994
0.26156
0.0439654
0.0665893
1
1
0.179362
1
1
0.264504
1
0.848837
1
0.817337
0.303023
1
0.413842
0.409434
0.32782
0.290301
0.896447
0.132378
0.065174
0.0183442
0.153835
0.0306904
0.276033
1
0.491951
0.594842
0.476376
0.419232
0.02269
0.268402
0.0476395
0.183502
1
0.175894
0.11781
0.0969267
0.623824
0.0970572
0.145668
0.475376
0.112098
0.562155
0.0742543
0.591745
1
0.706249
0.728216
0.0333821
0.41595
0.740585
0.154968
0.0688596
0.190816
0.949007
0.655618
0.0915567
0.302724
0.0857754
0.445101
0.0750376
0.0122667
0.0978367
0.0436598
1
1
0.17969
1
0.0133033
0.533805
0.0444975
0.771606
0.230783
1
0.0510436
1
0.436753
0.979953
0.850126
0.227707
0.617388
1
0.17697
1
1
0.203608
1
0.563975
0.374687
0.042197
0.445705
0.0582142
1
0.0562305
0.666362
0.0151808
0.286809
0.307434
0.237466
0.0564238
0.939275
0.132618
0.645265
0.529809
0.023911
1
0.033132
0.11204
0.108866
0.464413
0.501589
0.0228025
0.0419532
0.257814
0.55963
1
0.591802
1
1
0.026864
1
0.185586
0.997709
0.289903
0.0349077
1
0.93262
0.872618
1
1
0.299561
0.050693
0.136183
0.0710976
0.173848
0.641863
0.073343
0.224458
0.35736
0.157324
1
0.0748621
0.0350364
1
1
1
0.638731
1
0.130952
1
0.401509
0.010489
1
0.0680306
0.0305359
0.0248544
0.773849
1
1
0.0651297
0.0449052
1
0.468002
0.18783
1
0.0417246
0.670046
0.0253522
0.183086
1
1
0.365816
0.256182
0.55884
0.808733
1
0.180217
0.48502
0.744492
0.0359893
0.138919
1
1
0.166651
0.533391
0.249024
1
0.172975
0.153527
0.0625944
0.126308
1
1
1
0.0464347
0.436523
0.357159
0.108633
1
0.0948011
0.169091
0.082497
0.543592
1
0.247263
0.386111
0.875868
0.7298
0.0518575
0.101378
0.283719
0.686522
1
1
0.0266131
0.267271
0.35112
0.706833
0.187297
1
0.629801
1
0.361551
0.393524
1
0.96381
0.881017
1
0.432138
0.840259
1
1
0.185948
0.296412
1
0.074567
0.222381
1
0.10063
0.302207
0.317794
0.154968
0.557701
1
1
0.201733
0.763314
0.0140453
0.278501
0.724007
1
0.186855
0.604314
0.152216
0.0806749
0.441425
0.0502943
0.939294
0.422745
1
0.437395
0.268594
1
0.793323
0.913828
1
0.0293177
1
1
0.959346
0.269786
0.416132
0.846694
0.106345
1
0.273075
0.990238
0.0487102
0.13593
0.0592964
1
1
0.534679
1
0.266073
0.907193
0.733977
0.274319
0.0180169
1
0.214711
1
0.616027
0.359811
0.292003
0.00669402
0.921924
0.151198
0.129583
0.105967
1
1
0.0999699
0.243608
0.697956
1
0.186483
0.269214
1
1
1
0.127049
0.66203
0.117672
1
0.039926
0.0284737
0.871916
1
0.200904
1
1
1
0.397386
0.071468
0.0662678
1
1
1
0.313725
0.77861
0.0966298
0.0710126
0.0490412
0.207815
0.170083
0.679539
1
0.966111
1
0.104854
1
0.280033
0.235814
1
1
0.178321
0.175826
0.41017
0.0827015
0.105718
0.0283925
0.0303926
0.4733
0.44993
1
0.109123
0.0953127
0.753954
0.736523
0.76197
0.0456765
1
1
0.153994
0.0758158
1
0.036987
0.23823
0.595051
0.722735
0.505757
1
1
0.387946
1
1
0.154379
0.228133
1
0.0336399
0.116418
1
0.0709426
0.304754
1
0.0181879
0.159603
1
0.0521564
0.178017
0.301785
1
1
0.279042
0.12595
0.197361
1
0.24653
0.0326228
1
0.116402
0.399026
0.155333
1
1
0.725406
0.806144
1
0.452622
0.391333
0.186465
0.0988349
0.123842
0.150317
1
1
0.949755
0.214206
0.446347
1
0.305875
1
0.216159
1
0.132551
1
0.0335004
1
0.256497
0.0948542
0.0800047
0.552874
0.253431
0.265011
1
0.0150404
0.316702
1
0.112637
0.0541419
0.140712
0.0258953
1
0.0468549
1
0.194991
1
1
0.106855
0.0467524
1
0.0593785
0.0910623
0.914481
1
0.164607
1
0.212069
0.281031
0.0951567
0.794555
0.756456
0.404697
0.0352755
0.174352
0.337096
0.0969709
0.131657
0.35192
0.262129
0.085798
1
0.183818
0.274038
0.607154
0.385576
0.0275138
0.0732303
0.919483
0.0160641
0.137567
0.0143798
0.157613
0.457606
0.133995
0.432518
0.174691
1
0.786812
0.141103
0.313583
1
0.441159
0.149813
0.775477
0.0987605
0.070187
0.119497
1
0.0160872
1
1
0.231223
0.524462
1
0.547186
0.0831872
0.195311
0.602442
0.106196
1
0.161577
0.437411
1
0.0745071
0.494279
0.203308
1
0.648577
1
0.0997179
0.34855
1
0.137046
0.226622
0.264179
0.231081
0.0705085
1
0.135746
0.537872
1
1
0.0181773
0.0178377
1
0.146173
0.128665
0.235551
0.248716
0.386401
0.0139195
0.162251
1
0.717875
0.553266
1
1
0.193587
1
0.181989
0.0217989
1
1
1
0.612335
1
0.842373
1
0.0416415
0.405537
0.165452
0.23407
1
0.383916
0.212625
0.434416
1
0.127747
0.851598
1
0.102018
0.364469
1
0.342355
0.89841
1
0.236351
1
0.538921
0.331643
0.00697399
0.198651
1
0.777132
0.104278
0.0346598
1
0.147329
0.352612
1
0.418817
0.58166
1
1
0.986474
0.229318
0.196213
0.0642251
0.0950263
0.044501
0.187979
0.281703
1
0.377048
0.956163
0.0426705
0.110736
0.118435
0.172185
1
0.058714
1
0.407392
1
0.711157
0.264403
0.140789
0.424161
0.213391
0.105443
1
0.943141
0.148127
0.0342086
0.330092
0.100274
1
1
0.630439
0.148613
0.0539814
0.302162
1
1
0.0470242
0.0969469
0.572712
0.037582
1
0.466868
0.0291981
0.0111065
1
0.678687
0.0579471
0.923271
0.0930286
0.326653
0.332378
1
1
0.561815
0.13975
0.45413
0.425079
0.157262
0.839191
0.0594855
0.106867
0.122818
0.0483698
0.803741
0.403805
0.271379
0.783413
0.0114548
0.055061
0.319488
0.116573
0.0458638
1
0.0842308
1
1
0.208379
0.554335
0.198889
0.264215
0.157217
0.449144
0.493897
1
0.157337
0.930415
0.431239
1
1
0.757688
0.0508426
0.0902691
0.154403
0.0907868
0.324116
0.222636
0.218951
0.0628903
0.132378
0.355004
1
0.155015
0.138345
0.260687
0.31783
0.30919
0.0683214
1
1
0.438422
0.313035
0.853244
0.0501435
0.187962
1
0.311194
0.488158
0.131035
1
0.0254329
0.409155
0.901395
0.937815
0.515471
0.0835494
1
0.845049
1
1
0.0620297
0.43995
0.454247
1
1
1
0.532304
0.20894
0.204773
1
1
0.0977179
0.0777311
0.438909
0.076957
0.446354
0.0194765
0.178105
1
0.101297
1
0.86705
1
1
1
1
0.119744
0.368786
0.144748
0.933732
0.871406
1
0.771441
0.238467
1
0.101985
0.352169
0.0662634
0.402052
0.435295
0.226476
0.332923
1
1
0.755132
0.429627
1
0.781221
1
0.108107
1
0.197963
0.154101
0.229172
0.841516
0.0434985
1
0.288392
0.307027
0.0547268
0.361494
0.347919
0.129951
0.145949
0.141098
0.140936
0.674581
0.13199
1
0.558624
0.851311
1
0.642197
0.872222
0.777849
0.310089
0.100818
0.248346
0.0119017
0.0771466
0.0248643
0.132035
0.164718
0.519916
0.059543
0.237078
0.0851705
1
1
0.241713
1
1
0.26999
0.397703
0.203999
0.950751
1
0.646371
1
0.154842
0.394899
0.955779
0.0602742
0.0593053
1
0.33933
0.361785
1
0.718938
0.937057
0.881892
0.122919
0.223483
1
0.531668
0.499655
0.461559
0.508029
0.917264
1
0.0341046
0.0411521
0.240913
1
0.0143849
1
0.109256
0.428687
1
0.0926514
0.143992
0.0323764
0.0192915
1
0.329086
0.874794
1
0.169496
1
0.0697366
0.0468041
0.349077
0.394584
0.106056
1
0.29896
0.0682342
0.868499
1
1
0.0763014
1
0.784439
0.127689
0.33097
0.375176
0.13832
0.187394
0.0835253
0.782941
0.158741
0.371715
0.670916
0.0299701
0.697745
1
0.110173
0.0309449
0.383407
1
0.961062
0.0826445
0.139604
0.28402
0.152348
1
0.56689
0.182252
0.033279
0.0922299
0.578253
1
0.0560738
0.13206
0.345557
0.890221
0.48542
1
0.693188
1
0.200372
0.629591
1
0.075701
0.964893
0.653352
0.675922
0.308888
1
0.451322
0.219585
0.401451
1
0.216664
0.0426992
0.133651
0.344034
1
0.089856
0.0402665
0.0195268
0.057458
0.0452473
0.139349
0.117012
1
0.149377
0.98245
0.124989
0.471733
1
1
0.209883
0.0375251
0.0998459
0.123446
0.252274
0.64906
1
0.538016
0.0580415
0.292491
0.840873
1
0.127613
0.776394
1
1
0.259595
0.545101
0.202801
0.602124
0.244083
0.167803
0.901552
0.0240539
0.492072
1
0.551892
0.305396
0.120222
0.150217
0.0353542
0.142232
1
1
1
1
0.39944
0.52704
1
0.228692
0.300268
0.737406
0.617593
1
0.303077
1
0.174834
0.106285
0.107138
0.137084
0.626856
0.594951
1
1
1
0.101865
0.291208
0.133936
0.402407
0.151503
1
0.909947
0.53397
0.0574579
1
1
0.498894
1
0.571153
1
0.654915
0.237278
1
1
0.467057
0.766437
0.522566
1
0.776774
0.969686
0.819972
1
0.733422
0.0116877
0.386306
0.0932681
0.027846
0.438349
1
0.63376
1
1
0.475768
0.25319
0.0575011
0.0123289
1
0.00581186
0.812081
1
0.187301
1
0.0860568
0.5287
0.0123399
0.834322
1
0.408365
0.0604159
0.781168
0.467936
0.224923
0.0311542
1
1
0.245809
0.861212
0.485409
0.0503615
0.398985
0.322254
0.107903
0.0879617
0.419524
1
0.169606
1
1
0.0902491
0.158462
0.488321
0.439656
0.627588
0.0360666
1
0.11241
0.0527146
1
0.737718
0.215429
0.329373
0.0124041
0.362883
1
1
0.106847
0.79114
1
1
0.268821
0.0766191
0.0210342
0.302227
0.237394
0.0951797
1
0.0861226
0.00952444
0.121754
0.418395
0.277006
0.664509
1
0.0292835
0.0205277
1
0.489691
1
0.842921
1
0.0394309
0.191685
0.200743
1
0.362562
0.0814609
0.381702
0.111648
0.094484
0.734658
0.021828
0.579542
1
0.0151544
1
0.482644
0.193777
0.0917401
0.07662
0.101528
0.165534
1
0.453407
0.492301
0.119884
0.931076
0.156855
0.0399473
0.0793208
0.644099
0.340205
0.835094
0.146146
1
1
0.0885069
1
0.607993
1
0.139313
1
0.1198
0.0825806
0.223567
0.119647
0.0816378
0.255716
0.913295
0.496022
0.435615
0.0682147
0.33493
0.305868
0.89267
0.479438
1
0.661019
0.848212
0.0988316
0.772473
0.113879
0.823093
0.151826
0.394301
0.507908
0.360902
1
0.134375
1
0.0293791
1
0.064415
0.0406815
0.0758334
0.0581851
0.0334184
0.0304207
0.146137
0.420025
1
0.0828355
0.139368
0.0865616
0.0406657
0.404639
0.30273
0.0191241
0.288745
0.388066
1
0.152558
0.398395
0.550824
0.202222
1
0.0779207
1
0.919557
0.153534
0.0603337
0.167196
0.148215
0.0910873
0.160733
0.123029
0.0231674
0.357968
0.18768
0.104595
0.00556412
1
0.251161
1
1
0.0884577
0.214985
1
0.284144
0.148672
1
0.302058
0.0688748
0.155918
0.244913
0.0259717
0.284183
0.934093
1
0.738714
0.270164
0.11709
1
1
0.854046
0.915741
0.209705
0.133282
1
0.217437
0.127803
0.153014
0.173133
0.496959
0.163494
0.148187
0.362452
0.908676
0.494903
0.104332
1
0.64625
0.0830186
0.513496
0.0380699
1
0.233025
0.502731
0.0372723
0.0176704
1
0.687243
0.136777
1
0.0540093
1
0.150274
0.178326
0.0193736
1
0.0222393
0.423709
1
0.42153
0.471248
0.312939
0.911263
1
1
0.477822
0.431041
0.0477642
0.335179
0.290157
0.201823
0.174287
0.279244
0.216815
0.0281724
0.0214257
0.252714
1
0.0149414
0.139616
0.0175999
0.0240391
0.0645312
1
1
0.543266
0.981537
0.547737
1
0.0287926
0.185712
0.065413
1
1
0.392226
0.320338
0.521962
0.215588
1
0.69649
1
0.243188
0.118524
0.0320339
0.0577595
0.426861
1
0.831586
0.065267
0.834991
0.0741355
1
0.765839
0.984293
0.650378
1
0.122671
0.498926
0.129535
1
0.0164814
0.8983
0.197308
0.339452
0.0781491
0.0535525
0.0111025
1
0.51669
0.357548
1
0.221271
0.741011
1
0.0968954
0.0781216
1
0.629613
0.0732528
0.316725
1
1
1
0.429767
1
0.806817
0.188735
0.989681
0.109624
0.0663001
0.139075
1
1
0.0432019
0.235701
0.173761
1
0.280116
1
0.11917
0.577824
0.0639921
0.0153015
0.108046
0.024326
1
0.547949
0.244122
1
0.282704
0.715231
0.370604
0.568372
0.274866
0.186718
0.420761
0.177024
0.447834
0.0239246
1
0.0320437
1
0.86856
0.0704823
1
0.336169
1
1
0.95513
1
0.949553
0.372968
0.0898227
0.459401
1
1
0.9508
0.581159
0.313351
0.317453
1
0.52873
0.512886
0.217759
0.149634
0.33343
0.136602
0.906337
0.846852
1
0.179727
0.110071
1
0.276214
0.132254
1
0.680259
0.0902744
1
0.628173
0.934995
0.621579
0.166808
0.273947
0.0544523
0.0319767
0.925656
0.0958678
0.05759
0.097774
1
0.183841
0.0773518
0.0330996
1
0.0133815
1
0.302966
0.109743
0.139359
0.819566
0.544606
1
0.396656
0.343715
0.0468766
0.102431
0.084467
0.902594
1
1
0.0454758
0.0340053
0.0928434
0.959655
0.123505
1
0.281397
0.920009
0.195108
0.321773
1
0.721625
0.044178
0.678841
1
0.365774
1
1
0.0820087
0.431503
0.0702683
0.978241
1
0.152015
0.419689
0.0353661
0.347334
0.0182549
0.112009
0.159909
0.0671063
1
0.235442
0.0089036
0.066167
0.904005
0.284826
0.0317654
0.897708
1
0.191779
0.0626217
0.0376928
1
0.0928143
0.0785237
0.0578203
0.6786
0.0963163
0.789412
0.0304863
1
1
0.052348
0.140873
0.998571
0.510079
0.213667
1
0.0281294
0.647985
0.255142
0.121921
0.452562
0.666309
0.0346712
0.420641
0.561639
0.0469137
1
1
1
0.714526
0.0707529
0.0715683
0.204047
0.296341
1
0.019444
0.0231232
0.149788
0.358037
1
0.556185
0.176427
0.250665
0.598952
0.298325
1
0.293662
0.11862
1
0.145571
0.081516
1
0.338706
1
0.0966851
0.320477
0.722708
0.218764
1
1
1
1
0.200686
1
0.20914
0.0870636
1
0.0557509
0.176047
1
1
0.261176
0.0330507
0.0943814
1
0.51944
0.365116
0.0792491
1
0.361037
0.950345
0.428517
0.679257
0.114793
0.29618
0.101735
1
0.630788
1
0.058537
0.310059
0.824719
0.462935
0.530018
0.912901
0.48932
0.0320113
0.135889
0.0604907
0.931444
1
0.639027
0.446534
0.0295113
0.743445
0.445956
0.141445
1
1
1
0.0548127
0.142018
0.466828
0.922239
0.382369
0.459209
0.179367
0.138622
1
0.322052
0.418881
0.434211
0.157617
0.993866
1
0.909835
0.0945435
0.575445
1
0.447765
0.429788
0.544858
0.0309161
0.024307
0.0322062
1
1
0.0411239
0.206882
0.30838
0.0826952
0.776379
0.384625
1
0.72941
0.156867
0.258676
0.0791769
0.956309
0.540597
0.687621
1
0.122963
0.203502
1
0.0693268
0.108619
0.361314
1
0.774989
0.44806
1
1
0.663103
0.152064
0.8954
1
0.157534
0.318265
0.130058
1
0.287299
0.196954
1
0.948372
0.121649
0.148532
1
0.850474
1
0.286414
0.340266
0.129871
0.115788
0.896503
0.150088
0.318822
0.231073
0.0124421
0.828109
0.0909983
1
0.130713
1
1
0.419202
0.332152
0.22373
0.0387759
1
0.133752
0.0689679
0.148736
0.874175
0.0347206
0.365899
0.350325
0.387723
0.767183
0.0876116
1
0.892099
0.285728
0.916851
0.0296131
1
0.16718
1
0.876507
0.0374162
0.187786
0.155767
0.380916
0.196909
0.100642
0.217456
0.219406
0.719392
0.603231
0.465841
0.584994
1
0.359119
0.0563789
0.59327
0.525133
1
0.268129
0.564199
0.803596
1
0.718466
1
0.31564
0.0452038
0.159717
1
0.0237335
0.0455235
0.1622
0.340351
1
0.0977213
0.0395431
0.174441
0.448687
0.0190098
0.405251
0.309192
0.121826
0.293151
0.248157
1
0.286478
1
0.330753
0.022362
0.0841668
0.528905
1
0.224111
0.24948
0.360382
0.139018
1
0.926147
0.504587
1
0.869217
0.738037
1
1
0.146974
0.304401
0.397293
0.101364
0.301367
1
0.0928898
1
0.348503
0.278186
0.157749
0.11596
0.363527
0.511192
0.687867
0.1262
0.105259
1
0.973872
1
0.286279
1
0.755776
0.428258
0.152915
0.162924
0.116756
0.682694
0.119136
0.0507663
1
1
1
1
0.0875332
0.209711
0.10044
0.185279
0.0542175
0.0499686
0.228322
0.131841
0.572414
1
0.52575
0.372673
0.374984
1
0.344125
0.101497
0.852774
1
0.0328615
0.79758
0.660298
1
1
0.225394
1
0.0601503
0.061243
0.679169
0.929698
0.129418
0.63315
0.332098
0.81545
0.185738
1
1
0.0221407
0.294269
0.335876
0.258558
0.270811
0.14665
0.134919
0.249389
0.0706069
1
1
1
0.0934983
1
0.0641003
0.0232054
0.0923372
0.142791
0.176132
0.820648
0.214844
0.652523
0.0533799
0.142732
0.070478
1
0.497116
0.712261
1
0.370783
0.365236
0.0719162
0.276948
0.0533999
1
1
0.613389
0.073877
0.442405
0.0568163
0.534353
0.734304
0.250009
0.486804
1
0.506045
0.0490952
0.211253
1
0.0593631
0.045764
1
0.155417
0.615896
1
1
0.0198667
0.0686801
0.0351078
0.330528
0.0810955
0.122193
0.0129931
1
1
1
1
1
0.429272
0.409488
0.145149
0.133216
0.0939778
0.0431044
0.0562749
0.425136
0.544397
0.674145
0.853744
0.125278
0.796425
0.242505
0.574111
0.0229411
1
1
0.0543615
0.216056
1
0.173338
0.248078
1
0.205689
1
0.37308
0.444033
0.0700539
0.992808
1
0.323981
0.0824505
0.122159
1
0.568134
0.0816639
1
1
0.810235
0.11834
0.816409
0.220016
0.321501
0.382247
0.670877
0.410894
0.0899299
0.542217
0.253705
1
0.0473059
1
0.305321
1
0.0431657
0.423356
1
1
1
0.0447675
0.446851
0.0681151
0.264766
0.386315
0.167744
0.120037
0.0781089
0.493915
0.0969614
0.645289
0.0773205
0.983111
0.206943
0.240635
0.0147609
0.236792
0.17052
0.58815
1
0.022841
0.488788
0.30176
0.311705
0.207579
1
0.40214
1
1
1
0.309224
0.807863
0.0872284
0.198793
0.0584864
0.816867
0.221615
0.488687
0.0778172
0.642585
0.0547985
0.762759
0.273449
0.375791
0.402134
1
0.558008
1
0.0778971
0.158385
1
1
0.571544
1
0.993081
0.396305
0.321149
0.183462
0.0526347
0.27981
0.158156
0.429112
0.334649
0.288333
0.0357177
0.180258
1
0.190332
0.0354839
0.0904892
1
1
0.340959
0.0123248
0.00750796
0.390633
0.163717
0.199554
1
1
0.0294859
0.24652
0.0875327
0.346648
0.323994
1
0.0716488
0.0316142
1
0.0312997
1
0.775867
0.686133
0.0461779
0.115136
0.53534
0.106321
1
0.587932
0.020371
0.0682517
0.508002
0.396378
0.301621
0.0584086
0.0641182
1
0.0983735
0.0754487
0.29026
1
0.0222603
0.421192
1
0.0806711
1
1
1
1
0.509851
1
1
0.507733
0.463395
