0.0500772
0.552053
1
0.38685
0.558821
0.731658
0.465336
0.25521
0.474198
0.497404
0.491304
1
0.526429
1
0.162496
1
1
1
0.0637611
0.169283
0.519017
0.0936316
0.437389
0.0826199
0.267316
1
1
1
0.820486
0.387889
1
1
1
0.487364
1
1
1
0.279178
1
0.922575
0.418856
1
1
0.139467
0.216259
0.893647
0.162086
1
1
0.657554
1
1
0.0207135
1
1
1
0.484011
0.414764
1
0.276742
1
0.229295
0.373423
0.662925
1
1
0.664647
1
0.462912
1
1
0.317001
1
1
1
0.71167
0.163992
1
0.0210003
0.226775
0.995133
0.893778
1
1
0.682007
1
0.143862
0.665129
0.384181
1
1
0.0355787
1
0.348949
0.763829
1
1
0.033816
1
0.694604
0.53934
1
1
1
1
0.243077
0.0276428
1
1
0.338394
1
0.425178
1
0.342993
0.993506
1
0.32907
1
0.443597
1
1
0.270542
0.301623
0.34296
1
1
0.821846
0.207073
0.60271
1
0.0721632
0.735844
1
0.835414
0.0990753
1
0.100546
0.0108682
1
1
1
1
1
1
1
1
0.56241
0.910776
0.183676
1
1
1
0.30276
0.503154
0.535952
1
1
1
0.0441697
0.989206
0.935832
1
1
1
1
0.854882
0.133231
0.0540103
1
1
0.0712619
0.907607
0.294861
1
1
1
1
1
0.948036
1
0.223727
0.264674
0.708227
0.621561
1
0.442934
0.269093
0.551495
0.7056
0.638603
1
0.30711
0.410575
1
0.737967
1
0.297106
0.861249
0.841995
1
0.24774
1
0.0771128
0.765946
0.337912
1
1
1
1
1
1
0.522329
1
1
1
0.804242
1
1
0.0518393
0.746025
0.0335999
0.333688
1
1
0.257797
1
1
1
1
0.608895
0.638537
1
1
1
0.594932
0.0840544
0.234451
0.977504
0.350466
1
1
1
0.363525
0.185834
1
0.153739
0.250978
1
1
1
0.346484
1
1
0.191266
0.910058
1
0.00969108
1
0.488891
0.64807
1
0.322329
1
0.958621
0.0681056
0.224055
1
1
0.517503
0.173189
1
1
0.138831
1
1
1
0.836284
0.686333
0.470651
0.0773001
0.0489496
0.107415
1
0.427955
0.0698579
1
1
1
0.95493
1
1
0.603769
0.685459
1
1
0.522267
1
1
0.635945
0.620735
1
0.511441
1
0.0445047
0.116103
1
0.0809673
1
1
1
0.378906
0.304372
0.182618
0.523635
1
1
1
0.0873901
0.925558
0.110075
1
0.131921
0.104044
1
0.646248
1
0.200192
1
1
0.194809
0.901305
1
0.172895
1
0.56428
1
1
0.853536
1
0.136569
0.155414
1
0.132928
1
1
1
0.229237
1
1
1
0.557791
0.626346
1
0.787399
1
0.101992
1
1
0.56167
1
1
1
1
1
1
0.520028
1
0.0839134
0.364464
1
1
1
0.420643
1
1
0.352373
1
0.310636
1
1
0.888367
0.254722
0.39903
0.149954
1
0.0461914
1
0.0997574
0.172973
0.536957
1
0.12685
0.797822
0.0955903
0.983898
0.244493
0.604474
0.230569
1
0.649613
0.144202
0.112152
1
0.0568926
1
1
0.198083
1
1
0.247501
0.360028
0.230612
0.617706
0.519295
1
1
0.0401465
1
0.245649
1
0.216547
0.297314
1
0.341337
1
0.289263
0.150992
0.93646
1
1
1
0.56671
0.341092
0.0381751
1
0.766135
1
1
0.582389
0.974038
1
0.414636
0.731315
1
1
0.95491
0.530747
1
0.03677
0.0524027
0.470836
0.300927
1
0.633767
0.0403201
0.0754353
0.202917
1
1
0.432526
0.333673
1
1
0.932585
1
0.565966
0.234234
0.738973
1
0.564102
0.252674
0.955164
0.325006
1
1
0.266981
0.602287
1
0.207021
0.201879
1
0.125865
0.466858
0.0479017
0.0598393
1
0.228912
0.232752
0.901421
0.211128
1
0.146577
0.0659471
0.0183847
0.190635
0.216663
0.320931
0.430948
0.109531
0.673783
1
0.486502
0.272783
0.241374
1
0.347201
1
1
0.0917501
0.832715
0.323706
0.189343
0.0423063
0.15509
0.0256818
0.129028
0.292088
0.373469
1
0.0715298
0.973079
1
0.277465
0.2923
1
0.0900992
0.399704
0.339833
1
0.0646628
0.0802046
1
1
1
1
0.379808
0.203265
0.248068
0.0547782
0.353915
0.0691306
0.254669
0.625155
1
0.362067
0.586527
0.707975
1
1
0.577225
1
0.138677
1
0.438991
1
0.485727
1
1
1
0.247716
0.494184
0.0522774
0.00721423
0.421118
0.0583856
0.610409
1
0.221702
0.0178013
0.0334905
0.387089
0.197183
0.183684
0.354308
0.0660835
0.0968054
0.689073
0.192685
0.241424
0.0132287
0.0669558
0.176792
0.114881
0.0168449
0.344244
0.2897
0.591539
0.346373
0.124804
1
0.500581
1
0.411404
0.134985
0.0677804
0.319847
0.0639813
0.0600597
0.389346
0.393301
0.236791
0.591503
1
0.199082
0.0440873
1
0.480135
0.227176
0.655237
0.127023
0.812608
1
0.0497992
0.0214241
0.672241
1
0.067697
0.0809116
0.610176
0.202506
0.774
0.0685049
1
1
1
0.495159
0.431878
0.415462
0.0257792
0.343006
0.35025
1
1
0.0130928
0.566628
0.702732
0.230719
1
0.134175
0.506377
0.152481
0.160641
1
0.104926
0.132497
0.384655
0.114406
0.629407
0.255462
0.133381
0.0122204
0.203158
0.0550391
0.0324605
0.193087
0.0546233
0.4379
0.0783618
0.337523
1
0.673975
1
0.444666
0.217903
0.516765
0.202853
0.00999523
0.198816
0.949951
0.15444
1
0.0667842
0.126509
1
0.0631066
0.957779
1
0.0526555
1
0.0545393
0.563426
1
0.242053
0.138749
0.275679
1
0.0159501
0.282659
0.163657
0.718284
0.0422491
1
1
0.476143
0.204245
0.131609
1
0.396303
1
1
1
0.0681017
0.0570708
0.116351
0.776498
0.97738
0.22083
0.342868
0.148877
1
0.508763
1
1
0.189872
1
1
0.328903
0.344163
0.554473
0.17619
0.0450297
1
0.299842
0.0605561
0.0345188
0.0679885
1
0.57277
0.52494
0.806799
1
0.0748658
1
0.185908
0.347258
0.192009
0.35692
1
0.56277
1
0.118306
0.200541
0.0405053
1
0.0570614
1
1
1
0.608829
0.448128
1
1
1
0.223797
0.0826881
0.520833
0.753937
1
0.124315
0.51527
0.456887
0.446581
0.665551
0.299996
1
0.411567
0.369277
0.178064
0.27508
0.031533
0.181966
0.307516
0.0456322
0.368185
1
1
0.302585
0.970196
0.983816
0.496819
0.276764
0.00359946
1
1
0.0686611
0.534715
0.183983
0.308706
1
0.0968179
0.0755502
0.666918
0.0361505
0.169095
1
0.346074
1
0.017411
0.261172
0.830471
0.216421
0.511383
0.398376
1
0.194514
0.156488
0.666082
1
0.053931
0.146107
0.698945
1
1
0.0235407
0.123272
1
0.198427
0.336227
1
0.134394
1
0.268071
0.713458
0.785766
0.0614832
0.270759
1
1
0.216374
0.153375
0.0599631
0.335536
0.0569764
0.657961
0.0507391
0.472166
0.0672039
1
0.216353
0.0416518
0.100627
0.0260767
0.214608
0.57405
0.561936
1
0.858868
1
0.0681979
0.250793
0.695591
0.779937
0.275331
0.221335
1
0.0891499
0.107119
1
1
0.225219
0.997913
0.24931
1
0.13116
0.533817
0.133433
0.0201047
0.336609
0.554494
0.0919744
0.806895
0.129676
0.179751
0.107969
0.517392
1
1
0.207989
0.538322
1
1
1
0.85318
0.152344
1
0.397843
0.261607
0.663234
0.562544
0.998654
0.604242
1
0.0350098
0.973578
0.180624
0.332885
0.369443
0.146054
0.970266
0.400891
0.430424
1
1
0.707859
0.467698
0.334713
1
0.249885
0.359821
0.249405
0.731897
0.973002
1
1
0.701201
0.230027
1
0.507717
0.080802
1
0.381291
0.364167
0.985834
0.882131
0.357735
0.171434
0.152681
1
0.021811
0.216459
1
0.0656706
0.270634
0.388749
0.921401
1
0.12255
0.299084
0.144723
0.0531398
0.551835
0.269464
0.278331
0.176436
0.314996
0.27515
0.768016
0.167707
1
1
0.624668
1
0.504612
0.0542656
1
0.883221
0.730986
0.182508
0.422174
0.630051
1
1
0.266488
1
0.381483
0.156783
0.0150353
1
0.24453
0.149037
0.441411
0.431283
0.868557
1
0.212203
0.153586
0.20388
0.152438
0.189254
0.55091
1
0.293209
0.612567
1
1
0.24372
1
1
0.907144
0.809022
0.152762
0.801464
0.61615
0.010255
0.534287
0.646177
1
0.586858
0.0544369
0.058131
1
0.280625
1
0.179205
0.181769
0.354426
0.582443
1
0.449363
1
0.524584
0.526137
1
0.116276
0.0848704
0.497419
0.229632
1
1
1
0.199505
1
0.0415174
0.086542
1
0.109175
1
0.944054
0.0762846
0.615325
1
0.0401241
1
1
0.329185
0.694014
0.530558
0.0361718
1
0.10317
0.420186
1
0.130375
0.0239065
0.44791
0.137776
0.0586342
0.389423
0.46482
1
0.738355
0.206743
0.113216
1
0.413546
1
0.665817
0.121734
0.0762737
0.297533
0.307539
0.251923
0.0310729
0.089549
0.214925
0.302739
0.437629
0.355289
0.540641
0.0458617
0.469577
0.343529
1
0.115135
0.786144
0.149069
1
0.0521634
1
1
0.550561
1
0.422284
0.0730513
0.219388
0.337891
0.597814
0.101167
0.0176259
0.0329197
1
1
0.257674
0.248742
1
0.179205
0.534462
0.295463
0.372055
0.38634
0.20945
0.587521
0.0881685
0.195379
0.771728
0.0944605
1
0.687833
0.483095
0.0577672
0.549367
0.354196
0.124143
1
0.0728796
0.361725
0.354944
0.874442
0.165097
1
0.0138645
0.928002
0.256924
0.302709
0.579899
0.545036
1
1
0.0367691
1
0.581096
0.147417
1
0.141052
1
0.139101
0.199841
0.503717
0.093254
1
1
0.0184611
0.0822227
0.137031
1
0.78881
0.988752
1
0.168229
0.238136
0.40377
1
1
0.381141
1
0.0460754
1
0.366595
0.0350307
1
1
0.706585
1
0.40665
1
0.617775
0.749573
0.230821
0.393369
0.186961
0.23548
0.632516
0.363601
0.672777
0.238759
0.352527
0.946753
1
1
1
0.015102
0.0822866
0.458879
0.325517
0.162277
0.540278
0.150838
1
0.182139
0.23577
0.0951996
0.338508
0.0348638
0.365053
0.643458
1
0.103977
0.304344
1
0.199538
0.0176496
0.267185
0.258367
0.373029
1
0.0391064
0.749896
0.310176
0.956817
1
0.419262
0.0936202
0.624998
0.363677
0.595743
1
0.364775
0.623308
0.234051
1
0.425143
1
0.522266
1
0.107647
0.832215
0.193512
0.115939
0.336477
1
1
0.505499
0.040034
0.0593533
0.108969
0.828856
1
0.213412
0.00850407
0.469265
0.99456
0.180841
0.957904
1
0.114402
0.0106863
0.312798
1
0.121449
0.294892
0.145478
0.175187
0.528139
1
0.711814
0.170316
0.144084
0.36691
0.495029
0.35922
0.251022
0.106908
0.354791
0.71968
0.276323
1
1
0.203602
1
1
0.765172
0.0910007
0.0708248
0.922735
0.317793
1
0.806943
0.795939
1
0.75001
1
0.280274
1
1
0.329881
0.00730103
0.0581759
0.073656
0.417493
1
0.243721
0.179274
1
0.502866
1
0.0135975
0.633614
1
0.0485195
0.437315
0.120951
0.265464
0.0970549
0.0923494
0.329253
0.615564
0.983454
1
0.294516
0.11377
0.500147
1
1
1
0.222486
0.852836
0.756246
1
0.160457
1
0.369649
0.0143115
0.168799
0.0445416
0.103546
0.0719421
0.0805252
0.337099
0.181029
0.0940557
0.217387
0.564913
1
1
0.106785
0.0154174
0.151117
0.161968
0.140634
0.272517
0.434769
0.174333
0.733057
1
0.131428
1
0.0387117
0.639094
0.950994
0.356329
0.521608
0.363955
1
0.0645334
0.0842375
0.29175
0.205859
0.417016
0.047255
0.209088
0.123818
0.02995
0.333245
0.100396
1
0.442332
0.12088
0.111324
1
0.196417
0.532405
0.597692
0.310188
0.4709
0.220571
1
1
1
0.0787142
0.741815
0.108495
0.502005
0.06509
1
0.208717
0.793217
1
0.21094
0.154443
0.312202
0.450806
0.0851465
0.284486
0.820732
0.389734
0.4165
0.0411735
0.226368
0.283503
0.107308
0.7153
0.282214
0.623611
0.141706
0.612422
0.549529
0.195976
0.185725
1
0.628576
1
0.840402
0.0572793
0.00617774
0.303131
1
1
0.269179
0.139545
1
0.265333
1
0.366834
0.459696
1
1
1
0.918119
0.446093
0.377327
1
0.211374
0.737782
1
0.370005
1
1
0.250831
0.223325
1
0.172388
1
1
0.108089
0.954717
0.331276
0.268987
0.981523
0.143549
0.184684
0.432175
1
0.0407
0.792398
0.655124
0.281811
0.0945303
0.478591
0.304298
1
0.258783
0.0494537
1
0.296351
0.0287785
0.19504
0.480396
1
0.254739
0.336315
0.122346
1
1
0.304779
0.0701742
0.165971
0.961599
0.651954
0.0484
0.256697
0.199067
0.879075
1
1
0.157922
0.481895
0.50247
0.28127
0.409139
1
0.0915126
0.0549208
1
0.0986546
1
0.0729075
0.0826388
0.254555
0.0199985
0.787875
0.0561793
0.0428132
0.271443
0.0392153
0.0921987
0.667434
0.15655
0.33818
0.169398
1
0.116294
0.256444
0.989603
0.101299
0.0990596
0.638794
0.0225448
0.847314
0.57315
1
0.128451
0.408531
0.253199
1
0.0710436
0.143468
1
0.37399
0.0283392
0.25861
0.633903
1
0.369424
0.448952
0.394579
0.920487
0.738709
0.588333
1
1
0.204263
0.731434
1
0.0201176
0.983506
0.043087
0.111526
0.080994
0.496622
0.271894
0.274778
0.0624963
1
0.360003
0.178535
0.156276
0.550322
0.713375
0.365812
1
0.203771
1
0.183858
0.379616
0.417593
0.149701
0.926208
0.582191
0.535466
0.124281
0.492005
0.633947
0.418013
0.335561
1
0.128638
0.0577346
1
0.31301
0.612922
0.75432
1
1
0.0597658
0.84907
1
0.388487
0.522749
0.169538
0.358412
0.56946
1
0.357552
1
0.223946
0.534153
0.455578
0.637966
0.441238
1
0.484944
1
0.272264
0.557626
1
1
1
1
0.52457
0.163849
1
1
0.139715
0.686416
0.640051
0.516986
1
1
0.147124
0.841706
1
0.280458
0.879383
0.273121
1
0.164987
0.66068
0.223385
0.315542
0.655779
0.849512
0.218494
1
0.0191478
0.0736581
0.720252
0.0574529
0.187748
0.309166
0.232738
0.774741
0.2822
1
0.962668
0.238315
0.0210498
0.621424
0.0851366
0.087361
0.0702114
0.199083
0.169076
0.972123
0.313654
1
0.647547
1
0.802265
0.306541
0.275562
0.960739
0.551719
1
0.392733
0.285965
0.234714
1
1
0.408215
0.223165
0.591978
0.51413
0.468256
0.314906
0.57215
0.540168
0.974181
1
0.274597
1
0.306952
0.168528
0.0543039
1
0.306843
0.0465913
0.791664
0.203846
1
1
0.645897
1
0.320513
0.189593
1
1
0.0775487
1
0.343169
0.339337
1
1
1
1
0.234569
1
0.0587273
0.494081
1
0.660795
0.209001
1
0.46562
1
0.45887
1
0.0684999
0.0874434
0.0604925
0.540852
0.408288
1
1
0.503742
0.389794
1
1
0.110394
0.175975
0.287463
0.182925
0.283164
1
1
0.316521
0.686168
0.80193
0.0722891
0.0538598
0.101667
0.487362
0.296227
0.169958
0.996166
0.317502
0.805515
0.584539
0.0247324
0.645346
0.835685
0.439258
0.124415
0.0977951
0.02642
0.302436
0.424976
0.0877676
0.381544
0.864928
0.0317544
1
0.0872066
0.180524
0.496804
0.104578
0.172635
0.507556
0.478171
0.177518
0.188148
1
0.326297
1
0.823898
0.125106
0.235535
0.640144
0.464545
0.441679
0.502207
1
0.210311
0.258796
1
1
0.130452
0.229367
0.256964
0.590632
1
1
0.06898
1
0.135567
0.335839
0.204624
0.112679
0.559075
0.754929
1
0.940059
0.0372089
0.53127
0.0456972
0.699283
0.0806682
1
0.109364
0.12951
0.388545
0.0531986
1
0.128984
0.219628
0.104637
0.411489
0.986817
0.763997
1
0.399477
0.527237
0.598795
0.031923
1
0.0493178
0.296248
0.463426
0.106053
0.367223
0.117669
1
1
0.175442
0.763062
0.346541
0.00575887
0.255848
0.284616
0.100657
0.817172
0.19581
1
0.0611716
0.147555
0.045966
0.273292
0.782345
0.776007
0.40982
0.56049
0.264684
1
0.653109
0.502024
1
0.136314
1
0.0840342
0.365476
1
0.36757
0.0776183
0.153376
0.308977
0.194494
1
0.23923
0.0962635
0.390463
0.182161
0.648674
1
0.316669
0.362129
0.0546163
0.95578
0.254721
1
1
0.400707
0.673521
0.518838
0.327348
1
0.879079
0.0598781
0.526018
0.0854756
0.150375
0.136958
0.129949
0.239698
1
0.717483
1
1
0.298392
0.0937187
0.363298
0.608054
0.591715
1
0.0441016
0.203881
0.173787
1
1
0.248042
1
0.410691
0.471684
0.474295
0.0660761
0.0608591
0.62033
1
0.105119
0.543109
0.0891811
0.078822
0.248119
0.604817
0.751801
0.841599
1
1
0.486838
0.0872447
1
0.780772
0.656154
0.636929
1
0.918775
0.551598
0.920351
0.119617
0.0342352
0.378279
0.299813
0.0481666
1
0.280771
0.545113
0.505476
1
0.374559
0.107425
0.227055
0.436032
0.571295
1
0.072285
0.161649
0.581903
0.02645
0.279365
0.411642
0.94479
1
1
0.463366
0.529328
1
0.037583
0.326111
0.270716
0.677136
0.409516
1
0.932883
0.161942
0.417582
1
0.182008
0.248834
0.119606
0.0987532
0.361767
1
1
0.26609
0.812418
0.231016
0.305695
1
0.899314
0.387224
0.147972
0.588412
0.528072
0.0643524
0.250068
0.409129
1
1
1
0.136495
0.183494
0.311274
0.57318
0.710416
0.449918
0.263601
0.107195
0.474057
0.154641
0.499889
0.0967095
1
0.243759
0.243194
1
1
0.373431
0.312428
1
0.842182
0.31186
0.235236
0.0961527
0.366253
0.575401
0.436212
0.201345
1
1
1
1
1
0.255632
0.572071
0.38712
0.118124
1
1
1
0.140019
0.0379043
0.625695
0.120237
0.272365
0.560793
1
0.522892
1
0.306276
0.977673
0.514137
0.762097
0.222293
1
1
0.099173
1
0.102675
0.682183
0.718889
0.425239
1
0.361823
0.627171
0.431704
0.135496
0.155606
1
0.988679
1
0.347591
0.0960859
1
0.030599
0.54336
0.458692
0.148215
0.121417
1
0.54802
0.0439829
0.0707814
0.627991
0.462409
0.0930535
0.0302639
1
0.238515
0.0548747
1
1
0.618744
0.0962098
0.460657
0.612684
0.139291
0.727991
0.0357433
0.46256
0.763748
0.493246
1
0.205643
0.0848479
1
0.551802
0.111758
0.522021
0.617941
0.489948
1
0.523414
0.312471
1
0.750524
1
0.743215
0.407559
1
0.900031
0.871824
1
0.72807
0.807893
0.5184
0.518767
1
0.111228
1
1
1
0.0203089
0.0905294
0.23243
1
0.498155
0.42116
1
0.23695
1
1
0.163053
0.163867
1
0.365611
0.604414
0.13945
1
1
0.140452
0.0504321
0.087331
0.11268
0.237443
0.0209774
0.0341389
0.0803456
0.625754
0.330773
0.276022
0.125081
0.100633
0.139182
0.421961
0.38749
0.0110978
0.113535
0.775168
0.111228
0.131166
1
0.0136447
0.356323
0.0932922
0.086557
0.218532
0.0822016
0.346753
0.196504
0.264431
0.336535
0.945126
0.260987
0.0953764
0.768447
1
1
0.254352
1
0.107975
0.309278
0.291832
1
1
1
0.40967
0.167722
1
0.154981
0.173401
0.998525
0.572537
0.196917
0.226349
1
0.151739
1
0.353543
1
0.512913
1
1
0.0554735
0.59125
0.141043
0.38119
0.430423
0.28458
0.472432
0.306426
0.100207
1
0.268267
0.053312
1
0.665834
0.286572
1
0.545775
0.156619
0.63976
0.504662
1
1
1
0.153108
0.0634619
0.103015
0.0856636
0.225168
1
0.338282
0.157439
0.15084
0.651231
1
0.501187
0.31617
0.877344
0.121119
0.0781454
0.279819
0.592877
0.0380902
0.702274
0.0866633
1
0.235805
0.306868
1
0.219351
0.745096
0.556043
0.340722
0.785049
1
1
0.294726
0.594586
1
0.0280998
1
1
0.0619297
0.173716
0.100272
0.320689
1
0.24053
0.213735
1
0.375167
0.366577
0.0647493
0.285164
1
0.484365
0.00633384
0.368802
0.657658
0.297242
0.392412
1
0.622547
0.0193671
0.303451
0.0219943
0.438033
0.862109
0.214162
0.632765
0.191813
0.118177
1
0.588759
0.157883
1
0.075307
1
0.146165
0.63999
0.487542
0.04252
1
0.544486
1
0.729256
0.361146
0.80435
0.00853896
1
1
0.590668
0.152388
0.566751
0.395661
0.108637
0.355888
0.662422
0.601745
0.10393
0.135689
0.200327
1
1
1
0.304388
0.758729
0.220627
0.286681
0.83456
0.767322
1
0.266273
0.882121
0.624393
1
0.0130839
0.648894
1
0.148648
0.47916
0.226304
0.106705
0.0313828
0.751765
0.169672
1
0.103526
0.236939
0.0784551
0.44733
0.573951
0.123442
0.130158
0.0307281
0.679363
0.335129
1
0.608072
0.202777
0.5185
0.0682171
0.555412
0.495998
0.725736
0.706777
0.227431
0.491794
0.087715
0.153293
0.04452
0.470173
0.849662
0.105221
0.508771
0.0631396
0.318026
0.514149
0.625607
0.0860649
1
0.629132
0.695279
0.262063
1
0.155448
1
0.350303
0.198196
0.0658771
1
0.443861
1
0.767457
1
0.118803
0.0347022
1
0.182624
0.559648
0.387219
1
0.941995
0.0806518
0.131123
0.402582
0.489295
0.566427
0.206291
1
1
0.0247825
0.165125
0.0355273
1
1
0.0335711
0.481603
0.125325
0.105277
1
0.905912
0.136702
0.24561
0.128777
0.108047
0.325516
1
0.0577754
0.809921
1
0.437802
0.0220139
0.408082
0.257109
0.245681
0.296057
0.138463
0.0999276
0.235159
0.0434936
0.746137
0.315246
1
0.103423
0.7333
0.0969943
0.913333
0.0630584
1
0.358546
0.401491
0.0375933
1
0.51039
0.264402
1
0.82101
1
1
1
0.752654
0.311438
0.931304
0.554692
0.273271
0.669302
1
0.745076
1
0.83036
0.198462
0.787362
0.332271
1
1
0.295283
0.345936
0.0375053
0.0678892
1
0.0972629
1
0.932066
0.234384
0.259515
1
0.211841
1
1
0.112399
0.431608
0.351916
0.0746108
0.479013
0.0171562
0.066978
1
0.422888
0.502325
1
1
1
0.898085
0.531566
0.637278
1
0.316483
1
0.125116
0.88084
0.373333
0.799311
1
1
0.268133
0.244418
0.0680405
1
1
0.659557
0.488488
0.578441
0.0726255
1
0.128373
0.291582
1
1
0.380572
0.0558145
0.0928125
1
0.419086
0.631894
1
1
0.210195
1
0.239231
0.407936
0.365965
0.129028
0.189735
1
1
1
0.155325
0.466941
1
1
0.578281
0.371568
0.231995
0.134072
1
0.0516416
1
0.160585
0.215185
0.00726889
1
0.395563
0.15239
1
1
1
0.285743
0.113149
1
0.171119
0.356695
1
1
0.0132377
0.968019
0.566825
1
1
0.491589
1
0.196328
0.360305
0.00900632
0.270847
1
0.218804
1
0.952764
0.104639
0.607888
0.943691
0.787503
0.449537
0.781912
0.220459
0.193989
0.0808132
0.903015
1
0.152534
0.37357
0.479737
1
0.055656
0.373488
0.438264
0.0489514
1
0.101634
0.0298067
0.355701
0.513478
0.19691
0.391071
0.200889
0.661448
0.343473
0.221483
0.0226372
1
0.445617
0.211141
0.121527
0.655378
0.651922
0.698882
0.765317
0.552496
0.123724
1
0.590014
0.20413
0.632996
1
1
1
0.1106
0.160903
1
1
0.0987902
0.0431153
0.788384
0.47825
0.494572
0.0265697
0.108159
0.28784
0.186195
1
0.17286
0.153738
0.447568
1
0.413752
0.568763
1
1
0.132024
0.320696
0.426883
1
0.0478572
0.952009
0.213231
0.127232
1
0.208852
0.172296
0.139988
0.237379
0.945889
0.284003
0.589836
0.169832
0.741178
0.576957
0.211251
0.079599
0.325357
1
1
0.208984
0.647643
0.34235
1
0.719798
0.628864
0.119709
0.543528
0.208845
0.37007
1
1
1
0.064254
0.0225532
0.476861
0.170555
0.705141
1
0.0240079
0.415662
0.0718462
0.478345
0.369525
0.143786
0.0674193
0.0636228
0.204714
1
1
0.0545767
0.318854
0.399079
0.0123014
0.969846
0.375374
0.133302
1
0.382359
0.10486
0.674353
0.416702
0.966631
1
0.122245
1
0.261024
0.992675
0.309713
0.113672
1
1
0.532273
0.120334
0.111387
1
0.418643
0.741318
0.283604
0.0719401
1
0.0417262
1
0.311352
0.27606
0.0960544
0.137726
0.0639078
1
1
1
1
0.21934
1
1
0.890625
0.701478
0.408689
0.0963781
0.119133
1
0.339207
0.363591
0.181192
0.131804
1
1
0.175656
0.0981475
0.114416
0.0823533
1
0.558427
0.247494
0.711277
0.284247
0.2342
1
0.0431692
0.130416
0.477227
0.759442
0.013023
0.649916
0.215968
1
0.0137821
0.758576
1
0.599394
0.0120296
0.281838
0.600101
0.393278
1
0.373067
1
1
0.488189
0.796368
0.679506
0.306604
0.108474
0.270839
0.165109
0.450799
0.20512
0.838359
0.937508
1
0.275769
0.29427
0.337958
0.711473
0.121903
0.610037
0.843402
1
0.17435
0.576331
0.025406
0.612967
0.25967
1
1
0.212813
1
1
0.254023
0.0334846
0.342439
0.120129
0.179194
0.437674
0.245553
0.253729
0.446563
1
1
0.780716
0.0536143
0.375604
1
0.490861
0.841113
0.795196
0.552136
1
0.22887
0.147926
0.634047
0.698135
0.442979
0.403314
0.351318
0.0885643
1
0.0903445
0.0160933
1
0.0262525
1
0.522661
0.467986
0.596541
0.142575
0.543863
0.192594
0.0891243
0.705212
0.187398
0.670358
0.101386
1
0.148923
0.25088
1
0.363587
0.730179
1
0.703194
0.293042
0.596199
0.150889
0.0231698
1
0.157885
0.288061
1
0.346153
0.663696
0.0637106
0.0132544
0.747322
0.604652
1
0.504456
0.893047
1
0.214609
1
0.323232
1
1
0.0491577
0.0522215
0.177312
0.225027
0.413851
1
0.491305
0.180554
0.36122
0.0500605
0.923034
0.347667
0.060169
0.38201
0.640276
0.19878
0.0604103
0.0578438
0.21708
0.335412
0.0916419
1
0.449987
1
0.404554
0.699594
0.275537
0.0510685
0.0953882
0.238549
0.359764
0.279098
1
1
0.62381
1
0.0680124
1
0.620972
0.558672
1
0.544364
0.175367
0.337383
0.375045
0.0729692
0.117487
1
0.364952
0.281632
0.52993
0.0594827
0.364266
1
0.0638945
0.542085
0.534469
0.435266
0.41823
0.69748
0.323118
0.0438692
0.0952914
1
0.164467
1
0.701568
0.683257
1
0.357559
0.340146
0.370506
0.0291568
1
0.720484
1
0.306824
0.603802
0.364242
0.539251
0.0598619
0.101988
1
0.571853
0.386646
0.489501
0.473341
0.125849
0.598378
0.330036
0.195052
1
1
0.568578
0.0505925
0.259993
0.29729
1
0.109221
0.210598
1
0.436818
0.129124
0.233195
0.700264
1
0.0910965
1
1
0.104888
0.074682
0.478059
0.590756
0.0946013
0.0490353
0.924142
0.147938
0.320623
0.982311
0.050375
0.251686
0.105621
0.325497
0.525959
0.591479
0.114221
0.109616
1
0.315431
1
1
1
1
1
1
0.476996
0.00918887
0.0833209
0.499686
0.231599
1
1
1
0.0377577
0.270877
0.0394684
0.71592
1
0.320376
0.37232
0.162148
1
0.532633
0.0830184
0.58217
1
0.120922
0.0528477
1
0.213159
0.269375
0.105628
1
0.242552
0.560958
0.414711
1
0.115919
0.0632843
0.214899
0.279673
0.321057
1
0.25162
1
1
0.0620008
0.0617403
1
0.882823
0.0607352
1
1
0.549957
0.100232
0.497288
0.524055
0.157422
0.367438
0.781796
0.109152
0.326298
1
0.713939
0.894562
0.17392
0.575111
1
0.282405
0.381255
0.108915
0.00631269
0.807546
0.0872187
0.310391
0.504402
0.325421
0.841204
0.406815
0.282975
0.203351
0.651133
0.490351
0.0884032
0.712629
1
1
0.0931178
1
0.699743
0.228646
0.190187
0.343111
0.0664843
0.0868155
0.325923
1
1
0.388605
1
0.574195
0.0553795
0.0367646
0.0995035
0.437215
0.0366036
0.255694
0.00328176
1
0.0697552
0.657296
0.145626
0.326557
1
0.277093
0.943193
0.102724
0.86924
0.137537
1
1
1
0.453856
0.486868
0.15747
1
0.046283
1
1
1
0.137094
1
1
0.1332
0.588949
0.0959871
0.214566
0.135965
1
0.270666
0.590106
0.62442
0.281222
1
0.241435
1
0.489053
0.503266
0.0886299
0.253437
1
0.14998
0.184497
0.130506
0.500467
0.184264
0.665993
0.853023
0.168667
1
0.294393
0.0870051
1
0.257047
1
0.23722
0.852351
0.214224
0.361418
0.980951
0.906778
0.93103
0.424649
0.830811
0.127904
1
0.557478
0.450689
1
0.119524
0.217175
0.275284
1
1
1
0.328279
0.934907
0.142796
0.467374
0.570292
0.477204
0.0608087
0.114948
0.745477
1
0.466122
0.0656505
0.6296
0.335153
0.865399
0.0717179
0.14669
1
0.0497903
0.407054
1
0.335827
0.565918
0.551933
0.133299
1
1
0.141236
0.0115855
0.133058
1
1
0.42666
0.470889
0.142986
0.694791
0.394935
0.349028
1
0.0490371
1
0.0548203
0.14219
1
0.235115
1
0.265911
0.0333845
0.222078
0.139832
0.222458
0.0807391
0.17301
0.044383
0.349298
0.684916
0.944866
0.632699
0.399687
0.13842
0.238651
1
0.0717908
1
0.817609
0.0439246
1
1
0.140442
1
1
1
0.104413
0.192083
0.0445653
0.153057
1
0.166089
0.0257084
0.20819
0.183054
0.142856
0.0560948
0.146441
0.218864
0.225498
0.0627799
0.129864
1
0.112005
1
1
0.0301408
0.456972
0.0722167
0.187859
0.0917949
1
1
1
0.178019
1
0.227434
0.0521158
0.135423
0.779801
0.377896
0.967473
0.90793
0.170051
0.359147
0.0436762
0.0679793
1
1
0.611933
1
0.165886
0.520452
0.182397
0.703889
0.16878
1
1
0.255341
0.22847
0.905561
1
0.281783
0.48827
0.343265
0.878105
0.437568
0.405906
0.113687
1
0.567052
1
0.429831
0.186235
0.247223
0.414343
1
1
0.223477
0.279193
0.389947
0.542959
0.240992
1
0.998415
1
1
0.455059
0.337208
0.217725
1
0.647463
0.372456
0.170588
0.179169
1
0.16572
0.456216
0.531256
1
0.188027
0.170872
1
1
0.722146
1
0.301647
0.498375
0.837112
0.86233
0.426537
0.302661
0.239133
0.354197
1
1
1
0.8572
0.0390803
0.264258
1
0.160542
0.140832
0.793606
0.317712
0.553588
0.377941
0.298352
0.445193
1
0.0734055
0.502291
0.715731
1
0.182677
0.41803
0.433349
0.3427
1
0.414683
0.143494
1
0.176002
0.264596
0.232729
0.620693
0.533451
0.491582
0.313582
0.040337
0.36374
0.191828
1
0.903254
0.239125
1
1
1
1
0.240934
0.279247
0.973937
0.0363907
1
0.347096
0.255752
0.377547
1
1
0.223136
0.345875
0.0609775
0.801817
0.251304
0.138301
0.153879
0.0353547
0.569521
0.932661
1
1
1
0.691105
0.855129
0.728534
0.673755
1
0.104912
0.789156
0.121828
0.584676
0.212795
0.64453
0.813678
0.21959
1
0.747258
0.401957
1
0.0983523
1
1
0.432774
1
0.560033
1
0.135725
0.40583
0.582948
0.413131
1
0.988593
0.649292
0.980417
0.235418
1
0.501015
0.0918675
0.46361
0.32635
1
1
1
0.161719
1
0.106657
0.436821
0.556853
1
1
0.318894
1
0.882697
0.148086
0.117042
0.17907
0.705629
0.0574524
0.129575
1
1
0.577395
0.981678
0.0327207
0.0369449
0.4604
0.794848
0.575145
1
0.0430448
0.0596534
0.267416
0.542602
0.600868
0.488639
0.163103
0.0682886
1
0.29203
1
1
1
0.422553
1
0.0263472
0.886539
0.507258
0.102635
0.141533
0.425486
0.25234
1
0.52034
0.0487252
0.259685
1
0.188277
1
0.295772
0.371403
0.805298
0.124197
1
0.867847
0.167543
0.197171
0.460464
0.157334
0.300108
0.330517
0.14789
0.269023
0.182913
0.235189
0.0379513
0.0690309
0.0985901
0.892737
0.634559
0.576995
1
0.126655
1
0.0652662
0.766225
0.207327
0.40608
0.804572
1
1
0.353512
0.215192
1
0.338344
0.901
0.196956
0.245587
1
0.119726
1
0.141986
0.123071
0.186419
1
0.24365
0.107702
0.64925
0.050318
0.522342
0.319369
1
0.42993
0.790097
0.485537
0.260025
0.666216
0.293718
1
0.438686
1
0.611709
0.674541
0.136157
0.430534
0.176827
1
1
0.204782
0.12173
0.30721
0.980772
1
0.316772
1
0.0893894
1
0.406727
1
0.0995115
0.0988938
0.458699
0.012454
0.163722
0.505786
0.575163
0.149577
0.127378
1
0.622544
0.600639
0.436926
0.235142
0.261359
0.371319
1
0.110055
0.404709
0.323969
1
1
1
0.463081
1
1
0.237134
0.0591809
0.912975
1
0.528671
0.898177
0.148977
1
1
1
0.0356639
1
0.678591
0.0535811
0.394624
0.133763
0.285287
0.11092
0.0332729
0.44025
0.286798
0.515893
0.356038
0.212074
0.682549
0.318127
1
0.727982
0.171453
0.687857
0.151921
0.834888
0.552633
0.665617
0.658736
0.331378
0.335322
0.800713
0.417821
0.558173
1
0.517671
0.555926
0.265082
0.401941
0.915235
1
0.485356
0.8322
0.0780978
0.00855574
1
1
0.928868
0.416403
1
1
0.658576
0.673848
0.925436
1
0.674936
1
1
1
0.0661033
0.417727
0.356804
0.516248
0.172913
0.216819
1
0.758579
0.150464
0.107346
0.117368
0.48418
0.0319159
0.036005
1
0.299003
1
0.56914
1
0.261064
0.394124
1
0.772473
0.390923
1
0.343406
0.255548
0.00637973
0.531326
1
0.521749
1
0.689455
1
1
0.212245
0.0578227
0.0941933
0.347662
0.0615666
0.153795
0.111911
0.0619602
0.315176
0.890133
0.0893299
0.100463
0.0487972
0.0608369
0.0313876
0.612785
0.17597
1
0.196316
0.253065
0.0644624
0.916091
0.177585
0.0594184
0.362283
0.139813
0.40231
1
0.0789541
0.195311
0.475974
0.628328
1
1
0.33166
0.070012
0.932452
1
0.158497
0.760714
0.019628
0.156483
0.248894
1
0.719215
0.1984
0.457053
0.985845
0.105005
0.631071
0.421541
0.152159
0.0729085
0.75105
0.294599
1
0.740698
0.0978631
0.582558
1
1
1
0.108738
0.132254
1
0.493989
0.00882392
0.238684
0.93932
0.383749
1
0.329858
0.0274076
0.951545
1
0.640648
0.444176
0.0502895
0.065078
0.140173
0.547364
1
0.216856
0.0291632
0.280016
0.0436128
1
1
0.368886
0.646706
0.488753
1
0.0884229
0.0205746
0.310627
0.266339
0.256232
0.444583
1
0.41323
1
0.489685
0.0819862
0.136584
0.918075
1
1
0.460777
0.227151
1
0.267913
0.0876212
0.200755
0.464991
0.0388331
1
0.669718
0.291097
0.182308
0.295875
0.411834
1
0.636721
0.17076
0.109104
0.164277
0.0237875
0.30861
1
0.200188
0.259513
0.042176
0.152428
0.988458
0.453884
0.195993
1
0.510329
0.119222
1
0.361179
0.186195
0.0257556
0.18589
0.508631
0.331735
0.0338416
0.12456
0.355025
0.167301
0.422273
0.266798
1
0.0603164
0.061523
0.0812026
1
0.139318
0.0431891
0.871775
0.239119
0.198653
0.236172
1
0.104503
0.109161
0.34217
1
0.118005
1
0.174137
0.189973
1
0.202102
0.955394
0.150602
0.876689
0.326982
1
1
0.987227
0.308698
1
1
1
0.0167706
1
0.207223
0.116327
0.132896
0.470054
0.14641
0.129087
0.0289247
1
1
0.561956
1
0.296854
0.924496
1
0.57718
0.330872
0.203285
0.204176
0.122019
0.900534
0.633953
0.445449
1
0.160684
1
0.0734434
1
0.106742
0.231549
0.212609
1
0.377082
0.164466
1
1
0.548914
0.196514
1
0.849088
0.497555
0.543378
0.292754
0.680136
0.0963112
0.615713
1
0.086329
0.333765
1
0.00966038
1
0.141069
0.2072
0.108494
0.286749
0.458106
1
0.126987
1
1
0.265458
1
0.0882449
1
0.619966
0.407333
0.363623
0.0284084
0.510125
1
0.166892
0.145333
0.793715
1
0.577211
1
0.261726
0.037607
1
0.17273
1
1
1
0.672019
0.49122
0.582202
0.381587
0.22571
1
1
0.124917
1
1
0.0675253
0.181803
0.340985
0.27576
0.0299119
1
0.334646
0.314671
1
0.264364
0.15785
0.630811
1
0.25948
0.0519564
1
0.105444
0.377646
0.0760558
0.0585902
0.503063
0.218804
0.111099
0.470409
0.396323
0.184994
0.951328
1
0.0964345
1
1
0.738426
0.509327
0.282836
0.100805
0.103553
0.0583702
0.128574
1
1
1
0.234854
1
0.228831
0.258653
1
0.0341675
1
0.837216
0.656205
0.98581
0.536399
0.0502848
0.214024
1
0.241074
0.221134
0.496665
1
0.0211582
0.554446
0.14005
0.205379
0.0247828
0.283173
1
0.942685
0.30162
0.562954
0.739603
1
0.13724
0.443296
1
1
0.45775
1
0.808612
0.559562
0.557383
1
0.180295
0.10616
1
0.695729
0.0361253
1
0.207689
1
1
0.352569
1
1
0.494626
0.541864
1
0.492214
0.316956
0.399819
1
0.0910388
0.154408
1
0.212077
1
0.19237
0.0517333
0.131135
0.963112
1
1
0.13011
0.22406
0.594131
1
0.0255939
0.0432307
0.218608
0.273193
1
1
0.804691
0.506637
0.90377
0.623783
1
0.0778245
0.118257
0.796874
1
0.539416
0.438914
0.494558
0.330917
0.191244
1
1
0.415642
0.398684
0.629188
0.114252
1
0.505721
0.381092
0.299706
1
1
0.832462
1
0.137754
1
0.0631431
0.589704
0.0566959
0.128875
1
0.0247283
1
1
0.609414
0.765325
0.146816
0.109073
0.446412
1
0.152006
0.461484
0.201679
0.471143
0.457971
0.171289
1
0.432502
0.474881
0.342591
1
0.227695
0.0839123
1
0.0607436
0.752632
0.0954253
0.268589
0.40809
1
1
0.34823
1
0.978393
1
1
1
0.0837162
1
0.145388
1
0.116956
0.184989
0.0297437
0.0252403
0.828131
0.334637
0.0880087
0.114467
1
0.241223
0.509907
0.460503
1
0.150462
0.0157497
0.154362
0.0659076
0.0427468
0.0386949
0.0533606
0.202777
1
0.119846
0.94998
0.955391
0.0217669
1
0.0901611
0.0989616
0.288828
0.936102
1
0.453496
0.679586
0.312684
0.220411
0.401968
0.821348
0.220105
0.786419
0.327804
0.602586
0.37353
0.607341
0.992839
0.407874
0.905074
1
1
1
0.943834
0.245456
1
0.165488
0.578781
0.272002
1
0.553436
1
0.260321
0.087939
1
1
1
0.0813499
0.258987
1
0.549027
0.157779
0.140582
0.213276
0.369282
0.631311
0.817727
0.0371265
0.310203
1
0.131638
1
0.158408
0.83911
0.956521
1
0.380987
0.038102
0.793678
0.39167
0.490242
0.300082
0.684143
0.0553374
1
0.9865
1
0.652184
0.159738
0.0932315
0.159898
0.0603773
0.380407
0.333595
0.80423
0.335793
0.131497
1
1
0.754088
1
1
0.37303
1
1
0.575163
0.11369
0.0213876
0.354537
0.204684
0.273833
1
1
0.923205
0.677646
0.0284232
0.561996
1
0.499037
0.54076
0.0534332
0.90326
1
0.593292
0.0405756
0.473753
0.504415
0.935987
0.265085
1
1
1
0.205776
1
0.0981433
0.668325
0.241197
0.305455
1
0.177286
0.200826
0.051166
0.174383
0.458502
0.129951
0.11385
0.178947
1
0.919502
0.0450744
0.770704
1
1
0.0970167
0.670179
0.317704
0.0388854
0.082324
0.057325
0.0594684
0.199804
0.173565
1
1
0.437061
0.565475
0.107457
0.600722
1
0.668347
1
0.18609
0.682522
1
0.177729
1
0.0300056
0.713826
1
0.00683573
0.0455757
0.26484
1
1
0.500803
0.336356
0.018935
1
0.111543
1
0.113782
0.0376175
0.407833
0.197801
0.036654
0.0649631
0.311864
0.0773428
0.612762
0.963513
1
0.33068
0.0516412
0.846228
0.0560469
0.0532416
0.292819
0.357252
0.205986
0.607902
0.298314
0.127359
1
0.125446
0.113141
0.372141
1
0.795819
0.327086
0.23466
0.409786
0.17589
0.0690017
1
0.430618
0.151841
0.294449
1
0.244334
0.0473892
0.355075
0.264829
0.434061
0.0986371
0.659538
1
0.172451
0.16004
0.0850411
1
0.319421
0.308005
0.273078
0.0634043
0.32182
1
0.130875
1
0.273316
1
0.797089
0.441726
0.777105
0.393374
1
0.10084
0.189439
0.0393852
0.217132
0.0407818
0.0432083
0.0476445
0.10479
0.213129
0.209032
0.732104
0.124719
0.997712
0.827434
0.0780711
0.516083
1
1
0.302594
1
0.177746
0.05044
0.187582
0.332961
1
0.126684
1
0.120337
0.161623
0.215072
0.349808
0.599547
1
0.0668047
0.0255838
1
0.945664
0.0820732
0.0603355
0.326072
1
0.293201
1
0.279755
0.583037
0.281322
0.515484
0.168181
0.304542
0.643245
1
1
1
0.100692
1
0.603079
0.828049
1
0.963677
1
0.365197
0.254922
0.783432
0.263102
0.412548
0.33343
0.320453
1
0.448995
1
1
0.673964
1
1
0.0529403
1
0.12636
0.114409
0.61662
1
0.162442
1
0.0528204
0.816357
0.444425
0.290978
0.108669
0.114385
1
0.350149
0.190227
1
1
0.385838
1
0.0725117
0.0728167
0.0954627
0.680625
0.213456
0.457272
0.0230932
0.296181
0.378272
0.182032
1
0.234634
0.189569
0.420693
1
0.863601
1
0.473158
0.97508
0.457083
1
0.326957
1
0.361611
0.530764
1
0.17763
0.529522
0.191748
0.630044
0.328626
0.824556
0.639247
0.365459
1
1
0.628688
0.201351
0.195376
0.586934
0.884646
0.528228
0.0692035
0.103302
0.11948
1
0.0900554
0.532012
0.10216
1
0.374652
0.238952
0.278205
0.973372
1
0.52778
1
0.0514882
0.204474
1
1
1
0.00528437
0.690802
0.367378
1
0.0803211
0.471924
0.589016
0.724685
0.22268
0.0222492
0.274044
0.273025
0.358364
1
0.251276
0.196547
0.257779
0.718664
1
0.357576
0.398983
0.280612
1
0.299649
0.0767222
0.402159
0.159493
0.384695
0.829827
1
0.580784
1
1
0.672142
1
0.358089
1
0.482619
0.200134
0.280672
0.140507
1
0.0648959
0.0656778
0.0436987
1
0.41709
1
0.709052
1
0.178094
0.77087
0.40602
1
0.117454
0.00608583
0.843581
0.46617
0.199476
0.363511
0.740183
0.0870297
1
1
0.263371
0.238281
0.0593247
0.197563
1
0.205605
0.496882
0.157762
1
0.945703
0.074461
0.112085
0.118732
0.122952
1
0.103821
0.655087
0.0668855
0.353146
0.754699
0.0433964
0.0355751
0.0203789
1
0.58708
0.54903
0.100124
1
0.330573
1
0.404724
0.0273377
0.434062
0.971699
1
1
1
0.22914
0.404038
0.438705
0.685324
0.451634
0.0137816
1
1
1
1
1
0.131158
1
0.344789
1
0.684331
0.521685
0.918227
0.713227
1
0.0562153
0.267584
0.2093
0.178194
0.765351
0.214186
0.148846
0.747207
0.275714
0.324577
0.0575699
1
0.432069
1
0.834592
0.324481
0.221897
0.0813563
0.231348
0.386435
0.0726977
0.081805
1
0.435471
0.124206
0.881796
0.210095
1
0.805401
0.812769
0.369127
0.653374
0.124868
0.532335
0.352061
0.41552
0.652919
0.184753
0.0667909
0.256335
0.0767603
0.3797
0.215851
0.877825
0.496025
0.105456
1
0.157521
0.124602
0.175059
1
0.497027
0.250308
1
0.119459
0.344577
0.221337
0.133254
0.0697116
1
0.0865393
0.0449779
0.0855488
0.240707
0.200522
0.0739676
1
0.0494237
0.755783
0.192014
0.334681
0.0382798
0.45286
1
1
0.127639
0.267317
1
1
1
0.813552
0.158964
1
0.197134
0.0993599
1
0.975896
0.551199
0.772563
0.584364
0.188076
1
0.697506
0.674825
0.0880434
0.932051
0.219466
1
0.114179
0.0308046
0.0647182
0.10156
0.439869
0.375782
0.017838
1
0.464254
0.419919
0.504033
0.0458686
0.155232
0.193473
0.379661
0.224715
0.0722608
0.199246
0.0163005
0.0176624
0.0354485
0.273306
0.309923
0.281967
0.317872
0.266621
0.261854
0.577535
0.129669
0.510964
0.245188
1
0.342489
0.585342
0.531498
0.247972
1
0.0725601
0.283005
1
0.378331
1
0.168383
0.014885
0.274045
0.268315
0.829461
0.00690655
0.946034
0.253579
0.334554
0.519912
0.0394519
0.211961
0.712288
1
0.185807
0.8682
0.118433
0.602917
0.963484
1
1
0.360274
0.0131983
1
0.448218
0.155968
0.702125
1
1
1
1
0.0316653
0.214838
0.0324514
0.243471
1
1
0.114101
0.0370937
1
0.749685
0.773553
1
0.185377
0.366399
0.301313
0.247578
0.0370646
0.124041
0.408568
1
0.899276
0.389043
0.489548
0.541424
0.42909
1
0.409908
1
0.183424
1
0.866371
0.0973369
0.0444747
1
0.917782
0.135523
0.686277
1
0.3617
1
1
0.190933
0.266998
0.842748
0.145042
1
0.651444
0.515386
1
0.140921
0.189805
0.00822242
0.288878
0.855561
0.175204
0.175862
0.287343
0.528167
0.796757
0.290693
0.114469
0.997248
0.398538
1
0.162673
0.957827
0.344817
0.912039
0.649426
1
0.165116
1
1
0.304259
0.411665
0.942162
0.284947
0.105171
0.0894537
0.528587
0.0421555
1
0.446943
0.173458
0.851508
1
1
0.210167
1
0.087492
0.997227
1
1
1
1
0.289245
1
0.865649
1
1
1
0.0421613
1
1
0.0932841
0.20769
0.14108
1
1
0.333629
1
0.494633
1
0.650554
0.0497792
1
0.0289912
0.0418631
0.463135
0.537821
0.108777
0.725019
0.205031
0.382559
0.0910332
0.0538264
0.262386
0.924103
0.849248
0.680351
0.462449
1
1
0.0953059
0.160683
0.368598
0.788517
0.758185
0.143138
0.431095
0.165644
0.0456385
0.79306
0.128539
1
0.0677147
0.583533
1
0.598212
0.758126
1
0.561247
0.802554
0.173024
0.479841
1
0.0297014
0.322746
1
0.666962
0.550106
1
0.151719
0.773286
0.0501347
0.458363
1
0.0576702
1
0.0966842
0.167286
1
0.374707
0.201824
0.185581
0.132187
0.12542
0.157981
0.155843
0.400245
0.97556
0.01934
0.123082
0.150726
0.373999
0.72189
0.040016
0.810382
0.834334
0.0574851
1
0.757174
0.229872
0.224504
0.382009
1
0.0588327
1
1
0.288797
0.834212
0.6294
0.064253
1
0.495552
1
0.257186
0.291836
0.213859
0.317846
0.0258145
0.131595
0.945647
0.0889881
0.105851
0.256047
0.266503
1
0.760747
0.23972
0.084708
0.574626
0.270529
0.0848673
0.325442
0.242105
1
0.0733543
0.186842
0.215533
0.184858
1
0.381703
1
0.237257
0.187492
0.0910845
0.0389556
0.194478
0.566266
1
0.353736
1
0.725763
0.415782
0.245502
0.00720081
1
0.0822457
0.150619
1
0.08522
0.509455
0.886039
1
1
0.0716099
0.269997
0.216298
0.50771
0.25032
0.854502
0.530338
1
1
0.860971
1
1
1
1
0.824205
0.980554
0.289776
0.454507
0.639681
0.571588
0.078538
0.154507
0.429642
0.266292
1
1
0.735956
0.0102357
0.415511
0.0864779
0.214019
0.66405
1
0.186593
0.210563
0.156779
0.842761
0.380927
0.768013
0.906261
0.270633
1
0.443651
0.0617222
0.174967
0.229105
0.00939939
0.0415355
0.635272
0.336712
0.0497175
0.453662
0.543229
1
0.0665171
0.69382
1
1
0.0806615
0.272091
1
0.10744
0.338655
0.385346
0.0630966
1
0.656588
0.346972
0.661918
0.500004
0.354239
0.0214904
0.271659
0.0290617
0.349746
0.213818
1
0.283174
0.326747
0.170872
0.396964
1
1
0.346899
0.281243
0.0431734
0.322216
1
0.0539901
0.0683859
0.470057
0.501966
0.887811
0.201514
0.184734
1
1
0.0279976
0.0561256
0.717775
0.454497
0.258291
0.412751
0.0325443
0.161229
1
0.241448
0.448918
1
0.0605413
0.173711
1
0.415005
0.55389
0.294055
0.44079
1
0.189445
0.987508
1
0.290715
1
0.132682
1
0.662368
1
0.560178
0.504553
0.348617
0.651023
0.277297
1
0.0371408
0.0214558
0.689667
0.191287
0.320964
0.244678
0.253252
1
1
1
0.534512
0.296733
0.730471
0.662077
1
0.853164
0.490255
0.266822
1
0.0645409
0.312345
0.74796
0.247456
0.231152
0.806834
0.0398872
0.759533
0.202823
0.0312609
0.0469052
0.204831
0.600005
0.0808213
0.0573322
0.0575628
1
0.296844
1
0.92865
0.311154
1
1
1
0.293715
0.877453
1
0.455323
0.745022
0.056625
0.488991
0.01304
0.149762
1
0.00958755
0.350147
0.373374
0.434414
0.275229
0.441942
0.881308
1
1
1
1
1
1
0.148697
0.245349
0.336205
1
0.019444
1
0.223174
0.185938
0.224069
0.168294
0.527936
0.0761732
1
0.476331
0.615419
1
1
0.500486
0.0359279
0.366546
0.0074187
1
0.0877445
0.0249624
0.0513651
1
0.0480794
0.292232
0.0928363
0.172415
0.358057
0.0405654
1
0.359624
0.298829
0.224309
0.457658
0.859575
0.810212
1
0.0926397
1
1
0.350608
0.038984
0.912466
0.289903
0.0647364
0.120258
0.381572
0.193162
0.252685
0.142826
1
0.616984
0.386736
0.0884775
0.212914
0.481833
0.229338
1
0.060049
0.0171703
0.172918
0.178775
0.0265306
0.0185026
0.477889
0.65543
0.826356
0.114133
0.16146
0.19527
0.104747
1
0.306305
0.350696
0.269228
0.779194
0.351454
0.881489
0.279092
0.124788
1
0.409945
0.868254
0.0474491
0.279833
0.212849
1
0.855672
0.227116
0.240827
0.248425
0.190845
0.174156
0.142271
1
1
0.406466
1
0.111728
1
1
0.489541
0.442585
0.338147
0.877803
0.753867
0.31538
0.0302401
1
1
0.312404
0.367054
0.337231
0.195635
0.922389
0.0703165
0.612645
0.0954466
1
0.371118
0.306087
0.63623
0.490941
0.689147
0.69511
0.284526
1
0.252398
0.133115
0.0432568
0.10453
0.445725
1
0.133645
0.53932
1
0.0877668
0.815398
1
1
1
0.553021
0.298143
0.630211
0.189238
0.341915
1
0.237756
0.599616
0.238871
0.166302
0.178485
0.858101
0.63511
0.147509
1
0.552526
1
1
1
0.0813143
0.138986
0.945503
0.424822
0.883201
0.0924381
0.0557378
0.0672719
1
1
0.43469
0.215205
1
0.742082
0.12399
0.241757
0.64551
0.211528
0.0543489
0.217363
0.145139
1
0.18419
1
1
0.339188
0.715572
1
0.213635
1
0.192538
0.0261595
1
0.214371
0.86825
0.58396
1
0.382026
0.955296
1
0.526279
1
0.618866
1
0.648159
0.0676863
0.0930936
1
0.516603
0.596673
0.301834
0.901479
0.48889
0.206231
1
0.546052
1
0.145362
0.251032
0.0314502
0.346104
0.367976
1
1
0.0170032
0.411306
1
0.576906
1
0.43455
0.940244
0.419398
0.835368
0.726235
0.0605007
0.0597273
1
1
1
0.10925
0.582764
0.0860112
0.867851
1
0.525519
0.487276
0.31346
0.182237
0.371078
1
0.547956
1
1
1
0.115398
0.781794
1
1
0.108889
0.316115
0.454242
1
0.0580556
0.0649789
0.874178
0.101101
0.170345
0.563186
1
0.444634
0.248259
1
0.125852
0.0595848
0.149253
0.138657
0.0174941
0.279949
0.0727146
1
0.121883
0.302686
0.0324071
1
1
0.210367
0.746674
0.780144
0.142101
0.632855
1
0.56888
0.196166
0.576247
0.48256
1
0.515944
1
0.0353365
0.125802
0.0824905
0.0391164
0.134137
0.176138
0.20839
0.905966
0.839524
0.090279
0.00393987
0.25871
1
1
0.674393
0.0735743
1
0.0847331
0.0687757
0.0145787
0.506343
0.00902561
0.105451
0.675943
0.037789
0.0569696
1
0.036723
0.0500529
0.0937615
0.224331
0.312158
0.650514
1
0.133284
0.171276
0.684395
0.15117
0.314097
0.747844
0.136202
0.846314
1
1
1
0.330942
1
1
0.424082
0.185554
0.471176
1
0.120418
1
0.241582
1
0.662976
0.459462
0.0139853
0.536365
1
0.412621
0.381439
0.294519
0.0386317
0.370643
0.749879
0.043298
0.364687
0.0897356
0.252461
0.582573
0.0412937
0.202099
1
1
0.908581
1
0.252748
1
0.396018
0.530219
1
0.209747
0.312271
0.492608
0.397298
0.203478
0.109684
0.115077
0.385404
1
0.602699
0.0201913
0.111005
0.247102
0.692286
1
0.126021
1
0.0762749
0.208881
0.0424401
0.372983
0.502903
1
0.151053
1
1
0.989085
0.133668
0.0554761
0.210807
0.0812067
0.153727
0.0513612
0.394817
0.456954
0.0639341
0.294369
0.224265
1
1
0.0976688
0.0237716
0.106265
0.745397
0.649826
0.339634
1
0.293996
0.418447
0.98602
0.791816
1
0.0314401
0.513318
0.659139
1
0.429699
0.216402
1
0.433853
0.158076
0.365689
1
0.364906
0.0562734
0.108383
0.0790028
0.0736886
1
0.0519489
1
0.258132
1
0.651403
0.362836
1
0.534037
0.110159
0.206484
0.177928
1
0.0106781
0.188
0.0412307
1
0.994679
0.406322
0.253334
0.491904
0.462138
0.536255
1
0.585105
0.603747
1
0.0180583
0.0719672
1
0.0295695
0.863473
0.0386716
1
0.922076
0.126238
0.175249
0.860883
0.553758
0.442062
1
1
0.623355
0.138872
0.458597
0.709611
0.0438491
0.143792
0.747618
1
1
0.723607
0.423956
0.0885953
0.13913
0.948096
0.221583
1
0.600426
0.469022
0.201475
0.716707
1
0.483217
0.561393
0.147252
0.407158
0.107736
0.0477311
0.389838
1
0.0829231
0.0405727
0.293214
0.131252
0.285205
0.27325
0.188314
0.725692
1
0.084408
0.392935
0.300426
0.344751
0.285942
0.669111
0.29674
0.767583
0.470922
0.286619
1
1
0.690756
1
0.255271
0.256955
0.769722
0.652801
0.600303
1
1
0.197288
1
1
0.0489959
1
0.414759
0.050854
0.541091
1
1
1
1
0.766263
0.554627
0.0225226
0.0614849
1
0.698542
0.181438
0.426871
0.583141
0.954579
0.33794
0.292074
0.569057
1
0.0988054
1
0.782906
1
0.126573
0.955177
0.109314
0.876233
1
0.192311
0.406314
1
1
0.140439
1
1
0.325055
0.93248
0.287893
1
1
1
1
0.693116
1
0.162382
1
1
0.171644
0.154875
1
0.14855
1
0.172808
0.309797
0.862411
0.522338
0.0444537
0.0481659
0.043889
0.597461
1
1
0.255586
0.135306
0.283094
0.993429
1
1
1
0.172284
1
0.24414
1
0.0595275
0.180924
1
0.185039
1
0.0893042
1
0.308304
0.87161
0.0989982
1
1
0.0230916
0.638322
0.0568736
0.173685
0.600178
0.167451
1
0.255413
0.324997
1
1
0.144116
1
1
0.446569
1
0.836525
0.555282
0.800073
0.143027
0.0577293
0.365276
1
1
0.258031
1
1
1
0.0708533
1
0.243464
0.148309
0.154294
0.645695
1
1
0.134447
0.712108
0.294327
0.0527641
1
0.41897
1
1
0.626381
0.0763508
0.89438
0.0765343
1
0.632881
0.114454
0.483423
0.028249
1
0.19558
0.0448823
1
1
0.103281
0.0483686
0.319042
0.0350642
0.219699
0.226886
0.154902
0.110642
0.0433593
0.343656
0.112861
0.19747
0.0462265
0.0255044
0.165849
0.0775159
0.355803
0.0306853
0.118734
0.294448
0.114895
0.122184
0.259035
0.146384
0.0302945
0.825826
0.00564743
0.0950595
0.15922
0.697148
0.385474
0.108651
0.0241162
0.646023
0.552332
0.0309535
0.253741
0.0454716
0.0239579
0.123983
0.559785
0.0170975
0.305745
0.501566
0.325551
1
0.433702
0.86547
0.194952
0.0551792
0.731471
0.339358
0.227611
0.469716
0.44765
1
0.0605435
1
0.638759
0.442047
0.749262
0.216254
0.40355
0.529657
0.111554
0.261903
0.0382918
1
0.14818
1
0.0262238
0.176486
0.0418587
0.27339
0.227294
0.963601
0.587895
0.431835
1
0.822375
1
1
0.124993
1
0.205917
0.771625
0.623872
1
1
0.0330616
0.0557606
0.232578
0.125716
0.748644
0.885972
0.13558
0.140123
0.764437
1
0.0216947
0.564777
0.198849
1
1
0.284937
1
0.357548
0.915394
0.459212
0.172483
1
0.831804
0.142102
1
0.615788
0.875468
0.0694382
0.302461
1
1
0.174095
1
1
0.361443
0.283181
0.952389
0.0542233
0.606129
1
0.00506992
1
0.186906
1
0.308914
0.287623
0.616793
1
1
0.0645984
0.138004
1
0.449864
0.185055
0.474928
0.979055
0.0784134
0.614069
1
1
0.146889
0.0877044
0.172362
0.985654
1
1
1
0.88488
0.548331
1
0.79212
0.0985444
0.77673
1
0.198341
0.161307
0.933873
0.692566
1
1
0.193898
0.0204113
0.138069
0.111014
0.36105
1
0.159314
0.295891
0.71401
1
1
1
1
0.252586
0.0820756
0.170565
1
0.0251598
0.114063
0.131218
0.132168
0.389942
0.107568
1
0.148118
0.0418273
1
0.230835
1
0.791058
0.565104
1
0.433318
0.117965
0.503928
0.255782
0.179731
1
0.456316
0.0718722
0.08803
1
0.224228
1
0.0850462
1
0.100987
0.165025
0.0884691
0.342639
0.0527533
0.674951
0.249988
0.873639
1
0.223345
1
0.33971
0.0148047
0.758316
0.18221
1
1
0.136855
0.992546
0.548416
1
0.331888
1
0.0692029
0.776062
0.0589497
1
1
0.105415
0.021667
0.497834
0.0509623
0.10606
0.0831582
1
0.0909171
0.529961
1
1
0.770486
0.519625
1
1
0.910014
1
0.243985
1
0.459805
1
0.153932
1
0.20562
0.8937
1
0.702406
1
0.333417
0.454762
0.930995
0.859861
1
0.322677
0.209856
0.0346612
0.297044
1
1
0.114149
0.156756
0.0766774
0.356754
0.329395
1
0.0315684
0.342106
0.372672
1
0.094297
0.37386
0.0266124
0.131555
0.350434
0.745956
0.237795
0.679745
1
0.00374713
0.282448
0.842707
0.0995566
0.804296
1
1
1
0.174151
1
0.171448
0.439628
0.426219
0.580102
1
0.451404
1
0.0355587
0.1083
1
0.106675
0.243419
1
0.894468
0.0496647
0.347189
0.050318
0.398406
1
0.273831
0.356936
0.280882
0.144903
0.723864
0.491117
0.0430385
1
0.234513
1
0.121978
0.864714
0.915202
1
0.454139
1
0.23565
1
0.782648
0.0744334
0.0942221
0.294278
0.242506
1
1
0.198085
0.13632
0.116979
0.364756
0.128193
0.309835
1
0.621947
0.0261101
0.0614111
0.265309
1
0.151865
0.0572243
0.283662
1
0.152288
0.139752
0.856738
1
1
0.388234
0.381091
1
0.025187
0.121761
0.243689
0.464298
0.0552302
1
0.253323
0.256579
1
0.0855306
0.129476
0.0413764
1
0.0607942
0.0398656
0.0828787
0.676283
0.207799
0.151445
0.373815
0.114889
0.39834
1
1
0.451802
1
0.200915
0.0249771
0.576248
0.79691
0.442842
0.414533
0.0552031
1
1
1
0.238498
1
1
0.151744
0.0219017
0.924612
0.19531
0.623642
0.7524
0.451993
0.627422
1
0.531495
0.125288
0.0453275
0.859234
1
1
0.0692546
0.0160458
0.280577
1
0.599358
1
0.151017
0.0770326
0.119307
0.68537
0.431867
0.344266
1
0.188032
0.418779
0.124942
0.537163
0.134105
0.0822832
0.344569
1
0.0356016
0.347301
0.0981983
0.099084
0.184014
0.423875
0.0165129
1
0.0111305
0.0879546
0.384098
1
0.362582
0.559149
1
0.0296407
0.0498936
0.367714
0.554145
0.260568
0.512964
1
1
0.130313
1
0.10289
0.283283
0.129862
0.403323
1
0.23965
0.0652765
0.633812
0.72336
0.196524
0.0816365
0.0505822
0.148513
0.0729461
0.615318
0.10654
0.0514248
0.436927
0.124518
0.277339
1
0.0863839
1
0.0274918
0.107935
1
0.144326
0.169222
1
0.174495
1
1
0.379349
0.581499
0.462836
0.188836
1
0.48282
1
0.530098
0.0767689
1
0.541258
1
1
1
0.0977427
0.0788127
0.12356
0.0429024
0.0192088
0.108813
0.223185
1
0.913718
1
0.571699
1
0.359904
0.0537223
1
0.313911
0.539449
0.836755
0.943682
1
1
0.0401058
1
0.365925
0.134187
0.554134
0.667539
0.668556
0.471711
1
1
0.617418
0.0993628
0.266588
1
0.425006
0.478067
0.442971
0.742709
0.133546
1
1
0.381625
1
0.144068
0.0535684
0.0417289
0.75908
0.215527
0.999759
0.209137
0.239771
0.0403786
0.0654333
0.54372
1
0.0147058
0.402913
0.66481
0.560228
0.251605
0.595604
0.315554
0.886041
0.768779
0.10781
1
0.100267
0.0436237
0.217403
0.507505
1
0.252606
0.125222
0.387892
0.015167
0.0424611
0.646748
0.0712396
0.15541
0.0325863
0.305853
0.969728
0.0947169
0.125652
0.859503
0.0390837
0.0404455
0.246937
0.311837
0.544677
0.407188
0.517107
0.446058
1
0.894763
0.771578
0.0357706
0.701969
1
0.0338593
0.181751
1
0.768054
0.0658039
0.441839
0.201169
0.824744
1
0.0497315
0.968861
1
0.0462667
0.807351
0.421239
1
1
0.257315
1
0.880205
0.507927
0.0690347
0.0689681
1
0.105313
0.373627
0.606047
1
0.231802
1
0.479827
1
0.177859
0.480591
0.534913
0.132446
0.577549
1
1
0.484742
1
0.0704738
0.332322
0.117077
1
1
1
0.12344
0.0510553
0.0600153
0.898508
0.398558
0.827267
1
1
0.142238
0.395542
0.416982
0.353254
0.1273
0.0913703
1
1
0.347865
0.726404
0.324244
0.851736
0.580306
1
0.261576
0.210296
1
0.172658
1
0.276378
0.101712
0.810281
1
0.792849
0.00737553
0.521964
1
1
0.100931
0.200783
0.00558537
1
0.872618
0.272711
1
1
0.340415
0.237132
1
0.744105
0.833031
1
1
0.107707
0.16898
1
1
0.257262
0.645071
1
0.538938
0.179941
0.588235
0.101871
0.813019
0.37975
0.234298
1
1
1
0.170708
0.139734
0.282791
0.236876
0.35953
0.117255
0.957788
1
0.589093
0.861464
0.42397
1
0.208789
0.477507
0.113454
1
0.20106
0.61104
0.222152
0.321112
1
1
0.0367048
0.0894881
1
0.578914
0.912103
0.398493
0.00532418
1
1
0.373423
0.344926
0.0622753
0.465666
1
0.0988969
0.477105
0.451721
0.116093
0.680289
1
0.13591
0.965531
0.37392
0.186337
0.04731
0.252711
0.092514
1
0.388893
1
0.482063
0.192508
1
0.788397
0.412508
0.676789
0.116407
0.0573707
0.328012
0.0103609
0.0627603
1
0.0374763
0.150323
0.0486648
0.27665
0.79615
1
0.834207
0.326112
0.400957
0.04737
0.652763
0.313401
1
0.813168
1
1
0.744473
0.595566
0.306476
1
0.0820522
0.960958
1
0.263204
0.159992
0.354478
0.151622
0.0949027
1
0.034843
0.349632
1
0.143473
0.302908
1
0.113751
0.318668
0.184404
0.0291783
1
1
0.601841
0.313868
1
0.531912
0.227071
0.0447695
0.559305
0.0683082
0.0220444
0.466039
0.0306874
0.12041
0.163566
0.277602
0.539233
0.972565
1
0.159544
1
1
1
0.133517
0.648808
0.167769
1
0.294725
1
1
0.681962
0.491588
0.188177
0.30156
0.482483
0.204542
0.0924064
1
0.0487157
1
1
0.149101
0.0411265
0.1783
0.18806
0.24208
0.161177
1
0.390059
0.0381417
0.0319003
1
0.582133
0.0348067
0.116451
0.17115
1
1
0.398709
0.193609
0.366535
0.602725
1
1
1
0.0693922
0.0469246
0.119226
0.155946
0.149068
1
0.930246
0.163382
0.821715
0.0221323
1
0.530295
0.212069
1
0.274069
0.473412
0.116114
0.0131281
0.044632
0.650976
0.273453
0.199674
0.191467
0.414167
0.354399
0.0521598
0.260696
0.400131
0.23876
0.47307
1
0.0871863
1
0.448908
0.367747
0.715741
0.891022
1
0.00261967
0.184211
1
0.315668
0.386277
0.168964
1
0.0782861
0.872631
0.070635
1
1
0.106921
0.641411
1
0.240649
0.758092
0.127107
0.517205
0.365979
0.13518
0.0688476
0.0276148
0.0627917
0.391012
0.356929
0.209137
0.194515
0.566193
0.303807
0.50247
1
0.517724
0.951007
0.541398
0.672209
1
1
0.609298
0.0898372
0.203195
1
0.119105
0.17811
1
1
0.0324279
0.0332043
0.911918
0.121117
0.309303
1
1
0.868341
0.930189
1
1
1
0.456758
0.288814
1
0.255712
0.344524
0.307854
1
0.0131041
0.490326
0.0782455
1
0.0142903
0.0907456
1
0.909943
0.842843
0.69559
1
0.148414
1
1
0.801295
0.0875041
1
0.08724
1
0.132239
0.822421
0.761697
0.490978
1
0.0358905
0.534015
0.148033
0.705323
0.517047
0.262724
0.0639767
0.240161
0.275443
1
0.579435
0.0562598
0.908563
0.746373
0.206524
0.117179
0.310705
1
0.452417
0.957571
1
0.66757
0.713138
1
0.37906
1
1
0.144128
1
0.261863
1
1
0.542033
0.313134
0.226978
0.321533
0.978039
0.191445
0.519249
1
0.100128
0.216752
0.28761
0.332357
0.167561
0.402422
0.732493
1
0.0815964
0.0848645
0.695285
1
0.395254
0.613803
0.111602
0.284614
0.942433
1
0.176808
0.571386
0.807796
1
0.326811
1
1
0.575613
1
0.400584
0.745798
0.458979
0.729961
1
0.5122
0.246272
1
0.894834
1
0.418275
0.536121
0.131247
0.894169
0.678622
0.236376
1
0.767576
0.176454
0.347835
0.996628
0.830857
0.259439
0.149129
0.195413
1
0.186265
0.778818
0.0455077
0.618834
0.136185
0.556918
1
0.181513
0.928649
0.0616956
0.163934
0.914106
0.321168
0.323579
0.59554
0.240841
0.092297
1
0.131117
0.427312
1
0.672396
1
0.398113
0.231445
0.166962
0.233846
0.753058
1
0.344148
1
0.284229
0.226775
0.0808537
0.152816
0.739437
1
0.986021
0.281983
0.341509
0.0533089
0.745667
0.113055
1
0.731274
0.839513
0.661234
1
0.58551
1
1
0.809736
0.051438
0.260642
0.197035
0.179213
0.164061
0.384055
1
0.209909
1
0.287203
0.0442633
0.148562
0.582129
0.174841
0.0175461
0.313042
0.392068
0.556421
0.0375849
0.348336
0.198405
0.45625
0.182247
0.04495
0.333932
0.0664368
1
0.229654
1
0.120532
0.497503
0.245142
0.104619
0.245533
0.139438
0.287398
0.447418
0.772025
0.237711
0.487901
0.199404
1
0.867673
1
1
1
0.274782
0.251197
0.284119
1
0.34396
0.037442
1
1
0.297878
0.0448854
0.751863
0.175113
0.0500833
0.865021
0.150428
0.0279199
1
1
0.314149
0.120686
1
0.592816
1
1
0.0296148
1
0.0326464
0.586947
0.266863
0.278101
1
0.0201384
0.479771
0.635626
0.839954
0.899196
0.788091
1
0.238361
0.0741356
0.929666
0.0710452
1
0.586261
0.326781
0.692474
1
0.440327
1
0.0391006
0.202769
0.198949
1
0.0444948
0.142524
1
0.567269
0.249112
0.836896
1
0.322552
0.16922
0.705473
0.406653
1
0.141714
0.351479
1
0.063297
1
0.0266111
0.42003
0.312201
0.777264
1
0.0975192
1
1
1
1
0.302002
0.87231
0.395939
0.0619975
0.378041
0.227351
0.331941
0.413058
0.878535
0.56214
1
0.0147364
1
0.209008
0.0631443
0.169929
0.220117
1
1
0.400605
0.197523
0.0730311
0.0592515
0.292503
0.658201
0.121651
1
1
0.134151
0.555304
0.314606
1
0.0405775
1
0.49398
0.306334
0.148279
1
0.419829
0.047911
0.648086
0.0721377
0.0238791
0.0598271
0.148233
0.0615126
0.0495217
0.280377
1
0.17657
0.0956774
1
0.989629
1
0.324916
0.628242
0.231436
1
0.0402294
0.903005
0.093838
1
1
0.136408
0.0797519
0.147111
1
1
1
0.597242
0.0358558
1
0.431436
0.169911
0.28216
0.7684
0.145417
0.861266
1
1
0.0929135
0.474101
0.182447
0.389661
0.0149274
0.400418
1
0.383419
0.283891
0.553229
0.0855228
0.746793
0.0696757
1
0.117057
0.0819793
0.0253393
0.592702
0.329922
1
0.0296539
1
0.160447
0.135445
0.419997
1
0.32884
0.319816
0.668904
0.195366
0.980482
0.14247
1
0.0972194
0.164181
0.124106
0.364901
0.460291
0.490603
1
1
1
0.120236
0.0285067
0.0727676
1
0.579669
0.431778
0.78627
1
0.158092
1
0.954871
0.543158
1
1
0.811942
0.203107
0.16834
1
0.289558
0.238629
1
0.191839
0.132452
1
0.212926
0.200347
1
0.36188
0.231671
0.769918
0.312839
1
1
0.0576588
0.0365193
0.854935
0.193246
0.249733
0.128365
0.283393
0.194123
0.0115375
1
0.527867
0.866927
0.84744
1
1
0.0245726
0.736471
0.225232
1
0.0919982
0.382121
1
1
0.211634
0.164172
1
0.046771
0.218307
0.252899
0.774495
0.313837
0.329261
1
0.195921
0.0796981
0.31082
0.167804
0.213032
0.127625
0.119537
0.561621
0.23753
0.287182
0.0564863
0.51545
1
1
0.883262
1
0.486674
0.275564
0.039855
1
1
0.181382
1
0.821124
0.431907
0.928532
1
1
0.223297
0.528875
0.030839
0.114568
1
0.801302
1
1
0.0425345
0.568083
0.714041
0.626675
0.0950236
0.508692
0.0358251
1
0.081839
0.596663
0.125575
0.0171236
0.0975434
0.291174
0.358699
0.454488
0.0661237
0.147343
0.184634
1
0.592968
1
0.817422
0.641413
0.198157
1
1
1
0.139297
0.186918
0.120537
0.317785
0.27692
0.473327
0.212206
0.251903
0.174303
1
0.355385
0.0985213
0.300464
0.129796
1
0.122278
1
0.0835617
0.15506
0.056561
0.0911378
0.145016
0.124193
1
0.756526
0.180547
0.159148
0.499144
0.334865
0.215194
1
1
1
0.123411
1
0.389658
0.451165
1
0.141245
0.586
0.0986196
1
0.0629916
0.0962322
0.109902
0.0468941
0.953167
0.109981
0.232864
0.319202
0.457805
0.57867
0.700782
0.147335
0.558002
0.362259
0.558124
0.113861
0.30544
0.311291
0.231038
0.027777
1
0.258983
0.403297
1
0.45068
0.0446303
0.51787
0.271783
0.0298675
1
0.747395
0.170294
1
1
0.274393
1
0.260167
0.0268057
0.12459
0.14261
0.0811981
1
0.924099
0.144015
0.0659211
0.25194
0.0911762
0.0280137
0.556013
1
0.698583
0.651304
0.228552
0.655059
1
0.0985174
0.958968
0.0435483
0.416013
0.753032
0.100055
0.255443
0.115753
1
0.666665
1
0.225162
0.126313
0.128622
0.551322
1
0.088078
1
0.653164
0.673841
0.233797
1
0.527897
0.0667934
0.162214
0.0393367
0.132196
0.576691
0.138018
1
0.0258728
0.161657
1
0.598162
0.389125
0.675576
1
0.118486
0.913277
1
0.482751
0.194122
1
0.0367587
0.051778
0.0660431
1
0.229517
0.16895
0.14097
0.141059
1
0.338877
0.843211
0.129369
0.0217657
0.296503
0.0752166
0.0947745
1
1
1
1
0.0412336
0.464687
1
1
0.806328
0.248307
1
0.38834
0.0417711
0.724293
0.468874
0.909551
0.757794
0.171694
1
0.488287
0.279845
1
0.58923
1
0.240473
0.249112
0.716892
0.549107
1
0.17369
0.548548
1
0.122184
0.274714
0.521838
1
0.130598
0.0620436
1
0.281927
0.047505
0.14735
0.292727
0.287147
1
0.0544624
0.00706343
0.0972916
0.3588
0.0576996
0.164666
0.233878
0.0834372
0.0706552
0.192852
0.268859
0.0196193
0.12857
1
0.162859
1
0.210541
0.0574075
0.34149
1
1
0.285747
1
0.371239
0.681706
1
1
0.721126
0.138992
0.1313
0.437181
0.370034
0.101183
0.331811
1
1
0.131904
0.0234732
1
0.364237
0.0307469
0.214758
0.637861
0.901129
0.00468242
0.0927674
0.115455
0.549426
1
1
0.298014
1
1
1
0.562886
0.950628
0.400779
0.539767
1
0.702231
0.200876
1
1
0.374441
0.21858
0.487725
0.153604
1
1
0.25718
0.282941
0.0973069
0.182968
0.263544
0.585992
0.256048
1
0.493531
0.0772666
0.0393788
0.0903082
1
0.465119
0.760517
1
0.382228
1
0.172656
1
0.0945194
0.917302
1
0.933485
0.360523
0.617291
0.406237
1
0.595698
0.252744
0.763557
0.424808
1
0.696173
1
0.283143
0.931496
0.0511729
0.160738
0.238068
0.630543
0.911704
0.341879
1
1
0.0190512
0.335265
1
1
0.467015
0.26075
0.143577
1
0.519693
0.0922447
0.659626
0.515021
0.0768172
1
0.117185
1
0.979578
1
0.115007
0.164746
0.422742
1
1
1
0.225522
0.297059
0.0326616
0.854575
0.0431613
0.0674635
1
0.681207
1
0.377983
0.383981
0.0633682
1
0.078879
0.0130951
0.571107
0.450024
1
0.280383
1
0.0574581
0.210481
0.586635
0.964379
0.223459
0.524883
1
1
0.517962
0.0689215
1
0.336554
0.09146
1
1
0.504488
1
0.0796973
0.307829
0.166375
0.470837
1
0.0253204
1
0.0386562
1
0.719718
0.0501109
0.224401
0.361468
1
0.779812
0.0798021
0.377981
0.594046
0.393071
0.330591
0.0832489
0.529979
0.198437
1
0.335121
0.913917
0.722017
1
1
0.62097
0.0173169
1
0.079358
0.14523
0.0781688
0.19945
1
0.587558
0.0271675
0.207223
1
1
0.0426453
1
1
1
0.493305
1
0.705882
1
0.272976
0.229004
0.405579
0.187448
0.173082
0.218833
0.0700515
0.00516526
0.597463
0.850633
1
1
0.556677
0.756775
0.429657
0.0399607
0.108108
0.115394
1
1
0.781794
0.987575
0.160836
1
1
0.145479
1
1
0.249713
0.175239
0.00824046
0.609506
0.270466
0.286907
0.297604
0.294892
0.240001
0.321293
0.221035
1
0.816478
0.150487
0.14537
0.126857
0.924178
0.577979
0.093627
0.68423
1
0.0478781
1
0.491497
0.884353
0.444651
0.180301
1
0.154171
0.0711856
0.114948
1
1
0.904087
1
0.187024
0.163478
0.206767
1
0.163649
1
1
1
0.0765509
0.811656
0.0414918
0.93037
0.122513
1
1
1
0.174439
0.0618738
0.897963
0.0359402
0.173753
0.182498
0.482349
1
0.437897
0.27663
0.468445
1
0.340653
1
0.15647
0.35269
1
0.246622
0.606024
1
0.305981
0.105884
0.0297768
0.766371
0.213696
0.305204
0.655537
1
0.213051
0.147797
1
0.0333211
0.92811
0.192873
1
1
1
0.942981
0.863462
0.0372043
0.466139
1
1
0.778765
0.827884
0.230646
0.764894
1
0.0141322
1
0.343619
0.175027
1
0.585742
0.548569
1
0.159443
1
0.104523
1
0.689946
0.574134
0.162151
1
0.12635
0.0915725
0.296888
0.148104
0.890516
0.127836
0.133754
0.403096
0.311898
1
0.208053
1
1
1
0.152795
0.339254
0.102836
0.123449
1
0.384137
1
1
0.339004
1
1
0.134882
0.158909
0.92488
0.388291
0.0684453
0.0603375
0.152651
0.167845
1
0.377912
0.146072
0.0321048
0.808437
0.156736
0.343077
1
1
1
0.236976
0.569147
0.325869
0.0880216
0.433701
0.0571181
0.0949433
0.0924174
0.274959
0.694212
1
0.0857139
0.440551
0.0939914
0.528908
0.310022
0.295003
1
0.117654
0.0176188
0.152763
0.326169
0.306624
0.157674
0.0453664
0.115912
0.249115
0.955518
0.0208469
1
0.771507
0.962109
0.491558
0.323307
0.163753
1
0.141125
1
0.588966
1
0.17488
1
0.0276289
0.235858
0.316249
1
0.362994
0.336633
0.177055
0.154654
1
0.753548
0.0745399
0.535476
0.130781
0.504073
0.603246
0.0528636
1
0.0787925
0.587875
0.236027
1
0.679429
0.295413
1
1
0.0672691
0.0155307
0.24354
1
0.672026
0.559363
0.221142
1
0.247071
1
0.0797898
1
1
0.279144
0.284322
1
0.394592
0.256462
1
0.10898
1
0.116922
1
0.140456
0.301055
1
1
0.190123
0.423922
1
0.714181
0.623362
1
0.901355
0.72582
0.56652
0.904189
0.546634
0.0246734
0.0782286
0.0133449
0.422368
0.463042
1
0.373281
1
1
0.451277
0.166238
1
0.339635
1
0.214606
0.124741
0.71332
1
0.660386
0.0981329
0.841518
0.414674
0.341141
0.991942
0.364916
0.0545613
0.0879288
0.0700097
0.333576
0.634495
1
0.227271
0.590483
0.193261
0.63492
0.431833
0.12633
0.14631
0.21015
0.364598
0.154907
0.160676
0.0831492
0.438231
1
0.066522
0.255952
0.0241012
0.318303
0.695149
0.522507
0.417318
0.525214
0.426073
1
0.352996
0.0802703
1
0.346734
1
0.342884
0.193568
0.937449
0.470223
0.933773
0.324974
0.475012
1
0.749215
0.0378242
0.0590603
0.0564602
0.30701
0.488528
1
0.0315108
0.758351
0.734486
1
0.481288
0.592492
0.0366227
0.398579
1
0.132485
0.200119
0.345999
0.142298
0.314959
0.0353063
0.865826
0.654253
0.334577
0.857686
0.139893
0.0174992
1
0.4157
0.402301
0.189713
0.181294
1
0.425549
0.0679364
0.116762
0.277623
1
1
0.352569
0.86782
1
0.403184
0.11771
0.13122
0.320546
0.271088
0.149175
0.0077792
0.322233
0.886013
0.609923
1
0.315084
0.111518
0.224288
0.100183
0.414655
0.192505
0.233198
0.0781687
0.42159
1
0.444256
1
0.157283
1
0.0305021
1
0.432317
0.160454
0.0260037
0.274479
0.714158
0.2294
0.480708
0.378377
0.950274
1
0.061615
0.363618
1
1
0.329011
0.682781
0.388444
0.311135
0.0620199
0.0107318
0.424049
0.127595
1
0.422834
0.41682
0.56053
0.579934
0.199233
1
0.50273
0.131809
0.118933
0.146611
0.577156
0.974842
1
0.073173
0.996683
0.062905
1
0.147709
0.131532
0.106556
0.115311
1
0.715578
0.910063
0.518393
1
0.0592121
0.485892
0.266358
0.0325548
1
1
0.965738
1
0.182631
0.0176208
0.873595
0.251015
1
1
0.5839
0.271378
0.248473
0.267186
0.201486
0.0789865
0.0156818
0.0888659
0.184228
0.0133434
0.442698
0.357796
1
0.154966
1
0.37804
0.264094
0.361348
1
0.783169
0.146765
0.974993
1
0.857568
0.174938
0.248725
1
0.682503
1
0.378967
0.369515
0.185405
0.263286
0.324633
1
0.421431
1
1
0.064702
1
0.855918
0.735978
0.563192
0.468731
1
1
0.178216
0.193122
0.575912
1
0.346004
1
1
0.754341
1
1
0.0911993
1
0.638003
0.567758
1
0.0136742
1
0.284756
0.561685
0.594097
0.147999
0.0816253
0.0876617
1
0.220987
0.0933595
0.105325
0.499868
0.935712
0.311609
0.16543
0.095761
0.125109
0.506648
0.0154062
0.101768
0.268741
0.341613
0.879996
0.274576
1
0.090266
0.394861
1
0.179377
1
0.0208345
0.0285564
0.056771
0.80393
0.526471
0.377388
0.0552494
1
0.880802
0.102765
0.0702975
1
0.069484
0.188933
0.368546
0.140213
0.190046
0.740228
0.0477873
1
0.107201
1
0.921463
0.199867
0.306181
0.0943173
0.454758
0.449109
0.230862
0.514586
0.249575
0.0708691
0.216858
0.109042
0.557439
0.383213
0.0298186
0.109743
1
0.130349
0.496088
0.234777
0.0879604
1
0.624921
1
1
1
0.259592
0.361191
1
0.397164
0.370565
0.039312
1
0.259499
0.476235
0.437325
0.336946
0.660946
0.167478
0.430758
1
0.279194
0.25432
1
0.335519
0.24421
0.488456
1
0.221661
1
0.320014
0.408575
0.123299
0.158892
1
0.519199
0.272184
0.440648
0.714359
0.246826
1
0.555958
0.324248
0.0714227
0.698291
1
0.635792
1
0.930616
1
0.659662
0.287809
0.0752826
1
1
0.112446
0.107221
0.212247
0.109952
0.89126
1
0.99692
0.132874
0.967804
0.248891
0.152581
1
0.00723341
0.102871
0.0294131
0.200484
0.0390345
1
0.586916
0.923281
0.0922263
0.279687
0.648285
0.348777
1
1
0.123231
0.21009
0.21735
0.350611
0.330714
0.516585
0.833063
1
0.0934103
0.370906
1
0.956915
0.613757
1
0.00567816
0.235228
0.0280041
0.0974966
0.268617
0.505065
0.193025
1
0.0632616
1
1
0.171974
1
0.126302
0.581146
1
0.119149
0.0931883
0.239924
0.154895
0.957388
0.670926
0.28754
1
0.104265
0.911367
1
1
0.0678863
0.164905
0.411421
0.179307
0.0711559
0.0673218
0.157785
0.209701
1
0.167532
0.194355
0.0398583
0.0258278
0.142243
0.0642957
0.634435
0.142789
0.111659
0.0955599
0.567081
0.601706
0.178261
0.40824
0.580394
0.151186
0.192089
0.104259
1
0.00746102
0.812183
0.161767
0.624505
0.269579
1
0.156298
0.00963618
0.900216
0.560256
0.0177214
0.0402317
1
0.837229
0.65877
0.43489
0.0650555
1
0.660223
0.534284
1
0.410224
0.496914
0.0824471
0.0550794
0.0495317
0.189316
0.334638
1
0.862098
0.202309
0.0861489
0.510238
0.534287
0.24223
1
0.0636411
0.407651
1
0.158463
0.195545
0.0483976
1
1
0.0233638
0.36601
0.281109
0.132641
1
1
0.213887
0.709929
0.995668
0.364556
0.448049
1
0.731074
1
0.347642
0.607546
1
0.273439
0.275229
1
1
1
1
1
0.640729
0.864522
0.0723287
0.242154
1
0.0702783
1
0.0259257
1
0.0808656
0.783754
0.0312947
0.294381
0.246025
1
0.287294
0.055612
0.791714
0.127842
0.450564
0.0247509
0.0658459
0.0530506
0.0741666
0.360803
0.149876
0.812461
1
0.273431
0.308742
1
1
0.106894
0.270076
1
0.487641
0.121908
0.183679
0.300529
0.314955
0.479056
1
0.383032
0.0865361
1
0.0735208
0.0651634
1
0.231415
1
0.0211444
0.289556
0.419743
0.147906
1
0.176499
1
1
0.0516765
0.501023
1
0.213452
0.187953
0.240186
1
0.695005
0.0364969
0.200782
0.223811
1
0.0528691
0.036209
0.537387
0.0312913
0.353327
1
0.464664
0.648662
0.583655
1
0.394974
0.140177
0.159954
1
1
1
1
0.175672
0.676558
0.578164
1
1
0.270934
0.195769
1
0.118745
0.0998222
0.238023
0.962322
1
1
0.251514
0.359696
0.0393936
1
0.070839
0.402331
0.731213
0.129232
0.183294
1
0.484623
0.16932
0.876389
0.211356
0.321239
0.368137
0.184702
0.685236
1
0.523753
0.262119
0.388331
0.0730654
0.382889
1
0.869506
0.422124
0.604471
0.358512
0.473305
0.516604
0.70521
1
1
0.21697
0.609505
0.483993
0.184098
0.121802
0.555174
0.0733962
0.454628
1
0.428617
1
0.0072864
1
1
0.0586833
0.0823452
0.360923
0.163599
0.492171
0.165271
0.572806
0.526529
0.178127
0.102001
0.0135544
0.52655
0.376965
0.534202
0.445677
0.0426692
0.218954
0.135532
0.568279
1
0.457608
1
0.0695072
0.475204
0.0859025
1
0.226308
1
1
0.738086
0.696675
0.913363
1
0.211393
0.0290734
1
0.15441
0.905231
0.461779
1
0.344356
0.204312
1
1
0.142492
0.535708
0.213379
0.933173
1
0.0307684
0.283158
0.644599
0.356087
0.813058
0.0230247
1
0.269934
1
0.277849
0.135123
0.305244
1
0.0106647
0.387712
0.499975
0.457374
0.209999
0.0749041
1
0.114201
0.969879
0.843732
1
0.527693
1
0.00840181
0.236858
0.0849022
1
0.285344
0.20903
0.217292
0.223527
1
1
0.406995
0.112331
0.574764
0.541159
0.255572
0.397235
1
0.17265
1
0.570266
0.289184
1
0.00777868
1
0.124304
1
1
1
1
0.0689205
0.0776727
0.0521454
1
0.296622
0.371983
0.100926
1
0.241307
1
0.378173
0.168859
0.292831
0.872837
1
0.154825
0.693309
0.644607
0.348958
0.0897336
1
0.742458
1
0.220214
1
0.916872
0.906474
0.050676
0.357059
1
0.685819
1
0.526678
0.437885
0.329727
1
1
0.332105
1
0.227054
0.14908
1
0.0818157
0.0571638
0.0878286
0.502373
0.818376
0.110082
1
0.118327
1
0.716537
0.956907
1
0.991864
0.143725
1
0.949171
0.0624499
0.0143672
0.263822
0.150012
0.181058
0.542658
0.316426
0.679472
0.564445
1
0.689115
1
0.498174
1
1
0.302519
0.0654887
0.478145
0.0140419
1
0.0288224
0.243691
0.0812546
0.328953
0.0621347
0.323404
0.385418
0.172724
0.0680326
0.0680608
0.237825
0.511916
0.945349
1
0.855242
0.0546158
0.386027
0.0656865
0.101873
0.045953
0.0498967
0.942819
1
0.31246
1
0.78518
0.055762
0.183167
1
1
0.0861055
1
1
0.173225
0.588311
0.328378
0.237241
0.208929
0.114154
0.267348
0.967507
0.388113
0.661963
0.343961
0.586122
0.0470707
0.140094
0.186311
0.301381
1
0.108775
0.219335
1
0.281446
1
0.0303248
0.343564
0.137519
0.52858
0.63476
0.648373
0.152238
1
0.0857856
0.445435
0.951439
0.204718
0.734472
0.706828
0.202446
1
1
0.498245
0.576393
0.209303
0.174135
0.5248
0.613172
0.180212
1
1
0.179041
0.895665
0.610532
0.0109293
0.0250265
1
1
0.0986718
0.712246
0.186956
1
0.111725
0.0620404
0.293548
0.127371
0.0404304
1
0.185425
0.0740036
0.0812231
0.129479
0.450841
0.795452
1
1
1
0.366606
0.138179
0.198016
0.404072
0.145631
0.821296
0.0967901
0.559951
0.0627739
0.594026
0.240983
1
0.196485
0.193498
1
0.113253
0.648454
0.610646
0.241598
0.0900516
0.132078
0.364789
0.740432
0.49974
0.926641
0.144794
0.51088
1
1
0.427443
0.377513
1
0.0335149
0.136949
0.27287
0.117136
1
0.157403
0.316712
0.375335
1
0.242572
0.259169
0.0671878
0.565931
1
0.749274
0.426708
1
0.735098
0.787616
1
0.261893
0.217175
0.917245
1
1
0.163388
1
0.812629
0.269078
0.076896
0.339252
0.84092
1
0.0525045
0.655427
0.0857148
0.743711
0.0212006
0.773295
1
0.426126
0.153668
0.325554
0.0954206
0.444477
0.107379
0.56078
0.165048
0.0640302
0.115103
0.618501
0.110342
0.213731
0.785682
0.068768
0.0341427
1
1
0.104342
0.320518
1
0.756577
0.343811
0.817754
0.15678
1
0.212403
1
0.109854
0.893873
0.709192
0.116758
1
0.070508
0.416077
0.542098
0.658507
1
0.513674
0.29861
1
0.770712
0.534828
0.3118
0.130589
0.487638
0.286193
1
1
0.182968
1
0.0508605
0.869072
0.312278
0.323032
0.318458
0.325349
0.137976
0.510344
0.0884159
0.56595
0.504897
1
1
1
0.543664
0.117485
0.89367
0.410823
0.677549
0.607775
1
1
1
0.0826991
0.343578
0.771248
0.927905
0.523797
0.374173
0.22218
1
1
0.114345
0.434704
0.0506776
1
1
1
0.386881
0.188443
1
0.0582836
0.174353
0.368423
1
1
1
0.117042
0.165071
0.597356
0.746956
0.105578
0.399871
0.643928
0.140507
0.0599191
0.201871
0.293261
1
1
0.342222
1
0.245615
0.201667
0.278153
0.0910496
1
0.012401
0.297926
1
0.417619
0.0583691
0.172055
1
1
0.909798
0.351403
0.0928687
0.0206216
1
0.712321
0.101838
1
1
1
1
0.562743
1
0.0357413
0.382573
0.870329
0.785266
0.570089
0.096979
0.316428
0.0662416
1
0.0144377
0.141541
0.330204
1
0.497203
0.481129
1
0.144467
1
1
0.285832
0.283859
0.0505282
0.380057
1
0.236241
0.210083
0.265728
0.177569
1
0.0296822
1
0.135479
0.79691
0.86325
1
1
0.25209
0.563594
0.0287413
0.334162
1
1
0.982821
0.226583
0.130724
0.222919
0.339509
0.35839
1
0.232321
0.429415
0.705413
1
0.497904
0.0932494
0.693015
0.175115
1
0.976233
0.175243
1
0.193347
1
0.246799
1
0.811352
1
0.77387
1
0.468271
0.244932
0.347769
0.112806
1
0.535123
0.339886
1
0.209061
1
1
0.519387
0.61237
0.807503
0.0407533
0.0947566
1
0.208435
1
0.283103
0.0130111
0.0577358
0.0880688
0.571831
0.042166
1
0.0583513
0.360593
0.045243
1
0.130658
0.540806
0.280415
0.259496
0.540507
0.646727
0.391146
0.445653
1
0.0658843
0.429598
0.0793585
0.727476
1
0.186322
0.644688
0.0834455
0.611579
0.859391
1
0.261894
0.606861
0.142704
0.225008
1
0.102493
0.0902004
0.294397
0.242395
0.331557
1
0.401504
0.328316
1
0.0918145
0.648734
0.356151
0.486836
0.115106
0.615933
0.0732612
1
1
1
0.1593
1
0.0213253
0.362955
1
1
0.360441
0.0391925
0.501896
0.0837735
0.181236
0.596607
0.0740549
0.159485
0.288587
1
0.523624
0.349699
1
0.0331772
0.342723
1
0.0485018
0.0344975
0.180613
0.0992556
0.116678
0.342023
0.947363
0.403629
0.136381
1
0.0333314
0.345269
1
1
0.372661
0.204468
0.629133
1
0.618787
0.347743
1
1
1
0.165567
0.165156
0.0491879
0.46315
0.346739
0.860283
0.274525
0.15618
0.598338
0.825073
0.179216
1
0.297707
0.236232
0.57551
0.502376
0.668772
0.0973956
0.233301
0.386816
1
1
1
0.871286
0.776892
1
0.183223
0.432546
0.64404
1
0.162059
0.0876536
0.0634904
0.0475918
0.0474564
0.110553
0.749035
0.345237
0.0128423
0.328682
0.231858
0.255505
0.144523
0.491019
1
0.0732899
1
0.377132
0.797293
0.0302518
1
0.472598
0.252555
1
0.0756401
0.0347311
1
0.328401
1
1
0.0660727
1
0.00765273
0.249234
1
0.119089
0.919277
1
0.394874
0.566558
0.729892
0.162598
1
1
0.148726
0.0328918
0.144266
0.179538
0.118692
0.13301
0.723043
1
0.523425
0.0957078
0.768482
0.214324
1
0.682204
0.205456
1
0.316143
0.0956819
0.0576588
1
0.174927
1
0.0622928
0.431648
1
1
0.835399
1
0.781807
1
0.159247
1
0.730585
1
0.64525
0.204914
0.344047
1
0.30535
0.0982891
1
1
0.130875
1
0.174595
0.0877382
0.101698
1
0.158084
0.0434502
0.211353
0.261173
0.0337707
0.156193
0.0899318
0.352941
0.0483799
0.0864331
0.490489
0.284922
1
1
1
1
0.35677
0.81693
0.874018
0.192921
0.464884
0.178379
1
0.171629
0.071402
1
0.835047
1
1
0.405793
0.354116
0.034588
0.0571051
0.662221
1
0.147209
0.435937
0.877382
0.255501
1
0.355685
1
0.148786
0.808138
0.809305
0.978526
0.538684
0.256795
0.219272
0.262253
1
0.300768
1
1
1
0.0157572
0.0691565
0.502319
0.0807365
0.0721845
1
1
0.441916
0.131129
0.350394
0.127445
0.0898158
0.269276
1
0.389989
0.816148
0.0849325
1
0.46402
0.921093
0.188991
0.84232
0.378224
1
0.182435
0.255503
1
0.18973
1
1
1
1
