0
0.0007642
0.013668
0.0115851
0.00897376
0.00782541
0.0075403
0.00665109
0.00875785
0.00789037
0.00721303
0.00676624
0.00642688
0.00596247
0.00559793
0.00562963
0.00558532
0.00530693
0.00511271
0.00504753
0.00496241
0.0047473
0.0045727
0.00439709
0.00427881
0.00425512
0.00409471
0.00416279
0.00407944
0.00400207
0.00414956
0.00406397
0.00403764
0.00392017
0.00391991
0.00388028
0.00384518
0.003863
0.00376532
0.00376248
0.00373292
0.00370066
0.00361519
0.0035906
0.00351097
0.00343974
0.00337088
0.00341833
0.00335473
0.00336948
0.00333531
0.00327128
0.00321365
0.00315673
0.0031003
0.00307634
0.00303023
0.0029776
0.0029545
0.00291426
0.00290567
0.00299079
0.00294345
0.00291643
0.00287237
0.00292468
0.00288854
0.00284822
0.00287345
0.00283569
0.00286504
0.0029346
0.00290594
0.00287021
0.0028474
0.00283949
0.00280285
0.00276766
0.00273433
0.002743
0.00271113
0.00267791
0.00269309
0.00273573
0.00270757
0.00267597
0.00269142
0.00267608
0.0026585
0.00264515
0.00261653
0.00260389
0.00257994
0.00255934
0.00253558
0.00252869
0.00250248
0.00248249
0.00245924
0.00246832
