0
0.0272556
0.017862
0.013113
0.0119111
0.0101787
0.00860396
0.00823788
0.00731254
0.00694275
0.00629897
0.00583508
0.00643436
0.00613489
0.00595924
0.00564977
0.0055567
0.00571523
0.00540614
0.00538357
0.00524348
0.00499988
0.0048708
0.0048663
0.00482838
0.00464526
0.00446994
0.00432698
0.00422093
0.00444832
0.00432815
0.00419224
0.00416244
0.00408081
0.00396746
0.00387821
0.00383232
0.00377427
0.00368286
0.0036357
0.00361128
0.003543
0.00365509
0.00357497
0.00359359
0.0035559
0.00351569
0.00344176
0.00338141
0.00331733
0.00327099
0.00321006
0.00316251
0.00310415
0.00305012
0.00307133
0.0030223
0.00299186
0.00294138
0.00289687
0.0029803
0.00293245
0.00292986
0.00288476
0.0028467
0.00280508
0.00283177
0.00279007
0.0027494
0.00272448
0.00271656
0.00276526
0.00276991
0.0027323
0.00269687
0.00266871
0.00264128
0.00260773
0.00258342
0.00257446
0.00254325
0.00255129
0.00252072
0.00249369
0.00247046
0.00245537
0.00242738
0.00240227
0.00237747
0.00235147
0.00234125
0.00231833
0.00229636
0.00228831
0.00228537
0.00227638
0.00228797
0.00227293
0.00236503
0.00235728
