0
1
1.40862
1.73718
1.9956
2.22392
2.45084
2.66983
2.82836
3.00303
3.16307
3.3108
3.47879
3.62273
3.73682
3.86978
3.98989
4.11133
4.25422
4.37207
4.46473
4.57633
4.6666
4.79039
4.86738
5.00228
5.10602
5.16012
5.24526
5.39353
5.47925
5.5325
5.64691
5.70672
5.8174
5.92503
5.99231
6.10144
6.14666
6.23517
6.30839
6.40259
6.47751
6.57264
6.65267
6.6994
6.76408
6.82925
6.93281
7.01517
7.04873
7.08714
7.20253
7.25457
7.35184
7.40588
7.4964
7.53607
7.61077
7.70451
7.76961
7.8446
7.89045
7.92355
7.98963
8.08556
8.12091
8.17163
8.24639
8.34324
8.38023
8.41174
8.49989
8.50875
8.56772
8.67616
8.73638
8.75323
8.85269
8.85802
8.91341
8.93158
9.0153
9.07814
9.12992
9.20441
9.29768
9.33877
9.36532
9.3855
9.47153
9.60166
9.57813
9.60833
9.71047
9.7411
9.76084
9.79669
9.89432
9.93336
9.98331
