0
1
1.41444
1.72858
1.98991
2.24916
2.46065
2.65282
2.81429
2.99704
3.15968
3.32847
3.46907
3.61856
3.73201
3.89127
4.01639
4.12542
4.22846
4.3599
4.47477
4.55417
4.66424
4.80467
4.90438
5.00984
5.11551
5.18155
5.28734
5.4057
5.44771
5.55983
5.63608
5.77469
5.83155
5.89682
5.99242
6.11278
6.08425
6.26648
6.35466
6.41943
6.49562
6.53937
6.63533
6.68864
6.81465
6.83244
6.86479
7.04438
7.08468
7.14949
7.15492
7.2616
7.34037
7.44744
7.52176
7.52235
7.64584
7.70989
7.71238
7.82483
7.85163
7.90161
7.95211
8.07632
8.11137
8.13881
8.23107
8.2402
8.42066
8.44374
8.51498
8.63191
8.63382
8.56169
8.73255
8.81396
8.81138
8.89172
8.95323
9.06591
9.07291
9.15782
9.17394
9.23839
9.29096
9.39261
9.36344
9.48313
9.48951
9.59801
9.59651
9.65077
9.75532
9.61404
9.77743
9.83622
9.95235
9.90491
10.001
