0
1
1.98952
2.97327
4.00512
4.96661
6.04685
6.99023
8.15357
9.05935
9.97594
11.0107
11.9552
12.9885
14.0776
15.1106
15.9864
16.7505
18.063
18.8134
19.7316
20.8729
22.073
22.9076
23.9047
24.6438
26.1759
27.0132
27.8314
28.9366
30.0082
30.8628
32.3284
32.9023
33.6453
34.92
35.7016
36.2497
37.9481
38.9777
39.3788
41.2475
41.7651
43.0154
43.5232
44.7262
45.9201
46.7143
48.691
48.2435
50.1345
51.1384
51.9571
53.4073
54.2784
55.4048
56.315
57.1696
57.0318
58.9969
60.356
60.8841
62.2736
62.6249
64.6817
64.9386
66.5959
67.0535
66.7919
68.9287
68.9996
70.9658
72.7256
73.3295
73.7563
75.6395
75.7491
75.817
79.0807
78.4417
81.209
82.2371
82.1687
82.3024
84.6532
83.8498
85.8482
87.4756
88.4045
88.9129
90.2107
91.8927
91.495
92.7244
93.5854
94.7824
95.8223
96.2891
97.5565
98.6158
99.4452
