15.4955
15.279
15.3927
15.3211
15.1316
14.9503
14.8709
14.7
14.6715
14.6766
14.6642
14.683
14.6645
14.7084
14.7643
14.8548
14.8465
14.8609
14.8494
14.796
14.7938
14.8015
14.7864
14.7806
14.7552
14.7246
14.7454
14.7524
14.7345
14.7174
14.6933
14.6786
14.7066
14.7055
14.7271
14.7625
14.7501
14.736
14.7279
14.7304
14.7049
14.7167
14.737
14.7184
14.7287
14.7427
14.7533
14.7432
14.7663
14.7559
14.7773
14.7834
14.7816
14.7783
14.8112
14.8194
14.8205
14.8268
14.8402
14.8276
14.8284
14.8363
14.8429
14.8458
14.8572
14.861
14.8595
14.8614
14.8624
14.8738
14.8667
14.8704
14.8639
14.8709
14.8531
14.8621
14.86
14.8536
14.8473
14.84
14.8336
14.8421
14.8393
14.8341
14.8301
14.8283
14.8243
14.8232
14.8261
14.8385
14.8387
14.8388
14.8331
14.8397
14.841
14.847
14.8567
14.8614
14.8662
14.87
