15.2322
15.2243
15.2146
14.9867
14.9146
14.6392
14.6969
14.5931
14.6393
14.6698
14.7972
14.7759
14.7683
14.7326
14.7895
14.8084
14.8226
14.8615
14.9028
14.9461
14.9722
14.9527
14.9363
14.9514
14.9439
14.9565
14.9349
14.9507
14.9562
14.9389
14.9678
14.9927
14.9346
14.9555
14.9427
14.9442
14.9309
14.9487
14.9674
14.9909
14.9567
14.956
14.9597
14.96
14.9391
14.9529
14.9368
14.937
14.9262
14.9335
14.9252
14.9554
14.9383
14.9491
14.971
14.9652
14.9584
14.9431
14.9325
14.9321
14.935
14.9318
14.933
14.9426
14.9548
14.9578
14.9454
14.9513
14.9389
14.932
14.9284
14.9264
14.928
14.9211
14.9345
14.9401
14.9346
14.936
14.9519
14.9601
14.9659
14.9555
14.9553
14.9639
14.9651
14.9691
14.9769
14.9752
14.9773
14.985
14.9924
14.9898
14.9958
14.9892
14.9858
14.986
14.9858
14.9854
14.9911
14.9951
