0
0.00790381
0.0107208
0.228018
0.190766
0.316387
0.273546
0.258623
0.232718
0.21037
0.228999
0.210129
0.193443
0.182597
0.179238
0.168728
0.159123
0.154988
0.152304
0.150846
0.145843
0.140423
0.13517
0.130294
0.125204
0.120953
0.118372
0.115153
0.111247
0.108845
0.109164
0.108586
0.12021
0.118485
0.115763
0.112511
0.110223
0.108737
0.107562
0.107434
0.110231
0.107577
0.105114
0.102697
0.102526
0.101207
0.100329
0.0982168
0.096795
0.0951202
0.0936063
0.0966168
0.0963025
0.0951236
0.0959081
0.0943586
0.0929382
0.0925989
0.091628
0.0900886
0.0886462
0.0872637
0.0858758
0.085065
0.0846368
0.0833969
0.0830756
0.0820565
0.0817989
0.080921
0.0798541
0.0787612
0.0776914
0.0769491
0.0771004
0.0762795
0.0754802
0.0745203
0.0752561
0.074761
0.0740581
0.0738825
0.0729872
0.0726274
0.0717776
0.0710525
0.0706575
0.0698691
0.0691108
0.0687744
0.0684116
0.0677141
0.0672516
0.0668583
0.0662399
0.0655466
0.0648678
0.0642033
0.0638049
0.0632928
