0
0.23272
0.271939
0.192518
0.150895
0.188013
0.16045
0.13905
0.123461
0.114797
0.104097
0.103523
0.109621
0.102698
0.0982394
0.0920591
0.0877274
0.0827756
0.0854823
0.0810957
0.0811256
0.0773683
0.0739672
0.0708469
0.0684618
0.0675568
0.0653165
0.0641397
0.0619341
0.0604243
0.0596009
0.0577545
0.0610716
0.0593023
0.0575834
0.0562893
0.0547922
0.0563735
0.0554064
0.0541365
0.0550936
0.0538845
0.0530352
0.051958
0.0519037
0.0517459
0.0508326
0.0502041
0.0496389
0.0489063
0.0480235
0.047385
0.0478853
0.0470885
0.0462751
0.0462347
0.0454214
0.0447721
0.0440698
0.0434903
0.04278
0.0421161
0.0414898
0.040861
0.0402297
0.0396235
0.0390628
0.0385381
0.0382115
0.0376618
0.0371477
0.0369598
0.0364774
0.0360396
0.0357625
0.0353858
0.0362049
0.0358588
0.0354019
0.0349605
0.034716
0.0344427
0.0340352
0.033632
0.0332722
0.0329992
0.0326177
0.0323031
0.0319572
0.0316217
0.0315823
0.0313352
0.0310222
0.0308633
0.0306625
0.030342
0.0300626
0.0300779
0.0298564
0.0296936
