5.39746
5.46596
5.50847
5.4441
5.35663
5.37204
5.41989
5.44784
5.44389
5.44713
5.45196
5.44703
5.44636
5.44
5.48488
5.48701
5.48298
5.52048
5.51912
5.52189
5.52465
5.52036
5.54052
5.54196
5.54398
5.54594
5.53822
5.5274
5.53829
5.53584
5.52879
5.52196
5.50696
5.50663
5.50673
5.4917
5.49207
5.49172
5.48437
5.47918
5.47284
5.4709
5.47323
5.48059
5.47438
5.46122
5.45187
5.45158
5.45055
5.45896
5.46534
5.46135
5.4642
5.46472
5.47155
5.46948
5.47427
5.47137
5.47142
5.47769
5.47593
5.46763
5.46173
5.46614
5.46732
5.46325
5.461
5.45542
5.45465
5.44568
5.45086
5.45274
5.45378
5.45284
5.45595
5.4566
5.45377
5.46023
5.46358
5.46859
5.46692
5.46414
5.46532
5.46363
5.46377
5.46482
5.46725
5.47177
5.47654
5.47808
5.47486
5.47285
5.47371
5.47228
5.46919
5.46866
5.47022
5.46759
5.46731
5.46273
