5.7883
5.55558
5.31915
5.3098
5.28674
5.42876
5.40651
5.41167
5.39738
5.366
5.35866
5.39973
5.45403
5.46974
5.44715
5.44165
5.45642
5.45313
5.41883
5.41881
5.39368
5.39201
5.39442
5.3924
5.38407
5.39948
5.39313
5.38078
5.38316
5.39159
5.37989
5.3822
5.40662
5.40915
5.40938
5.41545
5.41322
5.39495
5.38754
5.38374
5.39948
5.40305
5.4097
5.41354
5.42424
5.4142
5.4187
5.42534
5.43216
5.42702
5.42989
5.42462
5.43613
5.43309
5.43092
5.43945
5.43877
5.44232
5.44467
5.44841
5.44927
5.45091
5.44892
5.45034
5.44992
5.44913
5.45078
5.45283
5.44859
5.44867
5.44989
5.45483
5.45342
5.45547
5.45163
5.45425
5.4638
5.46674
5.46671
5.46723
5.46361
5.46685
5.46602
5.46548
5.46388
5.46112
5.4611
5.46304
5.46414
5.46298
5.45856
5.46104
5.45978
5.46304
5.46581
5.46562
5.46417
5.46857
5.46633
5.46348
