           0           0
           0           0
           0           0
           0           0
           0           0
           0           0
           0           0
           0           0
           0           0
           0           0
           0           0
           0           0
           0           0
           0           0
           0           0
           0           0
           0           0
           0           0
           0           0
           0           0
           0           0
           0           0
           0           0
           0           0
           0           0
           0           0
           0           0
           0           0
           0           0
           0           0
           0           0
           0           0
           0           0
 1.45892e-05 2.07362e-06
  0.00130176 1.81909e-05
   0.0242663 9.34606e-05
    0.165834 0.000283783
    0.565003 0.000570258
     1.20304 0.000959907
     1.86258  0.00106138
       2.338 0.000881085
     2.55279 0.000881665
     2.54902 0.000750994
     2.40675  0.00078904
     2.19885 0.000738544
     1.97105  0.00073071
     1.75417 0.000837043
      1.5578 0.000703324
     1.38897 0.000675599
     1.24439 0.000618305
     1.12446 0.000621263
     1.02415 0.000460838
    0.941578 0.000453076
    0.873134 0.000419016
    0.817752 0.000424862
    0.773175 0.000430627
    0.738048 0.000377567
    0.710789 0.000424644
    0.691095 0.000396708
      0.6779 0.000393188
    0.671428 0.000362548
     0.67042 0.000360088
    0.675558 0.000350467
    0.686073 0.000351233
    0.702108 0.000333254
    0.723458 0.000390682
    0.749412 0.000342826
    0.780615 0.000393515
    0.815239 0.000416934
    0.853801 0.000380163
    0.894581 0.000366772
    0.935946 0.000408196
     0.97812 0.000443744
     1.01914  0.00040116
     1.05875 0.000385356
     1.09602 0.000318102
     1.13062 0.000325331
     1.16152 0.000367788
     1.18609 0.000321621
     1.20438 0.000310301
     1.21361 0.000352865
     1.21517 0.000340977
     1.20828 0.000346678
      1.1944 0.000358836
     1.17461 0.000356104
     1.15106 0.000373869
     1.12336 0.000400483
     1.09497 0.000340433
     1.06615 0.000374056
     1.03855 0.000362326
     1.01216 0.000332014
     0.98766 0.000341014
    0.966061 0.000310957
    0.947092 0.000303705
    0.931252 0.000305937
    0.918439 0.000300209
    0.908283 0.000305236
    0.894845 0.000290122
    0.885327 0.000254937
    0.885149  0.00029406
