           1    -5.46693    -5.46693           0
           2    -5.47022    -5.46858  0.00164638
           3    -5.45227    -5.46314  0.00551682
           4    -5.46159    -5.46275  0.00392032
           5     -5.4621    -5.46262  0.00303949
           6    -5.46313    -5.46271   0.0024832
           7    -5.46193     -5.4626  0.00210163
           8    -5.47537    -5.46419  0.00242093
           9    -5.45671    -5.46336  0.00229129
          10    -5.46213    -5.46324  0.00205307
          11     -5.4667    -5.46355  0.00188347
          12    -5.46737    -5.46387  0.00174848
          13    -5.46256    -5.46377  0.00161154
          14    -5.46602    -5.46393  0.00150062
          15    -5.45436    -5.46329  0.00153579
          16    -5.45956    -5.46306  0.00145542
          17    -5.46346    -5.46308  0.00136732
          18    -5.46748    -5.46333   0.0013121
          19    -5.46605    -5.46347  0.00124937
          20    -5.46354    -5.46347  0.00118527
          21    -5.46247    -5.46343  0.00112843
          22    -5.47098    -5.46377  0.00112939
          23    -5.46239    -5.46371  0.00108083
          24    -5.45932    -5.46353  0.00105086
          25     -5.4565    -5.46325  0.00104641
          26    -5.46043    -5.46314  0.00101118
          27     -5.4551    -5.46284  0.00101753
          28    -5.46697    -5.46299 0.000991557
          29    -5.44817    -5.46248  0.00108469
          30    -5.45389    -5.46219  0.00108632
          31    -5.47142    -5.46249  0.00109209
          32    -5.46778    -5.46265  0.00107025
          33    -5.45361    -5.46238  0.00107286
          34    -5.47027    -5.46261  0.00106637
          35       -5.47    -5.46282  0.00105677
          36    -5.45729    -5.46267  0.00103841
          37    -5.46697    -5.46279  0.00101662
          38    -5.45683    -5.46263  0.00100183
          39     -5.4692     -5.4628 0.000990239
          40    -5.45121    -5.46251  0.00100772
          41     -5.4633    -5.46253 0.000983026
          42     -5.4633    -5.46255 0.000959513
          43    -5.46144    -5.46252 0.000937288
          44    -5.46343    -5.46254 0.000915973
          45    -5.45029    -5.46227 0.000935887
          46    -5.46998    -5.46244 0.000930547
          47    -5.46322    -5.46245 0.000910684
          48    -5.47012    -5.46261 0.000905704
          49    -5.46386    -5.46264 0.000887393
          50    -5.46455    -5.46268 0.000870301
          51    -5.46458    -5.46271 0.000853885
          52    -5.47569    -5.46296 0.000873702
          53    -5.46723    -5.46304 0.000860825
          54    -5.47384    -5.46324 0.000868069
          55    -5.46828    -5.46333 0.000857045
          56    -5.46136     -5.4633 0.000842339
          57    -5.46783    -5.46338 0.000831245
          58    -5.46628    -5.46343 0.000818316
          59    -5.45311    -5.46325 0.000823136
          60    -5.46987    -5.46336 0.000816775
          61    -5.46585     -5.4634 0.000804307
          62    -5.45555    -5.46328   0.0008013
          63    -5.46145    -5.46325 0.000789013
          64      -5.462    -5.46323 0.000776834
          65    -5.47163    -5.46336 0.000775621
          66    -5.45268     -5.4632 0.000780719
          67    -5.45781    -5.46312  0.00077317
          68    -5.45767    -5.46304 0.000765915
          69    -5.46823    -5.46311 0.000758474
          70    -5.46946     -5.4632 0.000753039
          71    -5.46307     -5.4632  0.00074236
          72    -5.46465    -5.46322 0.000732253
          73    -5.45103    -5.46305 0.000741196
          74    -5.45063    -5.46289 0.000750153
          75    -5.45524    -5.46278 0.000747078
          76    -5.45887    -5.46273 0.000738975
          77    -5.46363    -5.46274 0.000729407
          78    -5.45921     -5.4627 0.000721416
          79    -5.45959    -5.46266 0.000713315
          80    -5.45772     -5.4626 0.000707046
          81    -5.46698    -5.46265 0.000700357
          82    -5.47291    -5.46278 0.000702981
          83    -5.45897    -5.46273 0.000695975
          84    -5.45097    -5.46259 0.000701751
          85    -5.48245    -5.46282 0.000731748
          86    -5.46683    -5.46287 0.000724691
          87    -5.46865    -5.46294 0.000719385
          88     -5.4689    -5.46301  0.00071438
          89    -5.45837    -5.46295 0.000708228
          90    -5.46468    -5.46297 0.000700577
          91    -5.46028    -5.46294 0.000693469
          92    -5.46878    -5.46301 0.000688819
          93    -5.45415    -5.46291 0.000687993
          94    -5.46354    -5.46292 0.000680667
          95    -5.46706    -5.46296 0.000674872
          96    -5.46817    -5.46302 0.000670006
          97    -5.47341    -5.46312 0.000671662
          98    -5.46022    -5.46309 0.000665432
          99    -5.46514    -5.46311 0.000659001
         100    -5.46584    -5.46314 0.000652948
