           1     1.37003     1.37003           0
           2      1.3752     1.37262  0.00258781
           3     1.45323     1.39949   0.0269127
           4      1.4013     1.39994   0.0190355
           5     1.40935     1.40182   0.0148644
           6     1.38873     1.39964   0.0123313
           7     1.39135     1.39845   0.0104889
           8     1.33277     1.39024   0.0122442
           9     1.42292     1.39388   0.0113924
          10     1.40143     1.39463   0.0102176
          11     1.37064     1.39245  0.00949603
          12     1.37078     1.39064  0.00885467
          13     1.40293     1.39159  0.00819975
          14     1.40695     1.39269  0.00767034
          15     1.44179     1.39596  0.00785544
          16     1.41973     1.39745  0.00749671
          17     1.40759     1.39804  0.00706715
          18     1.37899     1.39698  0.00674656
          19     1.40209     1.39725  0.00638727
          20     1.38852     1.39682  0.00607522
          21     1.38663     1.39633  0.00579899
          22     1.35294     1.39436  0.00587035
          23     1.41167     1.39511  0.00565959
          24     1.41386     1.39589   0.0054747
          25     1.43326     1.39739  0.00545973
          26     1.40368     1.39763  0.00525113
          27     1.45464     1.39974  0.00547629
          28     1.37729     1.39894  0.00533765
          29     1.48157     1.40179  0.00588597
          30     1.44969     1.40338  0.00590631
          31     1.36221     1.40206  0.00586499
          32     1.38062     1.40139  0.00571812
          33     1.44633     1.40275    0.005707
          34     1.37019     1.40179  0.00561879
          35     1.36526     1.40075   0.0055548
          36     1.44028     1.40185  0.00550887
          37     1.39468     1.40165  0.00536141
          38     1.42464     1.40226  0.00525335
          39     1.38546     1.40183  0.00513496
          40     1.45176     1.40307  0.00515826
          41     1.41146     1.40328  0.00503503
          42     1.41775     1.40362  0.00492575
          43     1.42296     1.40407  0.00483081
          44     1.40023     1.40399  0.00472055
          45     1.45821     1.40519  0.00476921
          46     1.37613     1.40456  0.00470698
          47      1.3879      1.4042  0.00461936
          48      1.3579     1.40324  0.00462385
          49      1.3851     1.40287  0.00454362
          50     1.38944      1.4026  0.00445992
          51     1.38368     1.40223  0.00438731
          52     1.34232     1.40108  0.00445372
          53     1.38802     1.40083  0.00437582
          54     1.35639     1.40001   0.0043722
          55     1.37198      1.3995  0.00432212
          56     1.40259     1.39955  0.00424459
          57     1.39964     1.39956  0.00416946
          58      1.3792      1.3992  0.00411195
          59       1.456     1.40017  0.00415473
          60     1.36795     1.39963  0.00412003
          61     1.38788     1.39944   0.0040565
          62     1.44049      1.4001  0.00404509
          63     1.42623     1.40051  0.00400191
          64     1.40559     1.40059  0.00393968
          65     1.36641     1.40007   0.0039141
          66     1.46162       1.401  0.00396555
          67     1.41597     1.40122   0.0039123
          68     1.42247     1.40154  0.00386698
          69     1.37694     1.40118  0.00382716
          70      1.3784     1.40085   0.0037861
          71     1.38308      1.4006  0.00374079
          72     1.40009      1.4006  0.00368847
          73     1.47333     1.40159  0.00377157
          74     1.47166     1.40254  0.00383884
          75     1.44795     1.40315  0.00383539
          76     1.43002      1.4035  0.00380107
          77     1.39386     1.40337  0.00375347
          78     1.42524     1.40365  0.00371563
          79     1.43238     1.40402  0.00368627
          80     1.41744     1.40419  0.00364376
          81     1.38435     1.40394  0.00360682
          82     1.36114     1.40342  0.00360059
          83     1.42116     1.40363  0.00356336
          84     1.45521     1.40425  0.00357382
          85     1.30843     1.40312  0.00370707
          86     1.39335     1.40301  0.00366547
          87      1.3732     1.40266  0.00363926
          88     1.37695     1.40237  0.00360951
          89      1.4135      1.4025  0.00357092
          90     1.40027     1.40247   0.0035311
          91     1.42628     1.40273  0.00350187
          92     1.36075     1.40228  0.00349353
          93     1.44646     1.40275  0.00348827
          94     1.39301     1.40265  0.00345252
          95      1.3651     1.40225  0.00343877
          96      1.3832     1.40205  0.00340854
          97      1.3642     1.40166  0.00339572
          98     1.42847     1.40194    0.003372
          99     1.38586     1.40177  0.00334172
         100     1.39381      1.4017  0.00330909
