           1   -0.413366   -0.413366           0
           2   -0.413852   -0.413609 0.000242981
           3   -0.414586   -0.413935 0.000354764
           4   -0.413682   -0.413871  0.00025871
           5    -0.41236   -0.413569 0.000362609
           6   -0.412209   -0.413342 0.000372919
           7   -0.412813   -0.413267 0.000324136
           8     -0.4165   -0.413671 0.000492088
           9   -0.414295    -0.41374 0.000439488
          10   -0.413063   -0.413672 0.000398889
          11   -0.413831   -0.413687 0.000361098
          12   -0.413994   -0.413712 0.000330626
          13   -0.415344   -0.413838 0.000328999
          14   -0.416407   -0.414021 0.000355608
          15   -0.415327   -0.414108 0.000342305
          16   -0.414291    -0.41412   0.0003204
          17   -0.413956    -0.41411 0.000301119
          18   -0.415809   -0.414205 0.000299181
          19    -0.41432   -0.414211 0.000283062
          20    -0.41438   -0.414219 0.000268669
          21   -0.414987   -0.414256 0.000258161
          22   -0.415044   -0.414292 0.000248739
          23   -0.415237   -0.414333 0.000241206
          24   -0.413774   -0.414309 0.000232107
          25   -0.414373   -0.414312 0.000222643
          26   -0.417588   -0.414438 0.000248261
          27   -0.411779   -0.414339 0.000258396
          28   -0.413058   -0.414294 0.000253166
          29    -0.41306   -0.414251 0.000247957
          30   -0.413211   -0.414217 0.000242045
          31   -0.414329    -0.41422 0.000234135
          32   -0.413813   -0.414207 0.000227058
          33   -0.414839   -0.414227 0.000220899
          34   -0.411815   -0.414156 0.000225736
          35    -0.41457   -0.414167  0.00021951
          36   -0.415503   -0.414205 0.000216528
          37   -0.414202   -0.414204 0.000210594
          38    -0.41227   -0.414154 0.000211204
          39   -0.416125   -0.414204 0.000211835
          40   -0.413507   -0.414187 0.000207204
          41   -0.415998   -0.414231 0.000206862
          42   -0.414308   -0.414233 0.000201885
          43   -0.411587   -0.414171 0.000206512
          44   -0.417606   -0.414249 0.000216338
          45   -0.416218   -0.414293 0.000215953
          46   -0.415035   -0.414309 0.000211821
          47   -0.414783   -0.414319 0.000207511
          48   -0.413975   -0.414312 0.000203268
          49   -0.416126   -0.414349 0.000202489
          50   -0.417192   -0.414406 0.000206387
          51   -0.415109    -0.41442 0.000202769
          52   -0.413612   -0.414404 0.000199437
          53   -0.413576   -0.414389 0.000196261
          54   -0.412841    -0.41436 0.000194712
          55   -0.413356   -0.414342 0.000192008
          56   -0.411327   -0.414288 0.000196085
          57   -0.415687   -0.414312 0.000194171
          58   -0.414309   -0.414312 0.000190794
          59   -0.412801   -0.414287 0.000189273
          60   -0.414655   -0.414293 0.000186193
          61     -0.4152   -0.414308 0.000183718
          62    -0.41666   -0.414346  0.00018467
          63   -0.415478   -0.414364 0.000182602
          64   -0.410568   -0.414304 0.000189261
          65   -0.414892   -0.414313 0.000186545
          66   -0.414065    -0.41431 0.000183736
          67   -0.411921   -0.414274 0.000184452
          68   -0.415242   -0.414288 0.000182276
          69   -0.412709   -0.414265 0.000181068
          70   -0.415888   -0.414288 0.000179962
          71   -0.414054   -0.414285  0.00017744
          72   -0.415376     -0.4143 0.000175613
          73   -0.416919   -0.414336 0.000176868
          74   -0.414437   -0.414338 0.000174466
          75   -0.414045   -0.414334 0.000172169
          76   -0.415143   -0.414344 0.000170221
          77   -0.413433   -0.414332 0.000168413
          78   -0.418455   -0.414385  0.00017444
          79   -0.412548   -0.414362 0.000173781
          80   -0.413554   -0.414352 0.000171892
          81   -0.415453   -0.414366   0.0001703
          82   -0.415214   -0.414376 0.000168528
          83   -0.415293   -0.414387 0.000166852
          84   -0.412985    -0.41437 0.000165696
          85   -0.414061   -0.414367 0.000163775
          86   -0.414069   -0.414363 0.000161897
          87   -0.415545   -0.414377   0.0001606
          88   -0.414424   -0.414377 0.000158766
          89   -0.413302   -0.414365 0.000157436
          90   -0.415022   -0.414372 0.000155847
          91    -0.41365   -0.414365  0.00015433
          92   -0.413734   -0.414358 0.000152797
          93   -0.414715   -0.414362 0.000151194
          94   -0.413697   -0.414354 0.000149744
          95   -0.415436   -0.414366 0.000148596
          96   -0.414273   -0.414365 0.000147044
          97   -0.413975   -0.414361 0.000145575
          98   -0.413585   -0.414353 0.000144299
          99    -0.41392   -0.414349 0.000142901
         100   -0.414875   -0.414354 0.000141563
