0
0
0
0
0
0
0
0
0
0
0
0
0
0
0
0
0
0
0
0
0
0
0
0
0
0
0
0
0
0
0
0
0
1.09419e-05
0.0013366
0.0266266
0.178582
0.590147
1.23519
1.88843
2.34738
2.55298
2.53766
2.39038
2.17939
1.95739
1.74191
1.54886
1.38121
1.2367
1.11529
1.01608
0.934759
0.867199
0.810466
0.768466
0.737151
0.713237
0.692122
0.680004
0.674551
0.674774
0.68141
0.691578
0.70961
0.728745
0.75331
0.784697
0.820532
0.860172
0.898851
0.941538
0.982048
1.02331
1.06258
1.09963
1.13303
1.16433
1.18769
1.20532
1.21367
1.21458
1.20478
1.18919
1.16957
1.14509
1.11735
1.08728
1.05683
1.03067
1.00539
0.980607
0.959288
0.940183
0.924797
0.91347
0.903218
0.896976
0.892457
0.892163
