0
0
0
0
0
0
0
0
0
0
0
0
0
0.000115003
0.00278694
0.00937077
0.0239534
0.0313562
0.0250012
0.0190379
0.0159918
0.0145302
0.0126983
0.0108611
0.009923
0.00914859
0.0096919
0.0092005
0.00844169
0.00811787
0.00800093
0.00670066
0.00663073
0.00731497
0.0062061
0.00663207
0.00626421
0.00599608
0.00567249
0.00569393
0.00594502
0.00534208
0.00479481
0.00503798
0.00561359
0.00569008
0.00499164
0.0049232
0.00490594
0.00423191
0.00383011
0.00396245
0.00432862
0.00402465
0.00395864
0.00401684
0.00371217
0.00360347
0.00387078
0.00328231
0.00350338
0.00351736
0.00330194
0.00311456
0.00294611
0.00297453
0.00319931
0.00289105
0.00279913
0.00292692
0.00285312
0.002701
0.00261476
0.00269067
0.00253119
0.00250664
0.00252627
0.00243883
0.00227054
0.00216906
0.00221572
0.00246953
0.0023161
0.00235521
0.00211982
0.00223058
0.00217526
0.00191441
0.00207307
0.00199605
0.00188582
0.00186782
0.00187428
0.00178446
0.00183986
0.00184851
0.00201011
0.00186753
0.0018967
0.00195726
