0
0.00162225
0.00101605
0.00103209
0.00110054
0.00104371
0.000924659
0.000816605
0.000722744
0.00065042
0.000595142
0.000548619
0.000505598
0.00046857
0.00043633
0.000408666
0.000385006
0.000367663
0.00035315
0.000343193
0.000337627
0.00032941
0.000321188
0.000312775
0.000302801
0.000293363
0.000284582
0.000275533
0.000266938
0.000259518
0.00025253
0.000245067
0.000237959
0.000231546
0.000225584
0.000219984
0.000214736
0.000209794
0.000204889
0.000200624
0.000196634
0.000192307
0.000188328
0.000184766
0.00018142
0.000178119
0.00017486
0.000171848
0.000168943
0.000166343
0.000163573
0.000160728
0.000157893
0.000155092
0.000152397
0.00014977
0.000147194
0.000144722
0.000142359
0.000140053
0.000137834
0.0001358
0.000133809
0.000131739
0.00012973
0.000127806
0.000125977
0.000124199
0.000122444
0.000120763
0.000119139
0.000117552
0.000115986
0.000114448
0.000112968
0.000111536
0.00011015
0.000108803
0.000107589
0.000106405
0.000105258
0.000104101
0.000102959
0.000101767
0.000100593
9.94578e-05
9.83179e-05
9.71942e-05
9.60985e-05
9.50263e-05
9.39762e-05
9.29521e-05
9.1948e-05
9.09646e-05
9.00093e-05
8.90904e-05
8.81842e-05
8.73058e-05
8.64933e-05
9.47362e-05
