1.2
1.20001
1.20002
1.20003
1.20005
1.20007
1.20009
1.20012
1.20016
1.2002
1.20024
1.20028
1.20033
1.20039
1.20045
1.20051
1.20058
1.20066
1.20073
1.20082
1.20091
1.201
1.2011
1.20121
1.20132
1.20143
1.20155
1.20168
1.20182
1.20196
1.2021
1.20226
1.20242
1.20258
1.20276
1.20294
1.20313
1.20333
1.20353
1.20375
1.20397
1.2042
1.20445
1.2047
1.20496
1.20523
1.20552
1.20581
1.20612
1.20644
1.20677
1.20712
1.20748
1.20786
1.20825
1.20866
1.20909
1.20954
1.21
1.21049
1.211
1.21153
1.21208
1.21266
1.21327
1.2139
1.21457
1.21527
1.216
1.21677
1.21757
1.21842
1.21931
1.22024
1.22122
1.22225
1.22333
1.22447
1.22566
1.22691
1.22821
1.22956
1.23097
1.23241
1.23388
1.23537
1.23683
1.23824
1.23954
1.24066
1.24152
1.24201
1.24204
1.24153
1.24048
1.239
1.23742
1.23627
1.23616
1.23762
1.24086
1.24565
1.25143
1.25753
1.26339
1.2686
1.27294
1.27631
1.27863
1.27984
1.27988
1.27872
1.27641
1.27316
1.2694
1.26571
1.26274
1.261
1.26075
1.26203
1.26481
1.26904
1.27463
1.2813
1.28853
1.29568
1.30216
1.30755
1.31168
1.31465
1.31668
1.31809
1.31914
1.31992
1.3204
1.32045
1.31996
1.31891
1.31748
1.31595
1.31468
1.31392
1.31378
1.31417
1.31492
1.31584
1.31683
1.31791
1.31922
1.32096
1.32334
1.3265
1.3305
1.3353
1.34078
1.34675
1.35298
1.35922
1.36522
1.37075
1.37561
1.37967
1.38284
1.38507
1.38636
1.38676
1.38634
1.38516
1.3833
1.38077
1.37752
1.37345
1.36838
1.36221
1.35498
1.3469
1.33831
1.32968
1.32179
1.31608
1.31451
1.31852
1.32766
1.33965
1.35177
1.36222
1.37038
1.3764
1.38076
1.38395
1.38637
1.3883
1.3899
1.39127
1.39248
1.39357
1.39458
1.39556
1.3965
1.39737
1.39809
1.39854
1.39856
1.398
1.39675
1.39477
1.39216
1.38916
1.38614
1.38353
1.3817
1.38087
1.38106
1.38211
1.38381
1.38588
1.38806
1.39011
1.39187
1.39326
1.39428
1.39503
1.39564
1.39622
1.39683
1.39745
1.398
1.39833
1.39831
1.39777
1.39659
1.39471
1.39211
1.38888
1.38526
1.38156
1.37815
1.37533
1.37322
1.37176
1.37079
1.37019
1.36994
1.3701
1.3707
1.37163
1.37266
1.37347
1.37376
1.37333
1.37208
1.37002
1.36721
1.36376
1.35985
1.35592
1.35269
1.35116
1.35233
1.35667
1.36379
1.3726
1.38178
1.39029
1.39756
1.40342
1.40795
1.41136
1.41384
1.41559
1.41672
1.41733
1.41746
1.4171
1.41624
1.41482
1.41277
1.41002
1.40652
1.40221
1.39708
1.39119
1.38464
1.3776
1.37032
1.36313
1.35646
1.35082
1.3468
1.34494
1.34551
1.34842
1.35313
1.35884
1.36467
1.36988
1.37385
1.37617
1.3766
1.37514
1.37218
1.36862
1.36579
1.36502
1.36703
1.37151
1.37736
1.38334
1.38857
1.39263
1.3955
1.39735
1.39842
1.39893
1.39905
1.39892
1.3986
1.39813
1.39751
1.39668
1.39557
1.3941
1.39214
1.38957
1.38631
1.3823
1.37759
1.37237
1.36697
1.36187
1.35755
1.35441
1.35266
1.35232
1.3533
1.35543
1.35858
1.36254
1.36706
1.37186
1.37661
1.38105
1.38498
1.38829
1.39093
1.39293
1.39431
1.39513
1.39544
1.39529
1.3947
1.39373
1.39241
1.39077
1.38887
1.38671
1.38433
1.38168
1.37873
1.37543
1.37181
1.36812
1.36483
1.3626
1.36199
1.36317
1.36572
1.36883
1.37164
1.37361
1.37461
1.37492
1.37502
1.37537
1.37618
1.3774
1.3787
1.37973
1.38025
1.38023
1.37984
1.37939
1.37923
1.37968
1.38089
1.38286
1.38539
1.38819
1.3909
1.39322
1.39487
1.3957
1.39562
1.39465
1.39285
1.39038
1.38739
1.38411
1.38077
1.37764
1.37509
1.37352
1.37333
1.37479
1.37786
1.38226
1.38748
1.39297
1.39828
1.40307
1.4072
1.41061
1.41334
1.41545
1.41704
1.4182
1.41899
1.41948
1.41973
1.41976
1.4196
1.41923
1.41865
1.41784
1.4168
1.41553
1.41404
1.41238
1.41065
1.40894
1.40738
1.40607
1.40506
1.40434
1.40385
1.40345
1.403
1.40236
1.40143
1.40017
1.3986
1.3968
1.39486
1.39288
1.39097
1.38921
1.38768
1.38643
1.38554
1.38504
1.38495
1.38522
1.38579
1.38657
1.38751
1.3886
1.38987
1.39137
1.39311
1.39501
1.3969
1.39854
1.3997
1.4002
1.39995
1.39899
1.39745
1.3955
1.39336
1.39124
1.38935
1.38788
1.38701
1.38684
1.38745
1.38881
1.39083
1.39337
1.39625
1.3993
1.40231
1.40516
1.40774
1.40996
1.41181
1.41325
1.41429
1.41492
1.41513
1.41487
1.4141
1.41278
1.41087
1.40839
1.40544
1.40226
1.39925
1.39688
1.39562
1.39574
1.39722
1.39974
1.40283
1.40603
1.40898
1.41145
1.41334
1.41458
1.41514
1.41496
1.41393
1.41192
1.40875
1.40427
1.39846
1.39152
1.38402
1.37697
1.37162
1.36906
1.3698
1.37345
1.37885
1.38461
1.3896
1.39328
1.39571
1.39731
1.39856
1.39983
1.40126
1.40284
1.40451
1.40622
1.40791
1.40955
1.4111
1.41251
1.41375
1.41481
1.41567
1.4163
1.41668
1.41673
1.41638
1.41553
1.41412
1.41211
1.40952
1.40647
1.40324
1.40025
1.39802
1.39707
1.39768
1.39983
1.40315
1.40715
1.41135
1.41537
1.41903
1.42218
1.42478
1.42674
1.42802
1.42858
1.42841
1.42759
1.42626
1.42466
1.42305
1.42166
1.42065
1.42001
1.41969
1.41958
1.41972
1.42025
1.42139
1.42335
1.42617
1.42971
1.43364
1.43762
1.44133
1.44453
1.4471
1.449
1.45022
1.4508
1.45079
1.45029
1.44944
1.44841
1.44744
1.44674
1.44651
1.44684
1.44772
1.44903
1.45061
1.45224
1.45371
1.45478
1.45521
1.4548
1.45348
1.45135
1.44883
1.4466
1.44548
1.44613
1.44879
1.45313
1.45844
1.46389
1.46877
1.47261
1.47512
1.47616
1.47566
1.47349
1.46952
1.46368
1.45608
1.4472
1.43794
1.42953
1.42304
1.41904
1.41754
1.41837
1.4215
1.42699
1.43468
1.444
1.45401
1.46367
1.47212
1.47881
1.48354
1.48642
1.48781
1.48822
1.48824
1.48837
1.48892
1.48993
1.49122
1.49247
1.49335
1.49353
1.49279
1.49097
1.48794
1.48362
1.47797
1.471
1.46281
1.45365
1.44401
1.43467
1.4266
1.42071
1.41755
1.41721
1.41952
1.42422
1.43087
1.43862
1.44634
1.45295
1.45777
1.46052
1.46127
1.46031
1.45803
1.4549
1.45141
1.44809
1.44536
1.44352
1.44267
1.44267
1.44319
1.44374
1.44381
1.44301
1.44119
1.43859
1.43584
1.43383
1.43339
1.43489
1.43806
1.4422
1.44648
1.45028
1.45326
1.45532
1.45649
1.45689
1.45662
1.45578
1.45443
1.45266
1.45053
1.44815
1.44566
1.44321
1.44101
1.43922
1.43799
1.4374
1.43743
1.43802
1.43902
1.44026
1.44156
1.44276
1.44375
1.44448
1.44493
1.44512
1.44508
1.44482
1.44435
1.44367
1.44277
1.44166
1.4404
1.43904
1.4377
1.43645
1.43537
1.43446
1.43364
1.43281
1.43183
1.43056
1.42894
1.42691
1.42441
1.42136
1.41766
1.41327
1.40833
1.4033
1.39898
1.3964
1.39641
1.39931
1.40467
1.41151
1.4187
1.4253
1.43077
1.43486
1.43761
1.43914
1.43963
1.43925
1.43813
1.43635
1.43399
1.43108
1.42767
1.42383
1.41967
1.41535
1.41105
1.40694
1.40311
1.39958
1.39627
1.39311
1.39004
1.38717
1.38468
1.38284
1.38189
1.38192
1.38284
1.38437
1.38611
1.38773
1.38906
1.39017
1.39132
1.39283
1.39494
1.39764
1.40072
1.40384
1.40666
1.40895
1.41063
1.41176
1.41248
1.41298
1.41344
1.414
1.41477
1.41577
1.417
1.4184
1.41988
1.42136
1.42276
1.42402
1.42509
1.42591
1.42648
1.42676
1.42677
1.42652
1.42606
1.42545
1.42475
1.42402
1.42326
1.42242
1.4214
1.42009
1.41845
1.41656
1.41461
1.41279
1.41116
1.40953
1.40758
1.40512
1.40225
1.39939
1.3971
1.39567
1.39488
1.39416
1.39291
1.391
1.38897
1.38775
1.38814
1.39029
1.39381
1.39808
1.40267
1.40738
1.41212
1.41679
1.42123
1.42525
1.42867
1.43142
1.43347
1.4349
1.43581
1.43632
1.43654
1.43658
1.43651
1.43638
1.43624
1.43609
1.43593
1.43577
1.4356
1.4354
1.43516
1.43487
1.43452
1.43408
1.43355
1.43289
1.43209
1.43109
1.42985
1.42832
1.42642
1.42411
1.42133
1.41807
1.41438
1.41033
1.40604
1.40168
1.39749
1.39386
1.39137
1.39065
1.39216
1.39577
1.40079
1.4062
1.41107
1.4148
1.41717
1.41821
1.41816
1.41729
1.41596
1.41448
1.41317
1.41227
1.41194
1.41218
1.41291
1.41395
1.41508
1.41611
1.41685
1.4172
1.41706
1.4164
1.41522
1.41357
1.41151
1.40919
1.40681
1.4046
1.40283
1.40169
1.40129
1.40161
1.40252
1.40381
1.40526
1.40669
1.40797
1.40902
1.40982
1.41036
1.41068
1.41082
1.41081
1.41073
1.41061
1.4105
1.41045
1.41047
1.41056
1.41068
1.41079
1.41083
1.41074
1.41043
1.40982
1.40884
1.40735
1.40523
1.4023
1.39843
1.39363
1.38814
1.38268
1.37834
1.37636
1.37747
1.3815
1.38744
1.39403
1.40024
1.40552
1.40969
1.41283
1.41512
1.41673
1.41783
1.41855
1.41898
1.41918
1.4192
1.41908
1.41882
1.41845
1.41795
1.41733
1.41659
1.41572
1.41471
1.41358
1.41232
1.41094
1.40948
1.40796
1.40645
1.40501
1.40375
1.40277
1.40221
1.40215
1.40266
1.40373
1.40532
1.40727
1.40944
1.41164
1.4137
1.41547
1.41684
1.20073
1.20107
1.20097
1.20047
1.19962
1.19857
1.19748
1.19658
1.19611
1.19628
1.19723
1.19902
1.20158
1.20474
1.20828
1.21196
1.21555
1.21884
1.22167
1.2239
1.2254
1.22609
1.22591
1.22488
1.22304
1.22056
1.21763
1.21449
1.21138
1.20849
1.20598
1.20399
1.20275
1.20255
1.20372
1.20646
1.21061
1.21568
1.22095
1.22574
1.22952
1.23204
1.23324
1.23323
1.23217
1.23029
1.2278
1.2249
1.22172
1.21836
1.21487
1.21129
1.20771
1.20425
1.20109
1.19848
1.1966
1.19559
1.19542
1.19592
1.19674
1.19744
1.19747
1.19624
1.19321
1.18801
1.18078
1.17269
1.16609
1.16369
1.16687
1.17458
1.18417
1.19313
1.2001
1.20481
1.20752
1.20871
1.2088
1.2081
1.20688
1.20531
1.20358
1.20187
1.20038
1.19928
1.1987
1.19866
1.19906
1.19973
1.20043
1.20096
1.20111
1.20077
1.19986
1.19838
1.19636
1.19389
1.19109
1.18813
1.1852
1.18254
1.18037
1.17893
1.17837
1.17878
1.18007
1.18205
1.18446
1.18701
1.18948
1.1917
1.19359
1.19515
1.19641
1.19741
1.19821
1.19887
1.19943
1.19993
1.2004
1.20083
1.20123
1.20157
1.20182
1.20193
1.20183
1.20146
1.20074
1.1996
1.19801
1.19598
1.19357
1.19089
1.18809
1.18526
1.18237
1.17923
1.17555
1.17105
1.16558
1.15931
1.15262
1.14604
1.14
1.1348
1.13078
1.12844
1.12847
1.13136
1.13698
1.14457
1.15306
1.16147
1.16918
1.17591
1.18161
1.18639
1.19035
1.19362
1.1963
1.19847
1.20019
1.20151
1.20249
1.20314
1.20352
1.20364
1.20352
1.2032
1.20267
1.20195
1.20104
1.19993
1.19859
1.197
1.19512
1.19288
1.19019
1.18696
1.18304
1.1783
1.17259
1.16581
1.15803
1.1496
1.14137
1.13462
1.13077
1.13077
1.13449
1.14086
1.14842
1.15591
1.16259
1.16816
1.17259
1.176
1.17853
1.18034
1.18156
1.18231
1.18271
1.18285
1.18283
1.18272
1.18261
1.18255
1.18258
1.18272
1.18297
1.18332
1.18374
1.18419
1.18463
1.18504
1.18537
1.1856
1.18572
1.18572
1.1856
1.18535
1.18497
1.18447
1.18385
1.18309
1.18218
1.18112
1.17989
1.17849
1.17695
1.1753
1.17363
1.17204
1.17067
1.16964
1.16902
1.16886
1.16909
1.16961
1.17026
1.17092
1.17146
1.17183
1.17206
1.17223
1.17249
1.17299
1.17386
1.17519
1.17696
1.17908
1.18139
1.18373
1.18595
1.18791
1.18953
1.19077
1.19162
1.19209
1.1922
1.192
1.19153
1.1908
1.18986
1.18872
1.18738
1.18584
1.18408
1.18208
1.17986
1.17744
1.17491
1.17244
1.17025
1.16868
1.16806
1.16865
1.17048
1.17335
1.17682
1.18037
1.18358
1.1862
1.18822
1.18978
1.19109
1.19238
1.19376
1.19526
1.19675
1.19806
1.1989
1.19898
1.19798
1.1957
1.19212
1.18751
1.18247
1.17791
1.17483
1.17405
1.17596
1.18031
1.18634
1.19305
1.19956
1.20526
1.20988
1.21339
1.21585
1.21739
1.21809
1.21801
1.21714
1.21544
1.21286
1.20937
1.20502
1.19999
1.19465
1.18955
1.18533
1.18257
1.18161
1.18238
1.18444
1.18711
1.18969
1.19173
1.19306
1.19379
1.19425
1.19476
1.19562
1.19693
1.19867
1.2007
1.20282
1.20487
1.20672
1.20832
1.20966
1.2108
1.21176
1.21261
1.21336
1.21404
1.21462
1.21506
1.21534
1.21539
1.21515
1.2146
1.21369
1.21242
1.21081
1.20893
1.20689
1.20485
1.20304
1.20165
1.20089
1.20087
1.20163
1.20311
1.20516
1.20759
1.21021
1.21284
1.21534
1.21763
1.21966
1.22138
1.2228
1.2239
1.2247
1.22518
1.22535
1.22522
1.22478
1.22405
1.22304
1.22176
1.22021
1.21836
1.21618
1.21364
1.2108
1.20783
1.20507
1.20297
1.20194
1.20215
1.20344
1.20542
1.20764
1.20972
1.21151
1.213
1.21426
1.21542
1.21659
1.21782
1.21912
1.22045
1.2218
1.22315
1.22449
1.22586
1.22726
1.22868
1.23011
1.23147
1.2327
1.23375
1.23458
1.23518
1.23558
1.23582
1.23597
1.23609
1.23627
1.23654
1.23696
1.23754
1.23829
1.2392
1.24023
1.24137
1.24256
1.24379
1.24503
1.24624
1.24742
1.24856
1.24963
1.25063
1.25156
1.25239
1.2531
1.25368
1.25408
1.25427
1.25422
1.2539
1.25329
1.25242
1.25136
1.25023
1.2492
1.24849
1.24826
1.24862
1.24959
1.25103
1.25276
1.25454
1.25617
1.2575
1.25845
1.259
1.25922
1.25918
1.25899
1.25878
1.25863
1.25864
1.25882
1.2592
1.25974
1.26038
1.26105
1.26166
1.26216
1.26249
1.26266
1.2627
1.26268
1.26272
1.26293
1.26338
1.26411
1.2651
1.26628
1.26752
1.2687
1.2697
1.27042
1.27076
1.27068
1.27012
1.26907
1.26751
1.26545
1.26292
1.25996
1.25666
1.25315
1.24958
1.24616
1.24308
1.24058
1.23883
1.23794
1.23792
1.2387
1.24012
1.24195
1.24396
1.24592
1.24763
1.24896
1.24985
1.2503
1.25037
1.25016
1.24983
1.24951
1.2493
1.24926
1.24938
1.24959
1.2498
1.2499
1.24978
1.24937
1.24859
1.24741
1.24581
1.24378
1.24132
1.23843
1.23516
1.23155
1.2277
1.22371
1.21973
1.21594
1.21251
1.20961
1.20737
1.20587
1.20511
1.20505
1.20559
1.20658
1.2079
1.20941
1.211
1.21258
1.21409
1.21549
1.21677
1.21789
1.21884
1.2196
1.22015
1.22047
1.22053
1.22032
1.21983
1.21906
1.21804
1.21685
1.21558
1.21435
1.21331
1.21258
1.21227
1.21242
1.213
1.21391
1.21504
1.21623
1.21737
1.21833
1.21905
1.21947
1.21956
1.21929
1.21866
1.21768
1.21637
1.21477
1.21292
1.21091
1.20881
1.20672
1.20474
1.20297
1.20153
1.20049
1.19991
1.19977
1.20003
1.2006
1.20135
1.20217
1.20293
1.20358
1.20407
1.20439
1.20455
1.20457
1.20448
1.2043
1.20408
1.20384
1.20359
1.20334
1.20303
1.20257
1.20178
1.20039
1.19809
1.19453
1.18946
1.18288
1.1754
1.16843
1.164
1.16389
1.16847
1.17638
1.18541
1.19371
1.20028
1.2049
1.2078
1.20935
1.20997
1.20999
1.20968
1.20926
1.20888
1.2086
1.20848
1.20851
1.20864
1.20883
1.209
1.20913
1.20917
1.2091
1.20895
1.20871
1.20843
1.20814
1.20784
1.20756
1.20729
1.20704
1.20682
1.20664
1.20655
1.20661
1.20689
1.20748
1.20843
1.20979
1.21154
1.21366
1.21605
1.21861
1.22122
1.22375
1.22607
1.22804
1.22957
1.23054
1.23087
1.23049
1.22938
1.22753
1.22502
1.22196
1.21854
1.21498
1.21159
1.20871
1.20669
1.20577
1.20599
1.20717
1.20889
1.21068
1.21207
1.21272
1.21247
1.21129
1.20936
1.20697
1.20453
1.20245
1.2011
1.20077
1.20156
1.20345
1.20626
1.20967
1.21327
1.21666
1.21948
1.22148
1.22258
1.22281
1.22237
1.22151
1.22052
1.21967
1.21912
1.21891
1.219
1.21933
1.21981
1.22041
1.22113
1.22198
1.22294
1.22397
1.22501
1.22594
1.22666
1.22706
1.22703
1.22649
1.22536
1.22359
1.22115
1.21806
1.21441
1.21036
1.20618
1.20218
1.19877
1.1963
1.19506
1.1952
1.19664
1.19917
1.2024
1.20594
1.20941
1.21255
1.2152
1.2173
1.21891
1.22011
1.22101
1.22171
1.22229
1.22274
1.22304
1.22314
1.22295
1.22238
1.22139
1.21993
1.218
1.21564
1.21292
1.20998
1.20697
1.20407
1.20145
1.19924
1.19751
1.19629
1.19553
1.19515
1.19506
1.19514
1.19531
1.1955
1.19567
1.19583
1.19603
1.19636
1.1969
1.19771
1.19882
1.20016
1.2016
1.20301
1.20425
1.20521
1.20583
1.20611
1.20606
1.20573
1.20518
1.20448
1.20372
1.20301
1.20247
1.20227
1.20254
1.2034
1.20491
1.20701
1.20958
1.21242
1.21532
1.21809
1.22057
1.22267
1.22432
1.22552
1.22627
1.2266
1.22653
1.2261
1.22535
1.22429
1.22294
1.22134
1.21949
1.2174
1.21509
1.21261
1.20999
1.20731
1.20468
1.2022
1.19999
1.19811
1.19661
1.19547
1.19461
1.19391
1.19323
1.19247
1.19154
1.19045
1.18925
1.18814
1.18734
1.18716
1.18789
1.18972
1.1927
1.19668
1.20136
1.20634
1.21119
1.21552
1.21899
1.2213
1.22217
1.2213
1.21838
1.21317
1.2057
1.19667
1.18777
1.18143
1.17975
1.18299
1.18943
1.19656
1.20248
1.20633
1.20805
1.20794
1.20637
1.2036
1.19986
1.19545
1.19094
1.18719
1.18515
1.18538
1.18768
1.19109
1.19438
1.1965
1.1969
1.19547
1.19255
1.18875
1.18488
1.18181
1.18028
1.18067
1.18291
1.18648
1.19059
1.19442
1.19724
1.19851
1.19792
1.19533
1.1909
1.18516
1.17915
1.17433
1.17212
1.17327
1.17743
1.18337
1.18969
1.19534
1.19983
1.20308
1.20524
1.20657
1.20729
1.20761
1.20766
1.20755
1.20732
1.20699
1.20656
1.20602
1.20531
1.20442
1.2033
1.20195
1.20036
1.19858
1.19667
1.19475
1.19296
1.19149
1.19047
1.19004
1.19023
1.191
1.19225
1.19379
1.19545
1.19707
1.19853
1.19975
1.20072
1.20143
1.20193
1.20225
1.20244
1.20257
1.2027
1.20292
1.2033
1.2039
1.20473
1.20577
1.20692
1.20811
1.20923
1.2102
1.21097
1.21149
1.21176
1.21176
1.21152
1.21104
1.21034
1.2095
1.20859
1.20779
1.20728
1.20729
1.208
1.20947
1.21166
1.21434
1.21726
1.22011
1.22264
1.22471
1.22621
1.22714
1.22753
1.22746
1.22701
1.22628
1.22537
1.22438
1.22339
1.22247
1.22166
1.221
1.22049
1.22013
1.21988
1.21973
1.21964
1.21959
1.21955
1.21953
1.21953
1.21959
1.21973
1.22
1.22044
1.22109
1.22198
1.22313
1.22452
1.20152
1.20326
1.20506
1.20687
1.2086
1.21017
1.21153
1.21264
1.21344
1.21394
1.21413
1.21406
1.21379
1.21339
1.21297
1.2126
1.21233
1.21215
1.21201
1.21185
1.21156
1.21105
1.21027
1.20923
1.20797
1.2066
1.20529
1.20422
1.20356
1.20346
1.20398
1.20512
1.20676
1.20876
1.21092
1.21307
1.21502
1.21666
1.21788
1.21863
1.21888
1.21864
1.21797
1.21692
1.21563
1.21424
1.21293
1.21188
1.21125
1.21114
1.21154
1.21235
1.21336
1.21433
1.21499
1.21514
1.21463
1.21339
1.21141
1.2088
1.20571
1.2024
1.19925
1.19665
1.19497
1.1944
1.19491
1.19621
1.1979
1.19955
1.20086
1.20166
1.20192
1.20168
1.20109
1.20029
1.1995
1.1989
1.19868
1.19895
1.19973
1.20098
1.20261
1.2045
1.20659
1.20878
1.211
1.21314
1.21509
1.21674
1.21799
1.21876
1.21898
1.21864
1.21771
1.21621
1.21416
1.21161
1.20862
1.20532
1.20185
1.19838
1.19509
1.19212
1.18955
1.18741
1.18564
1.18419
1.18305
1.18226
1.18194
1.18225
1.18332
1.18521
1.18787
1.19112
1.19474
1.19849
1.20215
1.20557
1.20863
1.21131
1.21358
1.21549
1.21707
1.21836
1.21943
1.22031
1.22106
1.22172
1.22233
1.22292
1.22353
1.22418
1.22489
1.22567
1.22652
1.2274
1.22821
1.22881
1.22893
1.22816
1.22586
1.22117
1.21314
1.20121
1.18631
1.17208
1.16413
1.16609
1.17611
1.18883
1.19988
1.20769
1.21265
1.21574
1.21791
1.21977
1.2216
1.22346
1.22528
1.2269
1.22822
1.22916
1.22968
1.22982
1.22965
1.22927
1.22878
1.22825
1.22771
1.22716
1.22652
1.22571
1.22461
1.2231
1.2211
1.21857
1.21555
1.21219
1.20876
1.20565
1.20332
1.20219
1.20254
1.20443
1.20764
1.21179
1.21644
1.2212
1.22579
1.23004
1.23387
1.23727
1.24025
1.24283
1.24502
1.24683
1.24826
1.24932
1.25001
1.25033
1.2503
1.24991
1.24916
1.24806
1.24663
1.24488
1.24285
1.24063
1.23829
1.23595
1.23371
1.23163
1.22975
1.22803
1.22637
1.22468
1.22282
1.22071
1.21829
1.21557
1.21262
1.2096
1.2067
1.20418
1.20228
1.20124
1.20121
1.20223
1.20421
1.20699
1.2103
1.21385
1.21734
1.22048
1.22302
1.22478
1.22567
1.22563
1.22476
1.22324
1.22137
1.21951
1.21802
1.21716
1.21698
1.21735
1.21803
1.2188
1.21957
1.22034
1.22124
1.22238
1.22385
1.22562
1.22758
1.22954
1.23132
1.23278
1.23383
1.23443
1.23458
1.23422
1.23332
1.23177
1.22945
1.22629
1.22226
1.21747
1.21218
1.20678
1.20179
1.19766
1.19474
1.1932
1.19308
1.19436
1.19702
1.20098
1.20605
1.21183
1.21781
1.22342
1.22823
1.23192
1.23437
1.23561
1.23579
1.23517
1.23406
1.23281
1.23174
1.23109
1.23093
1.23123
1.23177
1.2323
1.2325
1.2321
1.23082
1.22848
1.22494
1.22022
1.21452
1.20832
1.20227
1.19712
1.19337
1.19112
1.19008
1.18976
1.18976
1.18988
1.19011
1.1906
1.19147
1.19282
1.19468
1.19699
1.19966
1.20257
1.20561
1.20869
1.21173
1.21467
1.21748
1.2201
1.22247
1.2245
1.22606
1.227
1.22718
1.22647
1.22476
1.2221
1.21869
1.21502
1.21185
1.21006
1.21033
1.21283
1.21715
1.22252
1.2281
1.23332
1.23786
1.24163
1.2447
1.24717
1.24917
1.25079
1.25211
1.25318
1.254
1.25459
1.25495
1.2551
1.25506
1.25485
1.25452
1.25403
1.25333
1.25227
1.25064
1.24822
1.24481
1.24033
1.23488
1.22869
1.22213
1.21566
1.20992
1.20566
1.20375
1.20488
1.20927
1.21647
1.22555
1.23542
1.24511
1.25402
1.26183
1.26845
1.2739
1.27824
1.28153
1.28386
1.28534
1.28612
1.28633
1.28609
1.28542
1.28422
1.28235
1.2796
1.27586
1.27108
1.26541
1.25913
1.25264
1.24639
1.24078
1.23615
1.23273
1.23067
1.23013
1.23133
1.23444
1.23948
1.24605
1.25344
1.26079
1.26737
1.2727
1.27658
1.27903
1.28017
1.28022
1.27939
1.27792
1.27604
1.27394
1.2718
1.26973
1.26782
1.2661
1.26456
1.26317
1.2619
1.26072
1.25966
1.25874
1.25806
1.2577
1.25773
1.25817
1.25898
1.26006
1.26125
1.26239
1.26332
1.26393
1.26417
1.26403
1.26357
1.26289
1.26211
1.26137
1.26076
1.26032
1.26003
1.25979
1.25946
1.25889
1.25789
1.25632
1.25405
1.25098
1.24709
1.24239
1.23703
1.23131
1.22565
1.22064
1.21688
1.2149
1.21497
1.21708
1.22088
1.22585
1.2314
1.23703
1.24235
1.24711
1.25113
1.25433
1.25667
1.25812
1.25867
1.25835
1.25725
1.25547
1.25324
1.25081
1.24851
1.24664
1.24543
1.24498
1.24522
1.246
1.2471
1.24831
1.24941
1.25024
1.25066
1.25057
1.24989
1.24859
1.2467
1.2443
1.24151
1.23854
1.2356
1.23291
1.23066
1.22897
1.22789
1.22739
1.22739
1.22779
1.22847
1.22933
1.23026
1.23116
1.23198
1.23263
1.23307
1.23327
1.23322
1.23293
1.23243
1.23177
1.23105
1.23035
1.22978
1.22942
1.22932
1.22951
1.22998
1.2307
1.23161
1.23265
1.23375
1.23486
1.23592
1.23689
1.23771
1.23836
1.23881
1.23904
1.23904
1.23881
1.23835
1.2377
1.23689
1.23597
1.23497
1.23393
1.23288
1.23179
1.23061
1.22924
1.22754
1.22534
1.22247
1.21884
1.21443
1.20947
1.20438
1.19978
1.19638
1.19476
1.19521
1.19767
1.20174
1.20685
1.21238
1.21779
1.22268
1.22684
1.23014
1.23257
1.23417
1.23501
1.23516
1.23468
1.23366
1.23217
1.2303
1.22819
1.22594
1.22374
1.22174
1.2201
1.21897
1.21841
1.21844
1.21902
1.22002
1.22129
1.22266
1.224
1.2252
1.22618
1.22694
1.22749
1.22786
1.22812
1.22828
1.2284
1.22844
1.2284
1.2282
1.22774
1.22693
1.22563
1.22375
1.2212
1.21799
1.21423
1.21016
1.20616
1.20265
1.19995
1.19813
1.19691
1.19574
1.19396
1.19103
1.1868
1.18159
1.17619
1.17166
1.16908
1.16922
1.17235
1.17809
1.18557
1.19361
1.20111
1.20728
1.21172
1.2144
1.21553
1.21543
1.21451
1.21315
1.21168
1.21037
1.20937
1.20879
1.20861
1.2088
1.20928
1.20996
1.21075
1.21158
1.21235
1.21302
1.21354
1.21385
1.21395
1.21379
1.21336
1.21264
1.21161
1.21027
1.20863
1.20671
1.20461
1.20243
1.20036
1.19859
1.19733
1.19673
1.19682
1.19756
1.1988
1.20033
1.20196
1.20352
1.2049
1.20604
1.20689
1.20745
1.20772
1.2077
1.20739
1.20675
1.20578
1.20444
1.20272
1.20065
1.19832
1.19589
1.19362
1.19176
1.19056
1.1901
1.19033
1.19099
1.19179
1.19244
1.19276
1.19272
1.1924
1.192
1.19171
1.19174
1.1922
1.19316
1.19457
1.19638
1.19846
1.2007
1.203
1.20525
1.20737
1.20929
1.21097
1.21236
1.21348
1.21432
1.21494
1.21535
1.21557
1.21556
1.2152
1.21429
1.21251
1.20957
1.20521
1.19949
1.19292
1.18665
1.18213
1.18053
1.18202
1.18572
1.1903
1.19464
1.19817
1.20082
1.20276
1.20421
1.20539
1.20639
1.20727
1.20803
1.20866
1.2091
1.2093
1.20916
1.20854
1.20733
1.20548
1.20304
1.20025
1.19751
1.19534
1.19419
1.19431
1.1956
1.19768
1.20004
1.20218
1.20371
1.20436
1.20399
1.20258
1.20024
1.19724
1.19411
1.19153
1.19018
1.19048
1.19236
1.1953
1.19857
1.20147
1.20352
1.20454
1.20454
1.2037
1.20228
1.2006
1.19894
1.19758
1.19672
1.19645
1.19679
1.19762
1.19881
1.20017
1.20154
1.20278
1.20379
1.20452
1.20492
1.20496
1.20459
1.20374
1.20238
1.20048
1.19806
1.1952
1.19207
1.18888
1.1859
1.18336
1.18143
1.18019
1.17965
1.17978
1.18054
1.18192
1.1839
1.18642
1.18937
1.19259
1.19587
1.19902
1.20189
1.20434
1.20628
1.20767
1.20847
1.20863
1.20812
1.2069
1.20493
1.20222
1.19887
1.1951
1.1913
1.18798
1.18569
1.18483
1.1855
1.18748
1.19036
1.19363
1.19686
1.19976
1.20212
1.20384
1.2049
1.20529
1.20503
1.20418
1.20277
1.20087
1.19852
1.19579
1.19272
1.18937
1.18587
1.18243
1.17934
1.17702
1.17589
1.17632
1.17846
1.18218
1.18708
1.19257
1.19804
1.20296
1.20694
1.20978
1.21139
1.21173
1.21076
1.20842
1.20459
1.19914
1.19199
1.1832
1.17309
1.16242
1.15242
1.14459
1.14015
1.13951
1.14219
1.14721
1.1536
1.16062
1.16781
1.17486
1.18153
1.18759
1.19285
1.19717
1.20049
1.20283
1.20428
1.20499
1.20511
1.20481
1.20426
1.20359
1.20291
1.20228
1.20176
1.20137
1.20111
1.20095
1.20087
1.20086
1.20087
1.20089
1.20089
1.20085
1.20076
1.20058
1.20031
1.1999
1.19933
1.19855
1.19755
1.19627
1.19471
1.19287
1.19081
1.18864
1.18656
1.18481
1.18365
1.18329
1.18383
1.18521
1.18723
1.1896
1.19202
1.19421
1.19594
1.19705
1.19745
1.19707
1.19592
1.19401
1.19144
1.18834
1.18491
1.18141
1.1781
1.17521
1.17293
1.17134
1.1704
1.16997
1.16981
1.16965
1.16927
1.16853
1.16748
1.16624
1.16503
1.16404
1.16339
1.16315
1.16331
1.16385
1.16474
1.16599
1.16761
1.1696
1.17195
1.17457
1.17734
1.18006
1.1825
1.18442
1.18562
1.18593
1.18532
1.18389
1.18188
1.17966
1.1776
1.17596
1.17483
1.1741
1.17358
1.17309
1.17258
1.17213
1.17188
1.17198
1.1725
1.17342
1.17463
1.17599
1.17737
1.17866
1.1798
1.18076
1.18153
1.18215
1.18261
1.18296
1.18322
1.18341
1.18354
1.18363
1.1837
1.18374
1.18378
1.20002
1.20004
1.20004
1.20003
1.19999
1.19991
1.19978
1.19959
1.19931
1.19892
1.19841
1.19774
1.19691
1.1959
1.19471
1.19336
1.19191
1.19043
1.18904
1.18788
1.1871
1.18681
1.18708
1.18788
1.18909
1.19051
1.1919
1.19299
1.19353
1.19327
1.19199
1.18949
1.18563
1.18047
1.17432
1.168
1.16272
1.15981
1.16011
1.16346
1.16888
1.17506
1.18096
1.18601
1.19004
1.19309
1.19532
1.19688
1.19789
1.19848
1.19876
1.19885
1.19885
1.19887
1.199
1.19931
1.1998
1.2004
1.20103
1.2015
1.20166
1.20135
1.20045
1.19893
1.19689
1.19458
1.19239
1.19075
1.19005
1.19043
1.19178
1.19377
1.19599
1.19807
1.19978
1.201
1.20172
1.202
1.20192
1.20159
1.20108
1.2005
1.19991
1.1994
1.199
1.19876
1.19869
1.1988
1.19905
1.19938
1.19975
1.20006
1.20023
1.20017
1.19982
1.1991
1.19798
1.19643
1.19448
1.19216
1.18958
1.18684
1.18406
1.18135
1.17881
1.17649
1.17444
1.17271
1.17137
1.17053
1.17031
1.17078
1.17193
1.17364
1.17569
1.17781
1.17974
1.18124
1.18222
1.18265
1.18269
1.18255
1.18248
1.18266
1.18312
1.18372
1.18421
1.18437
1.18405
1.18322
1.18199
1.1805
1.17892
1.17739
1.17607
1.17513
1.17482
1.17538
1.17696
1.17951
1.18273
1.18622
1.18956
1.19244
1.19465
1.19611
1.19675
1.19657
1.19556
1.19371
1.19112
1.18798
1.18465
1.18169
1.17968
1.17911
1.18013
1.18251
1.18572
1.18917
1.19236
1.195
1.19695
1.1982
1.19881
1.19887
1.19848
1.19774
1.19676
1.19564
1.19449
1.19341
1.19251
1.19187
1.19155
1.19158
1.19194
1.19258
1.19343
1.19441
1.19542
1.19638
1.1972
1.19781
1.19815
1.19817
1.19786
1.19726
1.1965
1.19575
1.19529
1.19538
1.19625
1.19799
1.20052
1.2036
1.20693
1.21019
1.21314
1.2156
1.21749
1.21878
1.21952
1.21977
1.21961
1.21918
1.21863
1.21814
1.21786
1.21795
1.21848
1.21943
1.22069
1.22205
1.2233
1.22424
1.22472
1.22472
1.22427
1.22347
1.22246
1.22132
1.2201
1.21883
1.21755
1.21631
1.21523
1.21446
1.21414
1.21435
1.21507
1.21627
1.21794
1.22018
1.22318
1.22713
1.23207
1.23781
1.24397
1.25006
1.25567
1.26047
1.26429
1.26708
1.26886
1.26972
1.26976
1.26913
1.26796
1.26642
1.26463
1.26272
1.2608
1.25889
1.257
1.2551
1.25315
1.25111
1.249
1.24686
1.24475
1.2427
1.24066
1.23844
1.23583
1.23262
1.22877
1.22447
1.22022
1.21671
1.21465
1.2145
1.21628
1.21959
1.22383
1.22834
1.23264
1.23637
1.23933
1.24144
1.24268
1.2431
1.24281
1.24194
1.24067
1.2391
1.23733
1.23541
1.23336
1.23129
1.22933
1.22769
1.22652
1.22591
1.22583
1.22621
1.22699
1.22814
1.22961
1.23127
1.23293
1.23432
1.23519
1.23532
1.2346
1.23302
1.23065
1.22764
1.22419
1.22057
1.21701
1.21375
1.21095
1.2087
1.20703
1.20589
1.20524
1.20502
1.2052
1.20574
1.2066
1.20774
1.20908
1.21051
1.21194
1.21327
1.21443
1.2154
1.21616
1.2167
1.21706
1.21725
1.21732
1.21727
1.21715
1.21696
1.21674
1.21648
1.21619
1.21589
1.21556
1.2152
1.21481
1.21436
1.21385
1.21324
1.21251
1.21163
1.21057
1.2093
1.20781
1.20608
1.20414
1.20201
1.19977
1.19752
1.19538
1.19351
1.19205
1.19118
1.19101
1.19164
1.1931
1.19535
1.19826
1.20158
1.20505
1.20837
1.21127
1.21354
1.21505
1.21571
1.2155
1.21441
1.21247
1.20978
1.20645
1.20267
1.19873
1.19495
1.19168
1.18923
1.18776
1.18726
1.18755
1.18836
1.18939
1.19039
1.19122
1.19183
1.19222
1.19249
1.19271
1.19297
1.19331
1.19373
1.1942
1.19469
1.19517
1.19564
1.1961
1.19659
1.19712
1.19775
1.19848
1.19934
1.20032
1.20142
1.20259
1.20381
1.20502
1.20619
1.20729
1.20828
1.20913
1.20982
1.21031
1.21057
1.21054
1.21015
1.20935
1.20803
1.20612
1.20358
1.20041
1.19673
1.19277
1.18891
1.18562
1.18337
1.18249
1.18309
1.18497
1.18773
1.19092
1.19409
1.19696
1.1994
1.2014
1.20306
1.20449
1.2058
1.20704
1.20824
1.20937
1.21037
1.2112
1.2118
1.21215
1.21222
1.21206
1.2117
1.21125
1.21085
1.21066
1.21086
1.21159
1.21292
1.21479
1.21702
1.21937
1.22155
1.22328
1.22435
1.2246
1.22394
1.22238
1.22004
1.21715
1.21405
1.21112
1.20874
1.20711
1.20625
1.20598
1.20599
1.20595
1.20551
1.20439
1.20237
1.19929
1.19511
1.19001
1.18447
1.17932
1.17568
1.17454
1.17643
1.1811
1.18773
1.19527
1.20281
1.20976
1.21579
1.22081
1.22485
1.22795
1.23022
1.23172
1.2325
1.23261
1.23208
1.23094
1.22925
1.22708
1.22458
1.22189
1.21921
1.21676
1.21469
1.21311
1.21205
1.21146
1.21127
1.21137
1.21168
1.21214
1.21269
1.2133
1.21392
1.21451
1.21502
1.2154
1.21564
1.21572
1.21566
1.21548
1.21522
1.21486
1.21439
1.21377
1.21294
1.21189
1.21067
1.20934
1.20802
1.20674
1.20545
1.20398
1.20208
1.19953
1.19627
1.19256
1.18905
1.18673
1.18658
1.18909
1.19394
1.20016
1.20661
1.21237
1.21696
1.22026
1.22236
1.22346
1.22377
1.22347
1.22274
1.22167
1.22037
1.21886
1.2172
1.21539
1.21347
1.21146
1.20941
1.2074
1.20549
1.20375
1.20226
1.20106
1.20016
1.19956
1.19923
1.19911
1.19915
1.19929
1.19947
1.19964
1.19975
1.19975
1.19958
1.1992
1.19854
1.19752
1.19607
1.19412
1.19164
1.18862
1.18514
1.18138
1.17765
1.17436
1.17202
1.17107
1.17178
1.17413
1.17777
1.18216
1.18672
1.19093
1.19444
1.19707
1.19873
1.1994
1.19911
1.1979
1.19583
1.193
1.18956
1.18573
1.18186
1.1784
1.17586
1.17476
1.17539
1.17778
1.18161
1.18632
1.1913
1.19601
1.20011
1.2034
1.20581
1.20738
1.20816
1.20822
1.20762
1.20637
1.20446
1.20179
1.1982
1.19352
1.1876
1.18057
1.17309
1.16653
1.16274
1.16321
1.16804
1.17572
1.1839
1.19037
1.19357
1.19275
1.18809
1.1811
1.17481
1.17275
1.17673
1.18553
1.19604
1.20547
1.2125
1.21696
1.21928
1.22001
1.21964
1.21852
1.21692
1.21499
1.21283
1.21046
1.20786
1.20498
1.20179
1.19832
1.19477
1.19149
1.18895
1.18768
1.188
1.18993
1.19311
1.19691
1.20064
1.20366
1.20554
1.20605
1.20524
1.20332
1.20073
1.198
1.19574
1.19441
1.19426
1.19528
1.19722
1.1997
1.20237
1.20493
1.20718
1.20897
1.21016
1.21055
1.20993
1.208
1.20451
1.19933
1.1926
1.18501
1.17782
1.17277
1.17143
1.17441
1.18097
1.18941
1.19795
1.20538
1.21113
1.21516
1.21766
1.21893
1.21924
1.21882
1.21787
1.21652
1.21489
1.21309
1.21121
1.20932
1.20751
1.20583
1.20433
1.20303
1.20195
1.20111
1.20055
1.20032
1.20048
1.20109
1.20221
1.20383
1.20592
1.20838
1.21107
1.21385
1.21656
1.21907
1.2213
1.22318
1.22467
1.22575
1.22642
1.22666
1.22647
1.22586
1.22483
1.22338
1.22155
1.21939
1.21697
1.21443
1.21191
1.20958
1.20761
1.20615
1.20531
1.20517
1.20571
1.20688
1.2085
1.21036
1.21218
1.21373
1.21478
1.21523
1.21503
1.21427
1.21309
1.21169
1.21029
1.20909
1.20826
1.20788
1.20796
1.20847
1.2093
1.21034
1.21148
1.2126
1.21361
1.21442
1.21495
1.21513
1.21492
1.21428
1.21323
1.21182
1.21015
1.20839
1.20674
1.20541
1.20459
1.20441
1.20488
1.20592
1.20737
1.209
1.21059
1.21191
1.21278
1.21306
1.21266
1.21151
1.20965
1.2072
1.20444
1.20177
1.1997
1.19867
1.19889
1.20022
1.20224
1.20439
1.20616
1.2072
1.20733
1.20652
1.20484
1.20237
1.19922
1.1955
1.19139
1.18714
1.18305
1.17945
1.17662
1.17476
1.17397
1.17426
1.17555
1.17768
1.18038
1.18336
1.1864
1.18935
1.19219
1.19489
1.1974
1.19961
1.20138
1.20264
1.20336
1.20364
1.20362
1.20349
1.20342
1.20358
1.20403
1.20481
1.2059
1.20724
1.20875
1.21037
1.212
1.2136
1.2151
1.21649
1.21773
1.21882
1.21975
1.22047
1.22097
1.22117
1.22105
1.22056
1.21967
1.21841
1.21682
1.21497
1.21299
1.21103
1.20931
1.20803
1.20742
1.20762
1.20866
1.21045
1.21279
1.21541
1.21809
1.22064
1.22297
1.225
1.22673
1.22813
1.22914
1.22971
1.22972
1.22903
1.22749
1.22496
1.22135
1.2167
1.21126
1.20551
1.2002
1.19624
1.19448
1.19542
1.19896
1.2044
1.21068
1.21676
1.22181
1.22535
1.22717
1.22724
1.22565
1.22259
1.21843
1.21374
1.20926
1.20583
1.20409
1.2043
1.20622
1.20923
1.21262
1.21578
1.21831
1.22003
1.22091
1.22103
1.2205
1.21949
1.21812
1.21649
1.21464
1.21258
1.21026
1.2076
1.20453
1.20103
1.19717
1.19311
1.1892
1.18585
1.18354
1.18269
1.18347
1.18582
1.18935
1.19353
1.19777
1.20154
1.20445
1.20625
1.20684
1.20622
1.20448
1.20182
1.1985
1.19486
1.19128
1.18812
1.18567
1.18413
1.18358
1.18399
1.18524
1.18713
1.18944
1.1919
1.1943
1.19647
1.19831
1.19978
1.20088
1.20166
1.20219
1.20253
1.20276
1.20291
1.20304
1.20316
1.20327
1.20337
1.20343
1.20342
1.20331
1.20305
1.20261
1.20193
1.20098
1.1997
1.19808
1.19607
1.19366
1.19085
1.18765
1.18409
1.18026
1.17626
1.17224
1.1684
1.16497
1.16225
1.1605
1.19962
1.20043
1.20237
1.20518
1.20851
1.21201
1.21541
1.21849
1.22119
1.22346
1.22533
1.22687
1.22814
1.22918
1.23005
1.23079
1.23143
1.23198
1.23247
1.23289
1.23328
1.23362
1.23392
1.23418
1.23441
1.23459
1.23471
1.23477
1.23473
1.23459
1.2343
1.23385
1.2332
1.23235
1.23127
1.22999
1.22855
1.22704
1.22559
1.22435
1.22347
1.22307
1.22321
1.22387
1.22495
1.22631
1.22779
1.22927
1.23062
1.23175
1.23258
1.23298
1.2328
1.23184
1.22982
1.22642
1.22135
1.21448
1.20607
1.19695
1.18856
1.18267
1.18065
1.18272
1.18787
1.19442
1.20095
1.20679
1.21203
1.21714
1.22246
1.22796
1.23336
1.23825
1.24237
1.24559
1.24798
1.24963
1.25068
1.25125
1.25139
1.25117
1.25065
1.24989
1.24904
1.24826
1.24775
1.24766
1.24811
1.2491
1.25054
1.2523
1.2542
1.25609
1.25786
1.25945
1.26082
1.26194
1.26279
1.26334
1.26353
1.2633
1.26261
1.26144
1.25985
1.25797
1.25602
1.25429
1.25308
1.25257
1.2528
1.25362
1.25474
1.25585
1.25666
1.25698
1.25673
1.25589
1.25454
1.25278
1.25075
1.24863
1.24658
1.24477
1.24335
1.24241
1.24197
1.24202
1.24248
1.24329
1.24437
1.24571
1.24732
1.24925
1.25155
1.25423
1.25724
1.26051
1.26389
1.26725
1.27047
1.27346
1.27618
1.27861
1.28075
1.28263
1.28428
1.2857
1.28691
1.28792
1.2887
1.28923
1.28948
1.28938
1.2889
1.28798
1.28657
1.28462
1.28214
1.27914
1.27577
1.2723
1.26921
1.2671
1.26651
1.26769
1.2704
1.274
1.27775
1.28103
1.28353
1.28522
1.28625
1.28683
1.28711
1.28718
1.28704
1.28664
1.28595
1.28492
1.2836
1.28203
1.28036
1.27875
1.27739
1.27648
1.27622
1.27677
1.27821
1.28058
1.28381
1.28776
1.29219
1.29683
1.30141
1.30564
1.30929
1.3122
1.31425
1.3154
1.31563
1.315
1.31354
1.31131
1.30838
1.30479
1.3006
1.2959
1.29086
1.28578
1.28109
1.27731
1.27498
1.27448
1.27592
1.27913
1.2837
1.28908
1.2947
1.30007
1.30479
1.30857
1.31125
1.31278
1.31326
1.31286
1.31186
1.31054
1.30918
1.308
1.30717
1.30674
1.30669
1.30695
1.30738
1.30786
1.30824
1.30838
1.30812
1.30734
1.30592
1.30378
1.30096
1.29762
1.29412
1.29097
1.28872
1.28778
1.2882
1.28969
1.29174
1.29382
1.2955
1.29656
1.29693
1.29665
1.29582
1.29458
1.29309
1.29148
1.28988
1.28839
1.28707
1.28594
1.28496
1.28409
1.2833
1.2826
1.28204
1.28178
1.28197
1.28276
1.2842
1.28623
1.28867
1.29129
1.29385
1.29618
1.29814
1.29969
1.30082
1.30156
1.30196
1.30204
1.30186
1.30143
1.30076
1.29983
1.29863
1.29711
1.29524
1.29303
1.29056
1.28803
1.28573
1.28403
1.28325
1.28356
1.28488
1.28694
1.28935
1.29177
1.29393
1.29571
1.29707
1.29801
1.29858
1.2988
1.2987
1.29828
1.29755
1.29652
1.29522
1.29367
1.29192
1.29007
1.2882
1.28646
1.28502
1.28408
1.28379
1.28425
1.28549
1.28739
1.2898
1.29246
1.29514
1.29762
1.29971
1.30126
1.30217
1.3024
1.30192
1.30076
1.29901
1.29676
1.2942
1.29151
1.28891
1.2866
1.28473
1.28328
1.28212
1.28092
1.27935
1.27714
1.27439
1.27167
1.26999
1.27043
1.27352
1.27894
1.2857
1.29265
1.29893
1.3041
1.3081
1.31103
1.31307
1.31439
1.31512
1.31536
1.31514
1.31447
1.31335
1.31173
1.30958
1.30684
1.30348
1.29945
1.29469
1.28917
1.28284
1.27573
1.26798
1.25999
1.25241
1.24615
1.24213
1.24089
1.24223
1.2453
1.24896
1.2524
1.2554
1.25825
1.26145
1.26526
1.26958
1.27403
1.27818
1.28171
1.28449
1.28654
1.28794
1.2888
1.28923
1.2893
1.28909
1.28863
1.28795
1.28707
1.28602
1.28482
1.28349
1.28207
1.2806
1.27915
1.27782
1.2767
1.2759
1.27552
1.27563
1.27621
1.2772
1.27847
1.27988
1.28129
1.28256
1.28365
1.28452
1.2852
1.28573
1.28616
1.28651
1.28679
1.28696
1.28694
1.28663
1.2859
1.28464
1.28277
1.28029
1.27732
1.27411
1.27101
1.26842
1.26667
1.26593
1.26618
1.26728
1.26898
1.27108
1.27338
1.27572
1.27795
1.27992
1.28146
1.28246
1.28279
1.28238
1.2812
1.27926
1.27664
1.27348
1.27003
1.26658
1.26348
1.2611
1.25972
1.25947
1.26033
1.2621
1.26449
1.26713
1.26971
1.272
1.27385
1.27522
1.27616
1.27676
1.27714
1.27741
1.27766
1.27793
1.27819
1.2784
1.2785
1.27842
1.27816
1.27774
1.27725
1.27683
1.27659
1.27664
1.27695
1.27741
1.2778
1.2778
1.27709
1.27528
1.27203
1.26707
1.26034
1.25228
1.24399
1.23722
1.23366
1.23393
1.23713
1.24142
1.24506
1.24707
1.24727
1.24608
1.2442
1.24241
1.24133
1.24129
1.24224
1.24396
1.24609
1.24835
1.25053
1.25254
1.25431
1.25579
1.25696
1.25777
1.25819
1.2582
1.25783
1.25714
1.25626
1.25537
1.25465
1.2543
1.25441
1.25499
1.2559
1.25696
1.25794
1.25862
1.25884
1.25848
1.25749
1.25587
1.2537
1.25113
1.24836
1.24563
1.24317
1.24118
1.23977
1.23896
1.23869
1.23882
1.23923
1.23979
1.24037
1.24088
1.24124
1.24143
1.24143
1.24127
1.241
1.24069
1.24042
1.24025
1.24023
1.24038
1.24072
1.24124
1.24193
1.24275
1.24366
1.24462
1.24559
1.24653
1.24743
1.24828
1.24907
1.24983
1.25055
1.25124
1.2519
1.2525
1.25301
1.2534
1.25362
1.25365
1.25344
1.253
1.25235
1.25155
1.25068
1.24987
1.24924
1.24893
1.24901
1.24953
1.25045
1.25169
1.25316
1.25475
1.25635
1.25788
1.2593
1.26058
1.26171
1.26269
1.26353
1.26426
1.26488
1.26543
1.26591
1.26634
1.26672
1.26706
1.26734
1.26757
1.26773
1.2678
1.26779
1.26769
1.26752
1.26731
1.26709
1.26692
1.26686
1.26695
1.26725
1.26777
1.26853
1.26947
1.27053
1.27161
1.27257
1.27327
1.27358
1.27337
1.27252
1.27097
1.26869
1.26572
1.26216
1.25822
1.2542
1.25049
1.24753
1.24571
1.24535
1.24653
1.24913
1.25282
1.25722
1.26196
1.26677
1.27145
1.27591
1.28009
1.28392
1.28734
1.2903
1.29273
1.29454
1.2957
1.29616
1.29594
1.29506
1.29361
1.2917
1.2895
1.28717
1.28492
1.28292
1.28133
1.28025
1.27971
1.27965
1.27995
1.28048
1.28111
1.28178
1.28246
1.28317
1.28392
1.28474
1.28565
1.28663
1.28769
1.2888
1.28993
1.29107
1.29217
1.29321
1.29415
1.29494
1.29557
1.296
1.29622
1.29624
1.29607
1.29572
1.29522
1.2946
1.29387
1.29306
1.29217
1.29121
1.2902
1.28914
1.28808
1.28703
1.28605
1.28517
1.28444
1.28389
1.28351
1.28328
1.28314
1.28296
1.28262
1.28192
1.28068
1.27873
1.27602
1.27266
1.26905
1.2659
1.26405
1.26421
1.26655
1.27063
1.27561
1.28061
1.28497
1.28831
1.2905
1.29154
1.29152
1.29053
1.28867
1.2861
1.28298
1.27959
1.2763
1.2735
1.27161
1.27086
1.27131
1.27279
1.27498
1.27754
1.28017
1.28266
1.28486
1.2867
1.28816
1.28921
1.28987
1.29014
1.29002
1.28953
1.28868
1.2875
1.28599
1.28418
1.28209
1.27974
1.27717
1.27442
1.27155
1.26864
1.26581
1.2632
1.26097
1.25924
1.25814
1.25771
1.25796
1.25878
1.26005
1.26156
1.26307
1.26436
1.26524
1.26558
1.26532
1.26448
1.26317
1.26153
1.25975
1.25804
1.25657
1.2555
1.25491
1.25485
1.25529
1.25618
1.25743
1.25893
1.26057
1.26223
1.26383
1.26528
1.26654
1.26758
1.26842
1.26908
1.26959
1.26999
1.27032
1.27061
1.27088
1.27115
1.2714
1.27162
1.27177
1.27182
1.27171
1.2714
1.27082
1.26993
1.26869
1.26709
1.26515
1.26298
1.26076
1.25872
1.25717
1.25637
1.2565
1.2576
1.25949
1.26188
1.26442
1.26672
1.26849
1.26949
1.26959
1.26872
1.26692
1.26437
1.26134
1.25829
1.25573
1.25419
1.25402
1.25532
1.25785
1.26116
1.26467
1.26781
1.27013
1.27128
1.27099
1.26907
1.26543
1.26009
1.25337
1.246
1.23922
1.23449
1.23298
1.23497
1.23977
1.24609
1.25273
1.25881
1.26387
1.26768
1.27012
1.27114
1.27065
1.26861
1.26496
1.25965
1.25267
1.24414
1.23447
1.22469
1.21658
1.21235
1.21348
1.21972
1.22916
1.23941
1.24865
1.256
1.26125
1.2646
1.26643
1.26711
1.26704
1.26651
1.26576
1.26498
1.26425
1.26365
1.26316
1.26277
1.26244
1.26211
1.26174
1.26129
1.26074
1.26007
1.25931
1.25848
1.25762
1.25678
1.25599
1.25525
1.25457
1.25391
1.25323
1.2525
1.25164
1.25063
1.24942
1.24799
1.24635
1.24453
1.24259
1.24063
1.23879
1.23722
1.23604
1.23534
1.23513
1.23536
1.23591
1.23665
1.23743
1.23816
1.23875
1.23917
1.23941
1.23946
1.23935
1.23912
1.23879
1.2384
1.23802
1.23768
1.23745
1.23737
1.23745
1.23771
1.23813
1.23866
1.23924
1.23981
1.24032
1.24071
1.24093
1.24097
1.24079
1.2404
1.23979
1.23897
1.23796
1.23679
1.2355
1.23417
1.23285
1.23165
1.23066
1.22997
1.22965
1.22973
1.23023
1.23111
1.23232
1.23376
1.23536
1.23701
1.23865
1.24021
1.24165
1.24293
1.24402
1.24489
1.24548
1.24574
1.24559
1.24491
1.24358
1.24146
1.23843
1.23451
1.22989
1.22505
1.22082
1.21817
1.21781
1.21992
1.22396
1.22897
1.234
1.23835
1.24163
1.24372
1.24463
1.24444
1.24323
1.24109
1.23812
1.23448
1.19616
1.19209
1.18846
1.18578
1.18445
1.1846
1.18601
1.18817
1.19049
1.19251
1.1941
1.19544
1.19698
1.19917
1.20227
1.2062
1.21064
1.21511
1.21924
1.22279
1.22566
1.22785
1.22943
1.23046
1.23101
1.23114
1.2309
1.23033
1.2295
1.22846
1.22725
1.22593
1.22455
1.22313
1.22171
1.22027
1.21881
1.21728
1.21564
1.21382
1.21178
1.20955
1.20719
1.20488
1.20289
1.20153
1.20113
1.20188
1.20373
1.20639
1.20933
1.212
1.21386
1.21454
1.21386
1.21191
1.20908
1.20605
1.20365
1.20261
1.20322
1.20527
1.2082
1.21138
1.21437
1.21696
1.21915
1.22099
1.22257
1.22395
1.22515
1.22617
1.22699
1.22761
1.22802
1.22821
1.2282
1.22801
1.22764
1.22714
1.22654
1.22588
1.22522
1.22459
1.22402
1.2235
1.22302
1.22251
1.22189
1.22108
1.22005
1.2188
1.21745
1.21618
1.21525
1.21489
1.21524
1.21629
1.21786
1.21968
1.22144
1.22291
1.22396
1.22456
1.2248
1.22481
1.22475
1.22472
1.22476
1.22483
1.22485
1.22474
1.22445
1.22396
1.22329
1.22245
1.22148
1.22044
1.21942
1.21862
1.21826
1.21857
1.21973
1.22178
1.22462
1.22801
1.23163
1.23517
1.23836
1.24099
1.24293
1.24409
1.24444
1.24396
1.24264
1.24047
1.23751
1.23387
1.22976
1.22552
1.22155
1.21823
1.21576
1.21406
1.21273
1.21118
1.20876
1.20501
1.19978
1.19344
1.18694
1.18159
1.17851
1.17803
1.17956
1.18201
1.18439
1.18621
1.18739
1.18816
1.18879
1.18955
1.19058
1.19196
1.19366
1.19563
1.19777
1.19996
1.20212
1.20414
1.20594
1.20742
1.20853
1.20921
1.20941
1.20911
1.20832
1.2071
1.20558
1.20395
1.20246
1.20135
1.20083
1.20099
1.20179
1.20306
1.20459
1.20616
1.2076
1.20882
1.20977
1.21046
1.21091
1.21117
1.21128
1.21125
1.2111
1.21083
1.21043
1.20989
1.20918
1.20828
1.20718
1.20587
1.20437
1.20272
1.20103
1.19944
1.19812
1.19723
1.19692
1.19723
1.19812
1.19944
1.20106
1.2029
1.20505
1.20773
1.21119
1.21556
1.2207
1.22628
1.23184
1.23693
1.24121
1.24446
1.24651
1.24726
1.24659
1.24445
1.24089
1.23622
1.23111
1.22658
1.22372
1.22326
1.22515
1.22869
1.23288
1.23687
1.24019
1.24265
1.24424
1.24499
1.24486
1.24377
1.24157
1.23812
1.23342
1.2277
1.22153
1.21568
1.21087
1.20745
1.20533
1.20426
1.20414
1.20518
1.20771
1.21182
1.2172
1.22313
1.2288
1.2336
1.23719
1.23957
1.24093
1.24155
1.24174
1.24172
1.24166
1.24163
1.24163
1.24163
1.24159
1.2415
1.24138
1.24127
1.24122
1.24129
1.2415
1.24181
1.2422
1.24259
1.24295
1.24327
1.24357
1.24387
1.24422
1.24463
1.24507
1.24548
1.24578
1.24587
1.24565
1.24506
1.24404
1.24259
1.2407
1.23837
1.23563
1.23247
1.22889
1.22487
1.22044
1.2157
1.21084
1.20623
1.20239
1.19986
1.19908
1.20025
1.20321
1.20753
1.21259
1.21781
1.22272
1.22703
1.23059
1.2334
1.23552
1.23704
1.23806
1.23861
1.23871
1.23837
1.23756
1.23631
1.23466
1.23272
1.23061
1.22843
1.22629
1.2243
1.22261
1.2214
1.2209
1.22121
1.22231
1.22402
1.22606
1.22811
1.22989
1.23123
1.232
1.23216
1.23171
1.23073
1.22935
1.22775
1.22616
1.22485
1.22407
1.22402
1.2248
1.22641
1.22872
1.23155
1.23463
1.23775
1.24071
1.24335
1.2456
1.24741
1.24877
1.24971
1.25023
1.25036
1.25012
1.24951
1.24853
1.24718
1.24547
1.24347
1.24126
1.23901
1.23691
1.23518
1.234
1.2335
1.23365
1.23435
1.23539
1.23656
1.23765
1.23852
1.23911
1.23945
1.23968
1.23996
1.2405
1.24147
1.24298
1.24502
1.24746
1.25008
1.25259
1.25465
1.25598
1.25633
1.25561
1.2539
1.25143
1.24859
1.24584
1.24365
1.2425
1.24279
1.24477
1.2483
1.25294
1.25803
1.26299
1.26743
1.27115
1.2741
1.27628
1.27775
1.27856
1.27877
1.27848
1.27776
1.27669
1.27534
1.27371
1.27173
1.26927
1.26618
1.26235
1.25785
1.25297
1.24828
1.24437
1.24157
1.23978
1.23843
1.23691
1.23482
1.23219
1.22946
1.22737
1.22663
1.22781
1.23105
1.2361
1.24237
1.24911
1.25565
1.2615
1.26644
1.27042
1.27352
1.27585
1.2775
1.27856
1.27907
1.27907
1.27862
1.27777
1.27664
1.27534
1.27403
1.27289
1.27207
1.27169
1.27176
1.27221
1.27283
1.27339
1.27358
1.27315
1.27191
1.26976
1.26673
1.26298
1.25875
1.25437
1.25015
1.2463
1.24292
1.24004
1.23773
1.23617
1.2357
1.2367
1.23934
1.24349
1.24871
1.25437
1.25988
1.2648
1.26884
1.27189
1.27392
1.27495
1.27504
1.27429
1.27279
1.27071
1.26822
1.26554
1.26291
1.26057
1.25873
1.2575
1.25693
1.25698
1.25754
1.25848
1.25966
1.26097
1.2623
1.26357
1.2647
1.26563
1.26631
1.26669
1.26675
1.26645
1.26579
1.26481
1.26356
1.26218
1.2608
1.25963
1.25884
1.25857
1.25889
1.25975
1.26105
1.26262
1.26428
1.26588
1.26729
1.26844
1.2693
1.26986
1.27012
1.27008
1.26973
1.26903
1.26793
1.26638
1.26431
1.26173
1.2587
1.25539
1.2521
1.24922
1.24722
1.24651
1.24735
1.24978
1.25357
1.25824
1.26317
1.26771
1.27129
1.27352
1.27427
1.27381
1.27283
1.27228
1.27307
1.27564
1.27975
1.28464
1.2895
1.2937
1.29694
1.29918
1.3005
1.30101
1.30084
1.30006
1.29873
1.29689
1.29459
1.29192
1.289
1.28597
1.28304
1.28042
1.27831
1.27687
1.2762
1.27633
1.27724
1.27883
1.28096
1.28342
1.28599
1.28842
1.29048
1.29201
1.29294
1.2933
1.29325
1.29307
1.29305
1.29354
1.29478
1.29689
1.2998
1.30328
1.30698
1.31046
1.31328
1.31502
1.31535
1.31399
1.31082
1.30592
1.29966
1.29275
1.28618
1.28093
1.27767
1.27649
1.27703
1.27868
1.2809
1.28327
1.28549
1.28739
1.28894
1.29022
1.29141
1.29276
1.29449
1.2968
1.29976
1.30333
1.30733
1.31152
1.31557
1.31917
1.32205
1.32398
1.32481
1.32447
1.32296
1.32029
1.31652
1.31164
1.30572
1.299
1.29218
1.28661
1.28393
1.28535
1.29075
1.29875
1.30749
1.31548
1.32194
1.32663
1.32965
1.33121
1.33156
1.33088
1.32936
1.32714
1.32432
1.321
1.31726
1.31318
1.30884
1.30436
1.29986
1.29552
1.29154
1.28816
1.28561
1.28406
1.28364
1.28439
1.28622
1.28896
1.29239
1.29619
1.30004
1.3036
1.3065
1.30838
1.30885
1.30753
1.30402
1.29805
1.2896
1.27921
1.26828
1.25906
1.25395
1.25426
1.25943
1.2675
1.27634
1.28444
1.2911
1.29619
1.29982
1.30222
1.30352
1.30379
1.30308
1.30144
1.29896
1.29586
1.29238
1.28881
1.28534
1.28209
1.27908
1.27636
1.27399
1.27211
1.27089
1.27038
1.27052
1.27113
1.272
1.27296
1.27395
1.27496
1.27597
1.277
1.27797
1.27883
1.27951
1.27993
1.28006
1.27984
1.27925
1.27821
1.27669
1.27462
1.27197
1.26879
1.26518
1.2614
1.25782
1.25488
1.25296
1.2523
1.25291
1.25457
1.25694
1.25964
1.26236
1.26485
1.26696
1.26859
1.26973
1.27042
1.27073
1.2708
1.27076
1.27078
1.27101
1.27155
1.27246
1.27374
1.27535
1.27717
1.27911
1.28105
1.28288
1.28454
1.28596
1.28712
1.288
1.28858
1.28883
1.28874
1.28825
1.28732
1.2859
1.28398
1.28161
1.27891
1.2761
1.27349
1.27135
1.26996
1.26943
1.26975
1.27077
1.27225
1.27392
1.2756
1.27714
1.27848
1.27959
1.28042
1.28092
1.28103
1.28069
1.27989
1.27876
1.27756
1.27664
1.27636
1.27698
1.2785
1.28069
1.28317
1.28553
1.28751
1.28911
1.29047
1.29187
1.29354
1.29559
1.29798
1.30053
1.30302
1.30523
1.30698
1.30811
1.30857
1.30834
1.30746
1.30603
1.30421
1.30214
1.29997
1.29784
1.29584
1.29405
1.29251
1.29124
1.29022
1.2894
1.28872
1.28825
1.28815
1.28877
1.29045
1.29343
1.29766
1.30282
1.30839
1.31387
1.31887
1.32314
1.32655
1.32906
1.33062
1.33118
1.33062
1.32877
1.32546
1.32051
1.31387
1.30581
1.29697
1.28846
1.28157
1.27734
1.27602
1.277
1.27913
1.28118
1.28235
1.2824
1.2817
1.28096
1.28096
1.28226
1.28501
1.28897
1.2937
1.2987
1.30359
1.30813
1.31219
1.31572
1.31871
1.32116
1.32305
1.32436
1.32502
1.32493
1.32394
1.32185
1.31842
1.31346
1.30694
1.29922
1.29118
1.28416
1.27942
1.27749
1.27773
1.27885
1.27954
1.2791
1.27742
1.27486
1.27198
1.26935
1.26742
1.26649
1.26667
1.26787
1.26991
1.27255
1.27551
1.27857
1.28153
1.28424
1.28658
1.28851
1.29005
1.29125
1.29218
1.29285
1.29316
1.29298
1.29207
1.29027
1.28748
1.28378
1.27945
1.275
1.27108
1.26834
1.26727
1.268
1.27027
1.27356
1.27727
1.28086
1.28395
1.28633
1.28788
1.28859
1.28843
1.28738
1.28538
1.28238
1.2783
1.27314
1.26707
1.26045
1.25394
1.24828
1.24409
1.24158
1.24049
1.24027
1.2404
1.24059
1.2408
1.24115
1.24179
1.24279
1.24405
1.24539
1.24657
1.24733
1.24753
1.24712
1.24617
1.24491
1.2436
1.24255
1.24198
1.24201
1.24262
1.24368
1.24504
1.24655
1.2481
1.24962
1.25104
1.25233
1.25342
1.25423
1.25465
1.25455
1.25382
1.25235
1.25008
1.24708
1.2435
1.23965
1.23595
1.23281
1.23054
1.22926
1.22889
1.22924
1.2301
1.23131
1.23274
1.23427
1.23582
1.23731
1.20131
1.20264
1.20394
1.20528
1.2067
1.20819
1.20968
1.21107
1.21223
1.21302
1.21335
1.21314
1.21235
1.21098
1.20907
1.20672
1.2041
1.20143
1.19898
1.19699
1.19565
1.19505
1.19513
1.19573
1.19661
1.19756
1.19836
1.19887
1.19899
1.19866
1.19788
1.1967
1.19521
1.19354
1.19188
1.19044
1.1894
1.18892
1.18909
1.18989
1.19124
1.193
1.195
1.19708
1.19914
1.20109
1.20289
1.20453
1.20603
1.2074
1.20865
1.2098
1.21085
1.21178
1.21259
1.21329
1.21389
1.21442
1.21491
1.21538
1.21583
1.21623
1.21649
1.21647
1.216
1.21487
1.21291
1.20997
1.20601
1.20116
1.19574
1.19029
1.18551
1.18208
1.18053
1.18112
1.1839
1.18852
1.19423
1.19996
1.20455
1.20712
1.20726
1.20511
1.20131
1.1969
1.19296
1.1903
1.1891
1.18898
1.18934
1.18969
1.18985
1.18989
1.19005
1.19058
1.19168
1.19341
1.19572
1.19847
1.20147
1.20454
1.20751
1.21025
1.2127
1.21482
1.21661
1.21808
1.21923
1.2201
1.22069
1.22098
1.22098
1.22065
1.21995
1.21886
1.21732
1.21535
1.21296
1.21024
1.20734
1.20448
1.20193
1.19995
1.19872
1.1983
1.19862
1.19948
1.20063
1.20179
1.20276
1.20342
1.20373
1.20375
1.2036
1.20344
1.20342
1.20366
1.20425
1.20517
1.20636
1.2077
1.20903
1.2102
1.21107
1.21154
1.21153
1.21104
1.21009
1.20875
1.20716
1.20551
1.20398
1.20276
1.20195
1.20156
1.20148
1.20156
1.20164
1.2016
1.2014
1.20111
1.20086
1.20079
1.201
1.20152
1.2023
1.20322
1.20411
1.20484
1.2053
1.20544
1.20525
1.20476
1.20401
1.20306
1.20197
1.20081
1.19962
1.19844
1.19729
1.19618
1.19512
1.19408
1.19306
1.19205
1.19104
1.19003
1.18905
1.18813
1.18732
1.18668
1.18624
1.18602
1.18603
1.18623
1.18655
1.18692
1.18728
1.18757
1.18775
1.1878
1.18775
1.18759
1.18736
1.18706
1.18671
1.18629
1.18579
1.18518
1.18444
1.18354
1.18246
1.1812
1.17975
1.17812
1.17635
1.17452
1.17275
1.17119
1.17003
1.16942
1.16946
1.17016
1.17143
1.17312
1.17507
1.17713
1.17915
1.18105
1.18276
1.18421
1.18537
1.18623
1.18679
1.18706
1.18707
1.18685
1.18646
1.18595
1.18539
1.18485
1.18442
1.18416
1.18414
1.18441
1.18501
1.18596
1.18725
1.18885
1.19071
1.19276
1.19495
1.19719
1.19943
1.20163
1.20373
1.20572
1.20758
1.20931
1.21091
1.2124
1.21378
1.21508
1.21629
1.21744
1.21854
1.21959
1.2206
1.22157
1.22249
1.22336
1.22417
1.2249
1.22554
1.22607
1.22645
1.22668
1.22671
1.2265
1.22603
1.22522
1.22402
1.22235
1.22013
1.21731
1.21391
1.21008
1.20618
1.20278
1.20059
1.20022
1.20197
1.20564
1.2107
1.21647
1.22235
1.22796
1.2331
1.23769
1.24175
1.24528
1.24832
1.25086
1.25294
1.25455
1.25572
1.25646
1.25681
1.25682
1.25652
1.256
1.25532
1.25457
1.25382
1.25315
1.25263
1.25232
1.25225
1.25242
1.25282
1.2534
1.25409
1.25477
1.25535
1.25568
1.25567
1.2552
1.2542
1.25265
1.25057
1.24809
1.24548
1.24312
1.24146
1.2409
1.24162
1.24348
1.24609
1.24898
1.25172
1.25403
1.25577
1.25692
1.25748
1.25752
1.25707
1.25619
1.25498
1.25353
1.25198
1.25047
1.24911
1.24803
1.24729
1.24692
1.24689
1.24716
1.24762
1.24818
1.24871
1.24912
1.24934
1.24934
1.24911
1.2487
1.24811
1.24738
1.24649
1.2454
1.24411
1.24262
1.24101
1.23938
1.2379
1.23672
1.23596
1.23565
1.23577
1.23624
1.23695
1.2378
1.23867
1.2395
1.24024
1.24084
1.2413
1.2416
1.24172
1.24164
1.24131
1.24071
1.23977
1.23848
1.23683
1.23483
1.23254
1.23005
1.22746
1.22489
1.22243
1.22016
1.21815
1.21642
1.21504
1.21405
1.21352
1.21351
1.21401
1.21498
1.21628
1.21774
1.2191
1.22015
1.22072
1.22071
1.22012
1.21905
1.21763
1.21606
1.21447
1.21296
1.21154
1.21015
1.20872
1.20716
1.20545
1.20359
1.2016
1.19958
1.19763
1.1959
1.19453
1.19365
1.19332
1.19352
1.1942
1.19523
1.19652
1.19802
1.19967
1.20147
1.20335
1.20526
1.2071
1.2088
1.21029
1.2115
1.21244
1.21308
1.21346
1.21359
1.21351
1.21323
1.21281
1.21227
1.21165
1.211
1.21034
1.20973
1.2092
1.20879
1.20853
1.20844
1.20854
1.20884
1.20933
1.21001
1.21086
1.21186
1.21298
1.2142
1.21549
1.21681
1.21816
1.21948
1.22077
1.222
1.22314
1.22417
1.22509
1.22586
1.22646
1.22688
1.22709
1.22707
1.22679
1.22624
1.2254
1.22426
1.22281
1.22107
1.21905
1.21682
1.21444
1.21203
1.20972
1.20769
1.2061
1.2051
1.2048
1.20522
1.2063
1.2079
1.20983
1.21188
1.21384
1.21554
1.21684
1.21765
1.21793
1.21768
1.21698
1.21598
1.21492
1.21412
1.21384
1.21426
1.21531
1.21671
1.21802
1.21877
1.2186
1.21735
1.21508
1.21213
1.20903
1.20642
1.20486
1.20461
1.20558
1.20736
1.20946
1.21142
1.21295
1.21391
1.21431
1.21423
1.21382
1.21324
1.21268
1.21232
1.2123
1.21275
1.21369
1.2151
1.21691
1.21901
1.22129
1.22362
1.22592
1.22809
1.23005
1.23175
1.23314
1.23419
1.23486
1.23515
1.23504
1.23453
1.23359
1.23224
1.23046
1.22827
1.22568
1.22277
1.21964
1.21645
1.21341
1.21073
1.20863
1.20726
1.20665
1.20675
1.20742
1.20848
1.20974
1.21107
1.21235
1.21352
1.2145
1.21524
1.21566
1.21563
1.21503
1.21366
1.21132
1.20782
1.20304
1.19704
1.19023
1.18344
1.17776
1.17424
1.17346
1.17532
1.17928
1.18466
1.19083
1.19721
1.20331
1.20875
1.2133
1.21688
1.21957
1.22149
1.2228
1.22365
1.22419
1.22452
1.22472
1.22486
1.22499
1.22513
1.22531
1.22553
1.2258
1.22611
1.22646
1.22683
1.22718
1.22747
1.22765
1.22762
1.22727
1.22644
1.22493
1.2225
1.21893
1.21404
1.20786
1.20078
1.19363
1.18768
1.18419
1.18396
1.18698
1.19248
1.19939
1.20665
1.21345
1.21926
1.22381
1.227
1.22884
1.22937
1.22867
1.22677
1.22372
1.2196
1.21451
1.2087
1.2026
1.19681
1.19209
1.18908
1.18813
1.1891
1.19149
1.19457
1.19772
1.20051
1.20272
1.20433
1.20537
1.20593
1.2061
1.20592
1.20541
1.20454
1.20325
1.20143
1.19893
1.19564
1.19151
1.1867
1.1817
1.17738
1.17475
1.17456
1.17688
1.18104
1.18599
1.19074
1.19469
1.19757
1.19942
1.20039
1.20067
1.20046
1.19992
1.19917
1.19829
1.19732
1.19631
1.19523
1.19409
1.19288
1.19159
1.19025
1.1889
1.1876
1.18644
1.18549
1.18484
1.18453
1.18462
1.18513
1.1861
1.18752
1.18937
1.1916
1.19408
1.1967
1.1993
1.20171
1.20381
1.20547
1.20656
1.207
1.20668
1.20553
1.20356
1.20086
1.1977
1.19455
1.19198
1.19051
1.19036
1.19142
1.19324
1.19525
1.19702
1.19832
1.19913
1.19959
1.1999
1.20023
1.20068
1.20127
1.20191
1.20251
1.20293
1.20304
1.20275
1.20203
1.20093
1.19963
1.19842
1.19765
1.19763
1.19846
1.20005
1.20205
1.20402
1.20555
1.20636
1.20631
1.20538
1.20369
1.20142
1.19881
1.19614
1.19368
1.19172
1.19049
1.19018
1.19089
1.19262
1.19526
1.19859
1.20232
1.20616
1.20985
1.21317
1.21602
1.21833
1.22008
1.2213
1.222
1.22221
1.22195
1.22124
1.22012
1.21862
1.21679
1.21472
1.21252
1.21029
1.20814
1.20616
1.20441
1.20291
1.20167
1.20071
1.20005
1.19972
1.19975
1.20015
1.20085
1.20176
1.20271
1.20353
1.20404
1.20409
1.20363
1.20264
1.2012
1.19943
1.1974
1.19514
1.19256
1.18948
1.18572
1.18126
1.1763
1.17141
1.16738
1.16498
1.16463
1.16623
1.16925
1.17305
1.17707
1.181
1.18467
1.18803
1.19102
1.1936
1.19573
1.19738
1.19857
1.19934
1.19974
1.19986
1.19976
1.19953
1.19922
1.1989
1.19861
1.19837
1.1982
1.19812
1.19812
1.19822
1.1984
1.19866
1.19899
1.19937
1.1998
1.20025
1.20071
1.20115
1.20155
1.20186
1.20204
1.20203
1.20176
1.20112
1.20002
1.19833
1.19593
1.19275
1.18878
1.1841
1.17897
1.17375
1.16888
1.16474
1.16159
1.15952
1.15852
1.15852
1.15944
1.16114
1.1634
1.16597
1.16861
1.17115
1.17347
1.17553
1.17733
1.17887
1.18016
1.18118
1.18196
1.18247
1.18274
1.18277
1.18258
1.18219
1.18162
1.18089
1.18003
1.17907
1.17805
1.17703
1.17607
1.1752
1.1745
1.17399
1.17371
1.17363
1.17374
1.17396
1.17423
1.17442
1.17443
1.17414
1.17346
1.17232
1.17072
1.16875
1.16658
1.16447
1.16273
1.1616
1.16117
1.16137
1.16197
1.16269
1.16327
1.16358
1.16363
1.16353
1.16345
1.16356
1.16396
1.16462
1.16545
1.16625
1.16687
1.16713
1.16696
1.1663
1.16519
1.16372
1.16201
1.16023
1.15851
1.157
1.15577
1.15482
1.15405
1.15333
1.1525
1.15146
1.15028
1.14922
1.14872
1.14921
1.15093
1.15372
1.15709
1.16039
1.16304
1.16473
1.16539
1.16523
1.16454
1.16368
1.16291
1.16235
1.16199
1.16174
1.16152
1.1613
1.16116
1.1612
1.16151
1.16211
1.1629
1.16363
1.16403
1.16382
1.16284
1.16106
1.15864
1.15587
1.15315
1.15086
1.1493
1.14858
1.14865
1.14931
1.15035
1.15158
1.15291
1.15435
1.15597
1.15787
1.16011
1.16271
1.16561
1.16872
1.17192
1.17511
1.17817
1.18104
1.18365
