1.19039
1.1575
1.10253
1.02723
0.934275
0.827831
0.71361
0.598761
0.491401
0.399585
0.329985
0.286625
0.270145
0.277891
0.304751
0.344361
0.390328
0.437082
0.480344
0.51724
0.546219
0.566841
0.579531
0.5853
0.585613
0.582118
0.576501
0.570371
0.565175
0.562009
0.561593
0.564255
0.569938
0.578313
0.588709
0.600405
0.612652
0.624758
0.636136
0.646278
0.654835
0.661476
0.665893
0.667863
0.667157
0.663648
0.657322
0.648469
0.637748
0.626171
0.61503
0.605698
0.599443
0.597264
0.599652
0.606478
0.61699
0.630058
0.644248
0.658069
0.670137
0.679387
0.68507
0.686816
0.684587
0.678754
0.66999
0.659229
0.647473
0.635654
0.624439
0.614147
0.604845
0.596432
0.588881
0.582404
0.577498
0.574844
0.575035
0.578192
0.583787
0.590677
0.597538
0.603419
0.607993
0.611483
0.614379
0.617098
0.619679
0.621834
0.622985
0.622584
0.620288
0.616042
0.610147
0.60307
0.595352
0.587464
0.579884
0.573032
0.567324
0.563154
0.560966
0.561096
0.563716
0.56878
0.57601
0.584881
0.594773
0.605037
0.615076
0.624475
0.633018
0.640582
0.647049
0.652279
0.656052
0.658137
0.658351
0.656559
0.65281
0.647427
0.640833
0.633649
0.626488
0.619947
0.614423
0.610088
0.606906
0.604699
0.603164
0.601972
0.600825
0.599597
0.598312
0.597234
0.596836
0.597662
0.600131
0.604432
0.610334
0.617145
0.623908
0.629525
0.633046
0.633834
0.631741
0.627149
0.620777
0.613569
0.606411
0.599824
0.594009
0.588756
0.583608
0.578173
0.572335
0.566378
0.560992
0.557174
0.55595
0.558099
0.563996
0.573532
0.586123
0.600867
0.61674
0.632705
0.647881
0.661585
0.67329
0.682708
0.689646
0.693984
0.695602
0.694534
0.690859
0.684783
0.676589
0.66662
0.655239
0.642702
0.629222
0.615027
0.600417
0.585868
0.571997
0.559527
0.549125
0.541315
0.536371
0.534289
0.534853
0.537693
0.542429
0.548717
0.556247
0.564752
0.573994
0.583739
0.593698
0.603617
0.613249
0.622394
0.63103
0.639195
0.647
0.654533
0.661825
0.668764
0.675073
0.680334
0.684121
0.685978
0.685596
0.682673
0.67702
0.668611
0.657678
0.644813
0.630777
0.616459
0.60275
0.590372
0.579874
0.571643
0.566026
0.563428
0.564123
0.568075
0.574924
0.583934
0.594121
0.604491
0.614077
0.622066
0.62784
0.630956
0.631252
0.628828
0.624019
0.617345
0.609558
0.601458
0.59382
0.587235
0.582196
0.579059
0.578127
0.579617
0.583597
0.589988
0.59847
0.608389
0.61899
0.629512
0.639274
0.647779
0.654819
0.660423
0.664644
0.667559
0.669151
0.66928
0.667672
0.664056
0.658293
0.650517
0.641078
0.630602
0.619859
0.609549
0.600239
0.592284
0.58578
0.580551
0.576382
0.573034
0.570299
0.568205
0.566971
0.566953
0.568595
0.572258
0.578118
0.586011
0.595372
0.60541
0.615112
0.623413
0.629387
0.632479
0.632578
0.630122
0.625949
0.621035
0.616308
0.612404
0.609616
0.607926
0.607176
0.607137
0.607582
0.608325
0.609274
0.610448
0.611909
0.613731
0.61593
0.618444
0.6211
0.6235
0.625129
0.625415
0.623899
0.620279
0.614617
0.607441
0.599593
0.592153
0.586199
0.582577
0.581729
0.583681
0.587964
0.593792
0.600115
0.605905
0.610367
0.613069
0.614088
0.613917
0.613299
0.612988
0.613556
0.615259
0.61815
0.622058
0.626663
0.631513
0.636071
0.639739
0.641889
0.641909
0.639407
0.634344
0.627022
0.618194
0.608923
0.600508
0.594182
0.590918
0.591172
0.594834
0.60128
0.609443
0.618067
0.625891
0.631856
0.635155
0.635389
0.632551
0.627001
0.619306
0.61022
0.600427
0.590563
0.58122
0.572995
0.566598
0.562791
0.562259
0.565469
0.572536
0.583163
0.596638
0.611991
0.628034
0.643465
0.657029
0.667662
0.67456
0.677249
0.675661
0.670143
0.661445
0.650617
0.638862
0.627354
0.617059
0.608686
0.602643
0.598974
0.597483
0.597693
0.598961
0.600448
0.601283
0.600793
0.598621
0.594817
0.589758
0.584107
0.578623
0.573962
0.570666
0.569059
0.569306
0.571503
0.575652
0.581714
0.589493
0.598695
0.608929
0.619648
0.630234
0.639981
0.648186
0.654336
0.658038
0.65918
0.657882
0.654479
0.649514
0.643586
0.637375
0.631523
0.626567
0.622762
0.620163
0.618613
0.617718
0.616954
0.615703
0.613423
0.609719
0.604539
0.598097
0.590919
0.583872
0.577998
0.574317
0.573581
0.576088
0.581495
0.588927
0.59706
0.60456
0.610447
0.6143
0.61641
0.617677
0.619267
0.622171
0.626721
0.632565
0.638844
0.644568
0.649035
0.65189
0.653008
0.652515
0.650586
0.647329
0.642927
0.637649
0.631792
0.625822
0.620021
0.614599
0.609649
0.605259
0.601567
0.598786
0.597275
0.597497
0.599857
0.604565
0.611593
0.620506
0.630566
0.640739
0.649782
0.656597
0.660082
0.659427
0.654189
0.644411
0.63062
0.613799
0.595395
0.577175
0.56095
0.548414
0.540876
0.539148
0.543347
0.552782
0.566064
0.581282
0.596199
0.6087
0.617172
0.620795
0.619674
0.61478
0.607714
0.600324
0.594245
0.590651
0.590001
0.592105
0.596318
0.601636
0.607028
0.611606
0.614735
0.616173
0.61604
0.614784
0.613043
0.611506
0.610785
0.6113
0.613211
0.616434
0.620818
0.626117
0.632175
0.638827
0.645926
0.653256
0.660546
0.667395
0.673362
0.678065
0.681162
0.682279
0.681136
0.677545
0.671397
0.66279
0.652128
0.640079
0.627492
0.615092
0.603341
0.592333
0.581837
0.571561
0.561343
0.551294
0.541835
0.533563
0.527167
0.523298
0.522411
0.524703
0.530137
0.538494
0.549318
0.562118
0.576306
0.591238
0.606267
0.620766
0.634139
0.645833
0.655291
0.662076
0.665933
0.666764
0.664654
0.659769
0.652393
0.642926
0.631813
0.619654
0.607189
0.595242
0.584718
0.576561
0.571497
0.570119
0.572733
0.579209
0.588815
0.600336
0.61228
0.623249
0.632187
0.638528
0.642171
0.643335
0.642477
0.640087
0.636772
0.633117
0.629639
0.62681
0.624872
0.623783
0.623316
0.623205
0.623167
0.623016
0.622728
0.622311
0.621874
0.621587
0.621643
0.622148
0.623172
0.624616
0.626191
0.627397
0.627594
0.626187
0.622704
0.616923
0.608997
0.59945
0.589147
0.579171
0.570674
0.564661
0.5618
0.562328
0.566064
0.57247
0.580703
0.58975
0.598454
0.605599
0.610127
0.611342
0.609142
0.60412
0.597461
0.590748
0.585652
0.583567
0.5854
0.591384
0.601042
0.613366
0.626901
0.64012
0.651671
0.660603
0.666407
0.66906
0.668913
0.666529
0.66252
0.657354
0.651353
0.644623
0.637235
0.629317
0.621104
0.612976
0.605508
0.599387
0.595217
0.593407
0.594096
0.59706
0.601716
0.607212
0.612622
0.6171
0.619962
0.620852
0.619689
0.616637
0.612006
0.606211
0.599769
0.59322
0.587131
0.582004
0.578447
0.576999
0.578108
0.582107
0.589109
0.598937
0.611111
0.624773
0.638765
0.651825
0.662764
0.670704
0.675018
0.675294
0.671311
0.663086
0.65092
0.635587
0.618364
0.601028
0.585627
0.574187
0.568138
0.568141
0.573887
0.584261
0.59758
0.612053
0.626041
0.638244
0.647725
0.653849
0.656217
0.654634
0.649156
0.640175
0.628396
0.614858
0.600805
0.587523
0.576121
0.567386
0.561767
0.55939
0.560072
0.563387
0.568715
0.575332
0.58251
0.589678
0.596499
0.60291
0.609095
0.615246
0.621581
0.628152
0.634826
0.64126
0.646959
0.651387
0.654025
0.654385
0.65215
0.647199
0.639646
0.629866
0.618467
0.606316
0.594387
0.583741
0.575408
0.57025
0.568718
0.57068
0.575484
0.582006
0.588947
0.59515
0.59983
0.602725
0.60404
0.604335
0.604407
0.605105
0.607146
0.610935
0.616434
0.623236
0.63068
0.638027
0.644627
0.649987
0.653718
0.655499
0.655065
0.652136
0.64665
0.638718
0.628841
0.61785
0.606895
0.59735
0.590434
0.587062
0.58751
0.591332
0.597467
0.604591
0.611374
0.616775
0.620124
0.621197
0.620154
0.617396
0.613499
0.609067
0.604697
0.60084
0.597907
0.596243
0.59617
0.597856
0.601365
0.606475
0.612779
0.619597
0.626173
0.631659
0.635326
0.636713
0.635711
0.632575
0.627762
0.621833
0.615536
0.609701
0.605181
0.602691
0.602734
0.605375
0.610327
0.616922
0.624335
0.631707
0.63831
0.643571
0.647153
0.648993
0.64923
0.648158
0.64614
0.643342
0.639675
0.634988
0.629163
0.622242
0.614529
0.606601
0.599195
0.592918
0.588118
0.584823
0.582745
0.581432
0.580508
0.579755
0.579212
0.579069
0.579729
0.581597
0.584994
0.590054
0.59663
0.604304
0.612504
0.620576
0.627871
0.633789
0.637864
0.639769
0.639324
0.636583
0.631784
0.625321
0.617783
0.6099
0.602441
0.596107
0.591376
0.588539
0.587777
0.589139
0.592565
0.597939
0.604994
0.613314
0.622227
0.630912
0.638488
0.644119
0.647217
0.647481
0.645049
0.640332
0.63385
0.626238
0.618084
0.609933
0.602269
0.595558
0.590271
0.586775
0.585202
0.58543
0.586934
0.588934
0.590554
0.590939
0.589491
0.586053
0.581057
0.575502
0.570819
0.568581
0.570115
0.576249
0.587111
0.602039
0.619712
0.638352
0.656012
0.670875
0.681498
0.687092
0.687608
0.683656
0.676419
0.667303
0.657661
0.648577
0.640681
0.634235
0.629268
0.625711
0.623483
0.622452
0.622366
0.622761
0.622883
0.62192
0.619034
0.613637
0.605464
0.594707
0.581953
0.568249
0.554947
0.543409
0.534797
0.529915
0.52906
0.53221
0.539068
0.549174
0.561989
0.576963
0.593503
0.611013
0.628887
0.646402
0.662768
0.67703
0.688184
0.695341
0.697868
0.695457
0.688203
0.676498
0.661112
0.643041
0.623489
0.603887
0.585737
0.570554
0.559736
0.55435
0.554807
0.560791
0.571316
0.584931
0.600082
0.615299
0.629346
0.641182
0.650055
0.655468
0.657177
0.655294
0.65022
0.642587
0.633129
0.622606
0.611736
0.601275
0.592039
0.584744
0.579992
0.578101
0.579087
0.582692
0.588378
0.595575
0.603793
0.6127
0.622078
0.631758
0.641486
0.650825
1.20546
1.19756
1.17527
1.13903
1.09028
1.03171
0.967453
0.902546
0.84244
0.791858
0.754092
0.730685
0.721542
0.725249
0.739383
0.760778
0.785839
0.811076
0.833538
0.851077
0.862484
0.867242
0.865598
0.858378
0.847011
0.833451
0.819886
0.808557
0.801617
0.800738
0.806916
0.820152
0.83935
0.862464
0.886945
0.910276
0.930322
0.945596
0.955511
0.96033
0.960995
0.958841
0.955466
0.952301
0.950522
0.95074
0.953024
0.956817
0.961225
0.96504
0.96685
0.965192
0.95897
0.947759
0.931973
0.912932
0.892531
0.872789
0.855564
0.842284
0.833943
0.831079
0.834033
0.842839
0.857256
0.876424
0.898745
0.921946
0.943368
0.96051
0.971569
0.975732
0.973287
0.965531
0.954524
0.942566
0.931721
0.923467
0.918258
0.915774
0.915139
0.915259
0.915113
0.913974
0.911483
0.907585
0.902325
0.895895
0.888862
0.882304
0.877839
0.877063
0.881025
0.889633
0.901374
0.913696
0.92361
0.928378
0.926065
0.915852
0.898049
0.873987
0.845762
0.81603
0.787696
0.763622
0.746294
0.737597
0.738682
0.749778
0.769949
0.797411
0.829792
0.864569
0.899391
0.932223
0.961333
0.985326
1.00316
1.01402
1.01748
1.01361
1.00319
0.987661
0.969057
0.94966
0.931627
0.916532
0.905327
0.898434
0.895915
0.897525
0.902864
0.91111
0.921056
0.931222
0.940096
0.946339
0.948921
0.947168
0.940827
0.929966
0.915254
0.897927
0.879738
0.862721
0.848931
0.83983
0.835985
0.837078
0.841926
0.848857
0.856266
0.863104
0.869321
0.875719
0.883377
0.892911
0.904031
0.915642
0.926454
0.935692
0.9435
0.950619
0.958002
0.966068
0.974593
0.982835
0.989847
0.994632
0.996495
0.995091
0.990243
0.981941
0.970212
0.955124
0.936889
0.91595
0.893078
0.869453
0.846643
0.826461
0.810604
0.800446
0.796864
0.800164
0.810151
0.825948
0.845941
0.867812
0.888726
0.905652
0.915855
0.917472
0.910052
0.89493
0.875106
0.854676
0.838052
0.828746
0.828656
0.837804
0.8546
0.876515
0.900614
0.924127
0.944724
0.960695
0.971258
0.976684
0.978057
0.976772
0.974025
0.970673
0.967556
0.965682
0.965886
0.968399
0.972287
0.975519
0.975704
0.97099
0.960834
0.945999
0.928525
0.910974
0.895729
0.884555
0.87841
0.877496
0.881364
0.889019
0.898947
0.909332
0.918267
0.924097
0.925475
0.921534
0.911983
0.89746
0.879421
0.860087
0.842137
0.828366
0.821217
0.822168
0.831364
0.847414
0.867607
0.888566
0.907039
0.920646
0.928151
0.929647
0.92618
0.919396
0.911071
0.902691
0.895223
0.889116
0.884414
0.881069
0.879069
0.878598
0.879861
0.883049
0.888206
0.895007
0.902739
0.910442
0.917162
0.922298
0.925777
0.927999
0.929691
0.931407
0.933121
0.934348
0.93443
0.933022
0.930283
0.926796
0.923352
0.920497
0.918563
0.917465
0.916913
0.916433
0.915542
0.914012
0.911821
0.909082
0.90604
0.902945
0.90009
0.897648
0.895612
0.893751
0.89171
0.889208
0.886173
0.882898
0.879895
0.877437
0.875448
0.873591
0.871556
0.869312
0.867227
0.865775
0.865374
0.866266
0.868405
0.871648
0.875862
0.880965
0.886745
0.892745
0.898127
0.901764
0.90252
0.899552
0.892567
0.88188
0.868372
0.853426
0.838731
0.826238
0.817921
0.815317
0.819227
0.829514
0.845287
0.865065
0.887131
0.90967
0.931106
0.95019
0.966192
0.978848
0.988154
0.994239
0.99724
0.997212
0.994192
0.988164
0.979205
0.967593
0.95392
0.939251
0.925094
0.913105
0.90474
0.900688
0.900557
0.903005
0.906202
0.908487
0.908834
0.906973
0.903197
0.898026
0.892022
0.885649
0.879296
0.873318
0.868164
0.864479
0.86304
0.864824
0.870782
0.881345
0.896074
0.913472
0.931171
0.946601
0.957529
0.962623
0.961682
0.95562
0.945981
0.934569
0.922782
0.911387
0.900532
0.890089
0.880029
0.870523
0.861969
0.854805
0.849258
0.845227
0.842523
0.84101
0.840837
0.842105
0.844776
0.848655
0.853363
0.858778
0.865004
0.872137
0.880166
0.888754
0.897285
0.905185
0.912203
0.918577
0.924951
0.932223
0.94103
0.951334
0.962387
0.972946
0.981566
0.986793
0.987291
0.981982
0.970281
0.952497
0.929945
0.904838
0.88006
0.858454
0.842618
0.834744
0.83649
0.848475
0.869781
0.897774
0.928627
0.958311
0.983557
1.00226
1.01337
1.01656
1.01203
1.00012
0.981284
0.956253
0.92627
0.893445
0.860681
0.831503
0.809149
0.795951
0.792965
0.799818
0.815122
0.83661
0.861349
0.88609
0.907556
0.922821
0.929923
0.928138
0.918011
0.901406
0.881278
0.86123
0.845014
0.835668
0.834738
0.842072
0.855977
0.873997
0.893679
0.913104
0.931049
0.947001
0.96102
0.973404
0.984447
0.993995
1.00129
1.00516
1.00433
0.997794
0.985302
0.967396
0.945449
0.921431
0.897754
0.877037
0.861841
0.854264
0.855507
0.865508
0.88279
0.904626
0.927367
0.947162
0.960682
0.965751
0.961749
0.949612
0.931461
0.910201
0.888932
0.870485
0.856952
0.849282
0.847344
0.850343
0.857383
0.867622
0.880451
0.895159
0.910585
0.925127
0.936973
0.944366
0.946072
0.941662
0.931698
0.917615
0.901646
0.886332
0.874226
0.867158
0.865652
0.86887
0.875108
0.882264
0.888282
0.891437
0.890616
0.885508
0.876577
0.864989
0.85234
0.840306
0.830306
0.823502
0.820922
0.823439
0.83155
0.845131
0.863074
0.883496
0.904284
0.923811
0.941444
0.957494
0.972533
0.98642
0.998065
1.00594
1.00892
1.0066
0.999257
0.98757
0.972466
0.954868
0.935961
0.91684
0.898552
0.881904
0.867614
0.856451
0.849222
0.846747
0.849622
0.857844
0.870672
0.886635
0.903635
0.919382
0.93156
0.938238
0.938166
0.931058
0.917675
0.899773
0.879741
0.860263
0.843766
0.83214
0.82644
0.826878
0.833129
0.844626
0.86071
0.880407
0.90226
0.924216
0.94377
0.958517
0.966655
0.967405
0.961132
0.949251
0.934023
0.917856
0.902889
0.890692
0.882037
0.876948
0.874966
0.875395
0.877515
0.880811
0.88489
0.889471
0.894274
0.898934
0.903057
0.906219
0.908155
0.908722
0.907929
0.905786
0.902448
0.89823
0.89346
0.88851
0.883767
0.879583
0.876269
0.874132
0.87354
0.874847
0.878355
0.883985
0.891297
0.899422
0.907332
0.914267
0.920075
0.925251
0.930702
0.937251
0.94502
0.953126
0.960162
0.964649
0.965616
0.962935
0.956898
0.947598
0.934835
0.918501
0.899132
0.878074
0.857118
0.837962
0.821987
0.810263
0.803589
0.802483
0.806995
0.816746
0.830916
0.848426
0.868027
0.888361
0.907941
0.925314
0.939445
0.949972
0.957052
0.9611
0.962377
0.960906
0.956604
0.949548
0.940312
0.930126
0.920594
0.913389
0.909765
0.910162
0.914089
0.920243
0.926972
0.932794
0.936855
0.939086
0.939972
0.940233
0.940366
0.940428
0.939993
0.938236
0.934134
0.926804
0.915849
0.901547
0.884915
0.867606
0.851632
0.838873
0.830721
0.827804
0.830017
0.836642
0.846624
0.858798
0.871983
0.885028
0.896868
0.906568
0.913322
0.916637
0.916423
0.912962
0.90685
0.898883
0.889938
0.880902
0.87245
0.865104
0.85909
0.854461
0.851373
0.850338
0.852159
0.857532
0.866427
0.877807
0.889856
0.900514
0.908138
0.911857
0.911654
0.908187
0.902471
0.895598
0.888474
0.881675
0.875694
0.871128
0.868599
0.868813
0.872236
0.878833
0.887924
0.898343
0.908739
0.917913
0.925161
0.930275
0.933512
0.935458
0.936572
0.937092
0.936907
0.935682
0.933046
0.928959
0.923879
0.918598
0.914089
0.911145
0.910068
0.910457
0.911348
0.911523
0.909893
0.905929
0.899844
0.892614
0.885617
0.880328
0.877939
0.879031
0.883387
0.890168
0.898041
0.905511
0.911206
0.914071
0.913524
0.909478
0.902355
0.893085
0.882953
0.873416
0.86586
0.861424
0.860627
0.863322
0.86884
0.876114
0.883962
0.891388
0.897619
0.902161
0.904658
0.904878
0.902633
0.897873
0.890627
0.881233
0.870423
0.859273
0.849102
0.841093
0.835995
0.83405
0.835092
0.838885
0.845338
0.854572
0.866609
0.881201
0.897534
0.914176
0.929495
0.942034
0.950802
0.955664
0.95722
0.956789
0.956013
0.95637
0.958641
0.96268
0.967454
0.97158
0.973983
0.974239
0.972654
0.970012
0.96707
0.964311
0.961593
0.958133
0.952595
0.943484
0.929811
0.911628
0.890246
0.867916
0.847443
0.83164
0.822624
0.821365
0.827556
0.839513
0.854515
0.869391
0.88127
0.88802
0.888592
0.883047
0.872443
0.858491
0.843123
0.82812
0.81494
0.804609
0.7979
0.795442
0.797686
0.804797
0.816424
0.831581
0.848836
0.866714
0.883974
0.89992
0.91431
0.927268
0.939166
0.950456
0.961381
0.971848
0.981416
0.989234
0.99422
0.995344
0.991837
0.983172
0.969141
0.949996
0.926699
0.901054
0.875923
0.854755
0.840905
0.83659
0.842411
0.857386
0.879425
0.90583
0.933764
0.96048
0.983592
1.00123
1.01226
1.01627
1.01349
1.00463
0.990858
0.973802
0.955307
0.937314
0.921496
0.908908
0.899644
0.892908
0.887364
0.881676
0.874951
0.86677
0.857127
0.846259
0.834398
0.821732
0.808511
0.794995
0.781501
0.768288
0.755446
0.74315
0.732097
0.723932
0.721148
0.726332
0.741162
0.765648
0.797987
0.835015
0.872918
0.908193
0.938221
0.961518
0.977712
0.987322
0.991353
0.991079
0.987805
0.982708
0.97665
0.970157
0.963275
0.955618
0.946624
0.935944
0.923823
0.911176
0.899376
0.889831
0.883622
0.881184
0.882325
0.8863
0.891954
0.898107
0.90373
0.90809
0.910995
0.912759
0.914057
0.915515
0.917512
0.919983
0.922459
0.924236
0.924715
0.923498
0.920524
0.916109
0.910975
0.90627
0.903263
0.903098
0.90624
0.912231
0.919668
0.926573
0.931003
0.931611
0.928025
0.920665
0.910746
0.899774
0.889262
0.880531
0.874497
0.871522
0.871439
0.873625
0.877131
0.880914
0.883858
0.885034
0.883848
0.880242
0.87482
0.868637
0.863013
0.859204
0.858135
0.860272
0.865614
0.87358
0.883056
0.892458
1.20461
1.19812
1.17975
1.1508
1.11413
1.07373
1.034
0.998747
0.970349
0.949713
0.936603
0.930315
0.93038
0.936542
0.948568
0.966101
0.988439
1.01439
1.04239
1.07041
1.09616
1.11721
1.13137
1.13702
1.13336
1.12052
1.09961
1.07286
1.04346
1.01533
0.992512
0.978522
0.975484
0.983584
1.00108
1.02476
1.05073
1.07529
1.09542
1.10913
1.11542
1.11431
1.1067
1.09409
1.07851
1.06218
1.04768
1.03766
1.03445
1.03944
1.0526
1.07242
1.09624
1.12084
1.14323
1.16107
1.17282
1.17787
1.17623
1.16862
1.15629
1.14091
1.12415
1.10732
1.09112
1.07566
1.06083
1.04667
1.03348
1.02186
1.01246
1.00592
1.00273
1.00295
1.00609
1.01114
1.01666
1.02117
1.02343
1.02285
1.0194
1.01372
1.00677
0.999605
0.993068
0.987638
0.983492
0.980655
0.979231
0.979436
0.981701
0.986729
0.995369
1.00836
1.02604
1.04808
1.07347
1.10065
1.12767
1.1525
1.17323
1.18836
1.19713
1.19959
1.19664
1.18957
1.17966
1.16795
1.15503
1.14121
1.12665
1.11146
1.0958
1.07973
1.0632
1.04632
1.02937
1.01283
0.997412
0.984042
0.97355
0.966455
0.962806
0.9621
0.963501
0.966227
0.969805
0.974431
0.98108
0.991201
1.00625
1.02704
1.05313
1.08299
1.11433
1.14448
1.1708
1.19057
1.20115
1.20017
1.18593
1.15778
1.11689
1.06658
1.01245
0.962062
0.923159
0.901326
0.898391
0.912379
0.93912
0.973498
1.01057
1.04637
1.07833
1.10514
1.12626
1.14123
1.14935
1.15013
1.14405
1.13293
1.11968
1.10716
1.09712
1.08994
1.08492
1.08088
1.07656
1.07085
1.06282
1.05189
1.03781
1.02082
1.00172
0.982146
0.964497
0.951516
0.945727
0.94874
0.960815
0.980568
1.00534
1.03196
1.05743
1.07953
1.09704
1.10952
1.11712
1.12021
1.11933
1.11515
1.10845
1.09988
1.08997
1.07904
1.06749
1.056
1.04553
1.03726
1.03218
1.03092
1.03386
1.04121
1.0528
1.06774
1.0846
1.10158
1.11715
1.1303
1.14072
1.14825
1.15232
1.15168
1.14494
1.1313
1.11145
1.08773
1.06388
1.04382
1.03055
1.02522
1.02711
1.03405
1.04303
1.05107
1.05602
1.05724
1.05549
1.05267
1.05083
1.05128
1.05417
1.05854
1.06292
1.06582
1.06641
1.06484
1.06195
1.05876
1.05603
1.05391
1.05188
1.04927
1.04541
1.04003
1.03337
1.02618
1.01964
1.015
1.01331
1.01534
1.02127
1.03049
1.04156
1.05243
1.06094
1.06544
1.06521
1.06071
1.05353
1.04592
1.0401
1.03781
1.04002
1.04698
1.0584
1.07361
1.09155
1.11074
1.12932
1.14527
1.15677
1.16257
1.16222
1.15601
1.1448
1.13003
1.1135
1.0974
1.08396
1.07495
1.07103
1.07157
1.07452
1.07726
1.07748
1.07376
1.06571
1.05372
1.03884
1.02278
1.00795
0.997001
0.992063
0.993754
1.00077
1.01071
1.0212
1.0308
1.03917
1.04667
1.05395
1.06124
1.06786
1.07226
1.07281
1.06867
1.06039
1.04984
1.03952
1.03141
1.02649
1.02485
1.02627
1.03049
1.03713
1.04543
1.05433
1.06283
1.07032
1.07647
1.08128
1.08482
1.08698
1.08751
1.08599
1.08212
1.07572
1.06722
1.05789
1.04975
1.04489
1.04462
1.04886
1.05587
1.06295
1.06751
1.06777
1.0633
1.05472
1.04347
1.03128
1.01972
1.00996
1.00273
0.998609
0.998346
1.00279
1.01258
1.02793
1.04817
1.07166
1.09614
1.11896
1.13742
1.14918
1.15282
1.14837
1.13757
1.1235
1.10951
1.09819
1.09107
1.08878
1.09119
1.09735
1.10544
1.11283
1.11667
1.11435
1.10419
1.08566
1.05978
1.02945
0.999776
0.977893
0.970963
0.982173
1.00815
1.04137
1.07436
1.10212
1.122
1.13282
1.13439
1.12754
1.1141
1.09697
1.07992
1.06673
1.06037
1.06204
1.07067
1.08346
1.09666
1.10655
1.11031
1.10644
1.09494
1.0773
1.05605
1.0342
1.01475
1.00024
0.992561
0.99258
1.00014
1.01404
1.03214
1.05199
1.0713
1.08881
1.10463
1.11965
1.13416
1.14656
1.15373
1.15255
1.14133
1.12064
1.0931
1.06274
1.034
1.01073
0.995156
0.987534
0.986332
0.989238
0.994447
1.00153
1.01126
1.02451
1.04118
1.05987
1.07842
1.0944
1.10527
1.1088
1.10418
1.09263
1.07693
1.06031
1.0455
1.03405
1.02635
1.02202
1.02052
1.02176
1.02608
1.03388
1.04505
1.05867
1.07303
1.08623
1.09673
1.10388
1.10792
1.10969
1.10989
1.10868
1.10547
1.09942
1.09027
1.07899
1.0676
1.05844
1.05317
1.0525
1.05627
1.06381
1.07433
1.08693
1.10065
1.1144
1.12683
1.13663
1.14249
1.14342
1.1387
1.12814
1.11232
1.09259
1.07133
1.05183
1.03755
1.03064
1.03076
1.03536
1.04123
1.04612
1.04924
1.05095
1.05221
1.05415
1.05753
1.06256
1.0688
1.07521
1.08044
1.08315
1.0822
1.07698
1.06743
1.05406
1.03781
1.01988
1.00142
0.983436
0.967044
0.953471
0.944195
0.940598
0.943662
0.953394
0.968787
0.988035
1.00902
1.02983
1.0491
1.06613
1.08076
1.09314
1.10332
1.11109
1.11583
1.11671
1.11318
1.10522
1.09362
1.07994
1.06639
1.05568
1.05034
1.05209
1.06102
1.07558
1.09304
1.11038
1.12486
1.13452
1.13819
1.13547
1.12672
1.11295
1.09565
1.07623
1.05572
1.03498
1.01501
0.997133
0.982906
0.973539
0.969573
0.97072
0.976144
0.984838
0.995768
1.00822
1.02187
1.03678
1.0531
1.07069
1.08883
1.10625
1.12132
1.13237
1.1381
1.1377
1.13101
1.11857
1.10152
1.08162
1.0612
1.04292
1.02936
1.02242
1.0227
1.0294
1.04071
1.05446
1.06843
1.08068
1.08979
1.0949
1.09579
1.09271
1.08626
1.07719
1.06635
1.05453
1.04257
1.03114
1.02088
1.01244
1.00655
1.00414
1.00589
1.01177
1.02089
1.0319
1.04359
1.05521
1.06651
1.0775
1.08821
1.09852
1.108
1.116
1.1216
1.12374
1.12156
1.11473
1.10375
1.09014
1.07629
1.06483
1.05785
1.05615
1.05895
1.06424
1.06972
1.0734
1.07409
1.07153
1.06611
1.05873
1.05053
1.0427
1.03638
1.03257
1.03193
1.0348
1.04086
1.04919
1.05852
1.06759
1.07525
1.08053
1.0828
1.08181
1.07777
1.0712
1.06285
1.05366
1.04482
1.03767
1.03364
1.03403
1.03955
1.05009
1.06453
1.08054
1.09499
1.10476
1.10758
1.10282
1.09145
1.07561
1.05777
1.04017
1.02461
1.01259
1.00536
1.00403
1.00928
1.02069
1.03677
1.05507
1.07296
1.08813
1.09903
1.10544
1.10819
1.10869
1.10817
1.10715
1.10521
1.10136
1.09477
1.08535
1.074
1.06242
1.05265
1.04671
1.04586
1.05041
1.05959
1.07174
1.08478
1.09672
1.10578
1.11055
1.10971
1.10248
1.08939
1.07243
1.05472
1.03926
1.02781
1.02048
1.01683
1.01674
1.02067
1.02894
1.04096
1.05503
1.06866
1.07944
1.08563
1.08657
1.0826
1.07493
1.0654
1.05589
1.0479
1.04219
1.03881
1.03747
1.03756
1.03862
1.04022
1.04192
1.04309
1.04298
1.04091
1.03641
1.02947
1.02054
1.01059
1.00115
0.994188
0.991777
0.995629
1.00647
1.02362
1.04513
1.06841
1.09088
1.11044
1.1257
1.13582
1.14051
1.14001
1.13501
1.12683
1.11733
1.1087
1.10305
1.10164
1.10432
1.10939
1.11409
1.11555
1.11171
1.10182
1.08645
1.06735
1.04724
1.02925
1.01617
1.00962
1.00946
1.01419
1.02156
1.02936
1.03576
1.03937
1.03928
1.03522
1.02775
1.01836
1.00926
1.00299
1.00171
1.0066
1.0175
1.03301
1.05058
1.06727
1.08034
1.08759
1.08784
1.08115
1.06878
1.05282
1.03578
1.02006
1.00748
0.999007
0.994722
0.993927
0.995634
0.998893
1.00316
1.0083
1.01449
1.02203
1.03126
1.0424
1.05541
1.0701
1.08619
1.10325
1.12063
1.13732
1.15197
1.1633
1.17005
1.1713
1.16657
1.15577
1.13938
1.11834
1.09428
1.06961
1.04715
1.02978
1.01985
1.01878
1.0264
1.04048
1.0571
1.0721
1.08255
1.08775
1.08902
1.08872
1.08907
1.09153
1.09643
1.1031
1.11034
1.11667
1.12073
1.12137
1.11773
1.10934
1.09618
1.07879
1.05827
1.036
1.01365
0.993099
0.976168
0.964323
0.958367
0.958417
0.96392
0.974041
0.987669
1.00329
1.01923
1.03402
1.04685
1.05745
1.06569
1.0712
1.07354
1.07253
1.06856
1.06277
1.05667
1.05197
1.05012
1.05185
1.05711
1.06512
1.07449
1.08372
1.0915
1.09694
1.09986
1.10042
1.09894
1.09562
1.09043
1.08334
1.07452
1.06458
1.05451
1.04536
1.03809
1.03334
1.03135
1.03222
1.03594
1.04248
1.05176
1.06332
1.07629
1.08944
1.10152
1.11148
1.11844
1.12172
1.12074
1.11511
1.10481
1.09022
1.0722
1.0519
1.03061
1.00961
0.990227
0.973559
0.96048
0.95181
0.948049
0.94954
0.956338
0.968285
0.98475
1.0048
1.0272
1.05062
1.0737
1.09511
1.11368
1.12849
1.13892
1.14481
1.14643
1.14434
1.13915
1.13152
1.12183
1.11011
1.09605
1.0793
1.05964
1.03708
1.01214
0.98581
0.959527
0.935128
0.914551
0.899513
0.891347
0.890947
0.898861
0.915192
0.939529
0.970911
1.00784
1.0483
1.08992
1.13023
1.16672
1.19711
1.21949
1.23274
1.23666
1.23218
1.22118
1.20613
1.1891
1.17115
1.15241
1.13273
1.11283
1.09425
1.07865
1.0666
1.05718
1.04865
1.03926
1.02798
1.01469
1.00016
0.985642
0.972563
0.962292
0.956167
0.955389
0.961001
0.973614
0.993045
1.01814
1.04685
1.07678
1.10575
1.13213
1.15462
1.17206
1.18334
1.18773
1.18516
1.1762
1.16189
1.14353
1.12238
1.09986
1.07746
1.0567
1.03896
1.02507
1.01497
1.00801
1.00326
1.19448
1.18467
1.17103
1.15419
1.13488
1.11412
1.09353
1.07542
1.06255
1.05728
1.06048
1.07119
1.08718
1.10576
1.12423
1.14031
1.15231
1.15944
1.1618
1.16
1.15476
1.14694
1.13766
1.12875
1.1226
1.12218
1.1302
1.14769
1.17289
1.20121
1.22672
1.24414
1.25045
1.24539
1.23099
1.21068
1.18821
1.16663
1.14777
1.13229
1.12013
1.11107
1.10505
1.10217
1.10286
1.1077
1.11732
1.13193
1.15081
1.17243
1.19476
1.21561
1.23291
1.24492
1.25028
1.24827
1.2391
1.22417
1.20601
1.18767
1.17177
1.15968
1.15099
1.14385
1.13569
1.12426
1.10847
1.089
1.06834
1.05039
1.03972
1.04023
1.05376
1.07943
1.11382
1.15224
1.19006
1.22372
1.25101
1.27097
1.28385
1.29063
1.29277
1.29155
1.28734
1.27978
1.26807
1.25141
1.22942
1.20262
1.17262
1.14214
1.11483
1.0946
1.08454
1.08598
1.09803
1.11782
1.14144
1.16502
1.1854
1.20037
1.20864
1.20981
1.20438
1.19401
1.18129
1.16916
1.15991
1.15443
1.15194
1.15053
1.14851
1.14545
1.14259
1.14203
1.145
1.15085
1.1573
1.16187
1.16302
1.1605
1.15537
1.14934
1.14427
1.14163
1.14216
1.14599
1.15264
1.16127
1.17058
1.1792
1.18577
1.18904
1.18824
1.1833
1.17488
1.16431
1.15316
1.14286
1.13448
1.12864
1.12576
1.1263
1.13067
1.13895
1.15054
1.16415
1.17821
1.19138
1.20309
1.2134
1.22269
1.2311
1.23811
1.24251
1.24301
1.23882
1.23003
1.21742
1.20224
1.18582
1.16906
1.15279
1.13773
1.12469
1.11463
1.10831
1.10609
1.1078
1.11267
1.11976
1.12811
1.13692
1.14513
1.15136
1.15396
1.15144
1.14302
1.12938
1.11297
1.0979
1.089
1.09041
1.10354
1.12612
1.15323
1.17989
1.20306
1.2222
1.23855
1.25366
1.26806
1.28042
1.28804
1.28821
1.27922
1.26132
1.23675
1.20911
1.18265
1.1614
1.14852
1.14554
1.15215
1.16622
1.18417
1.20172
1.21498
1.22152
1.22106
1.21546
1.20791
1.20145
1.19783
1.19683
1.19619
1.19279
1.18402
1.16934
1.15031
1.1297
1.11039
1.09502
1.08662
1.08815
1.1009
1.12297
1.14955
1.17487
1.19419
1.20536
1.20877
1.20641
1.20075
1.19395
1.18742
1.1817
1.17701
1.1734
1.17101
1.17001
1.17026
1.17091
1.17047
1.16735
1.16104
1.15281
1.14542
1.14151
1.14198
1.14567
1.15027
1.15382
1.15551
1.15548
1.15448
1.1532
1.15196
1.15043
1.14795
1.14405
1.13913
1.13499
1.13417
1.13877
1.14971
1.16652
1.18761
1.21055
1.23239
1.25004
1.26065
1.26237
1.25481
1.23909
1.21778
1.19453
1.17324
1.15682
1.14664
1.14262
1.14431
1.15118
1.16204
1.17442
1.18482
1.18969
1.18686
1.17605
1.15903
1.13897
1.11959
1.10427
1.09523
1.09313
1.09722
1.10584
1.11712
1.12949
1.14187
1.15354
1.16394
1.17254
1.17892
1.18269
1.18369
1.18214
1.17891
1.17552
1.17369
1.17488
1.17952
1.18686
1.19539
1.20341
1.20957
1.21302
1.21317
1.20969
1.20291
1.19372
1.1836
1.17464
1.16906
1.16857
1.1737
1.18337
1.19506
1.20547
1.21143
1.21065
1.20225
1.18671
1.16562
1.14127
1.11611
1.09241
1.07198
1.05612
1.04572
1.04134
1.04335
1.05211
1.06781
1.09028
1.11859
1.15082
1.18398
1.21437
1.23832
1.25301
1.25713
1.25118
1.23729
1.21849
1.19791
1.1782
1.16143
1.14914
1.14232
1.14105
1.14444
1.15081
1.15824
1.1649
1.16929
1.1699
1.16548
1.15536
1.1401
1.12194
1.10477
1.09296
1.08967
1.09544
1.10837
1.12543
1.14357
1.16033
1.17405
1.18399
1.19035
1.19431
1.19744
1.20143
1.20738
1.21573
1.22629
1.23838
1.2506
1.26076
1.26632
1.26509
1.25596
1.23907
1.21551
1.18682
1.15476
1.12143
1.08949
1.06225
1.04331
1.03583
1.04148
1.06002
1.08946
1.12642
1.16663
1.2051
1.23697
1.25839
1.26748
1.26458
1.25204
1.23345
1.21257
1.19254
1.17544
1.16202
1.15199
1.14412
1.13671
1.12835
1.11867
1.10875
1.10079
1.09731
1.09988
1.10838
1.12125
1.13664
1.15299
1.16889
1.18251
1.19155
1.19411
1.18951
1.1784
1.16246
1.14403
1.12593
1.11124
1.10289
1.10287
1.11172
1.12836
1.15066
1.17622
1.20287
1.22849
1.25078
1.26732
1.27632
1.27727
1.27114
1.25986
1.24579
1.23119
1.21771
1.20621
1.19647
1.18734
1.17712
1.16404
1.14706
1.12622
1.10301
1.08028
1.06201
1.05246
1.05508
1.07147
1.10049
1.13852
1.18042
1.22071
1.25438
1.27762
1.28812
1.28565
1.27228
1.25211
1.23011
1.2105
1.1955
1.18546
1.1796
1.17694
1.1764
1.17649
1.17533
1.1712
1.16311
1.15135
1.13769
1.12511
1.11702
1.11579
1.12197
1.13457
1.15186
1.17172
1.19172
1.20933
1.22238
1.22917
1.22868
1.22053
1.20521
1.18416
1.15965
1.13437
1.11097
1.09192
1.0794
1.07525
1.08094
1.09686
1.12202
1.15395
1.18911
1.22375
1.2546
1.27909
1.29556
1.30303
1.30116
1.29005
1.27023
1.2426
1.20861
1.17022
1.12972
1.08991
1.05438
1.02728
1.01257
1.01279
1.02815
1.05649
1.09412
1.13662
1.17967
1.21932
1.25246
1.27668
1.29026
1.2921
1.28226
1.26249
1.2368
1.21094
1.19077
1.17982
1.17775
1.18092
1.18456
1.18487
1.1801
1.17084
1.15964
1.14987
1.14426
1.14355
1.14665
1.15169
1.15703
1.16166
1.16519
1.16754
1.16896
1.17011
1.17195
1.17509
1.17936
1.18373
1.18675
1.18721
1.18466
1.17969
1.17364
1.1682
1.16439
1.16202
1.15971
1.15566
1.14861
1.1385
1.12657
1.11518
1.10722
1.10539
1.11113
1.12385
1.14095
1.15866
1.17322
1.18193
1.18383
1.17967
1.17148
1.16171
1.15249
1.14507
1.13967
1.13592
1.13331
1.13154
1.13053
1.13045
1.13161
1.13427
1.13884
1.14586
1.15612
1.17052
1.18977
1.21371
1.24086
1.26811
1.29132
1.30621
1.3094
1.29939
1.27675
1.24419
1.20619
1.16808
1.13507
1.11083
1.09708
1.09373
1.09955
1.11266
1.13072
1.15061
1.16884
1.18206
1.18801
1.18613
1.17769
1.16559
1.15361
1.14538
1.14336
1.14842
1.15957
1.17445
1.19017
1.20386
1.21352
1.21826
1.21835
1.21478
1.20898
1.20209
1.19485
1.18778
1.1813
1.17585
1.17197
1.16999
1.16958
1.16953
1.16791
1.16277
1.15319
1.14008
1.12629
1.11567
1.11165
1.11579
1.1273
1.14361
1.16147
1.17783
1.19042
1.19799
1.20056
1.19913
1.19529
1.19081
1.18708
1.18462
1.18313
1.18176
1.17963
1.17626
1.17165
1.16619
1.16016
1.15347
1.14576
1.13675
1.12667
1.11633
1.10721
1.10118
1.10007
1.10508
1.11647
1.13338
1.15409
1.17638
1.198
1.21699
1.23176
1.24113
1.2444
1.2415
1.23329
1.22154
1.2087
1.19731
1.18944
1.18645
1.18856
1.19456
1.2019
1.20745
1.209
1.20648
1.2018
1.19774
1.19633
1.19763
1.19983
1.20008
1.19578
1.18549
1.16944
1.14938
1.12831
1.10988
1.09762
1.09442
1.10139
1.11719
1.13791
1.15845
1.17434
1.18332
1.18558
1.18341
1.18008
1.17844
1.17985
1.18385
1.18872
1.19224
1.19272
1.18929
1.18216
1.1723
1.161
1.14938
1.13834
1.1287
1.12139
1.11747
1.11774
1.12245
1.13107
1.14231
1.15442
1.16591
1.17587
1.18435
1.19195
1.19946
1.20746
1.21577
1.2231
1.22732
1.22595
1.21735
1.20161
1.18056
1.15741
1.13629
1.1213
1.11583
1.12162
1.13829
1.16347
1.19332
1.22346
1.24978
1.26897
1.27874
1.27823
1.26767
1.24838
1.22253
1.19326
1.16445
1.14034
1.12451
1.11856
1.12166
1.13115
1.1438
1.15676
1.16786
1.1754
1.1779
1.1744
1.16466
1.14917
1.12892
1.10534
1.08026
1.05579
1.03425
1.01765
1.00733
1.00366
1.00605
1.01361
1.02596
1.04363
1.06786
1.09993
1.14006
1.18661
1.2362
1.28452
1.32741
1.36181
1.38605
1.39952
1.40196
1.39332
1.37399
1.34511
1.30889
1.26859
1.22783
1.19009
1.1579
1.13243
1.11349
1.09989
1.08986
1.08157
1.07363
1.06541
1.05736
1.05093
1.04839
1.05207
1.06337
1.08207
1.10632
1.13335
1.16039
1.18534
1.20707
1.22511
1.23927
1.24954
1.25587
1.25837
1.25718
1.25242
1.24416
1.23241
1.21709
1.1984
1.17697
1.1542
1.13226
1.11387
1.10171
1.0978
1.10304
1.11667
1.13662
1.15985
1.18304
1.20315
1.21749
1.22393
1.22109
1.2087
1.18799
1.16141
1.1322
1.10374
1.07925
1.06161
1.05311
1.0549
1.06665
1.08671
1.11262
1.14192
1.17255
1.20276
1.23106
1.25564
1.27443
1.2855
1.28754
1.28052
1.26585
1.2459
1.22338
1.20044
1.17806
1.15614
1.13397
1.11115
1.08849
1.06843
1.05463
1.05091
1.05986
1.08151
1.11313
1.14972
1.18545
1.21485
1.23392
1.24062
1.23501
1.21909
1.19645
1.17154
1.14875
1.13171
1.1225
1.1214
1.12698
1.13664
1.1474
1.15694
1.16417
1.16947
1.1741
1.17958
1.18676
1.19547
1.20489
1.21402
1.22233
1.22985
1.23691
1.24354
1.24892
1.25137
1.24878
1.23937
1.22232
1.19835
1.16955
1.13905
1.11024
1.08602
1.06858
1.05933
1.0591
1.0682
1.0863
1.1123
1.14415
1.17892
1.21316
1.24342
1.26678
1.28149
1.28686
1.28325
1.2717
1.25368
1.23073
1.20437
1.17591
1.14656
1.1175
1.08991
1.06492
1.04385
1.02795
1.01843
1.01608
1.02118
1.03326
1.05105
1.0728
1.09661
1.12088
1.14456
1.16694
1.18731
1.20473
1.21784
1.2253
1.22609
1.19377
1.18242
1.16843
1.15509
1.1457
1.14283
1.14737
1.1587
1.17503
1.1941
1.21343
1.2308
1.2443
1.25247
1.25423
1.24913
1.23737
1.21987
1.19821
1.17467
1.15193
1.133
1.12065
1.11672
1.12177
1.13481
1.15345
1.17425
1.19328
1.20685
1.21214
1.20782
1.19408
1.1726
1.14592
1.11671
1.08716
1.05867
1.03236
1.00928
0.990386
0.976365
0.96736
0.962988
0.962591
0.965499
0.971345
0.980222
0.992696
1.00949
1.03083
1.05613
1.08403
1.11265
1.14016
1.16536
1.18806
1.20892
1.22848
1.24612
1.25989
1.26755
1.26799
1.26182
1.25118
1.23857
1.22573
1.21348
1.202
1.19154
1.18247
1.17511
1.16962
1.16603
1.16442
1.16472
1.16639
1.1682
1.16838
1.1653
1.15838
1.14849
1.13792
1.1295
1.12552
1.12691
1.13292
1.14145
1.1498
1.15555
1.15739
1.15541
1.15115
1.14689
1.14489
1.14652
1.15202
1.16041
1.16993
1.1785
1.18394
1.18442
1.17854
1.16569
1.14622
1.12191
1.09632
1.07424
1.0601
1.05611
1.06139
1.0728
1.08668
1.10049
1.11316
1.1248
1.13609
1.14776
1.16026
1.17378
1.18819
1.20298
1.21742
1.23044
1.24085
1.24747
1.2493
1.24591
1.23766
1.22576
1.2122
1.19885
1.18696
1.17708
1.16928
1.16355
1.15979
1.15763
1.15608
1.15379
1.14945
1.14223
1.13216
1.1203
1.10848
1.09882
1.09333
1.09361
1.10052
1.11377
1.13162
1.15097
1.16787
1.17833
1.17933
1.16979
1.15158
1.1295
1.10944
1.09553
1.08862
1.08699
1.08831
1.091
1.0947
1.10004
1.10797
1.11894
1.1323
1.14638
1.15925
1.16976
1.17817
1.18607
1.19582
1.20924
1.2269
1.2477
1.26924
1.28849
1.30266
1.30968
1.30859
1.29954
1.28361
1.2627
1.23919
1.21562
1.19403
1.17544
1.15963
1.1455
1.13147
1.11611
1.09857
1.07864
1.05669
1.03353
1.01032
0.988614
0.970446
0.958205
0.954044
0.959276
0.973781
0.995947
1.02318
1.05254
1.08148
1.10802
1.1307
1.1484
1.16021
1.16569
1.16522
1.16007
1.1525
1.14523
1.14073
1.14054
1.14479
1.15236
1.16183
1.17221
1.18328
1.19532
1.20832
1.22151
1.2333
1.24204
1.24684
1.2478
1.24572
1.24164
1.23627
1.22999
1.2229
1.21502
1.20644
1.19719
1.18718
1.17593
1.16271
1.14699
1.12871
1.1087
1.08893
1.07202
1.06057
1.05636
1.0599
1.0706
1.08704
1.1072
1.12862
1.14844
1.16402
1.17334
1.17547
1.17049
1.15984
1.14625
1.13345
1.12499
1.12282
1.12657
1.13406
1.14268
1.15048
1.15628
1.15972
1.16078
1.15993
1.15806
1.15651
1.15659
1.15905
1.16372
1.16916
1.1733
1.17432
1.17121
1.16394
1.1534
1.14117
1.12932
1.1199
1.11449
1.11364
1.11682
1.12278
1.13008
1.13758
1.14454
1.15052
1.15539
1.1592
1.16221
1.16489
1.1677
1.17092
1.17449
1.17796
1.18062
1.18185
1.18126
1.17883
1.1747
1.16899
1.16172
1.15299
1.14306
1.13259
1.12268
1.11489
1.11109
1.1129
1.12072
1.13307
1.14681
1.15811
1.16397
1.16325
1.15688
1.14727
1.13705
1.1281
1.12112
1.11667
1.116
1.12107
1.13368
1.15441
1.18201
1.21364
1.24548
1.27353
1.29442
1.30585
1.30673
1.29721
1.27812
1.25095
1.21755
1.18035
1.14235
1.10705
1.0778
1.05697
1.04517
1.04123
1.04304
1.04867
1.05706
1.0681
1.08181
1.09779
1.11508
1.13249
1.14895
1.16374
1.17651
1.18724
1.19608
1.20334
1.20939
1.2142
1.21733
1.218
1.21554
1.20999
1.20246
1.19502
1.18993
1.18881
1.19205
1.19889
1.2081
1.21805
1.2267
1.23147
1.22988
1.22034
1.2026
1.17759
1.147
1.11315
1.07893
1.04789
1.024
1.0108
1.01028
1.02227
1.0445
1.07358
1.10558
1.1368
1.16415
1.18541
1.19934
1.20565
1.20483
1.19785
1.18594
1.1706
1.15331
1.1357
1.1195
1.10658
1.09889
1.09807
1.10506
1.11934
1.13867
1.1594
1.17766
1.19027
1.19551
1.19282
1.18274
1.16695
1.14826
1.1304
1.11712
1.11118
1.11353
1.12344
1.1391
1.15845
1.17948
1.20038
1.21965
1.2359
1.24793
1.25462
1.2553
1.24972
1.23827
1.22219
1.20319
1.18313
1.16385
1.14697
1.13387
1.12554
1.12253
1.12465
1.13081
1.13938
1.14879
1.158
1.16662
1.17449
1.18104
1.18494
1.18441
1.17812
1.16596
1.1496
1.13216
1.11742
1.10899
1.10923
1.11881
1.13642
1.15896
1.18203
1.20085
1.21141
1.21123
1.19999
1.17969
1.1541
1.12785
1.10515
1.0889
1.08018
1.07853
1.0825
1.09047
1.10096
1.11288
1.12563
1.13888
1.1524
1.16573
1.17808
1.18852
1.19637
1.2015
1.2042
1.20508
1.2051
1.20548
1.20753
1.21207
1.21852
1.22468
1.22741
1.2239
1.21304
1.19582
1.17482
1.15363
1.13585
1.12411
1.1194
1.12062
1.12506
1.12937
1.13072
1.12791
1.12187
1.11539
1.11175
1.11301
1.11908
1.12818
1.13787
1.1461
1.15145
1.15314
1.15103
1.14572
1.1383
1.13021
1.12273
1.11659
1.11175
1.10759
1.10336
1.09868
1.09398
1.09047
1.09
1.09422
1.10375
1.11753
1.13284
1.14629
1.15509
1.15812
1.15619
1.15149
1.14671
1.1442
1.14548
1.151
1.16037
1.17261
1.18626
1.19942
1.20985
1.21516
1.2135
1.20431
1.18855
1.16855
1.1472
1.12742
1.11163
1.10136
1.09727
1.09913
1.10629
1.11793
1.13323
1.15149
1.17215
1.19476
1.21874
1.24305
1.26581
1.28479
1.29775
1.30275
1.29874
1.28555
1.26396
1.23564
1.20283
1.16789
1.13303
1.10012
1.0706
1.04569
1.02618
1.01244
1.00444
1.00205
1.00514
1.0136
1.02729
1.0456
1.06725
1.09036
1.11273
1.13239
1.14778
1.15813
1.16348
1.16473
1.16353
1.16176
1.16081
1.16091
1.16086
1.15854
1.15193
1.14006
1.12386
1.10629
1.0919
1.0855
1.09053
1.10783
1.13548
1.16937
1.20446
1.23594
1.26018
1.27507
1.27994
1.27542
1.2631
1.24508
1.22391
1.20244
1.18334
1.16884
1.16022
1.15751
1.15957
1.16448
1.17044
1.17621
1.18122
1.18542
1.18872
1.19057
1.19006
1.18598
1.1773
1.16344
1.14452
1.12145
1.09565
1.069
1.04365
1.022
1.00654
0.999622
1.00282
1.01655
1.03967
1.06944
1.10212
1.13367
1.16076
1.18127
1.19447
1.20066
1.20093
1.19681
1.19
1.1822
1.17472
1.16843
1.16367
1.16019
1.15706
1.15284
1.14591
1.13492
1.1193
1.09954
1.07726
1.05511
1.03658
1.02544
1.02503
1.03735
1.06214
1.09677
1.13695
1.17801
1.2159
1.24779
1.27203
1.2877
1.29426
1.29152
1.27991
1.26063
1.23569
1.20777
1.17994
1.15529
1.13645
1.12502
1.12142
1.12509
1.13507
1.15062
1.17109
1.19555
1.22226
1.24857
1.27123
1.28688
1.29259
1.28651
1.2682
1.23883
1.2014
1.16009
1.11963
1.08419
1.05669
1.03848
1.02954
1.02893
1.0354
1.04753
1.06374
1.08202
1.10007
1.11558
1.12672
1.13293
1.13495
1.13442
1.13346
1.13395
1.13707
1.14307
1.15157
1.16176
1.17278
1.18358
1.19302
1.19987
1.20298
1.20154
1.19528
1.18451
1.17023
1.15397
1.13741
1.12217
1.10972
1.10134
1.09818
1.10099
1.10988
1.124
1.14183
1.16125
1.17991
1.19534
1.20532
1.20821
1.20318
1.1904
1.1713
1.14828
1.12429
1.10249
1.08567
1.07604
1.07489
1.08251
1.09812
1.11997
1.14563
1.17226
1.19716
1.21801
1.2332
1.24172
1.24321
1.23813
1.22792
1.21493
1.20167
1.18974
1.17913
1.16845
1.15585
1.14026
1.12203
1.10288
1.08516
1.07099
1.06174
1.05797
1.0598
1.06695
1.07858
1.09319
1.10867
1.12271
1.13338
1.13965
1.14144
1.13941
1.13454
1.12775
1.11982
1.11182
1.10581
1.10552
1.11514
1.13639
1.16664
1.2001
1.231
1.25535
1.27101
1.27711
1.2734
1.26015
1.2384
1.21015
1.17872
1.14841
1.12384
1.10877
1.10495
1.11112
1.12354
1.13751
1.14938
1.15775
1.16332
1.16808
1.17394
1.18162
1.19008
1.19691
1.19963
1.19653
1.18729
1.17318
1.15656
1.14014
1.12634
1.11685
1.11248
1.11321
1.11802
1.12513
1.13258
1.13853
1.1417
1.14159
1.13845
1.1335
1.12901
1.12788
1.13251
1.14345
1.15865
1.17428
1.18666
1.19418
1.19712
1.19621
1.19119
1.18125
1.16639
1.14838
1.13045
1.11639
1.1094
1.11117
1.12145
1.13837
1.15934
1.18158
1.20238
1.21918
1.22977
1.23283
1.2283
1.21755
1.20289
1.18703
1.17263
1.16203
1.15729
1.15964
1.16913
1.18419
1.20202
1.21928
1.23268
1.23966
1.2385
1.22868
1.21102
1.18767
1.16157
1.13587
1.11323
1.09546
1.08348
1.07748
1.07714
1.08161
1.08967
1.09976
1.11026
1.11964
1.12665
1.13004
1.12852
1.12085
1.1063
1.08552
1.06105
1.03741
1.02005
1.01351
1.01977
1.03775
1.06401
1.09369
1.12172
1.14371
1.15689
1.16074
1.15703
1.1492
1.14139
1.13739
1.14012
1.15127
1.17108
1.19833
1.23026
1.26298
1.29206
1.31346
1.32428
1.32311
1.31032
1.28754
1.25736
1.22283
1.18717
1.15327
1.12363
1.1001
1.08383
1.07537
1.07443
1.07994
1.09033
1.10413
1.12074
1.14034
1.1633
1.18933
1.21701
1.24403
1.26795
1.28672
1.2986
1.30217
1.29639
1.28089
1.25662
1.22606
1.19283
1.16069
1.13234
1.10879
1.08931
1.07235
1.05645
1.04085
1.02591
1.0126
1.00185
0.994396
0.990999
0.99238
0.999061
1.01086
1.02674
1.04514
1.06466
1.08439
1.10367
1.12168
1.13737
1.15
1.15966
1.16729
