-6.65046
-6.64754
-6.62974
-6.61937
-6.60933
-6.59929
-6.59314
-6.58957
-6.5873
-6.58567
-6.58276
-6.58179
-6.58049
-6.57888
-6.57953
-6.57986
-6.57954
-6.57792
-6.57857
-6.57857
-6.57663
-6.5763
-6.57922
-6.58019
-6.57986
-6.57824
-6.57792
-6.57889
-6.58115
-6.58245
-6.58407
-6.58342
-6.58342
-6.58213
-6.58051
-6.58051
-6.58083
-6.58148
-6.58051
-6.57986
-6.58083
-6.58083
-6.58245
-6.58537
-6.58537
-6.58569
-6.58537
-6.58537
-6.58602
-6.58666
-6.58602
-6.58342
-6.58375
-6.58245
-6.5844
-6.58569
-6.58796
-6.58504
-6.58602
-6.58634
-6.58602
-6.58764
-6.58537
-6.5844
-6.58408
-6.58634
-6.58505
-6.58375
-6.58343
-6.58213
-6.58342
-6.58181
-6.58181
-6.58278
-6.58278
-6.58148
-6.58148
-6.58083
-6.58083
-6.58245
-6.58213
-6.58213
-6.58472
-6.58246
-6.58408
-6.5844
-6.58343
-6.58375
-6.58472
-6.58278
-6.5844
-6.58376
-6.58343
-6.58117
-6.58246
-6.58214
-6.58084
-6.58343
-6.58246
-6.58473
-6.58311
-6.58278
-6.58116
-6.58084
-6.58052
-6.58052
-6.5789
-6.58019
-6.5789
-6.57922
-6.58052
-6.58181
-6.58343
-6.58343
-6.58441
-6.58344
-6.58279
-6.58603
-6.58668
-6.58635
-6.58668
-6.58603
-6.5857
-6.58732
-6.58765
-6.587
-6.5857
-6.58441
-6.58376
-6.58344
-6.58344
-6.58473
-6.58344
-6.58441
-6.58408
-6.58311
-6.58182
-6.58085
-6.57955
-6.58279
-6.58311
-6.58441
-6.58473
-6.58344
-6.58247
-6.58376
-6.58279
-6.58506
-6.58538
-6.58473
-6.58441
-6.58474
-6.58376
-6.58312
-6.58279
-6.57955
-6.57826
-6.57794
-6.57599
-6.57696
-6.57664
-6.57793
-6.57664
-6.57696
-6.57664
-6.57761
-6.57761
-6.57794
-6.57955
-6.58053
-6.57923
-6.5815
-6.58441
-6.58538
-6.58571
-6.58668
-6.58603
-6.58635
-6.58603
-6.58571
-6.58506
-6.58506
-6.58538
-6.58765
-6.58344
-6.58312
-6.5815
-6.58052
-6.58085
-6.58279
-6.58538
-6.58635
-6.58764
-6.58797
-6.587
-6.58829
-6.58603
-6.5857
-6.58441
-6.58473
-6.58376
-6.58149
-6.58376
-6.58441
-6.58409
-6.58312
-6.58409
-6.58506
-6.5857
-6.58506
-6.58408
-6.587
-6.58732
-6.58829
-6.58732
-6.5857
-6.587
-6.58764
-6.58635
-6.58505
-6.58473
-6.58311
-6.58279
-6.58473
-6.58408
-6.58473
-6.58538
-6.5857
-6.5844
-6.58278
-6.58408
-6.58343
-6.58537
-6.5844
-6.58473
-6.58699
-6.58667
-6.58602
-6.5857
-6.587
-6.58603
-6.58505
-6.58538
-6.58376
-6.58408
-6.58246
-6.58214
-6.58246
-6.58149
-6.58052
-6.58246
-6.58279
-6.58117
-6.58279
-6.58246
-6.58376
-6.58344
-6.58149
-6.58182
-6.58214
-6.58343
-6.58181
-6.58279
-6.58311
-6.58441
-6.58246
-6.58117
-6.58278
-6.58375
-6.58343
-6.58246
-6.58051
-6.58213
-6.58019
-6.57922
-6.58019
-6.58408
-6.58537
-6.58602
-6.58181
-6.57954
-6.5789
-6.57825
-6.57987
-6.57987
-6.57889
-6.57825
-6.5789
-6.57857
-6.58181
-6.58214
-6.58311
-6.58278
-6.58408
-6.58699
-6.58828
-6.58699
-6.58537
-6.58764
-6.58829
-6.58602
-6.58505
-6.58472
-6.58505
-6.58537
-6.58602
-6.58537
-6.58408
-6.58408
-6.58408
-6.5844
-6.58149
-6.58343
-6.58408
-6.58343
-6.58214
-6.58052
-6.57825
-6.58019
-6.57954
-6.58051
-6.58019
-6.58116
-6.57987
-6.58019
-6.58084
-6.58084
-6.58408
-6.58538
-6.58699
-6.58667
-6.58829
-6.58861
-6.58796
-6.58796
-6.58926
-6.59055
-6.58764
-6.58537
-6.5857
-6.5857
-6.58473
-6.58376
-6.58408
-6.58278
-6.58343
-6.58181
-6.58084
-6.58278
-6.58375
-6.58311
-6.58278
-6.58375
-6.58246
-6.58343
-6.58052
-6.58084
-6.58052
-6.58085
-6.58085
-6.58182
-6.58117
-6.58085
-6.57858
-6.57858
-6.58052
-6.58117
-6.57891
-6.57923
-6.5815
-6.58247
-6.58344
-6.58182
-6.58214
-6.58214
-6.58214
-6.58312
-6.58344
-6.58279
-6.58279
-6.58279
-6.58279
-6.58344
-6.58214
-6.58279
-6.58311
-6.58182
-6.58149
-6.58117
-6.58149
-6.58344
-6.58246
-6.58376
-6.58376
-6.58473
-6.58635
-6.58603
-6.58538
-6.58506
-6.58247
-6.58279
-6.58473
-6.5857
-6.58408
-6.58344
-6.58279
-6.58279
-6.58441
-6.58473
-6.58538
-6.58279
-6.58311
-6.58441
-6.58441
-6.58505
-6.58732
-6.58667
-6.58441
-6.58408
-6.58344
-6.58182
-6.58117
-6.57923
-6.57793
-6.5789
-6.58182
-6.58279
-6.58246
-6.58181
-6.58084
-6.58181
-6.58311
-6.58311
-6.58343
-6.58214
-6.58343
-6.58278
-6.58214
-6.58311
-6.5844
-6.58505
-6.58537
-6.58408
-6.58278
-6.58375
-6.58375
-6.58375
-6.58505
-6.5844
-6.58181
-6.58019
-6.58181
-6.58149
-6.58213
-6.58116
-6.58311
-6.58473
-6.58505
-6.58473
-6.5844
-6.58311
-6.58181
-6.58246
-6.58472
-6.58311
-6.58116
-6.58181
-6.57922
-6.5776
-6.57728
-6.5789
-6.57955
-6.5789
-6.57663
-6.57663
-6.57501
-6.57275
-6.57501
-6.57566
-6.57955
-6.57923
-6.58052
-6.5802
-6.58344
-6.58473
-6.58635
-6.587
-6.58538
-6.58538
-6.58538
-6.5857
-6.58408
-6.58505
-6.58441
-6.5857
-6.58473
-6.58602
-6.5857
-6.58473
-6.58279
-6.58214
-6.58052
-6.58085
-6.57858
-6.57988
-6.58149
-6.58246
-6.58084
-6.5802
-6.58052
-6.5802
-6.58214
-6.58408
-6.58279
-6.58376
-6.58279
-6.58246
-6.58182
-6.58279
-6.58376
-6.58214
-6.58214
-6.58117
-6.5815
-6.58182
-6.58085
-6.58311
-6.58344
-6.58344
-6.58376
-6.58538
-6.58765
-6.587
-6.58733
-6.58798
-6.58668
-6.58442
-6.58506
-6.58344
-6.58053
-6.58021
-6.5815
-6.5828
-6.58312
-6.5828
-6.58215
-6.58247
-6.58182
-6.58215
-6.58085
-6.58053
-6.57988
-6.57923
-6.57955
-6.58117
-6.58085
-6.58117
-6.57955
-6.57923
-6.5802
-6.57988
-6.57955
-6.5802
-6.58053
-6.58214
-6.58279
-6.58085
-6.57956
-6.57956
-6.57956
-6.58053
-6.58312
-6.58344
-6.5815
-6.58085
-6.57923
-6.57858
-6.57956
-6.57826
-6.57729
-6.57826
-6.57632
-6.57632
-6.576
-6.57502
-6.57664
-6.57794
-6.57762
-6.57826
-6.57956
-6.58247
-6.58086
-6.58086
-6.5815
-6.58247
-6.58247
-6.58183
-6.58085
-6.5815
-6.58215
-6.5815
-6.5828
-6.58312
-6.58733
-6.587
-6.58474
-6.58312
-6.58409
-6.58636
-6.58603
-6.58603
-6.58506
-6.58377
-6.58377
-6.58506
-6.58603
-6.58506
-6.58474
-6.5815
-6.58117
-6.5802
-6.57988
-6.57955
-6.58117
-6.58214
-6.58182
-6.58311
-6.58117
-6.58214
-6.58149
-6.58084
-6.58149
-6.57826
-6.58085
-6.58052
-6.58149
-6.58311
-6.58343
-6.58279
-6.58149
-6.58278
-6.58473
-6.5844
-6.58311
-6.58311
-6.58278
-6.58343
-6.58408
-6.58343
-6.58537
-6.58505
-6.58829
-6.58699
-6.58505
-6.58602
-6.58635
-6.58311
-6.58246
-6.5844
-6.58343
-6.58343
-6.58376
-6.5844
-6.58538
-6.58635
-6.58667
-6.58602
-6.58441
-6.58538
-6.58603
-6.58506
-6.58344
-6.58409
-6.58279
-6.58052
-6.5802
-6.57988
-6.5802
-6.5802
-6.58182
-6.58311
-6.58311
-6.58408
-6.587
-6.58829
-6.58926
-6.58894
-6.58829
-6.58764
-6.58603
-6.58667
-6.58506
-6.58603
-6.587
-6.58635
-6.58797
-6.58894
-6.58765
-6.58797
-6.58765
-6.587
-6.58667
-6.58441
-6.58473
-6.58505
-6.58343
-6.58311
-6.58441
-6.58506
-6.58441
-6.58441
-6.58376
-6.58312
-6.58344
-6.58118
-6.57956
-6.57956
-6.57794
-6.57794
-6.57697
-6.57632
-6.57826
-6.57697
-6.57794
-6.57891
-6.57956
-6.5802
-6.58118
-6.5815
-6.58182
-6.58247
-6.58215
-6.58215
-6.58247
-6.58474
-6.58377
-6.58409
-6.58506
-6.58441
-6.58474
-6.58312
-6.58312
-6.58377
-6.58344
-6.58571
-6.58798
-6.58992
-6.58733
-6.58798
-6.58538
-6.58409
-6.58312
-6.58377
-6.58409
-6.58344
-6.58182
-6.58182
-6.57923
-6.57762
-6.57859
-6.58021
-6.5815
-6.58085
-6.57988
-6.57923
-6.57859
-6.57956
-6.57988
-6.5802
-6.58182
-6.5828
-6.58085
-6.5802
-6.58021
-6.57988
-6.58021
-6.57891
-6.58118
-6.58247
-6.58377
-6.58635
-6.5883
-6.58797
-6.587
-6.58603
-6.587
-6.58506
-6.58473
-6.58441
-6.58409
-6.58506
-6.587
-6.58797
-6.587
-6.587
-6.58636
-6.58506
-6.58344
-6.58538
-6.58506
-6.58311
-6.58344
-6.58506
-6.58247
-6.58182
-6.58344
-6.58376
-6.58376
-6.58409
-6.58506
-6.58603
-6.58571
-6.58473
-6.58214
-6.58311
-6.58344
-6.58473
-6.58635
-6.58603
-6.58538
-6.58635
-6.58505
-6.58279
-6.58408
-6.58409
-6.58279
-6.58247
-6.58311
-6.58247
-6.58214
-6.58247
-6.58279
-6.58344
-6.58441
-6.58441
-6.58376
-6.5857
-6.58538
-6.5857
-6.58602
-6.58343
-6.58343
-6.58279
-6.58311
-6.58408
-6.58441
-6.58473
-6.58635
-6.58344
-6.58182
-6.58182
-6.58149
-6.58343
-6.58441
-6.58441
-6.5857
-6.58473
-6.58538
-6.58344
-6.58279
-6.58214
-6.58214
-6.58085
-6.58247
-6.58506
-6.58376
-6.58344
-6.58409
-6.58376
-6.58344
-6.58279
-6.58311
-6.58344
-6.58344
-6.58344
-6.58441
-6.58441
-6.58376
-6.58279
-6.58344
-6.58279
-6.58376
-6.58215
-6.58053
-6.5802
-6.5789
-6.5789
-6.57826
-6.5789
-6.57825
-6.57858
-6.5789
-6.57696
-6.57664
-6.57826
-6.57987
-6.58117
-6.58182
-6.57955
-6.57955
-6.58117
-6.58214
-6.58052
-6.58052
-6.57955
-6.58084
-6.57987
-6.57793
-6.57858
-6.58052
-6.58117
-6.58279
-6.58409
-6.58474
-6.58571
-6.58603
-6.58668
-6.58668
-6.587
-6.58668
-6.58376
-6.58344
-6.58182
-6.5802
-6.57988
-6.57793
-6.57955
-6.57988
-6.57923
-6.57826
-6.57729
-6.57761
-6.57697
-6.57697
-6.57697
-6.576
-6.57664
-6.57567
-6.57697
-6.57794
-6.57891
-6.57826
-6.57664
-6.57729
-6.57891
-6.57664
-6.57891
-6.5802
-6.58085
-6.58053
-6.5802
-6.5815
-6.58441
-6.58474
-6.58571
-6.58312
-6.5828
-6.58279
-6.58344
-6.58053
-6.58085
-6.58053
-6.58182
-6.58182
-6.58182
-6.58117
-6.58117
-6.5802
-6.57923
-6.57664
-6.57891
-6.57924
-6.57891
-6.57859
-6.57924
-6.58053
-6.58151
-6.58215
-6.58377
-6.5841
-6.58539
-6.58507
-6.58312
-6.5815
-6.58215
-6.58248
-6.58247
-6.58247
-6.58183
-6.5828
-6.58215
-6.58053
-6.58183
-6.58215
-6.58345
-6.58474
-6.58409
-6.58409
-6.58183
-6.58183
-6.03451
-6.03515
-6.03192
-6.029
-6.02997
-6.02932
-6.02867
-6.02867
-6.02705
-6.02834
-6.02769
-6.0264
-6.02802
-6.02575
-6.02576
-6.02349
-6.02382
-6.0235
-6.02382
-6.02447
-6.02415
-6.02285
-6.02188
-6.02123
-6.02188
-6.02155
-6.02026
-6.02252
-6.02381
-6.02414
-6.0264
-6.02543
-6.02737
-6.02673
-6.02738
-6.02835
-6.02673
-6.02803
-6.02932
-6.02964
-6.03094
-6.02932
-6.02802
-6.02672
-6.02834
-6.0277
-6.02737
-6.0277
-6.02867
-6.02673
-6.02835
-6.02803
-6.029
-6.03159
-6.03159
-6.03061
-6.02705
-6.02802
-6.02834
-6.03029
-6.03093
-6.0319
-6.03125
-6.0319
-6.02964
-6.03126
-6.03158
-6.03094
-6.02867
-6.029
-6.02867
-6.02835
-6.029
-6.02932
-6.02964
-6.02964
-6.03223
-6.03061
-6.0277
-6.02932
-6.02932
-6.02673
-6.02511
-6.02447
-6.02317
-6.02479
-6.02511
-6.02608
-6.02738
-6.02738
-6.02608
-6.02673
-6.02705
-6.0277
-6.02608
-6.02868
-6.02933
-6.02803
-6.02933
-6.02868
-6.0303
-6.029
-6.029
-6.03029
-6.02867
-6.0277
-6.02835
-6.02802
-6.02867
-6.03029
-6.02835
-6.02867
-6.03127
-6.03289
-6.03159
-6.03095
-6.03062
-6.0303
-6.0316
-6.03063
-6.03224
-6.03192
-6.03224
-6.03257
-6.03224
-6.03127
-6.03256
-6.03418
-6.03321
-6.0303
-6.02932
-6.02965
-6.02771
-6.02803
-6.02609
-6.02609
-6.02609
-6.02609
-6.02771
-6.02771
-6.02739
-6.02739
-6.02836
-6.02803
-6.02609
-6.02576
-6.02803
-6.02544
-6.02576
-6.02415
-6.02415
-6.02415
-6.02836
-6.02868
-6.0303
-6.03127
-6.03062
-6.03063
-6.03095
-6.03063
-6.03127
-6.03063
-6.0316
-6.03127
-6.03322
-6.03322
-6.03225
-6.0316
-6.02965
-6.02965
-6.02771
-6.02739
-6.02933
-6.02804
-6.02739
-6.02674
-6.02447
-6.0248
-6.0248
-6.02415
-6.0235
-6.0235
-6.02188
-6.02382
-6.02512
-6.02511
-6.02641
-6.02609
-6.02641
-6.02544
-6.02739
-6.02674
-6.02674
-6.02674
-6.02674
-6.02544
-6.02641
-6.02673
-6.02479
-6.02576
-6.0277
-6.02771
-6.02576
-6.02512
-6.02544
-6.02447
-6.02545
-6.02998
-6.02933
-6.03095
-6.03192
-6.03354
-6.03225
-6.03322
-6.03354
-6.03419
-6.03321
-6.03159
-6.03192
-6.03354
-6.03516
-6.0329
-6.03322
-6.0329
-6.02965
-6.02739
-6.02771
-6.02868
-6.02771
-6.02706
-6.02771
-6.02771
-6.02706
-6.02804
-6.02901
-6.02739
-6.02739
-6.02804
-6.02804
-6.02869
-6.02901
-6.02933
-6.02901
-6.02803
-6.02641
-6.02965
-6.02933
-6.02739
-6.02642
-6.02869
-6.03031
-6.02772
-6.02642
-6.02836
-6.02674
-6.02804
-6.02966
-6.02965
-6.0303
-6.02901
-6.0303
-6.02965
-6.03127
-6.03192
-6.02965
-6.02868
-6.02739
-6.02641
-6.02642
-6.02577
-6.02512
-6.02869
-6.02804
-6.02836
-6.02901
-6.02706
-6.02804
-6.02577
-6.02674
-6.02577
-6.0248
-6.02609
-6.02609
-6.0248
-6.02544
-6.02674
-6.02415
-6.02415
-6.02609
-6.02739
-6.0248
-6.02577
-6.02771
-6.02998
-6.03062
-6.03095
-6.0316
-6.03192
-6.03192
-6.03257
-6.0316
-6.0316
-6.03224
-6.03095
-6.03127
-6.02933
-6.02998
-6.02868
-6.02997
-6.029
-6.02965
-6.02868
-6.02803
-6.02674
-6.02771
-6.02447
-6.02479
-6.02836
-6.02577
-6.02609
-6.02674
-6.02803
-6.02739
-6.02836
-6.02901
-6.02642
-6.02868
-6.02674
-6.02641
-6.02576
-6.02512
-6.02544
-6.02609
-6.02674
-6.02674
-6.02674
-6.02642
-6.02642
-6.02739
-6.02804
-6.02804
-6.02836
-6.02901
-6.02998
-6.0316
-6.0303
-6.03063
-6.02869
-6.02966
-6.03063
-6.03322
-6.03289
-6.03224
-6.0316
-6.03224
-6.03095
-6.03063
-6.02966
-6.02901
-6.02836
-6.02771
-6.02609
-6.02544
-6.02836
-6.03095
-6.0303
-6.02836
-6.02609
-6.02447
-6.02609
-6.02674
-6.02609
-6.02707
-6.02739
-6.02739
-6.02772
-6.02901
-6.02869
-6.0316
-6.03193
-6.03257
-6.03128
-6.02998
-6.02933
-6.02836
-6.02869
-6.02609
-6.02642
-6.02609
-6.02674
-6.02577
-6.02448
-6.0248
-6.0248
-6.02415
-6.02512
-6.02577
-6.02512
-6.02512
-6.02577
-6.02577
-6.02674
-6.02609
-6.02739
-6.02739
-6.02739
-6.0261
-6.02674
-6.02512
-6.02415
-6.02351
-6.02383
-6.0248
-6.02545
-6.02577
-6.02642
-6.02772
-6.02869
-6.02739
-6.02707
-6.02901
-6.03063
-6.02803
-6.02771
-6.02771
-6.02674
-6.02641
-6.02739
-6.02545
-6.02448
-6.0261
-6.02869
-6.02999
-6.02934
-6.02934
-6.0274
-6.02772
-6.02805
-6.02837
-6.02837
-6.02837
-6.02934
-6.02998
-6.03095
-6.03192
-6.0303
-6.02933
-6.02707
-6.02609
-6.02739
-6.02675
-6.02675
-6.02675
-6.02481
-6.02351
-6.02449
-6.02351
-6.02383
-6.02254
-6.02448
-6.0248
-6.02447
-6.02447
-6.02447
-6.02609
-6.02642
-6.02707
-6.02772
-6.02933
-6.03095
-6.03354
-6.0329
-6.03257
-6.03063
-6.03063
-6.03095
-6.03225
-6.03095
-6.03095
-6.02933
-6.03062
-6.02997
-6.02932
-6.02835
-6.02835
-6.02543
-6.02641
-6.02447
-6.02479
-6.02836
-6.02804
-6.02674
-6.02609
-6.02609
-6.02609
-6.02609
-6.02576
-6.0277
-6.02835
-6.02543
-6.02802
-6.02673
-6.02608
-6.02803
-6.02867
-6.02868
-6.02868
-6.02738
-6.02803
-6.02803
-6.02641
-6.02577
-6.0248
-6.02674
-6.02738
-6.02803
-6.02771
-6.02803
-6.029
-6.02835
-6.02803
-6.02868
-6.02933
-6.03094
-6.02868
-6.02706
-6.02641
-6.02641
-6.02674
-6.02706
-6.02576
-6.02673
-6.02641
-6.02576
-6.02511
-6.02511
-6.02706
-6.02738
-6.02803
-6.03062
-6.02997
-6.03062
-6.03127
-6.03062
-6.03127
-6.03094
-6.03321
-6.03224
-6.03256
-6.03192
-6.02965
-6.03127
-6.03353
-6.03289
-6.03191
-6.03191
-6.03159
-6.03159
-6.03062
-6.02965
-6.02868
-6.02965
-6.03062
-6.02997
-6.02867
-6.0277
-6.02835
-6.02868
-6.02771
-6.02868
-6.02804
-6.02965
-6.02965
-6.0303
-6.03095
-6.0303
-6.02997
-6.03062
-6.0277
-6.02738
-6.02705
-6.02673
-6.02738
-6.02771
-6.02576
-6.0222
-6.02285
-6.02544
-6.0235
-6.02512
-6.02836
-6.02868
-6.02706
-6.02706
-6.02479
-6.02706
-6.02641
-6.02608
-6.02608
-6.02511
-6.02706
-6.02868
-6.029
-6.02738
-6.02511
-6.02673
-6.02868
-6.03029
-6.03224
-6.03029
-6.0277
-6.02738
-6.02738
-6.02641
-6.02511
-6.02479
-6.02576
-6.02738
-6.02576
-6.02479
-6.02576
-6.02576
-6.02641
-6.02512
-6.02609
-6.02642
-6.02642
-6.02609
-6.02577
-6.02577
-6.02577
-6.02706
-6.02706
-6.02674
-6.02901
-6.02609
-6.0261
-6.02642
-6.02545
-6.02448
-6.02513
-6.02351
-6.02318
-6.02544
-6.02512
-6.02447
-6.02544
-6.02674
-6.02706
-6.02771
-6.02738
-6.02382
-6.02382
-6.02512
-6.02803
-6.02706
-6.02868
-6.02998
-6.02901
-6.03095
-6.0303
-6.0316
-6.03095
-6.03063
-6.02836
-6.0261
-6.02545
-6.02448
-6.02545
-6.02577
-6.02415
-6.02383
-6.02577
-6.0261
-6.0274
-6.02902
-6.02869
-6.02804
-6.03031
-6.02902
-6.02934
-6.02869
-6.02966
-6.02902
-6.02999
-6.02837
-6.0261
-6.02675
-6.0274
-6.02675
-6.02772
-6.02934
-6.02772
-6.02772
-6.02642
-6.02675
-6.02772
-6.02642
-6.0248
-6.02545
-6.02513
-6.02416
-6.02383
-6.02416
-6.02545
-6.02707
-6.0261
-6.0261
-6.0261
-6.0261
-6.02642
-6.02739
-6.02739
-6.02901
-6.02836
-6.02804
-6.0303
-6.02869
-6.02674
-6.02545
-6.02578
-6.02707
-6.02934
-6.02675
-6.0261
-6.02902
-6.02902
-6.02966
-6.02837
-6.02772
-6.02805
-6.0261
-6.02545
-6.0261
-6.02578
-6.02513
-6.0248
-6.02448
-6.02383
-6.02319
-6.02286
-6.02351
-6.02189
-6.02384
-6.02513
-6.02481
-6.02513
-6.02319
-6.02448
-6.02643
-6.02578
-6.02643
-6.0261
-6.0261
-6.02772
-6.0274
-6.02837
-6.02707
-6.02837
-6.0261
-6.02772
-6.02707
-6.02513
-6.02383
-6.02319
-6.02383
-6.02286
-6.02448
-6.02707
-6.0274
-6.02546
-6.02546
-6.02611
-6.02675
-6.02675
-6.02416
-6.02578
-6.02675
-6.02675
-6.02837
-6.0274
-6.02578
-6.02642
-6.02643
-6.02513
-6.02513
-6.02449
-6.02513
-6.02578
-6.02611
-6.02837
-6.02902
-6.03031
-6.03129
-6.03128
-6.03064
-6.03128
-6.03063
-6.02934
-6.02675
-6.0261
-6.02707
-6.02707
-6.02675
-6.02707
-6.02869
-6.02999
-6.03032
-6.02837
-6.02805
-6.02708
-6.02772
-6.02675
-6.0261
-6.02869
-6.02837
-6.02869
-6.02804
-6.02934
-6.03128
-6.03225
-6.03161
-6.03031
-6.03128
-6.03096
-6.03096
-6.03193
-6.03225
-6.03031
-6.03096
-6.03128
-6.03064
-6.02999
-6.02999
-6.0316
-6.02966
-6.02707
-6.02577
-6.02448
-6.02416
-6.02416
-6.02416
-6.02384
-6.02513
-6.02578
-6.02513
-6.02416
-6.02448
-6.02546
-6.02707
-6.02643
-6.02578
-6.02513
-6.02416
-6.02351
-6.02481
-6.02545
-6.02578
-6.02416
-6.02513
-6.02578
-6.0261
-6.02805
-6.02869
-6.03031
-6.02966
-6.02966
-6.03096
-6.03096
-6.02966
-6.02998
-6.02999
-6.03161
-6.03096
-6.03128
-6.03064
-6.03064
-6.0329
-6.03096
-6.02998
-6.03031
-6.02966
-6.02933
-6.02933
-6.02933
-6.02998
-6.02999
-6.03225
-6.0329
-6.03322
-6.03258
-6.03419
-6.03225
-6.03193
-6.03063
-6.02901
-6.02998
-6.02901
-6.02836
-6.02836
-6.03031
-6.02998
-6.02934
-6.02739
-6.02772
-6.02869
-6.02642
-6.02707
-6.0261
-6.0248
-6.0261
-6.02416
-6.02383
-6.02092
-6.0206
-6.02125
-6.02254
-6.02157
-6.02027
-6.02189
-6.02221
-6.02286
-6.02351
-6.02481
-6.02513
-6.0274
-6.02643
-6.02675
-6.0274
-6.02902
-6.02902
-6.02869
-6.02837
-6.02837
-6.02869
-6.02869
-6.02902
-6.02805
-6.02805
-6.02902
-6.02902
-6.02837
-6.02836
-6.02772
-6.0261
-6.02707
-6.02674
-6.02772
-6.02869
-6.02836
-6.02869
-6.02869
-6.03063
-6.02836
-6.02707
-6.02933
-6.02901
-6.02771
-6.02739
-6.02739
-6.02771
-6.02674
-6.02674
-6.02804
-6.02998
-6.0303
-6.0303
-6.0303
-6.03127
-6.03062
-6.0316
-6.03095
-6.03128
-6.02901
-6.02998
-6.02674
-6.0248
-6.02577
-6.0248
-6.02285
-6.0235
-6.0235
-6.0235
-6.02415
-6.02383
-6.02415
-6.02675
-6.02513
-6.0261
-6.02545
-6.02577
-6.02577
-6.0248
-6.02513
-6.02513
-6.02642
-6.02642
-6.02772
-6.02739
-6.02902
-5.72015
-5.71788
-5.71821
-5.71853
-5.71691
-5.71593
-5.71561
-5.7182
-5.7182
-5.7182
-5.71723
-5.71885
-5.71917
-5.72014
-5.72079
-5.72079
-5.7237
-5.72532
-5.72597
-5.72306
-5.72306
-5.72209
-5.7208
-5.72339
-5.72112
-5.72209
-5.72112
-5.71853
-5.7195
-5.71982
-5.72014
-5.72079
-5.72014
-5.71949
-5.71917
-5.71917
-5.71821
-5.71724
-5.71691
-5.71853
-5.7195
-5.71885
-5.71885
-5.71917
-5.71723
-5.71593
-5.71884
-5.71884
-5.71981
-5.71852
-5.71787
-5.71723
-5.71852
-5.71982
-5.7195
-5.7208
-5.72144
-5.72306
-5.72339
-5.72468
-5.72565
-5.72468
-5.72501
-5.725
-5.72274
-5.72014
-5.7182
-5.71755
-5.71723
-5.71626
-5.71561
-5.71658
-5.71334
-5.71334
-5.71496
-5.71658
-5.71982
-5.71885
-5.72112
-5.72177
-5.72015
-5.72079
-5.72079
-5.72079
-5.71982
-5.71885
-5.71949
-5.71917
-5.71755
-5.71626
-5.71658
-5.71755
-5.7182
-5.71949
-5.71884
-5.72079
-5.72079
-5.71982
-5.72014
-5.72015
-5.71918
-5.7195
-5.72047
-5.71982
-5.72047
-5.72047
-5.7195
-5.71982
-5.72015
-5.72014
-5.72047
-5.72015
-5.72015
-5.72144
-5.7208
-5.72047
-5.72079
-5.72209
-5.72047
-5.72014
-5.71917
-5.72209
-5.72209
-5.72177
-5.72015
-5.72112
-5.72047
-5.7195
-5.72047
-5.72079
-5.72177
-5.72274
-5.72209
-5.72015
-5.72145
-5.72307
-5.72242
-5.72242
-5.72178
-5.72113
-5.72081
-5.71887
-5.72016
-5.72145
-5.72112
-5.72079
-5.72144
-5.72144
-5.72241
-5.72306
-5.72371
-5.72533
-5.72307
-5.72209
-5.71983
-5.71886
-5.71789
-5.71853
-5.71918
-5.72048
-5.72015
-5.7208
-5.72144
-5.72371
-5.72306
-5.72306
-5.72177
-5.72339
-5.72144
-5.71918
-5.71918
-5.71788
-5.71659
-5.71562
-5.71529
-5.71497
-5.71497
-5.71432
-5.7127
-5.71399
-5.71464
-5.71497
-5.71594
-5.71562
-5.71465
-5.71562
-5.71594
-5.71724
-5.71886
-5.71886
-5.71821
-5.71756
-5.72048
-5.72307
-5.72501
-5.72469
-5.72112
-5.72015
-5.71821
-5.71821
-5.71788
-5.7182
-5.71756
-5.71853
-5.72015
-5.72144
-5.72241
-5.72403
-5.72209
-5.71983
-5.72112
-5.72047
-5.72112
-5.72112
-5.72113
-5.71951
-5.71983
-5.71821
-5.71626
-5.71529
-5.71561
-5.71691
-5.71658
-5.71594
-5.71626
-5.71594
-5.71529
-5.71626
-5.71561
-5.71626
-5.71755
-5.71885
-5.71788
-5.71723
-5.71367
-5.71529
-5.71756
-5.71691
-5.71982
-5.7195
-5.72274
-5.72079
-5.7182
-5.7182
-5.71756
-5.71691
-5.71529
-5.71496
-5.71594
-5.71594
-5.71658
-5.71658
-5.71853
-5.71723
-5.71982
-5.7195
-5.71918
-5.71885
-5.71918
-5.72015
-5.72079
-5.72144
-5.7182
-5.71982
-5.72111
-5.72338
-5.72273
-5.7237
-5.7237
-5.72306
-5.72371
-5.72403
-5.72338
-5.72047
-5.72306
-5.72403
-5.72727
-5.72727
-5.72727
-5.72662
-5.72436
-5.72112
-5.72209
-5.72469
-5.72598
-5.72566
-5.72501
-5.72404
-5.72275
-5.72242
-5.72112
-5.71983
-5.71885
-5.71788
-5.71788
-5.71788
-5.71885
-5.72047
-5.72015
-5.71918
-5.72047
-5.72015
-5.71983
-5.72015
-5.71983
-5.71821
-5.71821
-5.71788
-5.71529
-5.71367
-5.71432
-5.71561
-5.71626
-5.71626
-5.71593
-5.71658
-5.71853
-5.71755
-5.7182
-5.71691
-5.71723
-5.71594
-5.71561
-5.71756
-5.71788
-5.71788
-5.71918
-5.71918
-5.71821
-5.72015
-5.7195
-5.72047
-5.72112
-5.71885
-5.71885
-5.71918
-5.71918
-5.71918
-5.71886
-5.72015
-5.72177
-5.72145
-5.72241
-5.71918
-5.71788
-5.71561
-5.7195
-5.72047
-5.72047
-5.72274
-5.72209
-5.72306
-5.72177
-5.72177
-5.72307
-5.72405
-5.72502
-5.72567
-5.72664
-5.72469
-5.72663
-5.72631
-5.72404
-5.72372
-5.72145
-5.72242
-5.71919
-5.71886
-5.72178
-5.72243
-5.72275
-5.72275
-5.72243
-5.72145
-5.7208
-5.72177
-5.72079
-5.72111
-5.72176
-5.72047
-5.72145
-5.72275
-5.72404
-5.72437
-5.72631
-5.72566
-5.72339
-5.72468
-5.72436
-5.72468
-5.725
-5.72209
-5.72371
-5.72339
-5.72695
-5.72437
-5.72307
-5.72081
-5.72016
-5.71951
-5.71984
-5.72016
-5.71886
-5.71918
-5.71854
-5.71821
-5.71821
-5.71821
-5.71918
-5.72016
-5.71983
-5.72016
-5.71919
-5.71984
-5.72113
-5.72178
-5.72081
-5.72049
-5.72114
-5.72146
-5.72081
-5.72016
-5.72015
-5.71983
-5.71983
-5.71788
-5.71594
-5.71659
-5.71724
-5.71789
-5.72015
-5.71918
-5.71983
-5.72242
-5.72404
-5.72405
-5.72372
-5.72437
-5.7247
-5.72469
-5.72502
-5.72469
-5.72469
-5.72631
-5.72436
-5.72274
-5.72307
-5.72274
-5.72242
-5.72112
-5.7208
-5.72048
-5.71756
-5.72015
-5.72016
-5.72113
-5.72113
-5.72177
-5.72371
-5.72404
-5.72242
-5.72145
-5.7221
-5.72113
-5.7208
-5.72048
-5.72015
-5.72144
-5.72177
-5.72177
-5.72144
-5.7195
-5.71853
-5.71756
-5.71917
-5.7195
-5.72112
-5.7208
-5.71983
-5.72112
-5.72306
-5.7208
-5.72112
-5.71949
-5.72079
-5.71884
-5.71885
-5.71787
-5.71594
-5.71594
-5.71788
-5.7182
-5.71626
-5.71788
-5.71885
-5.71885
-5.71884
-5.71852
-5.71723
-5.7182
-5.7182
-5.71885
-5.71949
-5.71852
-5.7182
-5.71755
-5.71917
-5.71949
-5.72014
-5.72078
-5.72046
-5.72046
-5.71884
-5.71981
-5.71884
-5.71787
-5.7169
-5.71722
-5.71755
-5.71981
-5.71852
-5.71949
-5.71949
-5.72078
-5.71949
-5.71787
-5.71657
-5.71593
-5.7156
-5.71593
-5.71754
-5.71884
-5.71819
-5.71851
-5.72045
-5.71883
-5.71884
-5.71852
-5.71917
-5.72014
-5.72208
-5.72241
-5.72241
-5.72111
-5.72079
-5.71884
-5.71949
-5.72176
-5.72014
-5.72014
-5.71722
-5.71819
-5.71949
-5.72014
-5.71819
-5.71949
-5.71981
-5.71852
-5.71949
-5.72111
-5.72014
-5.72208
-5.72079
-5.71981
-5.72079
-5.72143
-5.72079
-5.72176
-5.71982
-5.72014
-5.71852
-5.72046
-5.72143
-5.72208
-5.72143
-5.7224
-5.72078
-5.72208
-5.72014
-5.72078
-5.7182
-5.71917
-5.71949
-5.7182
-5.71852
-5.71917
-5.7169
-5.72143
-5.72014
-5.72046
-5.72046
-5.72014
-5.71852
-5.71916
-5.71981
-5.72175
-5.72272
-5.72564
-5.72272
-5.72143
-5.72305
-5.7237
-5.7237
-5.72434
-5.72467
-5.7224
-5.72305
-5.72143
-5.72176
-5.72079
-5.72176
-5.72079
-5.72144
-5.72273
-5.72305
-5.7237
-5.72175
-5.72013
-5.72046
-5.71949
-5.71981
-5.72143
-5.72079
-5.72143
-5.72435
-5.72143
-5.72208
-5.72175
-5.7224
-5.72175
-5.72111
-5.72337
-5.72499
-5.72596
-5.72499
-5.72499
-5.72434
-5.7237
-5.72272
-5.72272
-5.72305
-5.7224
-5.72305
-5.72143
-5.71819
-5.71754
-5.71657
-5.7169
-5.71495
-5.71754
-5.71916
-5.71949
-5.72079
-5.71982
-5.71787
-5.7182
-5.7182
-5.72014
-5.71884
-5.72014
-5.71884
-5.71852
-5.72143
-5.72208
-5.72046
-5.7211
-5.72175
-5.7224
-5.7224
-5.72435
-5.72435
-5.72403
-5.72338
-5.72402
-5.72208
-5.7237
-5.72337
-5.7224
-5.72208
-5.7224
-5.72208
-5.72143
-5.72143
-5.72402
-5.72175
-5.7224
-5.72175
-5.72175
-5.72046
-5.71949
-5.72078
-5.71755
-5.7182
-5.71885
-5.72047
-5.72046
-5.72111
-5.72079
-5.72176
-5.72046
-5.71981
-5.71819
-5.71496
-5.71398
-5.7156
-5.71722
-5.71723
-5.71852
-5.7182
-5.71755
-5.7169
-5.71626
-5.71561
-5.71431
-5.71431
-5.71463
-5.71722
-5.71884
-5.7169
-5.71722
-5.71917
-5.71917
-5.71852
-5.71625
-5.71658
-5.71723
-5.71949
-5.71917
-5.72079
-5.72046
-5.72143
-5.72175
-5.7224
-5.72046
-5.71916
-5.71787
-5.71723
-5.71528
-5.71464
-5.71528
-5.71755
-5.71658
-5.71852
-5.72079
-5.72046
-5.72143
-5.72111
-5.72079
-5.72078
-5.72014
-5.71949
-5.72143
-5.72014
-5.72176
-5.72435
-5.72565
-5.72565
-5.72694
-5.72694
-5.72661
-5.72337
-5.7224
-5.71949
-5.72013
-5.72176
-5.72046
-5.72143
-5.71949
-5.71884
-5.71884
-5.71949
-5.71884
-5.71949
-5.71884
-5.71819
-5.71948
-5.72013
-5.72208
-5.72143
-5.72208
-5.72273
-5.72435
-5.72305
-5.72111
-5.71852
-5.71787
-5.71819
-5.71722
-5.71754
-5.71819
-5.71722
-5.71787
-5.71851
-5.71949
-5.72013
-5.71981
-5.71884
-5.71851
-5.71884
-5.72046
-5.72207
-5.71883
-5.71948
-5.72078
-5.72142
-5.72142
-5.72142
-5.72434
-5.72434
-5.72369
-5.72531
-5.72305
-5.71948
-5.71981
-5.72046
-5.7211
-5.72142
-5.72142
-5.72142
-5.72045
-5.72045
-5.71981
-5.7211
-5.72143
-5.72208
-5.71981
-5.71884
-5.71722
-5.71592
-5.71851
-5.71916
-5.71851
-5.71948
-5.71884
-5.71981
-5.71981
-5.72111
-5.72208
-5.72078
-5.71981
-5.72143
-5.7211
-5.72046
-5.71948
-5.71916
-5.72013
-5.71981
-5.71916
-5.71851
-5.71884
-5.71528
-5.71528
-5.71722
-5.71852
-5.71884
-5.71884
-5.72046
-5.72079
-5.72176
-5.72111
-5.72208
-5.72273
-5.72532
-5.72532
-5.72337
-5.7224
-5.72175
-5.7224
-5.71949
-5.71722
-5.71625
-5.71755
-5.71787
-5.71658
-5.71949
-5.72014
-5.72208
-5.71949
-5.72014
-5.72014
-5.71981
-5.72046
-5.71948
-5.72046
-5.72078
-5.72207
-5.72143
-5.72013
-5.7211
-5.72143
-5.72175
-5.72175
-5.72046
-5.7169
-5.71755
-5.7169
-5.71722
-5.71495
-5.71495
-5.71495
-5.71528
-5.7156
-5.71722
-5.71819
-5.71819
-5.71981
-5.72045
-5.71851
-5.71916
-5.71818
-5.71819
-5.72078
-5.72078
-5.71948
-5.71851
-5.71851
-5.71851
-5.71754
-5.71819
-5.71851
-5.71852
-5.71851
-5.71884
-5.71884
-5.71819
-5.71884
-5.72013
-5.72013
-5.72013
-5.72111
-5.72208
-5.72175
-5.7224
-5.72305
-5.72272
-5.72143
-5.72143
-5.72045
-5.71916
-5.71786
-5.71657
-5.71786
-5.71948
-5.71981
-5.71949
-5.72208
-5.72078
-5.72046
-5.72273
-5.72305
-5.72403
-5.72403
-5.72435
-5.72565
-5.72661
-5.72597
-5.72532
-5.72435
-5.72337
-5.72014
-5.7224
-5.72046
-5.72175
-5.72208
-5.7224
-5.72176
-5.72143
-5.7224
-5.72143
-5.72078
-5.72111
-5.72013
-5.71981
-5.72013
-5.72143
-5.72304
-5.72369
-5.72402
-5.72175
-5.72143
-5.72078
-5.72046
-5.72143
-5.71949
-5.71949
-5.72143
-5.72208
-5.72435
-5.72338
-5.72305
-5.72078
-5.71819
-5.71625
-5.71722
-5.71689
-5.71916
-5.71786
-5.71851
-5.71786
-5.71819
-5.52127
-5.5203
-5.51933
-5.519
-5.51868
-5.519
-5.51835
-5.51997
-5.52029
-5.52029
-5.51899
-5.51996
-5.51997
-5.51867
-5.51802
-5.51705
-5.51867
-5.519
-5.519
-5.52062
-5.52029
-5.52062
-5.51932
-5.51964
-5.51964
-5.51899
-5.51899
-5.51964
-5.52385
-5.52192
-5.51965
-5.5203
-5.51933
-5.51771
-5.51901
-5.51933
-5.52159
-5.52289
-5.52224
-5.52289
-5.52418
-5.52418
-5.52451
-5.52483
-5.52451
-5.52353
-5.52094
-5.51997
-5.51835
-5.51997
-5.5203
-5.51965
-5.51997
-5.52192
-5.52159
-5.52095
-5.52062
-5.52094
-5.52224
-5.52256
-5.52385
-5.52029
-5.51997
-5.51933
-5.5203
-5.5203
-5.5203
-5.51965
-5.51965
-5.51932
-5.51737
-5.51996
-5.51964
-5.51997
-5.51997
-5.52062
-5.52289
-5.52418
-5.52418
-5.52483
-5.5258
-5.52515
-5.52547
-5.52418
-5.52256
-5.52191
-5.52321
-5.52191
-5.52288
-5.52159
-5.52256
-5.52223
-5.52158
-5.52093
-5.52061
-5.52126
-5.52094
-5.51932
-5.51835
-5.52062
-5.5203
-5.52289
-5.52159
-5.52127
-5.52256
-5.52159
-5.52159
-5.52224
-5.52192
-5.51965
-5.52289
-5.52224
-5.52159
-5.5203
-5.5203
-5.51997
-5.51997
-5.51933
-5.51965
-5.5203
-5.52224
-5.52386
-5.52191
-5.52159
-5.51932
-5.52094
-5.52159
-5.52126
-5.52094
-5.52224
-5.52159
-5.52062
-5.51868
-5.51965
-5.51933
-5.51998
-5.52159
-5.51965
-5.519
-5.51641
-5.51803
-5.51835
-5.51997
-5.51997
-5.51932
-5.52224
-5.52321
-5.52095
-5.52224
-5.52289
-5.52289
-5.51997
-5.51997
-5.519
-5.51997
-5.52062
-5.52289
-5.52321
-5.52191
-5.52288
-5.52548
-5.5258
-5.52612
-5.52515
-5.52418
-5.5232
-5.52094
-5.52159
-5.51997
-5.52158
-5.52223
-5.52191
-5.52159
-5.52256
-5.52256
-5.52159
-5.52224
-5.52386
-5.52353
-5.52353
-5.52223
-5.52385
-5.52255
-5.52352
-5.52223
-5.52158
-5.52224
-5.52418
-5.52547
-5.52547
-5.52515
-5.52709
-5.52709
-5.52482
-5.52612
-5.52256
-5.51997
-5.51997
-5.52061
-5.52191
-5.52352
-5.52417
-5.52514
-5.52611
-5.52611
-5.52352
-5.52449
-5.52353
-5.52256
-5.52158
-5.5232
-5.52158
-5.52125
-5.52157
-5.52319
-5.52319
-5.52287
-5.52352
-5.52126
-5.52191
-5.52061
-5.52158
-5.52061
-5.51996
-5.52093
-5.52125
-5.52028
-5.52222
-5.52093
-5.52061
-5.52126
-5.52158
-5.52126
-5.52028
-5.52028
-5.52125
-5.52287
-5.52125
-5.52093
-5.5206
-5.51801
-5.51866
-5.51963
-5.51899
-5.51931
-5.51834
-5.52093
-5.52157
-5.52157
-5.52222
-5.52287
-5.52319
-5.52352
-5.52384
-5.52255
-5.52319
-5.52287
-5.52222
-5.52125
-5.5219
-5.52319
-5.52449
-5.52449
-5.52352
-5.52384
-5.52351
-5.52157
-5.52125
-5.52125
-5.52157
-5.52125
-5.52157
-5.52157
-5.52417
-5.52417
-5.52546
-5.52448
-5.52578
-5.52286
-5.52448
-5.52286
-5.52351
-5.52221
-5.52351
-5.52545
-5.52481
-5.52384
-5.52481
-5.52351
-5.52254
-5.52157
-5.52253
-5.52253
-5.52221
-5.52124
-5.52059
-5.5193
-5.52092
-5.51833
-5.52092
-5.52092
-5.52189
-5.52222
-5.5219
-5.52416
-5.52384
-5.5219
-5.52222
-5.52125
-5.52125
-5.51963
-5.52351
-5.52481
-5.52384
-5.52481
-5.52545
-5.52351
-5.52254
-5.52319
-5.52254
-5.52254
-5.52319
-5.52319
-5.52254
-5.52351
-5.52318
-5.52221
-5.52157
-5.52222
-5.5206
-5.52222
-5.5219
-5.51931
-5.51931
-5.52157
-5.52254
-5.52157
-5.5193
-5.52059
-5.51832
-5.51994
-5.52156
-5.52253
-5.52448
-5.52383
-5.52351
-5.52545
-5.52351
-5.52287
-5.52287
-5.52352
-5.5232
-5.52287
-5.52287
-5.52222
-5.52351
-5.52254
-5.52125
-5.51962
-5.5206
-5.5206
-5.52254
-5.52384
-5.52254
-5.52351
-5.5206
-5.5206
-5.51931
-5.51996
-5.52125
-5.52222
-5.52287
-5.52222
-5.52254
-5.52027
-5.51963
-5.52093
-5.52157
-5.52125
-5.52223
-5.52384
-5.52352
-5.52287
-5.52125
-5.5219
-5.51995
-5.51736
-5.5206
-5.52189
-5.52254
-5.52287
-5.52222
-5.52416
-5.5261
-5.52416
-5.52643
-5.52545
-5.52513
-5.52513
-5.52577
-5.52254
-5.52188
-5.51929
-5.51864
-5.51897
-5.51962
-5.52124
-5.52092
-5.5206
-5.52028
-5.51899
-5.52319
-5.52449
-5.52546
-5.52481
-5.52351
-5.52384
-5.52286
-5.52222
-5.52189
-5.52027
-5.52027
-5.5206
-5.51866
-5.51963
-5.52222
-5.52124
-5.52124
-5.52124
-5.52513
-5.52383
-5.52351
-5.52481
-5.52319
-5.52514
-5.5232
-5.52255
-5.52255
-5.52093
-5.52222
-5.5219
-5.52222
-5.52384
-5.52319
-5.52383
-5.52351
-5.52383
-5.52416
-5.52287
-5.52546
-5.52643
-5.52578
-5.52449
-5.52287
-5.52287
-5.52255
-5.52125
-5.52028
-5.52319
-5.5206
-5.51963
-5.52189
-5.51963
-5.5219
-5.52092
-5.51833
-5.5206
-5.5206
-5.51962
-5.52189
-5.52124
-5.52221
-5.52091
-5.51962
-5.51962
-5.52027
-5.52157
-5.52287
-5.52255
-5.52223
-5.52222
-5.52481
-5.52514
-5.52384
-5.52319
-5.52351
-5.52092
-5.5193
-5.51866
-5.51898
-5.51995
-5.51866
-5.51737
-5.51736
-5.51833
-5.51866
-5.51801
-5.52124
-5.52318
-5.5248
-5.52383
-5.52351
-5.52351
-5.52189
-5.52254
-5.52351
-5.52383
-5.52383
-5.52416
-5.52513
-5.52772
-5.52772
-5.52674
-5.52771
-5.52674
-5.52706
-5.52415
-5.52512
-5.5248
-5.5248
-5.52512
-5.52351
-5.52189
-5.52319
-5.52189
-5.52189
-5.5206
-5.5206
-5.5206
-5.52157
-5.52125
-5.51995
-5.51833
-5.51995
-5.51865
-5.51898
-5.51994
-5.51833
-5.51832
-5.51897
-5.52027
-5.51995
-5.51898
-5.51995
-5.51898
-5.52028
-5.51899
-5.5219
-5.52449
-5.52416
-5.52351
-5.52124
-5.52286
-5.52286
-5.5235
-5.52351
-5.52157
-5.52319
-5.52319
-5.52189
-5.52125
-5.52286
-5.52254
-5.52027
-5.52027
-5.52059
-5.51994
-5.52124
-5.52091
-5.52091
-5.52156
-5.52188
-5.52286
-5.52221
-5.52156
-5.52318
-5.5235
-5.52253
-5.52188
-5.52253
-5.52318
-5.5235
-5.52253
-5.5235
-5.5235
-5.52318
-5.52188
-5.52221
-5.52447
-5.52544
-5.52577
-5.52609
-5.52673
-5.52576
-5.52447
-5.52447
-5.52253
-5.52156
-5.52059
-5.52091
-5.51929
-5.51961
-5.51994
-5.52058
-5.52091
-5.52059
-5.52026
-5.52123
-5.52026
-5.52059
-5.51832
-5.51962
-5.51703
-5.52059
-5.52188
-5.52318
-5.52609
-5.52512
-5.52382
-5.52415
-5.52642
-5.52416
-5.52351
-5.52221
-5.52221
-5.52157
-5.52156
-5.52253
-5.52123
-5.52155
-5.51864
-5.52026
-5.51994
-5.52058
-5.51994
-5.51735
-5.518
-5.51962
-5.51962
-5.5193
-5.51671
-5.51703
-5.51897
-5.51994
-5.52026
-5.52123
-5.52285
-5.52285
-5.5235
-5.52513
-5.5248
-5.52415
-5.52383
-5.52253
-5.5235
-5.52318
-5.52286
-5.52221
-5.52318
-5.52545
-5.52383
-5.52415
-5.52318
-5.52027
-5.51962
-5.51962
-5.52092
-5.52027
-5.52027
-5.52027
-5.52156
-5.52092
-5.52416
-5.52319
-5.52157
-5.52092
-5.52319
-5.52255
-5.52352
-5.52384
-5.52449
-5.52222
-5.52157
-5.52092
-5.52286
-5.52157
-5.52254
-5.52222
-5.52222
-5.52287
-5.52222
-5.52125
-5.5206
-5.51963
-5.52092
-5.51963
-5.51898
-5.51865
-5.51898
-5.51898
-5.51897
-5.51833
-5.51768
-5.51768
-5.51509
-5.51703
-5.51801
-5.51833
-5.52125
-5.52448
-5.52416
-5.52384
-5.52481
-5.52513
-5.5248
-5.52674
-5.5261
-5.52577
-5.52448
-5.52351
-5.52384
-5.52383
-5.52189
-5.52286
-5.52383
-5.52448
-5.52092
-5.52189
-5.52157
-5.52092
-5.52125
-5.52221
-5.52221
-5.52415
-5.52448
-5.52512
-5.52609
-5.52512
-5.5248
-5.52513
-5.52384
-5.52254
-5.52351
-5.52157
-5.52124
-5.5193
-5.5193
-5.51995
-5.51962
-5.51962
-5.518
-5.52027
-5.52286
-5.52254
-5.52383
-5.52415
-5.52739
-5.52707
-5.52707
-5.52545
-5.52383
-5.52188
-5.52091
-5.51994
-5.52091
-5.52189
-5.52189
-5.52254
-5.52254
-5.52318
-5.52253
-5.52221
-5.52124
-5.52221
-5.52027
-5.51963
-5.51801
-5.51963
-5.5206
-5.52027
-5.51962
-5.51865
-5.51962
-5.52156
-5.52059
-5.51897
-5.51736
-5.518
-5.51963
-5.51768
-5.52092
-5.52028
-5.52092
-5.52319
-5.52351
-5.52254
-5.5248
-5.52577
-5.52577
-5.52512
-5.52674
-5.52512
-5.52545
-5.52577
-5.5248
-5.52448
-5.52448
-5.52416
-5.52383
-5.5248
-5.52383
-5.52609
-5.52609
-5.52609
-5.52382
-5.5235
-5.5235
-5.52447
-5.52641
-5.52674
-5.52641
-5.52641
-5.52479
-5.52544
-5.52382
-5.52382
-5.5248
-5.52383
-5.52383
-5.52448
-5.5248
-5.52545
-5.5261
-5.52675
-5.52577
-5.52675
-5.52642
-5.52415
-5.52318
-5.52253
-5.52188
-5.51994
-5.51864
-5.51767
-5.51735
-5.51962
-5.51671
-5.51509
-5.51476
-5.51476
-5.51573
-5.51508
-5.51605
-5.51638
-5.51735
-5.51897
-5.5193
-5.52027
-5.52351
-5.52221
-5.52059
-5.52092
-5.52059
-5.52091
-5.51962
-5.51897
-5.52059
-5.51832
-5.51832
-5.51767
-5.52058
-5.52155
-5.52058
-5.52188
-5.52382
-5.52382
-5.52317
-5.5222
-5.52123
-5.51961
-5.51929
-5.52059
-5.51994
-5.52059
-5.51994
-5.51702
-5.518
-5.518
-5.51767
-5.51605
-5.51702
-5.51799
-5.51864
-5.51864
-5.51896
-5.51832
-5.51832
-5.51929
-5.51962
-5.52059
-5.52091
-5.52253
-5.52285
-5.52221
-5.52382
-5.52415
-5.52317
-5.5222
-5.52576
-5.52706
-5.52349
-5.52317
-5.52188
-5.52091
-5.52091
-5.5209
-5.52122
-5.52025
-5.51863
-5.51766
-5.51831
-5.52026
-5.51897
-5.51768
-5.51832
-5.52156
-5.52156
-5.52285
-5.52253
-5.52091
-5.52026
-5.52155
-5.52317
-5.52285
-5.52382
-5.52544
-5.52577
-5.52512
-5.52382
-5.52091
-5.52123
-5.52123
-5.52253
-5.52512
-5.52479
-5.52512
-5.52253
-5.52415
-5.52382
-5.52317
-5.52285
-5.5235
-5.52415
-5.52318
-5.52318
-5.5222
-5.52188
-5.52123
-5.52058
-5.51928
-5.51831
-5.5183
-5.52057
-5.51928
-5.51895
-5.5209
-5.52187
-5.52252
-5.52349
-5.52349
-5.52252
-5.52252
-5.52155
-5.52123
-5.51896
-5.51896
-5.52058
-5.5196
-5.51992
-5.52057
-5.52025
-5.51992
-5.51895
-5.52089
-5.52089
-5.52089
-5.52154
-5.52283
-5.52154
-5.5196
-5.51798
-5.52122
-5.52187
-5.52122
-5.52251
-5.52251
-5.52219
-5.52251
-5.52122
-5.52154
-5.54751
-5.54784
-5.54913
-5.54848
-5.54848
-5.54977
-5.54751
-5.54686
-5.54718
-5.54621
-5.54816
-5.54719
-5.54687
-5.54654
-5.54622
-5.54589
-5.54525
-5.54719
-5.54654
-5.54783
-5.54459
-5.54459
-5.54556
-5.54459
-5.54459
-5.54621
-5.54686
-5.54751
-5.54621
-5.54719
-5.54816
-5.54686
-5.54686
-5.54556
-5.54718
-5.54491
-5.54362
-5.54426
-5.54588
-5.54653
-5.54718
-5.54847
-5.54783
-5.54685
-5.5488
-5.54815
-5.54782
-5.54718
-5.54717
-5.54718
-5.54815
-5.54944
-5.54815
-5.54944
-5.54847
-5.54653
-5.54556
-5.54588
-5.5462
-5.54847
-5.54847
-5.54977
-5.54944
-5.55074
-5.54976
-5.54814
-5.54652
-5.54328
-5.54361
-5.54361
-5.54296
-5.54425
-5.5449
-5.54328
-5.54522
-5.5462
-5.54652
-5.54846
-5.54749
-5.54782
-5.5462
-5.5462
-5.54684
-5.54296
-5.54296
-5.54361
-5.54458
-5.54393
-5.54231
-5.54264
-5.54102
-5.54231
-5.54231
-5.54296
-5.54263
-5.5436
-5.54393
-5.54296
-5.54555
-5.54912
-5.55041
-5.55106
-5.54879
-5.54685
-5.54717
-5.54491
-5.54652
-5.5449
-5.54587
-5.5449
-5.54555
-5.54653
-5.54491
-5.54264
-5.54297
-5.54361
-5.5462
-5.54491
-5.5462
-5.54782
-5.54879
-5.5462
-5.54749
-5.54652
-5.54555
-5.54458
-5.54523
-5.54523
-5.54394
-5.54782
-5.5462
-5.54587
-5.54782
-5.54749
-5.54685
-5.54652
-5.5449
-5.54782
-5.54782
-5.54814
-5.54912
-5.54782
-5.54555
-5.54426
-5.54685
-5.54717
-5.54684
-5.54587
-5.54652
-5.54716
-5.54652
-5.54555
-5.54717
-5.54782
-5.5475
-5.5462
-5.54361
-5.54652
-5.54554
-5.54587
-5.5436
-5.5449
-5.54555
-5.5449
-5.54361
-5.54522
-5.54716
-5.54781
-5.54684
-5.54684
-5.54943
-5.54879
-5.54684
-5.54878
-5.54846
-5.54846
-5.54781
-5.54555
-5.54458
-5.54685
-5.54782
-5.54782
-5.54652
-5.54491
-5.54652
-5.54782
-5.54523
-5.54425
-5.54458
-5.54523
-5.54555
-5.54782
-5.5462
-5.54556
-5.54653
-5.54621
-5.54653
-5.54491
-5.54329
-5.54588
-5.54426
-5.5449
-5.54458
-5.54328
-5.54361
-5.54458
-5.54588
-5.5462
-5.54556
-5.54523
-5.54459
-5.54556
-5.54718
-5.54556
-5.54523
-5.5475
-5.54523
-5.54523
-5.54555
-5.54717
-5.54652
-5.54717
-5.54847
-5.54846
-5.54717
-5.54782
-5.54847
-5.5462
-5.5475
-5.54717
-5.54297
-5.54329
-5.54296
-5.54329
-5.54652
-5.54652
-5.54588
-5.54458
-5.54523
-5.5449
-5.54393
-5.54458
-5.54555
-5.54555
-5.54555
-5.54652
-5.54587
-5.54782
-5.54555
-5.5449
-5.54749
-5.54846
-5.54879
-5.54814
-5.55138
-5.54977
-5.54944
-5.54879
-5.5475
-5.54588
-5.54523
-5.5462
-5.54749
-5.54749
-5.54555
-5.54523
-5.54685
-5.54912
-5.54912
-5.54814
-5.54782
-5.54749
-5.54587
-5.54458
-5.54263
-5.54263
-5.54166
-5.54296
-5.54329
-5.5462
-5.54588
-5.54556
-5.54491
-5.54458
-5.54264
-5.54069
-5.54069
-5.54166
-5.54199
-5.54199
-5.54231
-5.54264
-5.54426
-5.54328
-5.54587
-5.54587
-5.54717
-5.5462
-5.5449
-5.5462
-5.54425
-5.54199
-5.54134
-5.54231
-5.54167
-5.54232
-5.54264
-5.54458
-5.54458
-5.54296
-5.54458
-5.54588
-5.54459
-5.54555
-5.54847
-5.54976
-5.54976
-5.54879
-5.54944
-5.55074
-5.55139
-5.55269
-5.55172
-5.55269
-5.55268
-5.54912
-5.55139
-5.54912
-5.54847
-5.54718
-5.54944
-5.54685
-5.54653
-5.54685
-5.54556
-5.54459
-5.54362
-5.54233
-5.54168
-5.54395
-5.54362
-5.5433
-5.54395
-5.54524
-5.54556
-5.54427
-5.54459
-5.54297
-5.54394
-5.54135
-5.542
-5.54459
-5.54588
-5.54588
-5.54491
-5.54718
-5.54653
-5.54718
-5.54815
-5.54653
-5.54718
-5.54945
-5.55107
-5.54783
-5.54815
-5.5488
-5.5488
-5.55172
-5.5488
-5.54848
-5.54751
-5.5488
-5.54913
-5.5501
-5.54686
-5.54718
-5.54848
-5.54913
-5.5488
-5.55204
-5.55075
-5.55172
-5.55172
-5.55269
-5.5501
-5.54978
-5.54686
-5.54557
-5.54557
-5.54524
-5.54459
-5.54459
-5.54394
-5.54298
-5.54168
-5.54266
-5.54525
-5.5446
-5.54655
-5.54881
-5.54784
-5.54816
-5.54946
-5.55042
-5.55075
-5.55204
-5.55042
-5.54816
-5.54686
-5.54783
-5.54718
-5.54557
-5.54686
-5.54557
-5.54719
-5.54752
-5.54817
-5.54946
-5.55076
-5.55237
-5.55011
-5.54978
-5.54848
-5.5501
-5.54783
-5.54784
-5.54913
-5.54751
-5.54622
-5.54298
-5.54428
-5.54525
-5.54493
-5.54396
-5.54461
-5.54202
-5.54169
-5.54169
-5.54428
-5.54525
-5.54396
-5.54363
-5.54784
-5.54881
-5.54784
-5.54784
-5.54784
-5.54816
-5.54784
-5.54978
-5.54654
-5.54784
-5.5472
-5.54461
-5.54526
-5.5459
-5.54526
-5.54461
-5.54752
-5.5472
-5.5446
-5.54719
-5.54687
-5.54978
-5.55043
-5.54979
-5.54947
-5.54914
-5.54947
-5.55076
-5.54979
-5.55076
-5.55173
-5.55205
-5.55043
-5.54881
-5.54751
-5.54719
-5.54654
-5.54752
-5.54784
-5.54784
-5.54525
-5.54557
-5.54557
-5.54622
-5.5446
-5.54493
-5.54493
-5.54557
-5.54816
-5.54849
-5.54914
-5.54881
-5.55043
-5.55075
-5.55043
-5.55205
-5.55043
-5.55108
-5.54882
-5.54946
-5.54687
-5.54687
-5.54751
-5.54783
-5.5488
-5.54719
-5.54946
-5.54914
-5.54817
-5.54784
-5.54687
-5.5446
-5.5433
-5.54363
-5.5459
-5.54687
-5.54655
-5.54817
-5.54622
-5.54557
-5.5459
-5.54525
-5.54428
-5.5446
-5.54492
-5.54622
-5.54784
-5.54816
-5.54946
-5.54946
-5.54978
-5.54848
-5.54881
-5.5501
-5.54978
-5.55043
-5.54978
-5.54946
-5.54719
-5.54816
-5.54589
-5.54686
-5.54654
-5.54751
-5.54719
-5.54751
-5.54816
-5.54913
-5.54913
-5.54913
-5.54946
-5.55011
-5.54946
-5.54881
-5.5501
-5.55075
-5.54945
-5.5488
-5.54945
-5.5488
-5.55172
-5.55172
-5.55042
-5.55042
-5.55171
-5.55236
-5.55236
-5.55236
-5.55268
-5.55366
-5.55204
-5.55107
-5.55042
-5.55042
-5.54945
-5.5488
-5.54848
-5.54783
-5.54621
-5.54588
-5.54362
-5.54394
-5.54329
-5.54297
-5.54329
-5.54103
-5.542
-5.54426
-5.54718
-5.54912
-5.54815
-5.54847
-5.5475
-5.54653
-5.54588
-5.54653
-5.54492
-5.54492
-5.54362
-5.54556
-5.54556
-5.54848
-5.54945
-5.54912
-5.54945
-5.5501
-5.55009
-5.54815
-5.54815
-5.54782
-5.54879
-5.54879
-5.54684
-5.54879
-5.54879
-5.54879
-5.54782
-5.5488
-5.54945
-5.54945
-5.55139
-5.55139
-5.55139
-5.55171
-5.55236
-5.553
-5.55041
-5.55171
-5.55106
-5.54977
-5.54879
-5.54944
-5.55106
-5.55074
-5.54944
-5.54944
-5.54912
-5.54782
-5.54588
-5.54815
-5.55041
-5.54976
-5.5462
-5.54782
-5.54685
-5.54846
-5.54749
-5.54684
-5.5449
-5.54587
-5.54587
-5.54587
-5.54652
-5.54717
-5.54685
-5.54426
-5.54426
-5.54621
-5.54556
-5.54588
-5.54459
-5.54556
-5.54491
-5.54426
-5.54329
-5.54296
-5.54523
-5.54653
-5.54588
-5.54815
-5.54912
-5.5475
-5.5462
-5.54685
-5.54782
-5.54555
-5.54554
-5.54716
-5.54878
-5.54651
-5.54587
-5.5449
-5.54458
-5.54717
-5.54847
-5.54847
-5.55073
-5.55138
-5.54847
-5.54588
-5.54652
-5.54685
-5.54652
-5.54587
-5.54619
-5.5449
-5.54522
-5.54684
-5.54555
-5.5449
-5.5449
-5.54393
-5.54587
-5.5449
-5.54588
-5.54717
-5.5475
-5.54718
-5.54491
-5.54362
-5.54426
-5.54362
-5.54329
-5.54523
-5.54587
-5.5449
-5.54684
-5.54749
-5.54749
-5.54814
-5.54944
-5.54814
-5.55138
-5.55236
-5.55203
-5.55268
-5.55268
-5.55203
-5.55041
-5.55268
-5.55138
-5.54944
-5.55138
-5.55106
-5.55171
-5.55009
-5.54977
-5.54944
-5.54782
-5.54815
-5.54815
-5.54685
-5.5475
-5.54717
-5.54685
-5.54685
-5.54652
-5.54555
-5.54587
-5.54587
-5.54393
-5.54587
-5.54555
-5.54587
-5.54652
-5.5475
-5.54718
-5.54815
-5.5475
-5.54815
-5.54782
-5.54847
-5.54879
-5.54749
-5.54846
-5.54975
-5.54846
-5.54749
-5.54911
-5.54911
-5.54975
-5.54814
-5.54749
-5.54684
-5.54782
-5.54717
-5.54815
-5.54879
-5.55041
-5.54847
-5.55041
-5.54944
-5.54943
-5.54911
-5.54684
-5.5462
-5.54814
-5.55008
-5.54943
-5.54879
-5.54814
-5.55072
-5.54975
-5.55007
-5.54878
-5.54748
-5.54684
-5.54651
-5.54425
-5.54231
-5.54328
-5.54522
-5.54555
-5.54522
-5.54619
-5.54587
-5.54716
-5.54813
-5.54748
-5.54748
-5.54715
-5.54683
-5.54878
-5.54943
-5.55202
-5.55137
-5.55267
-5.55299
-5.55073
-5.55299
-5.55202
-5.55105
-5.54911
-5.54748
-5.54619
-5.54521
-5.5436
-5.54392
-5.5436
-5.54425
-5.54587
-5.55072
-5.54975
-5.54878
-5.54943
-5.54943
-5.54943
-5.54944
-5.54847
-5.54911
-5.54911
-5.5462
-5.54749
-5.5462
-5.54425
-5.54263
-5.54296
-5.54037
-5.53972
-5.54102
-5.54296
-5.54329
-5.54393
-5.54717
-5.54847
-5.54685
-5.54652
-5.54522
-5.5449
-5.54393
-5.54717
-5.54491
-5.5462
-5.5462
-5.5462
-5.54588
-5.54556
-5.54523
-5.54523
-5.54717
-5.54911
-5.54814
-5.54943
-5.55202
-5.55008
-5.55105
-5.54943
-5.54782
-5.55008
-5.54879
-5.54879
-5.54847
-5.54846
-5.54846
-5.54943
-5.54879
-5.54879
-5.54749
-5.54911
-5.54813
-5.54781
-5.54976
-5.54717
-5.54846
-5.54976
-5.55138
-5.54944
-5.54814
-5.54749
-5.54846
-5.54554
-5.54392
-5.54328
-5.5436
-5.54489
-5.54587
-5.54619
-5.54554
-5.5449
-5.54392
-5.54522
-5.54587
-5.54717
-5.54717
-5.54458
-5.54458
-5.54361
-5.54425
-5.54457
-5.54522
-5.54327
-5.54392
-5.54489
-5.54522
-5.54975
-5.54976
-5.54976
-5.55073
-5.54782
-5.54879
-5.54717
-5.54425
-5.5449
-5.54457
-5.5436
-5.54522
-5.54328
-5.54781
-5.54749
-5.54587
-5.5449
-5.54426
-5.5449
-5.54588
-5.5462
-5.54685
-5.54879
-5.55008
-5.54814
-5.54554
-5.54651
-5.54651
-5.5491
-5.54878
-5.54878
-5.54684
-5.54619
-5.54554
-5.54619
-5.54651
-5.54845
-5.54878
-5.5491
-5.55007
-5.55072
-5.54846
-5.54911
-5.54943
-5.54749
-5.54879
-5.54878
-5.55008
-5.54781
-5.54716
-5.54554
-5.54521
-5.54424
-5.54392
-5.54425
-5.54263
-5.54489
-5.54683
-5.54586
-5.54424
-5.54489
-5.54456
-5.54327
-5.54295
-5.54295
-5.54198
-5.54489
-5.54619
-5.54878
-5.54846
-5.55008
-5.55072
-5.54943
-5.55202
