-6.3635
-6.35912
-6.35138
-6.33988
-6.32302
-6.29966
-6.27013
-6.23374
-6.19036
-6.13844
-6.0768
-6.0053
-5.92746
-5.84384
-5.75579
-5.6716
-5.5936
-5.52804
-5.47554
-5.43917
-5.41786
-5.41146
-5.41561
-5.42799
-5.44526
-5.464
-5.48344
-5.50142
-5.51696
-5.5304
-5.54112
-5.55131
-5.55962
-5.56695
-5.57266
-5.5779
-5.58164
-5.5832
-5.58375
-5.58336
-5.58185
-5.58203
-5.58294
-5.58539
-5.58869
-5.59399
-5.5994
-5.60479
-5.6082
-5.61231
-5.6135
-5.61439
-5.61421
-5.61287
-5.61122
-5.61108
-5.61126
-5.61209
-5.61438
-5.61678
-5.61995
-5.62312
-5.62585
-5.62827
-5.62955
-5.62835
-5.62534
-5.6213
-5.61586
-5.61088
-5.60657
-5.60497
-5.60362
-5.60187
-5.59904
-5.59379
-5.58736
-5.57993
-5.57469
-5.57139
-5.56948
-5.57156
-5.5775
-5.58713
-5.59927
-5.61328
-5.62638
-5.63999
-5.65341
-5.66457
-5.67381
-5.6808
-5.68508
-5.68667
-5.68536
-5.68171
-5.67578
-5.66831
-5.65789
-5.64566
-5.63226
-5.61844
-5.60295
-5.58761
-5.57319
-5.55944
-5.54796
-5.53901
-5.53296
-5.52901
-5.52761
-5.52824
-5.53041
-5.53461
-5.54099
-5.54936
-5.5613
-5.57456
-5.58962
-5.60642
-5.62401
-5.64053
-5.65425
-5.66593
-5.67314
-5.67703
-5.67699
-5.67259
-5.66386
-5.65303
-5.64034
-5.6261
-5.61204
-5.59792
-5.58476
-5.57257
-5.56144
-5.55367
-5.54912
-5.5481
-5.55082
-5.55746
-5.56817
-5.58254
-5.59785
-5.61434
-5.6315
-5.6462
-5.65758
-5.66554
-5.66981
-5.6711
-5.66916
-5.66497
-5.65737
-5.64789
-5.63711
-5.62523
-5.61352
-5.60104
-5.58852
-5.57732
-5.56664
-5.55846
-5.5534
-5.55209
-5.55486
-5.56004
-5.56742
-5.57629
-5.58372
-5.59021
-5.59484
-5.59579
-5.59386
-5.58917
-5.58145
-5.57117
-5.55936
-5.5463
-5.53577
-5.52594
-5.52085
-5.52009
-5.52443
-5.53396
-5.54683
-5.56162
-5.57582
-5.59127
-5.60286
-5.61137
-5.61619
-5.61755
-5.61594
-5.61032
-5.60258
-5.59308
-5.58402
-5.57529
-5.5684
-5.56329
-5.56102
-5.56101
-5.56321
-5.56756
-5.57325
-5.57985
-5.58683
-5.59245
-5.59683
-5.59925
-5.5996
-5.59739
-5.59343
-5.58744
-5.57929
-5.57091
-5.56316
-5.55642
-5.55175
-5.54951
-5.55065
-5.55118
-5.5538
-5.55675
-5.55901
-5.562
-5.56368
-5.56483
-5.56611
-5.56634
-5.56751
-5.56833
-5.56807
-5.56748
-5.5658
-5.56367
-5.56113
-5.55777
-5.55352
-5.54979
-5.54735
-5.54744
-5.55081
-5.55686
-5.56566
-5.57628
-5.58752
-5.59962
-5.6109
-5.62119
-5.62952
-5.63548
-5.63801
-5.63741
-5.63409
-5.6276
-5.61992
-5.61099
-5.60037
-5.58977
-5.58039
-5.57035
-5.56263
-5.55554
-5.55036
-5.54727
-5.54499
-5.54285
-5.54192
-5.5418
-5.54196
-5.54256
-5.54343
-5.54534
-5.54645
-5.54903
-5.55183
-5.55615
-5.55898
-5.56176
-5.56301
-5.56129
-5.5592
-5.55751
-5.55361
-5.5499
-5.54825
-5.548
-5.54795
-5.54798
-5.54824
-5.54899
-5.54792
-5.54626
-5.54498
-5.54492
-5.54407
-5.54464
-5.5461
-5.54818
-5.5502
-5.55217
-5.55241
-5.55148
-5.54849
-5.54675
-5.54534
-5.54469
-5.54305
-5.54027
-5.53725
-5.53306
-5.5287
-5.52502
-5.52208
-5.51977
-5.51779
-5.51755
-5.51693
-5.51884
-5.52191
-5.52728
-5.53348
-5.53972
-5.54588
-5.55122
-5.55424
-5.55611
-5.55687
-5.55517
-5.5511
-5.5465
-5.54005
-5.53215
-5.52358
-5.51499
-5.50853
-5.50267
-5.49948
-5.49817
-5.49781
-5.49976
-5.50292
-5.50724
-5.51371
-5.52185
-5.52926
-5.53696
-5.54518
-5.55167
-5.55789
-5.56468
-5.56854
-5.57116
-5.57179
-5.57019
-5.56535
-5.55786
-5.5475
-5.53446
-5.52047
-5.50618
-5.49351
-5.48367
-5.4773
-5.47492
-5.47656
-5.48325
-5.4928
-5.5039
-5.51659
-5.52939
-5.54256
-5.55339
-5.56309
-5.56921
-5.57222
-5.5721
-5.57129
-5.56848
-5.56328
-5.55764
-5.55232
-5.54624
-5.54156
-5.53763
-5.53718
-5.53725
-5.53891
-5.54187
-5.54645
-5.55327
-5.56135
-5.56898
-5.57731
-5.58394
-5.58861
-5.59132
-5.59283
-5.59173
-5.59071
-5.58804
-5.5855
-5.58169
-5.57829
-5.57442
-5.57124
-5.56689
-5.56294
-5.55793
-5.55404
-5.55015
-5.54563
-5.54302
-5.54077
-5.54023
-5.54076
-5.54269
-5.54445
-5.54675
-5.55026
-5.55137
-5.55366
-5.55635
-5.55771
-5.55921
-5.56067
-5.56183
-5.56208
-5.56227
-5.56314
-5.5645
-5.56717
-5.5694
-5.57325
-5.57764
-5.58166
-5.58552
-5.5874
-5.58896
-5.58801
-5.58556
-5.58051
-5.57325
-5.56487
-5.55614
-5.54674
-5.53935
-5.53331
-5.53133
-5.53199
-5.5353
-5.54013
-5.54683
-5.55666
-5.5659
-5.57592
-5.58511
-5.59414
-5.60325
-5.61045
-5.61743
-5.62188
-5.62457
-5.62645
-5.62672
-5.625
-5.62091
-5.61692
-5.61213
-5.60646
-5.59985
-5.59253
-5.58549
-5.57799
-5.57135
-5.56602
-5.56102
-5.55748
-5.55603
-5.55538
-5.555
-5.55555
-5.55622
-5.55664
-5.55676
-5.55711
-5.55786
-5.55939
-5.56059
-5.56303
-5.5667
-5.57026
-5.57509
-5.58043
-5.58587
-5.59081
-5.59606
-5.59886
-5.5999
-5.60016
-5.59914
-5.59719
-5.59374
-5.58822
-5.58231
-5.57464
-5.56689
-5.55823
-5.54725
-5.53571
-5.52312
-5.51073
-5.499
-5.48996
-5.48305
-5.47871
-5.47644
-5.47717
-5.47796
-5.48085
-5.48324
-5.4864
-5.49067
-5.49668
-5.50324
-5.51096
-5.52014
-5.53086
-5.54311
-5.55621
-5.57007
-5.58402
-5.59716
-5.60844
-5.61918
-5.62734
-5.63231
-5.63477
-5.63464
-5.63178
-5.62638
-5.61742
-5.60866
-5.59902
-5.59048
-5.58434
-5.57826
-5.57416
-5.57177
-5.57164
-5.5728
-5.57398
-5.57506
-5.57702
-5.5782
-5.57945
-5.57972
-5.57967
-5.57776
-5.57383
-5.56699
-5.55913
-5.55022
-5.54115
-5.5324
-5.52583
-5.52213
-5.52224
-5.52506
-5.53066
-5.53819
-5.54579
-5.55457
-5.56234
-5.56813
-5.57395
-5.5776
-5.5782
-5.57812
-5.57656
-5.57307
-5.56859
-5.56509
-5.56148
-5.55876
-5.5566
-5.55449
-5.55343
-5.55259
-5.55101
-5.54953
-5.54779
-5.54716
-5.54759
-5.55006
-5.55493
-5.56334
-5.5714
-5.57986
-5.587
-5.59381
-5.59671
-5.59579
-5.59232
-5.58611
-5.57863
-5.57083
-5.56395
-5.55878
-5.5536
-5.55091
-5.54985
-5.55145
-5.55494
-5.56005
-5.56685
-5.57461
-5.58189
-5.5885
-5.59402
-5.59841
-5.60245
-5.60407
-5.60576
-5.60764
-5.60905
-5.61165
-5.61399
-5.61643
-5.61909
-5.62277
-5.62707
-5.6292
-5.63116
-5.63153
-5.63074
-5.62708
-5.62218
-5.61453
-5.6062
-5.59521
-5.58196
-5.56893
-5.55606
-5.54442
-5.53524
-5.52867
-5.52482
-5.52423
-5.5266
-5.53044
-5.5363
-5.54139
-5.54745
-5.55167
-5.55378
-5.55356
-5.55093
-5.54644
-5.54026
-5.53177
-5.52241
-5.51263
-5.50399
-5.4986
-5.49261
-5.4883
-5.48618
-5.48482
-5.48453
-5.48333
-5.48166
-5.47965
-5.47747
-5.47719
-5.47867
-5.48101
-5.486
-5.49219
-5.50114
-5.51054
-5.52007
-5.52861
-5.53503
-5.54
-5.54097
-5.53954
-5.5347
-5.52917
-5.52143
-5.51379
-5.50657
-5.50013
-5.4961
-5.49328
-5.49184
-5.49404
-5.4976
-5.50435
-5.51187
-5.5206
-5.5303
-5.54012
-5.54778
-5.55451
-5.55887
-5.56113
-5.56227
-5.56045
-5.55843
-5.55553
-5.55175
-5.54782
-5.5445
-5.53993
-5.53567
-5.53074
-5.52563
-5.51895
-5.51263
-5.50787
-5.5061
-5.50515
-5.50833
-5.51334
-5.52157
-5.53253
-5.54364
-5.555
-5.56561
-5.57427
-5.57952
-5.58184
-5.58048
-5.57512
-5.56621
-5.55242
-5.53695
-5.51926
-5.50034
-5.48112
-5.462
-5.44611
-5.43474
-5.42667
-5.42451
-5.42806
-5.43704
-5.45081
-5.46833
-5.48806
-5.50704
-5.52248
-5.53717
-5.54741
-5.55469
-5.55772
-5.55825
-5.55579
-5.55112
-5.54576
-5.53963
-5.5344
-5.53077
-5.52819
-5.52711
-5.53001
-5.53421
-5.54179
-5.55077
-5.56155
-5.57247
-5.58452
-5.59515
-5.6061
-5.61291
-5.61644
-5.61723
-5.6149
-5.6102
-5.60388
-5.5977
-5.59097
-5.58537
-5.58189
-5.5795
-5.5784
-5.57969
-5.58039
-5.58067
-5.5809
-5.58083
-5.58174
-5.58264
-5.58347
-5.58336
-5.58251
-5.57986
-5.57527
-5.57012
-5.56451
-5.56025
-5.55673
-5.55483
-5.55466
-5.55789
-5.56297
-5.57101
-5.58061
-5.59081
-5.60138
-5.61049
-5.61756
-5.62254
-5.62469
-5.62423
-5.61959
-5.61162
-5.60117
-5.5885
-5.57455
-5.56099
-5.54768
-5.53566
-5.52661
-5.51955
-5.51552
-5.51312
-5.51211
-5.51092
-5.50997
-5.50853
-5.50615
-5.50359
-5.50146
-5.4995
-5.49719
-5.4966
-5.49583
-5.49495
-5.49455
-5.493
-5.49006
-5.48817
-5.48539
-5.48307
-5.4807
-5.47941
-5.47932
-5.4803
-5.48241
-5.48639
-5.49082
-5.4966
-5.50184
-5.50872
-5.51531
-5.52076
-5.52519
-5.52645
-5.52541
-5.52278
-5.51732
-5.51126
-5.50708
-5.50483
-5.50477
-5.50751
-5.51362
-5.52077
-5.53
-5.53887
-5.54747
-5.55427
-5.55975
-5.56295
-5.56309
-5.56034
-5.5536
-5.5443
-5.53105
-5.51643
-5.50077
-5.48406
-5.46752
-5.45153
-5.43873
-5.42848
-5.42058
-5.41495
-5.41158
-5.40933
-5.40904
-5.40975
-5.41162
-5.41448
-5.41793
-5.42295
-5.42938
-5.43698
-5.44619
-5.45546
-5.46472
-5.47379
-5.48142
-5.48803
-5.49315
-5.49772
-5.50213
-5.50615
-5.50992
-5.51314
-5.51628
-5.51784
-5.51981
-5.52072
-5.52227
-5.52199
-5.52184
-5.52312
-5.52392
-5.52509
-5.52476
-5.52338
-5.52115
-5.51685
-5.51142
-5.50496
-5.49921
-5.49363
-5.49045
-5.48774
-5.48746
-5.4885
-5.4917
-5.49597
-5.50186
-5.50807
-5.51368
-5.5199
-5.52471
-5.52978
-5.53472
-5.53843
-5.54184
-5.54498
-5.54721
-5.5484
-5.54774
-5.54626
-5.54349
-5.53891
-5.53236
-5.52419
-5.51484
-5.50526
-5.49585
-5.48817
-5.48045
-5.47577
-5.4718
-5.46882
-5.46495
-5.46305
-5.46046
-5.45703
-5.45186
-5.44801
-5.44469
-5.44344
-5.44446
-5.44753
-5.45303
-5.45678
-5.45863
-5.45876
-5.45622
-5.45149
-5.44709
-5.44392
-5.4424
-5.44684
-5.45576
-5.46773
-5.48156
-5.49554
-5.50864
-5.52095
-5.53182
-5.54007
-5.54791
-5.55225
-5.55451
-5.55257
-5.54808
-5.54239
-5.53409
-5.51663
-5.49236
-5.46047
-5.4237
-5.38496
-5.34593
-5.30756
-5.27222
-5.24175
-5.21533
-5.19529
-5.18084
-5.17183
-5.16662
-5.16649
-5.16899
-5.17266
-5.17488
-5.17406
-5.16781
-5.15752
-5.14389
-5.13153
-5.12147
-5.11512
-5.1149
-5.11964
-5.12763
-5.13618
-5.14351
-5.1493
-5.15222
-5.15118
-5.14507
-5.13733
-5.12559
-5.11154
-5.09813
-5.08696
-5.08206
-5.08652
-5.1016
-5.12652
-5.15727
-5.19068
-5.22318
-5.25217
-5.27537
-5.29239
-5.30452
-5.30973
-5.31135
-5.30915
-5.30536
-5.3035
-5.30005
-5.29951
-5.30109
-5.30373
-5.30676
-5.31233
-5.3186
-5.32626
-5.33346
-5.33917
-5.34438
-5.34695
-5.34881
-5.34782
-5.34384
-5.33632
-5.32456
-5.31147
-5.29774
-5.28548
-5.27669
-5.27017
-5.26473
-5.25748
-5.24955
-5.24089
-5.23558
-5.23425
-5.23944
-5.25103
-5.26829
-5.28842
-5.31027
-5.33138
-5.3492
-5.36438
-5.3727
-5.37842
-5.37663
-5.37117
-5.36274
-5.35228
-5.34061
-5.32645
-5.31126
-5.29358
-5.27668
-5.25977
-5.24291
-5.23041
-5.22105
-5.21372
-5.20875
-5.20695
-5.20905
-5.21028
-5.21308
-5.21644
-5.21971
-5.22508
-5.23271
-5.24315
-5.25555
-5.27042
-5.28407
-5.2972
-5.30889
-5.31582
-5.32038
-5.32013
-5.31537
-5.30718
-5.29552
-5.28366
-5.27003
-5.25471
-5.23885
-5.2254
-5.2121
-5.20163
-5.19436
-5.19049
-5.19031
-5.19416
-5.20067
-5.21167
-5.22301
-5.23388
-5.24226
-5.24706
-5.24502
-5.23769
-5.22571
-5.21103
-5.19618
-5.18318
-5.17613
-5.17545
-5.18157
-5.19205
-5.20614
-5.22067
-5.23561
-5.25083
-5.26382
-5.2763
-5.28501
-5.2885
-5.28508
-5.27437
-5.25799
-5.23811
-5.21767
-5.19836
-5.18518
-5.17743
-5.17579
-5.17748
-5.18166
-5.18715
-5.19077
-5.1947
-5.19709
-5.19726
-5.19659
-5.19502
-5.1948
-5.19433
-5.19405
-5.19339
-5.1938
-5.19494
-5.19751
-5.20225
-5.20907
-5.21969
-5.23283
-5.2488
-5.2681
-5.28728
-5.30502
-5.31628
-5.32313
-5.32433
-5.32146
-5.3148
-5.30544
-5.29556
-5.28537
-5.27655
-5.27001
-5.26778
-5.26742
-5.27039
-5.27364
-5.27661
-5.27737
-5.27612
-5.27415
-5.27215
-5.27023
-5.27003
-5.27205
-5.27565
-5.28125
-5.28259
-5.28169
-5.27716
-5.26937
-5.26015
-5.2502
-5.23909
-5.23127
-5.22478
-5.22268
-5.22381
-5.22951
-5.23963
-5.25483
-5.27607
-5.29945
-5.32434
-5.34692
-5.36496
-5.37784
-5.38208
-5.37946
-5.37026
-5.35521
-5.33713
-5.31673
-5.29614
-5.27496
-5.25346
-5.2334
-5.21462
-5.19522
-5.1778
-5.16551
-5.15675
-5.15499
-5.16085
-5.17618
-5.19956
-5.23098
-5.26641
-5.30093
-5.33166
-5.35335
-5.36388
-5.3655
-5.35739
-5.34406
-5.32927
-5.31629
-5.30779
-5.30372
-5.30487
-5.30788
-5.31349
-5.31786
-5.32209
-5.32428
-5.32486
-5.32449
-5.32263
-5.32048
-5.31674
-5.31093
-5.30448
-5.29631
-5.28522
-5.27114
-5.25667
-5.24374
-5.23372
-5.22887
-5.22839
-5.23079
-5.23314
-5.23603
-5.23828
-5.23948
-5.23873
-5.23842
-5.24088
-5.24118
-5.24354
-5.24711
-5.25122
-5.25404
-5.25615
-5.25534
-5.25051
-5.24736
-5.24535
-5.24712
-5.25268
-5.26141
-5.26748
-5.27215
-5.27412
-5.27322
-5.27046
-5.26805
-5.26573
-5.26296
-5.26171
-5.26042
-5.25799
-5.25522
-5.25168
-5.24735
-5.24205
-5.2373
-5.23236
-5.22658
-5.22044
-5.21572
-5.20973
-5.20385
-5.1968
-5.18856
-5.17898
-5.16855
-5.1587
-5.1508
-5.14555
-5.14216
-5.14071
-5.14191
-5.14518
-5.15147
-5.16089
-5.17418
-5.18815
-5.20337
-5.2157
-5.22509
-5.23098
-5.23315
-5.23111
-5.22355
-5.2128
-5.19991
-5.18606
-5.17535
-5.17032
-5.17279
-5.18286
-5.19956
-5.22043
-5.24498
-5.26944
-5.29181
-5.30888
-5.32093
-5.32436
-5.32128
-5.31151
-5.29596
-5.27523
-5.25213
-5.2265
-5.20262
-5.18089
-5.16482
-5.159
-5.16126
-5.17357
-5.19002
-5.20885
-5.22562
-5.23923
-5.25011
-5.25405
-5.2563
-5.25461
-5.25066
-5.24387
-5.23759
-5.23002
-5.22212
-5.21613
-5.21194
-5.20831
-5.20296
-5.19467
-5.18193
-5.16473
-5.14167
-5.11349
-5.08322
-5.05148
-5.02546
-5.00838
-5.00522
-5.01798
-5.04506
-5.07689
-5.10917
-5.13652
-5.1576
-5.17221
-5.179
-5.17944
-5.17441
-5.16583
-5.15181
-5.13689
-5.12229
-5.10905
-5.09847
-5.09089
-5.08481
-5.08075
-5.07895
-5.07994
-5.08538
-5.09392
-5.10593
-5.11852
-5.13102
-5.14408
-5.15537
-5.16525
-5.1764
-5.18724
-5.19892
-5.21055
-5.22403
-5.23536
-5.24638
-5.25595
-5.26372
-5.26833
-5.27095
-5.27043
-5.26731
-5.26164
-5.25595
-5.24953
-5.24362
-5.23824
-5.23363
-5.23236
-5.23127
-5.22864
-5.22452
-5.21789
-5.20558
-5.18927
-5.1689
-5.14365
-5.11841
-5.09254
-5.07175
-5.05927
-5.0557
-5.05952
-5.06885
-5.0823
-5.09711
-5.11207
-5.12713
-5.14145
-5.15439
-5.16673
-5.17836
-5.18467
-5.18904
-5.18985
-5.18816
-5.18434
-5.17891
-5.17414
-5.17172
-5.17234
-5.17728
-5.18464
-5.19363
-5.20376
-5.21189
-5.2187
-5.22398
-5.22973
-5.23404
-5.24086
-5.24962
-5.25863
-5.2684
-5.27711
-5.28085
-5.28029
-5.2744
-5.26516
-5.25434
-5.24333
-5.23313
-5.22337
-5.21397
-5.20247
-5.19041
-5.17656
-5.16247
-5.14801
-5.13671
-5.12772
-5.12164
-5.12074
-5.12432
-5.13133
-5.143
-5.15795
-5.17407
-5.19116
-5.20723
-5.22206
-5.23478
-5.24515
-5.25238
-5.25672
-5.2592
-5.26022
-5.25876
-5.25293
-5.24277
-5.23044
-5.21573
-5.20055
-5.18887
-5.18561
-5.19101
-5.20368
-5.22245
-5.24341
-5.26275
-5.27904
-5.29164
-5.29905
-5.30399
-5.30436
-5.30089
-5.29423
-5.28646
-5.27714
-5.26593
-5.25573
-5.24473
-5.2344
-5.22364
-5.21458
-5.20512
-5.19541
-5.18574
-5.17558
-5.166
-5.15661
-5.14954
-5.14706
-5.14788
-5.15239
-5.16189
-5.1728
-5.18521
-5.1981
-5.21025
-5.22161
-5.23095
-5.23815
-5.2411
-5.24219
-5.24025
-5.23772
-5.23488
-5.23266
-5.23263
-5.22977
-5.22445
-5.21233
-5.19368
-5.1707
-5.14155
-5.11259
-5.08535
-5.06611
-5.05324
-5.05136
-5.05718
-5.07197
-5.09094
-5.11476
-5.13921
-5.16412
-5.18769
-5.21104
-5.23123
-5.24822
-5.25995
-5.26656
-5.26904
-5.2663
-5.25853
-5.24696
-5.23321
-5.22022
-5.21233
-5.21246
-5.22025
-5.23133
-5.24206
-5.24865
-5.25055
-5.24869
-5.24473
-5.23667
-5.22627
-5.21274
-5.19582
-5.1763
-5.15553
-5.13344
-5.11264
-5.09317
-5.07651
-5.063
-5.05267
-5.04491
-5.03832
-5.032
-5.02592
-5.0203
-5.01322
-5.00947
-5.00572
-5.0059
-5.0109
-5.02254
-5.03942
-5.06137
-5.08732
-5.11302
-5.13654
-5.15489
-5.16742
-5.17307
-5.17053
-5.16289
-5.14979
-5.13383
-5.11888
-5.10432
-5.09256
-5.08363
-5.07615
-5.0757
-5.08382
-5.09998
-5.12455
-5.1538
-5.18297
-5.21072
-5.23592
-5.25746
-5.27603
-5.29116
-5.29878
-5.30017
-5.29461
-5.28358
-5.26954
-5.25766
-5.2518
-5.25062
-5.25315
-5.25806
-5.26427
-5.26899
-5.27237
-5.27753
-5.28354
-5.29236
-5.30325
-5.31345
-5.32268
-5.32587
-5.32248
-5.31256
-5.2936
-5.26607
-5.23174
-5.19617
-5.16235
-5.13209
-5.11055
-5.09603
-5.0879
-5.08656
-5.09099
-5.09858
-5.11099
-5.12734
-5.1457
-5.16369
-5.18225
-5.19796
-5.21204
-5.22145
-5.22816
-5.2305
-5.23124
-5.23029
-5.2276
-5.22603
-5.22531
-5.22536
-5.22599
-5.22724
-5.22904
-5.23253
-5.23635
-5.23915
-5.24036
-5.24046
-5.23873
-5.23556
-5.23178
-5.23027
-5.23073
-5.23413
-5.23983
-5.24537
-5.25233
-5.25683
-5.25896
-5.25871
-5.25604
-5.25231
-5.24812
-5.24222
-5.23581
-5.2305
-5.22608
-5.22325
-5.22066
-5.2205
-5.22046
-5.22135
-5.22464
-5.2301
-5.23583
-5.24203
-5.24877
-5.25362
-5.2562
-5.25416
-5.24808
-5.23873
-5.22674
-5.21468
-5.20636
-5.20101
-5.19853
-5.19847
-5.20047
-5.20274
-5.20474
-5.20588
-5.20725
-5.20446
-5.20016
-5.19576
-5.19209
-5.19053
-5.19189
-5.19443
-5.2006
-5.20762
-5.21554
-5.21901
-5.22157
-5.22295
-5.22398
-5.22552
-5.22973
-5.23388
-5.23612
-5.23531
-5.23198
-5.228
-5.22504
-5.224
-5.22602
-5.23087
-5.23816
-5.24635
-5.25381
-5.25859
-5.26035
-5.2591
-5.25347
-5.24553
-5.23636
-5.22675
-5.21879
-5.21459
-5.21558
-5.22182
-5.23409
-5.25255
-5.2765
-5.30261
-5.32853
-5.35013
-5.36651
-5.37492
-5.37367
-5.36443
-5.34924
-5.3291
-5.30608
-5.28387
-5.26674
-5.25651
-5.25233
-5.25469
-5.26189
-5.27176
-5.28178
-5.29106
-5.29879
-5.30643
-5.31248
-5.31748
-5.31822
-5.31575
-5.30963
-5.30017
-5.28727
-5.27405
-5.26075
-5.25138
-5.24471
-5.2403
-5.23919
-5.23895
-5.23815
-5.23506
-5.23149
-5.22358
-5.21416
-5.20487
-5.19795
-5.19435
-5.19105
-5.18866
-5.1868
-5.18563
-5.18558
-5.18519
-5.18521
-5.18443
-5.18453
-5.18339
-5.18059
-5.17608
-5.17128
-5.16853
-5.16784
-5.17002
-5.17617
-5.18717
-5.20113
-5.21711
-5.23208
-5.24673
-5.25849
-5.26805
-5.2731
-5.27392
-5.27085
-5.2622
-5.24965
-5.23398
-5.21672
-5.19928
-5.18359
-5.17115
-5.16356
-5.16096
-5.16294
-5.16912
-5.1754
-5.18455
-5.19193
-5.19659
-5.19838
-5.19608
-5.19057
-5.18358
-5.17687
-5.17122
-5.1654
-5.16007
-5.1587
-5.16272
-5.17386
-5.18923
-5.20753
-5.22678
-5.24049
-5.25165
-5.25684
-5.25719
-5.25591
-5.25453
-5.25461
-5.25709
-5.26301
-5.2697
-5.27664
-5.28268
-5.28611
-5.286
-5.28143
-5.27337
-5.26049
-5.24419
-5.22614
-5.20973
-5.1942
-5.1824
-5.17089
-5.15981
-5.15163
-5.14834
-5.14974
-5.1553
-5.16245
-5.16722
-5.17115
-5.17124
-5.1681
-5.16451
-5.15982
-5.15425
-5.14909
-5.14385
-5.13733
-5.12916
-5.12038
-5.11157
-5.10524
-5.10237
-5.1061
-5.11444
-5.12997
-5.14979
-5.16927
-5.18678
-5.19769
-5.20266
-5.20143
-5.19544
-5.1875
-5.18053
-5.17753
-5.17735
-5.18177
-5.19073
-5.20359
-5.21758
-5.23098
-5.2431
-5.25183
-5.2586
-5.26332
-5.26548
-5.26396
-5.26049
-5.2556
-5.24916
-5.24072
-5.23342
-5.22979
-5.2263
-5.22068
-5.21351
-5.20462
-5.19435
-5.18573
-5.17791
-5.17246
-5.16904
-5.16625
-5.16159
-5.15543
-5.14387
-5.12975
-5.11437
-5.10045
-5.09063
-5.08709
-5.08772
-5.09074
-5.09582
-5.10075
-5.10339
-5.10448
-5.10608
-5.10786
-5.11068
-5.11461
-5.11916
-5.12278
-5.12488
-5.124
-5.12112
-5.11482
-5.10588
-5.09403
-5.08201
-5.0692
-5.05855
-5.04927
-5.04514
-5.04431
-5.04766
-5.0544
-5.06571
-5.07931
-5.09461
-5.11057
-5.12522
-5.13831
-5.14932
-5.15462
-5.1526
-5.14318
-5.12816
-5.1105
-5.09246
-5.07589
-5.06268
-5.05358
-5.0483
-5.04412
-5.04045
-5.03443
-5.0266
-5.01592
-5.00692
-5.00201
-5.00209
-5.00631
-5.01465
-5.02383
-5.02879
-5.02942
-5.02621
-5.01976
-5.01355
-5.01087
-5.01252
-5.01823
-5.02707
-5.03773
-5.04875
-5.05853
-5.0691
-5.08061
-5.09195
-5.10107
-5.10932
-5.11598
-5.11952
-5.12002
-5.11817
-5.11321
-5.10927
-5.10675
-5.10879
-5.11019
-5.11493
-5.11891
-5.12176
-5.12163
-5.12192
-5.12345
-5.12427
-5.12416
-5.1239
-5.12371
-5.1212
-5.11718
-5.11198
-5.10226
-5.08753
-5.07089
-5.05762
-5.05316
-5.06272
-5.08431
-5.11412
-5.1469
-5.17547
-5.19613
-5.20833
-5.21284
-5.21308
-5.20985
-5.20504
-5.19791
-5.1893
-5.17663
-5.16103
-5.14314
-5.12508
-5.10568
-5.08917
-5.07489
-5.06741
-5.06387
-5.06377
-5.06628
-5.06882
-5.07478
-5.08386
-5.09554
-5.10883
-5.12241
-5.13474
-5.14473
-5.15136
-5.15604
-5.15782
-5.1576
-5.15722
-5.15493
-5.15623
-5.15556
-5.15622
-5.15338
-5.15065
-5.14651
-5.14008
-5.13339
-5.1269
-5.12227
-5.11803
-5.11473
-5.11071
-5.10543
-5.09626
-5.08409
-5.06945
-5.05453
-5.04347
-5.03486
-5.02979
-5.02932
-5.03332
-5.04068
-5.0466
-5.05101
-5.05457
-5.05531
-5.05349
-5.04829
-5.03868
-5.02799
-5.01836
-5.01239
-5.01308
-5.02205
-5.03698
-5.05631
-5.07832
-5.09833
-5.11469
-5.12521
-5.13015
-5.1317
-5.13358
-5.13925
-5.14896
-5.16527
-5.18477
-5.20518
-5.22617
-5.24317
-5.2565
-5.26462
-5.26412
-5.25602
-5.23931
-5.21518
-5.18594
-5.15328
-5.12061
-5.09136
-5.06733
-5.05274
-5.0475
-5.05052
-5.06138
-5.07661
-5.09468
-5.11284
-5.13038
-5.14474
-5.15566
-5.16173
-5.16287
-5.16002
-5.15544
-5.14869
-5.1374
-5.12361
-5.10892
-5.09396
-5.08059
-5.07058
-5.06594
-5.06564
-5.06962
-5.07749
-5.08646
-5.0973
-5.10735
-5.11607
-5.12282
-5.12637
-5.12861
-5.12915
-5.13098
-5.12902
-5.12458
-5.11717
-5.10931
-5.10178
-5.09515
-5.09015
-5.09027
-5.09474
-5.10214
-5.11238
-5.12198
-5.12778
-5.12747
-5.12117
-5.1089
-5.09148
-5.07561
-5.06161
-5.05287
-5.05118
-5.0547
-5.06464
-5.07766
-5.09315
-5.10552
-5.11508
-5.11946
-5.11831
-5.11301
-5.10569
-5.09893
-5.09443
-5.09158
-5.09103
-5.09239
-5.09523
-5.1016
-5.11052
-5.12382
-5.14013
-5.15578
-5.16755
-5.17544
-5.17723
-5.17397
-5.16812
-5.15913
-5.14626
-5.13061
-5.1106
-5.09019
-5.07287
-5.05795
-5.05143
-5.05309
-5.0606
-5.06959
-5.078
-5.08229
-5.08099
-5.07301
-5.05952
-5.04138
-5.024
-5.00935
-5.00042
-4.99871
-5.0044
-5.01149
-5.01653
-5.01742
-5.01173
-5.00323
-4.99255
-4.98315
-4.97652
-4.97399
-4.97648
-4.98475
-5.0011
-5.02518
-5.05652
-5.09005
-5.12392
-5.15502
-5.18168
-5.20227
-5.21961
-5.23371
-5.24512
-5.25564
-5.26253
-5.26651
-5.26568
-5.26128
-5.2515
-5.23674
-5.21808
-5.19565
-5.17049
-5.14217
-5.11449
-5.08761
-5.06547
-5.05608
-5.05963
-5.07347
-5.09419
-5.11627
-5.1371
-5.15562
-5.17101
-5.18186
-5.18988
-5.19492
-5.19797
-5.19988
-5.19741
-5.19234
-5.18491
-5.17625
-5.16566
-5.15438
-5.1408
-5.12609
-5.11191
-5.09719
-5.0854
-5.07573
-5.06995
-5.06879
-5.07159
-5.07682
-5.08431
-5.09234
-5.09946
-5.10521
-5.1076
-5.1053
-5.09992
-5.09199
-5.08779
-5.08786
-5.09404
-5.10461
-5.1155
-5.12935
-5.14543
-5.16203
-5.18103
-5.1985
-5.21111
-5.21896
-5.22034
-5.21775
-5.21126
-5.20476
-5.19946
-5.19379
-5.18863
-5.18053
-5.17027
-5.15672
-5.14032
-5.12064
-5.10109
-5.08038
-5.06273
-5.049
-5.03744
-5.02742
-5.01963
-5.00876
-4.99812
-4.98522
-4.973
-4.96406
-4.96039
-4.96519
-4.97726
-4.99438
-5.01272
-5.03034
-5.04721
-5.06191
-5.07361
-5.07956
-5.08227
-5.08199
-5.07922
-5.07702
-5.07688
-5.07902
-5.08428
-5.09021
-5.09684
-5.10174
-5.10249
-5.09835
-5.08629
-5.06967
-5.05093
-5.03453
-5.02398
-5.02033
-5.0251
-5.0331
-5.04465
-5.05897
-5.07433
-5.08795
-5.09874
-5.10319
-5.10208
-5.09815
-5.09013
-5.08001
-5.06862
-5.05675
-5.04673
-5.04139
-5.04049
-5.04628
-5.05722
-5.07177
-5.08992
-5.10871
-5.12753
-5.14263
-5.15276
-5.15931
-5.16333
-5.16887
-5.17813
-5.19
-5.2026
-5.21049
-5.21225
-5.20699
-5.19282
-5.17265
-5.14943
-5.1233
-5.09684
-5.0719
-5.04832
-5.02585
-5.005
-4.98615
-4.97194
-4.96039
-4.95269
-4.94942
-4.95002
-4.95424
-4.96143
-4.97
-4.98072
-4.99004
-4.99622
-4.99873
-4.9971
-4.9931
-4.99057
-4.98931
-4.99005
-4.98991
-4.98952
-4.98457
-4.97576
-4.96333
-4.94935
-4.93429
-4.92111
-4.91005
-4.90589
-4.91014
-4.92177
-4.94118
-4.96526
-4.99118
-5.01789
-5.0427
-5.06216
-5.07475
-5.07777
-5.06981
-5.05227
-5.02825
-5.0017
-4.97956
-4.9641
-4.95733
-4.95937
-4.96874
-4.98641
-5.0067
-5.0289
-5.05094
-5.07137
-5.08548
-5.0966
-5.10545
-5.11383
-5.12211
-5.12964
-5.13519
-5.13692
-5.13281
-5.12262
-5.1103
-5.09605
-5.08387
-5.07518
-5.07158
-5.0723
-5.075
-5.08008
-5.0856
-5.09112
-5.09849
-5.10652
-5.1149
-5.1226
-5.12593
-5.12806
-5.1289
-5.12971
-5.13235
-5.1388
-5.14948
-5.16525
-5.1876
-5.20875
-5.22624
-5.23355
-5.22938
-5.21452
-5.18975
-5.16019
-5.12917
-5.10238
-5.08411
-5.07454
-5.07414
-5.07991
-5.08817
-5.09309
-5.09396
-5.08651
-5.07124
-5.04888
-5.02279
-4.99607
-4.97296
-4.95551
-4.94563
-4.94527
-4.9531
-4.96954
-4.99349
-5.02337
-5.05486
-5.08549
-5.11198
-5.13313
-5.14753
-5.15479
-5.15475
-5.14725
-5.13139
-5.10783
-5.07756
-5.04381
-5.01174
-4.98476
-4.96351
-4.9514
-4.94563
-4.94604
-4.95258
-4.96381
-4.97946
-4.99783
-5.02033
-5.04532
-5.06752
-5.08566
-5.09776
-5.10683
-5.1115
-5.11536
-5.11909
-5.12462
-5.12965
-5.1341
-5.13619
-5.13515
-5.13143
-5.12493
-5.11615
-5.10661
-5.09347
-5.07833
-5.06281
-5.04534
-5.02875
-5.01309
-5.00234
-4.99658
-4.99704
-5.00368
-5.01714
-5.03785
-5.06656
-5.10267
-5.14284
-5.18188
-5.21619
-5.24077
-5.25637
-5.26188
-5.25734
-5.2433
-5.22176
-5.19333
-5.16055
-5.12634
-5.09473
-5.07103
-5.05891
-5.05835
-5.0638
-5.07296
-5.08073
-5.08809
-5.09414
-5.09822
-5.10099
-5.10288
-5.10372
-5.10267
-5.09837
-5.09131
-5.08046
-5.06319
-5.0391
-5.00876
-4.97471
-4.94012
-4.91226
-4.89469
-4.89366
-4.91069
-4.94408
-4.98389
-5.0209
-5.04702
-5.06016
-5.06496
-5.06879
-5.07551
-5.08887
-5.10935
-5.13316
-5.15769
-5.17896
-5.19262
-5.19967
-5.19709
-5.18376
-5.16227
-5.1324
-5.09779
-5.06372
-5.03513
-5.0181
-5.01361
-5.02183
-5.03689
-5.05451
-5.07138
-5.08336
-5.09008
-5.09299
-5.09156
-5.08674
-5.08049
-5.07277
-5.06307
-5.05372
-5.05016
-5.05154
-5.05744
-5.06602
-5.07821
-5.08835
-5.09336
-5.09139
-5.08208
-5.06932
-5.05872
-5.05642
-5.05954
-5.06577
-5.07143
-5.07172
-5.06737
-5.05849
-5.04635
-5.03534
-5.0284
-5.02798
-5.03532
-5.0488
-5.0633
-5.07451
-5.08111
-5.08117
-5.07204
-5.05656
-5.035
-5.00958
-4.98741
-4.96892
-4.95966
-4.96092
-4.96953
-4.98249
-4.99768
-5.0109
-5.02399
-5.03668
-5.04975
-5.0644
-5.0793
-5.09294
-5.10444
-5.1101
-5.10882
-5.10194
-5.08891
-5.07591
-5.0647
-5.05939
-5.06095
-5.07012
-5.08206
-5.09567
-5.10798
-5.11676
-5.12217
-5.12353
-5.12356
-5.12029
-5.11522
-5.11025
-5.10395
-5.097
-5.0896
-5.08288
-5.07665
-5.07203
-5.06963
-5.06832
-5.06681
-5.0629
-5.0573
-5.04972
-5.0421
-5.03835
-5.04022
-5.04831
-5.06365
-5.07915
-5.09161
-5.09951
-5.10041
-5.09739
-5.09098
-5.08301
-5.07767
-5.0724
-5.06751
-5.06264
-5.06102
-5.06034
-5.06054
-5.05934
-5.05887
-5.05845
-5.0606
-5.0622
-5.06422
-5.06767
-5.06859
-5.06534
-5.05544
-5.03963
-5.01796
-4.99254
-4.96556
-4.94114
-4.92079
-4.90551
-4.89788
-4.89737
-4.90439
-4.917
-4.93453
-4.95393
-4.97339
-4.98773
-4.99829
-5.00234
-5.00407
-5.00414
-5.0049
-5.00719
-5.01367
-5.02358
-5.03687
-5.05227
-5.06612
-5.07827
-5.08737
-5.09361
-5.10061
-5.10884
-5.11814
-5.12904
-5.13927
-5.1465
-5.14943
-5.14773
-5.14789
-5.14745
-5.14745
-5.14612
-5.14293
-5.13656
-5.12691
-5.11411
-5.09899
-5.08034
-5.05792
-5.03433
-5.00941
-4.98715
-4.96868
-4.9598
-4.96387
-4.9779
-5.00136
-5.02693
-5.05135
-5.07165
-5.08756
-5.10047
-5.11148
-5.12584
-5.14393
-5.1641
-5.18471
-5.20062
-5.20982
-5.21083
-5.20363
-5.18851
-5.16917
-5.14672
-5.1234
-5.09832
-5.06969
-5.03893
-5.00656
-4.97876
-4.96129
-4.95898
-4.97091
-4.9939
-5.02206
-5.05251
-5.08369
-5.11366
-5.14115
-5.16359
-5.18142
-5.19324
-5.19782
-5.19731
-5.19282
-5.18609
-5.17706
-5.16715
-5.15833
-5.14967
-5.14133
-5.13534
-5.13144
-5.13185
-5.13451
-5.13821
-5.14184
-5.14279
-5.1402
-5.13482
-5.12889
-5.12214
-5.11698
-5.11456
-5.11453
-5.11125
-5.10583
-5.09727
-5.08788
-5.08098
-5.08369
-5.09451
-5.11067
-5.12871
-5.14294
-5.15092
-5.14978
-5.14024
-5.1258
-5.11077
-5.10038
-5.09674
-5.10255
-5.11249
-5.12345
-5.13119
-5.13264
-5.13123
-5.12605
-5.11922
-5.11239
-5.10743
-5.10582
-5.10535
-5.10824
-5.11594
-5.12411
-5.13398
-5.14249
-5.14852
-5.15138
-5.15031
-5.14624
-5.14008
-5.13338
-5.1272
-5.11998
-5.11137
-5.09874
-5.08306
-5.06377
-5.04361
-5.02868
-5.02617
-5.04024
-5.06597
-5.0989
-5.13229
-5.16214
-5.1845
-5.20094
-5.21082
-5.21286
-5.20564
-5.1927
-5.17287
-5.14879
-5.12098
-5.09618
-5.07398
-5.05947
-5.05005
-5.04328
-5.03651
-5.02708
-5.01577
-5.00726
-5.00343
-5.00819
-5.01672
-5.02837
-5.03831
-5.04533
-5.04879
-5.04684
-5.04307
-5.03924
-5.03566
-5.03395
-5.03622
-5.04103
-5.04733
-5.05436
-5.06235
-5.06769
-5.07324
-5.07729
-5.08001
-5.08069
-5.07926
-5.07376
-5.06584
-5.05529
-5.04678
-5.04329
-5.04581
-5.05368
-5.06477
-5.07688
-5.08441
-5.08913
-5.09204
-5.09551
-5.10036
-5.10573
-5.11021
-5.11601
-5.12242
-5.13189
-5.14326
-5.15552
-5.16696
-5.17632
-5.1837
-5.18757
-5.19028
-5.189
-5.18671
-5.18518
-5.183
-5.18168
-5.18096
-5.1806
-5.18156
-5.1823
-5.18249
-5.18041
-5.17571
-5.16955
-5.16332
-5.15897
-5.15498
-5.1505
-5.14586
-5.14102
-5.1344
-5.12649
-5.11929
-5.1117
-5.10722
-5.10382
-5.10192
-5.1004
-5.09937
-5.09904
-5.09842
-5.09899
-5.0996
-5.10008
-5.09456
-5.0845
-5.06746
-5.04468
-5.02029
-4.99641
-4.9762
-4.96077
-4.95232
-4.95297
-4.95892
-4.96857
-4.9829
-4.99823
-5.01395
-5.03087
-5.05009
-5.06883
-5.08496
-5.09867
-5.10575
-5.1064
-5.10248
-5.09408
-5.08403
-5.07309
-5.06299
-5.05417
-5.04684
-5.04091
-5.03476
-5.02928
-5.02447
-5.02105
-5.02123
-5.02422
-5.0326
-5.04673
-5.06566
-5.08584
-5.10245
-5.11396
-5.11634
-5.11087
-5.10066
-5.09061
-5.08606
-5.09021
-5.1078
-5.13484
-5.16796
-5.20178
-5.23223
-5.25366
-5.26493
-5.26539
-5.25459
-5.23635
-5.21318
-5.18836
-5.16279
-5.14014
-5.12199
-5.10518
-5.09288
-5.08009
-5.06704
-5.05175
-5.03385
-5.01359
-4.99471
-4.97842
-4.96987
-4.97154
-4.98016
-4.99525
-5.0132
-5.03369
-5.05375
-5.07185
-5.08723
-5.09998
-5.10856
-5.11234
-5.11372
-5.11014
-5.10301
-5.09382
-5.08275
-5.07099
-5.05955
-5.05255
-5.04895
-5.04845
-5.04896
-5.04939
-5.0495
-5.04621
-5.04101
-5.03522
-5.02769
-5.02397
-5.0234
-5.02567
-5.03055
-5.03829
-5.04822
-5.06191
-5.07599
-5.0894
-5.09875
-5.10223
-5.09952
-5.08836
-5.07416
-5.05509
-5.03672
-5.01814
-5.00285
-4.98879
-4.97767
-4.97188
-4.97654
-4.99323
-5.02283
-5.06292
-5.10749
-5.15112
-5.18951
-5.21766
-5.23448
-5.23887
-5.23299
-5.22052
-5.20418
-5.18828
-5.17469
-5.16475
-5.16018
-5.15808
-5.15695
-5.1553
-5.15009
-5.14075
-5.12967
-5.1161
-5.10141
-5.08519
-5.06579
-5.04768
-5.03427
-5.0287
-5.03051
-5.04176
-5.05915
-5.08062
-5.10615
-5.13415
-5.16534
-5.19573
-5.22398
-5.24786
-5.26426
-5.27315
-5.27201
-5.26293
-5.24497
-5.21928
-5.18607
-5.14928
-5.11187
-5.07773
-5.05052
-5.03387
-5.02908
-5.03366
-5.04519
-5.06149
-5.07888
-5.0939
-5.10687
-5.11841
-5.12524
-5.12753
-5.12367
-5.11613
-5.10263
-5.08762
-5.07095
-5.05577
-5.04311
-5.03588
-5.03424
-5.03727
-5.04069
-5.04086
-5.03554
-5.0244
-5.00892
-4.98917
-4.96846
-4.9488
-4.93075
-4.91626
-4.90686
-4.90303
-4.90734
-4.91965
-4.93874
-4.96462
-4.99222
-5.01945
-5.04492
-5.06915
-5.08956
-5.10549
-5.11738
-5.12432
-5.12736
-5.12707
-5.12258
-5.1135
-5.10168
-5.08838
-5.07211
-5.05317
-5.0323
-5.00616
-4.97401
-4.93897
-4.90501
-4.87813
-4.86255
-4.86205
-4.87859
-4.90833
-4.94793
-4.9893
-5.02688
-5.0563
-5.07296
-5.0749
-5.06388
-5.04374
-5.021
-5.00288
-4.99385
-4.99547
-5.00321
-5.01509
-5.02848
-5.0441
-5.06139
-5.07937
-5.09659
-5.11313
-5.12728
-5.13757
-5.14146
-5.14011
-5.13385
-5.12368
-5.11211
-5.1002
-5.08977
-5.07907
-5.06691
-5.04942
-5.02376
-4.98788
-4.95081
-4.92127
-4.90584
-4.90762
-4.92071
-4.93901
-4.95645
-4.96983
-4.9781
-4.98095
-4.97811
-4.97167
-4.96568
-4.96493
-4.96959
-4.97818
-4.98882
-4.99992
-5.009
-5.01509
-5.01674
-5.01324
-5.00402
-4.9913
-4.97858
-4.97209
-4.9753
-4.98841
-5.00443
-5.02212
-5.0379
-5.0501
-5.05843
-5.06465
-5.07038
-5.07581
-5.08041
-5.08563
-5.09136
-5.0957
-5.10058
-5.10747
-5.11659
-5.1248
-5.13157
-5.13403
-5.1304
-5.12063
-5.10582
-5.0897
-5.07568
-5.06715
-5.06616
-5.07337
-5.09091
-5.11372
-5.14041
-5.16912
-5.1955
-5.21779
-5.23266
-5.24077
-5.24153
-5.23589
-5.22437
-5.21093
-5.19654
-5.18342
-5.17244
-5.16181
-5.1528
-5.14254
-5.12781
-5.11077
-5.08885
-5.06515
-5.04233
-5.02291
-5.00797
-5.00053
-5.00122
-5.00955
-5.02014
-5.03037
-5.03885
-5.04582
-5.05288
-5.05889
-5.06613
-5.07561
-5.08774
-5.09928
-5.10912
-5.11237
-5.10887
-5.10095
-5.08887
-5.07491
-5.0628
-5.05686
-5.05605
-5.05786
-5.06233
-5.06768
-5.07365
-5.08049
-5.08581
-5.09296
-5.1002
-5.10733
-5.11241
-5.11546
-5.11589
-5.11437
-5.11026
-5.10702
-5.10403
-5.10299
-5.10488
-5.10527
-5.10471
-5.09928
-5.08913
-5.07687
-5.06347
-5.05118
-5.04234
-5.03749
-5.03892
-5.04576
-5.0551
-5.06419
-5.07243
-5.07663
-5.07731
-5.07393
-5.06786
-5.06015
-5.05232
-5.04623
-5.04202
-5.03864
-5.03691
-5.03434
-5.03305
-5.03206
-5.03415
-5.03789
-5.04221
-5.04759
-5.05304
-5.05513
-5.05579
-5.05754
-5.05777
-5.06155
-5.06858
-5.0794
-5.09252
-5.10554
-5.11468
-5.11928
-5.11845
-5.11265
-5.10319
-5.09366
-5.08466
-5.07682
-5.06998
-5.06371
-5.05649
-5.04822
-5.03731
-5.02377
-5.00585
-4.98592
-4.96625
-4.95222
-4.94711
-4.95447
-4.97037
-4.99008
-5.00929
-5.02531
-5.03861
-5.04899
-5.05885
-5.06982
-5.08704
-5.10539
-5.12307
-5.13792
-5.1456
-5.14616
-5.14113
-5.13581
-5.13697
-5.14432
-5.15325
-5.15849
-5.15685
-5.14642
-5.12807
-5.10225
-5.06911
-5.03417
-5.00364
-4.98038
-4.96898
-4.97129
-4.98565
-5.00641
-5.02866
-5.04736
-5.05766
-5.0585
-5.05261
-5.04234
-5.03342
-5.02688
-5.02355
-5.02073
-5.01801
-5.01286
-5.00886
-5.00321
-4.99705
-4.99226
-4.98716
-4.98219
-4.97698
-4.97446
-4.97765
-4.98701
-5.00188
-5.02454
-5.05156
-5.07689
-5.09949
-5.11684
-5.12962
-5.13614
-5.13713
-5.13155
-5.12364
-5.11443
-5.10649
-5.10329
-5.10628
-5.11477
-5.12365
-5.13432
-5.14344
-5.14759
-5.14647
-5.14204
-5.13472
-5.12229
-5.10687
-5.08799
-5.06503
-5.04135
-5.02093
-5.00852
-5.00447
-5.00922
-5.01921
-5.03235
-5.04168
-5.05047
-5.05766
-5.06733
-5.08101
-5.09602
-5.11291
-5.12696
-5.13728
-5.14136
-5.13734
-5.12727
-5.11302
-5.09752
-5.07807
-5.05881
-5.03963
-5.02181
-5.00909
-5.00395
-5.00568
-5.01521
-5.03112
-5.05185
-5.07347
-5.09139
-5.10495
-5.10877
-5.10372
-5.09202
-5.07412
-5.05496
-5.03985
-5.03345
-5.03892
-5.05858
-5.0876
-5.11938
-5.14789
-5.16758
-5.17846
-5.17949
-5.17284
-5.16084
-5.14554
-5.13129
-5.11848
-5.10579
-5.09324
-5.08076
-5.06757
-5.05517
-5.04672
-5.04428
-5.04757
-5.05691
-5.06823
-5.081
-5.09681
-5.11233
-5.12629
-5.13771
-5.14337
-5.14453
-5.14259
-5.13976
-5.13951
-5.14184
-5.14484
-5.14698
-5.14841
-5.15181
-5.15354
-5.155
-5.15609
-5.1556
-5.15334
-5.14701
-5.13508
-5.11783
-5.0946
-5.06604
-5.0333
-5.00256
-4.98222
-4.97958
-4.9956
-5.0281
-5.0703
-5.11494
-5.15424
-5.18419
-5.2023
-5.21076
-5.20629
-5.19532
-5.17695
-5.15424
-5.12774
-5.09933
-5.06898
-5.04061
-5.01489
-4.99337
-4.97918
-4.97321
-4.97366
-4.98306
-4.99696
-5.01623
-5.04079
-5.06573
-5.0898
-5.11033
-5.12415
-5.13046
-5.12792
-5.11604
-5.09962
-5.0806
-5.06196
-5.04773
-5.03869
-5.03702
-5.04107
-5.04776
-5.05338
-5.05801
-5.05849
-5.0578
-5.05783
-5.06097
-5.06651
-5.07684
-5.09001
-5.10163
-5.11089
-5.11418
-5.11013
-5.10284
-5.09483
-5.08869
-5.08811
-5.09079
-5.09404
-5.09998
-5.10595
-5.1109
-5.11582
-5.12042
-5.12449
-5.12682
-5.12728
-5.12524
-5.12158
-5.11908
-5.11627
-5.11429
-5.11514
-5.11708
-5.11933
-5.12153
-5.12296
-5.12373
-5.12326
-5.12031
-5.11758
-5.11062
-5.10164
-5.0919
-5.0817
-5.07179
-5.06446
-5.0579
-5.05373
-5.05028
-5.04682
-5.04263
-5.0361
-5.02648
-5.01419
-5.0041
-4.99821
-4.99779
-5.00395
-5.01423
-5.0295
-5.04742
-5.06672
-5.08666
-5.10494
-5.12058
-5.13177
-5.13837
-5.14011
-5.13959
-5.13721
-5.13849
-5.14639
-5.16113
-5.18204
-5.2041
-5.22321
-5.23556
-5.23662
-5.22775
-5.20906
-5.18353
-5.15518
-5.12629
-5.09772
-5.07164
-5.04921
-5.03153
-5.02262
-5.02145
-5.03
-5.04541
-5.06761
-5.09202
-5.11414
-5.12912
-5.13375
-5.12739
-5.1123
-5.09206
-5.07144
-5.05225
-5.03751
-5.02668
-5.02001
-5.01627
-5.01711
-5.02024
-5.02761
-5.03665
-5.05051
-5.06714
-5.08194
-5.09851
-5.11208
-5.12327
-5.1297
-5.13288
-5.13193
-5.12686
-5.11838
-5.10763
-5.09637
-5.08548
-5.07992
-5.08036
-5.08431
-5.09541
-5.10849
-5.12276
-5.13807
-5.15004
-5.15892
-5.16375
-5.16159
-5.1516
-5.13367
-5.11411
-5.09289
-5.07649
-5.06604
-5.06519
-5.07288
-5.08909
-5.11026
-5.1324
-5.15138
-5.16511
-5.17143
-5.17236
-5.16653
-5.15712
-5.14277
-5.12838
-5.11457
-5.1036
-5.09394
-5.08756
-5.08092
-5.07684
-5.07482
-5.07416
-5.07677
-5.08288
-5.0904
-5.09787
-5.10416
-5.10809
-5.10757
-5.1015
-5.09122
-5.0745
-5.05459
-5.03517
-5.02317
-5.01876
-5.02115
-5.03211
-5.04785
-5.06585
-5.08303
-5.09753
-5.10663
-5.11071
-5.11218
-5.11081
-5.10965
-5.10932
-5.10984
-5.10855
-5.10596
-5.10098
-5.09589
-5.09089
-5.08942
-5.09109
-5.09561
-5.10111
-5.10501
-5.10441
-5.09799
-5.08574
-5.06915
-5.05386
-5.04228
-5.03591
-5.03581
-5.03965
-5.0438
-5.04927
-5.05439
-5.05793
-5.05869
-5.0574
-5.05297
-5.04475
-5.03275
-5.01858
