0.0834513
0.0850092
0.0842106
0.0845043
0.0843446
0.0846083
0.0846445
0.084177
0.0834475
0.0832638
0.0835553
0.0836006
0.0837441
0.0836596
0.0839415
0.0839132
0.0838156
0.0838038
0.083942
0.0838018
0.0835998
0.0833151
0.0833948
0.0834068
0.0834739
0.0835221
0.0835314
0.0836058
0.0835875
0.0834983
0.0834878
0.0835711
0.0834754
0.0835034
0.0836028
0.0835265
0.0834949
0.0834624
0.0834326
0.0834716
0.0834109
0.0833969
0.0834137
0.0834706
0.0834866
0.0833964
0.0833529
0.0834293
0.0834559
0.083479
0.083462
0.0835263
0.0835415
0.0835627
0.0835847
0.0836109
0.0836901
0.0837155
0.0837698
0.083751
0.0837098
0.0837425
0.0837413
0.0837719
0.0837149
0.0836848
0.0837012
0.0837017
0.0837484
0.083762
0.0837782
0.0837687
0.0837388
0.0837595
0.0837463
0.083732
0.0837214
0.0837232
0.0836985
0.0836932
0.0836787
0.0836142
0.0836109
0.0836137
0.0835998
0.083634
0.0836132
0.0836399
0.0836279
0.0836221
0.0836534
0.0836021
0.0835979
0.0835908
0.0835617
0.0835615
0.0835774
0.0835446
0.0835353
0.0835406
0.0835564
0.0835193
0.0834847
0.083487
0.0834861
0.0835008
0.0834762
0.0834703
0.0834667
0.0834496
0.0834441
0.0834264
0.0834181
0.0834645
0.0834453
0.0834289
0.0834131
0.0834463
0.0834337
0.0834267
0.0834083
0.0834155
0.0834252
0.0834287
0.0834278
0.0834333
0.0834444
0.0834627
0.0834692
0.0834814
0.0834359
0.0834301
0.0834438
0.0834329
0.0834114
0.0833965
0.0833689
0.0833633
0.0833495
0.0833753
0.0833934
0.0833973
0.0834274
0.0834399
0.0834607
0.0834684
0.0834775
0.0835101
0.0835199
0.0835257
0.0835174
0.0835037
0.0835142
0.0835205
0.0835291
0.0835282
0.08354
0.0835255
0.0835132
0.0835141
0.0835145
0.0835272
0.0835466
0.0835317
0.0835195
0.0835134
0.0835221
0.0834995
0.0834809
0.083478
0.0834662
0.0834761
0.0834681
0.0834666
0.0834807
0.0834963
0.0834763
0.0834736
0.0834645
0.0834615
0.0834333
0.0834282
0.0834486
0.0834455
0.0834402
0.083441
0.0834415
0.0834403
0.0834435
0.0834306
0.0834565
0.08347
0.08349
0.0834879
0.0834962
0.0834894
0.0835025
0.0835091
0.0835069
0.0835041
0.0835069
0.0835151
0.083498
0.0835012
0.0835058
0.0835009
0.0835068
0.0835184
0.0835234
0.0835327
0.0835257
0.083528
0.0835171
0.0834981
0.0834974
0.0834766
0.0834919
0.0835128
0.0835223
0.0835172
0.0835292
0.0835309
0.0835326
0.0835342
0.0835327
0.0835231
0.0835306
0.0835492
0.0835592
0.0835551
0.0835537
0.0835753
0.0835703
0.083546
0.0835511
0.0835622
0.0835545
0.0835591
0.0835634
0.0835772
0.0835741
0.0835833
0.0835729
0.0835659
0.0835669
0.0835781
0.0835756
0.0835955
0.0835808
0.0835666
0.0835414
0.0835382
0.0835327
0.0835336
0.0835436
0.0835397
0.08353
0.0835118
0.0835197
0.0835296
0.0835255
0.0835252
0.0835363
0.0835294
0.0835262
0.0835296
0.083532
0.0835287
0.0835335
0.0835318
0.0835373
0.0835389
0.0835378
0.083551
0.0835594
0.0835606
0.083557
0.0835646
0.0835615
0.0835403
0.0835334
0.0835286
0.0835328
0.0835347
0.0835375
0.083536
0.0835309
0.0835461
0.0835527
0.0835542
0.0835551
0.0835593
0.0835751
0.0835784
0.0835992
0.0836005
0.0835985
0.0835992
0.0836063
0.0836178
0.0836173
0.0836101
0.0836043
0.0835966
0.083592
0.0835867
0.0835854
0.0835757
0.0835758
0.0835775
0.0835727
0.0835607
0.0835652
0.0835499
0.0835308
0.0835303
0.0835424
0.0835336
0.0835411
0.0835369
0.0835322
0.0835218
0.0835161
0.0835116
0.0835232
0.0835265
0.0835349
0.0835241
0.0835219
0.0835282
0.083531
0.0835352
0.0835364
0.0835315
0.0835255
0.0835181
0.0835186
0.0835123
0.0835211
0.0835291
0.0835212
0.0835272
0.0835384
0.0835285
0.0835366
0.0835361
0.0835401
0.0835398
0.0835286
0.0835224
0.083516
0.0835229
0.0835362
0.0835308
0.0835323
0.0835358
0.0835429
0.0835526
0.0835515
0.0835452
0.0835418
0.083539
0.0835331
0.0835265
0.0835198
0.0835179
0.0835132
0.0835064
0.0835066
0.083499
0.083502
0.0835089
0.0834914
0.0834872
0.0834979
0.0834904
0.0835012
0.0834912
0.0834888
0.0834776
0.0834769
0.0834679
0.0834646
0.0834593
0.0834536
0.0834603
0.0834671
0.0834595
0.0834566
0.083458
0.0834593
0.083461
0.0834523
0.0834463
0.0834465
0.0834423
0.0834521
0.0834529
0.0834547
0.0834464
0.0834428
0.0834411
0.0834399
0.0834369
0.0834457
0.083433
0.083431
0.0834249
0.0834178
0.0834263
0.0834232
0.0834321
0.0834373
0.0834335
0.0834399
0.0834359
0.0834406
0.0834368
0.083431
0.0834348
0.0834428
0.0834361
0.0834288
0.0834306
0.0834257
0.0834187
0.083425
0.0834318
0.0834301
0.0834389
0.0834361
0.0834286
0.0834309
0.083434
0.0834452
0.0834395
0.0834327
0.0834344
0.0834384
0.0834348
0.0834351
0.0834327
0.0834263
0.0834261
0.083419
0.0834268
0.0834325
0.083432
0.083427
0.0834224
0.0834227
0.0834146
0.083418
0.0834218
0.083426
0.0834252
0.0834182
0.0834097
0.083411
0.0834092
0.0834187
0.0834224
0.0834216
0.083422
0.0834131
0.0834063
0.0833959
0.0833957
0.0833952
0.0833847
0.0833828
0.0833803
0.083381
0.0833898
0.0833884
0.0833884
0.0833879
0.0833867
0.0833872
0.0833905
0.0833974
0.0833951
0.0833952
0.0833919
0.0833858
0.0833858
0.0833912
0.0833902
0.0833879
0.0833933
0.0833922
0.0833884
0.0833957
0.0833967
0.083407
0.0834003
0.0834053
0.0834052
0.0834073
0.0834033
0.0833952
0.083394
0.0833953
0.0833911
0.0833882
0.0833906
0.0833934
0.0833906
0.0833885
0.0833936
0.0833998
0.0834039
0.083398
0.0833999
0.0833944
0.0833895
0.0833868
0.0833912
0.0833923
0.0833979
0.0833931
0.0833896
0.0833878
0.0833866
0.0833898
0.0833859
0.0833812
0.0833797
0.0833885
0.0833839
0.0833833
0.0833785
0.0833806
0.0833752
0.0833733
0.083374
0.0833789
0.0833727
0.083373
0.083367
0.0833699
0.0833759
0.0833746
0.0833819
0.0833876
0.0833919
0.0833947
0.0833894
0.083393
0.0833907
0.0833876
0.083386
0.0833937
0.0833932
0.0833972
0.083399
0.0833946
0.0833935
0.0833994
0.0834022
0.0834017
0.0834027
0.0833974
0.0833895
0.0833918
0.0833911
0.0833889
0.0833868
0.0833855
0.0833859
0.0833834
0.0833889
0.0833847
0.0833813
0.0833811
0.0833863
0.083392
0.0834002
0.0834004
0.0834037
0.0834068
0.0834069
0.0834083
0.083408
0.0834108
0.0834164
0.083412
0.0834104
0.0834027
0.0833993
0.0833986
0.083391
0.0833917
0.0833895
0.083392
0.0833915
0.0833943
0.083395
0.0833978
0.0833938
0.0833941
0.0833927
0.0833945
0.0833942
0.0833962
0.0833991
0.0833942
0.0833973
0.0834006
0.0834035
0.0833986
0.0833995
0.0834062
0.0834053
0.0834041
0.0834025
0.0834051
0.0833973
0.0833993
0.0833957
0.0833975
0.0833963
0.0833985
0.0833961
0.0833957
0.0833924
0.0833896
0.0833871
0.083389
0.0833884
0.0833939
0.0833973
0.0833903
0.0833872
0.0833912
0.0833935
0.0833969
0.0833987
0.0834054
0.0834056
0.0834045
0.083401
0.0834005
0.0834024
0.0834012
0.0834041
0.0834041
0.0834068
0.0834125
0.0834162
0.0834137
0.0834111
0.083409
0.0834071
0.0834062
0.0834017
0.0834018
0.0834075
0.0834044
0.0834016
0.0834002
0.0833943
0.0833944
0.0833933
0.0833997
0.0833938
0.0833946
0.083396
0.0833975
0.0833988
0.0833981
0.0833969
0.083392
0.0833843
0.0833896
0.0833877
0.0833903
0.0833933
0.0833966
0.083399
0.0834037
0.083408
0.0834043
0.0834073
0.0834003
0.0833964
0.0833943
0.0833966
0.0833971
0.0833994
0.0833999
0.083402
0.0834068
0.0834083
0.0834066
0.0834047
0.0833993
0.0833997
0.0833961
0.0833965
0.083396
0.0833951
0.083392
0.0833903
0.0833922
0.0833903
0.0833866
0.0833846
0.0833835
0.0833865
0.0833914
0.0833887
0.0833913
0.0833939
0.0833937
0.0833961
0.0833985
0.0833892
0.0833964
0.0833905
0.083391
0.083384
0.0833858
0.08338
0.0833752
0.0833758
0.0833758
0.0833784
0.0833751
0.0833751
0.0833742
0.0833707
0.0833705
0.0833752
0.0833713
0.0833759
0.0833795
0.0833799
0.0833768
0.0833748
0.0833747
0.0833763
0.0833784
0.083381
0.0833841
0.0833883
0.0833847
0.083386
0.0833833
0.0833837
0.0833898
0.0833927
0.0833947
0.0834011
0.083403
0.0833985
0.0833957
0.0833953
0.0833957
0.0834002
0.0834043
0.0834054
0.0834042
0.0834041
0.0834035
0.083399
0.0833974
0.0834002
0.0834045
0.0834041
0.0834006
0.0833958
0.0833944
0.0833965
0.0833953
0.0833947
0.083389
0.083391
0.0833928
0.0833928
0.0833905
0.0833935
0.08339
0.0833904
0.0833882
0.0833909
0.0833932
0.0833906
0.0833908
0.0833895
0.0833901
0.0833889
0.0833886
0.0833931
0.0833983
0.0834007
0.0833968
0.0833941
0.0833884
0.083389
0.0833883
0.0833874
0.0833838
0.0833821
0.0833827
0.083381
0.0833813
0.0833824
0.0833792
0.0833747
0.0833754
0.0833727
0.0833687
0.0833664
0.0833643
0.0833663
0.083366
0.0833708
0.0833721
0.0833692
0.0833719
0.0833705
0.0833739
0.0833774
0.0833731
0.0833683
0.083371
0.0833707
0.0833753
0.0833722
0.0833701
0.0833732
0.083374
0.0833711
0.0833682
0.0833667
0.0833647
0.083366
0.0833658
0.0833663
0.0833667
0.0833648
0.083366
0.0833689
0.0833637
0.0833658
0.0833685
0.0833703
0.0833717
0.0833714
0.0833707
0.0833715
0.0833757
0.0833769
0.0833799
0.0833788
0.0833776
0.0833783
0.0833833
0.0833833
0.0833822
0.0833821
0.0833858
0.0833848
0.0833812
0.0833802
0.0833765
0.0833799
0.083373
0.0833755
0.0833784
0.0833789
0.0833848
0.0833867
0.083387
0.0833881
0.083389
0.0833901
0.0833938
0.0833924
0.0833944
0.0833974
0.0833964
0.0833956
0.083398
0.0834037
0.0834072
0.0834059
0.0834075
0.0834067
0.0834056
0.0834054
0.083406
0.0834047
0.0834045
0.0834025
0.0834052
0.083412
0.0834135
0.0834106
0.08341
0.0834076
0.0834055
0.0834033
0.083403
0.0834034
0.0834044
0.0834062
0.0834043
0.0834047
0.0834102
0.0834102
0.0834069
0.0834073
0.0834047
0.0834071
0.0834155
0.0834149
0.0834191
0.083418
0.0834136
0.0834102
0.0834118
0.083412
0.0834069
0.0834076
0.0834023
0.0834004
0.0834001
0.0834014
0.0834004
0.0833993
0.0834003
0.0834013
0.083403
0.0834032
0.0834035
0.0834007
0.0834027
0.0834001
0.0834005
0.0834004
0.0833996
0.0833978
0.0833995
0.0833968
0.0833979
0.0833951
0.0833944
0.0833944
0.0833929
0.0833903
0.0833872
0.0833873
0.0833905
0.083394
0.0833938
0.0833963
0.0833985
0.0833962
0.083395
0.0833979
0.0834004
0.083401
0.0834029
0.0834025
0.0834042
0.0834037
0.0834078
0.0834068
0.0834061
0.0834081
0.0834104
0.0834098
0.0834098
0.0834129
0.0834127
0.0834126
0.0834145
0.0834116
0.0834095
0.0834098
0.0834084
0.0834102
0.0834141
0.083414
0.0834134
0.0834156
0.0834131
0.0834091
0.0834098
0.0834088
0.0834101
0.0834128
0.083412
0.0834103
0.0834077
0.0834041
0.0834048
0.0834056
