0.506394
0.505419
0.506531
0.50366
0.502191
0.500854
0.503536
0.504052
0.503583
0.501214
0.499985
0.50016
0.500513
0.500319
0.500069
0.502089
0.501955
0.50203
0.50241
0.502239
0.502193
0.502628
0.501909
0.501397
0.501469
0.500565
0.500407
0.500215
0.500182
0.500143
0.499822
0.499685
0.499734
0.499716
0.500207
0.500321
0.500405
0.500574
0.500453
0.500522
0.500891
0.501175
0.501354
0.501247
0.501008
0.501151
0.501207
0.501334
0.501198
0.501583
0.501586
0.501462
0.501321
0.501434
0.501337
0.501292
0.501591
0.501867
0.501889
0.501892
0.502039
0.50228
0.502342
0.502278
0.502368
0.502462
0.502576
0.502263
0.502119
0.502078
0.502065
0.501637
0.501591
0.501591
0.501622
0.501501
0.501553
0.501685
0.501712
0.501896
0.501825
0.50158
0.501557
0.501375
0.501241
0.501197
0.501336
0.501387
0.501342
0.501367
0.501434
0.501335
0.501397
0.501369
0.501288
0.501285
0.501435
0.501277
0.50149
0.501438
0.501351
0.501327
0.501245
0.501351
0.501361
0.501184
0.501172
0.501065
0.501064
0.501204
0.50124
0.501203
0.50117
0.501284
0.501258
0.501
0.500975
0.50095
0.501036
0.501002
0.501019
0.501077
0.501103
0.50095
0.50104
0.501046
0.501087
0.501179
0.501301
0.501198
0.50128
0.501308
0.501332
0.501418
0.501396
0.501323
0.501218
0.501259
0.501202
0.501178
0.501201
0.501304
0.501249
0.501193
0.501188
0.501143
0.501102
0.500999
0.500998
0.50097
0.500866
0.500807
0.50082
0.500742
0.500675
0.500597
0.500581
0.500611
0.500612
0.500629
0.500727
0.500772
0.500703
0.500632
0.500641
0.50056
0.500558
0.500548
0.500638
0.500749
0.500697
0.500671
0.500633
0.50057
0.500565
0.500522
0.500507
0.500567
0.500602
0.500627
0.500696
0.500731
0.50069
0.500717
0.500681
0.500638
0.500713
0.500769
0.50076
0.500728
0.500738
0.500756
0.500749
0.500797
0.50079
0.500794
0.500864
0.50085
0.500806
0.500841
0.500773
0.50078
0.50085
0.500901
0.500859
0.500811
0.500887
0.500888
0.500887
0.500899
0.500943
0.500886
0.500876
0.50082
0.50079
0.500823
0.500843
0.500899
0.500898
0.500856
0.500756
0.500737
0.500735
0.500773
0.500764
0.500732
0.500737
0.500698
0.500633
0.500542
0.500576
0.500577
0.500574
0.500582
0.500566
0.500551
0.500497
0.500551
0.500565
0.500632
0.500639
0.500683
0.50064
0.500663
0.500689
0.500757
0.500753
0.500772
0.500783
0.500811
0.50088
0.500854
0.500875
0.500842
0.500827
0.500757
0.500736
0.500743
0.500748
0.500758
0.500816
0.500817
0.500822
0.500865
0.500898
0.500873
0.500955
0.501023
0.501016
0.50103
0.500982
0.500994
0.501064
0.501061
0.501119
0.501203
0.501182
0.501202
0.501213
0.501211
0.501192
0.501141
0.501107
0.501118
0.501169
0.501202
0.501242
0.501239
0.501193
0.501216
0.501216
0.501228
0.501171
0.501197
0.501231
0.501214
0.501258
0.501176
0.501149
0.501149
0.501105
0.501086
0.501105
0.501115
0.501155
0.501151
0.501144
0.501162
0.501146
0.501156
0.501193
0.501129
0.501179
0.501167
0.501096
0.501074
0.501058
0.501025
0.501056
0.501044
0.501032
0.501014
0.50098
0.500969
0.500894
0.500888
0.50091
0.500889
0.500872
0.500895
0.500881
0.500844
0.500834
0.500838
0.50084
0.50085
0.50084
0.500839
0.500797
0.500811
0.500808
0.500805
0.500775
0.500762
0.500719
0.500694
0.500729
0.500746
0.50073
0.500698
0.500726
0.500758
0.500769
0.500767
0.500759
0.50076
0.500758
0.50078
0.500771
0.500753
0.500748
0.50074
0.500761
0.50074
0.500761
0.500759
0.500737
0.500748
0.500785
0.500844
0.500875
0.500877
0.500867
0.500836
0.500828
0.500815
0.500832
0.500871
0.500826
0.500838
0.500848
0.500901
0.500948
0.500953
0.500958
0.500977
0.500975
0.50094
0.50092
0.500927
0.500955
0.500975
0.500983
0.50096
0.500989
0.50098
0.500945
0.500923
0.500899
0.50089
0.500925
0.500931
0.50094
0.500937
0.500917
0.500913
0.500934
0.500934
0.500948
0.500921
0.50094
0.500986
0.500959
0.500935
0.500921
0.500916
0.500926
0.500922
0.500945
0.500949
0.500952
0.50097
0.500975
0.500967
0.50096
0.500938
0.500932
0.500905
0.500922
0.500905
0.500881
0.500865
0.500849
0.500851
0.500817
0.500795
0.500811
0.500831
0.500822
0.500779
0.500813
0.500801
0.500833
0.500843
0.500858
0.500841
0.500847
0.500847
0.500878
0.500906
0.50092
0.500926
0.50092
0.500903
0.500919
0.500898
0.500847
0.500879
0.500856
0.50087
0.500828
0.500814
0.500807
0.500809
0.500816
0.500813
0.500813
0.500801
0.500746
0.500767
0.500754
0.500755
0.500738
0.500687
0.500674
0.500651
0.500662
0.500633
0.500622
0.50061
0.500578
0.500551
0.500535
0.500539
0.500537
0.50053
0.500556
0.500571
0.500572
0.50058
0.500591
0.500574
0.500592
0.500604
0.500613
0.500618
0.500613
0.50062
0.500619
0.5006
0.500578
0.500604
0.500557
0.500545
0.500562
0.500551
0.500553
0.500542
0.500527
0.500519
0.500506
0.500486
0.500506
0.500517
0.500531
0.500577
0.500578
0.500555
0.50054
0.50053
0.50053
0.500551
0.500569
0.500567
0.500548
0.500563
0.500546
0.500535
0.500527
0.500524
0.500507
0.500506
0.50049
0.50048
0.500491
0.500481
0.500467
0.500481
0.500456
0.500427
0.500423
0.50041
0.500409
0.500405
0.500434
0.500439
0.500436
0.500429
0.500446
0.500456
0.500469
0.500479
0.500489
0.500469
0.500479
0.500458
0.500471
0.500467
0.500479
0.500468
0.500467
0.500443
0.500452
0.500465
0.500468
0.50044
0.50045
0.500437
0.500459
0.500461
0.500448
0.500425
0.500436
0.500444
0.500453
0.500445
0.500447
0.500428
0.500423
0.500454
0.500431
0.500446
0.500444
0.500457
0.500469
0.500463
0.500459
0.500466
0.50045
0.500478
0.500497
0.500503
0.500509
0.500484
0.500482
0.50046
0.500434
0.500409
0.500427
0.500454
0.500454
0.500463
0.500453
0.500435
0.500443
0.500442
0.500425
0.500417
0.500404
0.50039
0.50039
0.500375
0.500403
0.500386
0.50038
0.500382
0.500346
0.500327
0.500341
0.500353
0.500347
0.500347
0.500341
0.500331
0.500322
0.500313
0.500321
0.500298
0.500288
0.500303
0.500287
0.500263
0.500268
0.500276
0.500278
0.500297
0.500295
0.500302
0.50028
0.500273
0.500278
0.500268
0.500271
0.500268
0.500255
0.50024
0.500238
0.500225
0.500201
0.500216
0.500216
0.50022
0.500234
0.500215
0.500214
0.50022
0.500232
0.500223
0.500213
0.500221
0.500199
0.500198
0.500178
0.500186
0.500191
0.500192
0.50018
0.500182
0.500183
0.500193
0.500172
0.50019
0.500189
0.500215
0.500232
0.500248
0.50025
0.500246
0.500239
0.500247
0.500263
0.500249
0.500236
0.500223
0.500222
0.500227
0.500245
0.500241
0.500234
0.500218
0.50021
0.500228
0.500237
0.500276
0.500284
0.500302
0.500288
0.500294
0.500289
0.500281
0.500271
0.500272
0.500257
0.500265
0.500264
0.500275
0.500274
0.500278
0.50029
0.500292
0.500268
0.500286
0.500286
0.500288
0.50028
0.500277
0.500293
0.500303
0.500304
0.500306
0.500323
0.500323
0.500346
0.50034
0.500351
0.500348
0.500343
0.500329
0.500323
0.50032
0.500324
0.500324
0.500318
0.500329
0.500336
0.500332
0.500325
0.500315
0.500329
0.500335
0.500341
0.500332
0.500341
0.500334
0.500337
0.500325
0.500332
0.500332
0.500329
0.500334
0.500321
0.500337
0.50034
0.50035
0.500349
0.500355
0.500364
0.500361
0.500343
0.500324
0.500308
0.500303
0.500296
0.500288
0.500291
0.500306
0.50031
0.500314
0.500312
0.500308
0.500293
0.500312
0.500314
0.500317
0.500321
0.500315
0.500308
0.500291
0.500303
0.500291
0.50031
0.500295
0.500281
0.500293
0.5003
0.500281
0.500265
0.500248
0.500249
0.500246
0.500226
0.500236
0.500229
0.500253
0.500274
0.500274
0.500272
0.500259
0.500248
0.500256
0.500281
0.500276
0.500257
0.500248
0.500233
0.500234
0.500239
0.500245
0.50026
0.500268
0.500266
0.500266
0.500221
0.50021
0.500207
0.500209
0.500218
0.500221
0.500218
0.50023
0.500218
0.500222
0.500222
0.500214
0.500207
0.500198
0.500196
0.500189
0.500189
0.500198
0.500207
0.500204
0.500189
0.500186
0.500191
0.500176
0.500181
0.500158
0.500156
0.500161
0.500143
0.500143
0.500153
0.500166
0.500155
0.500166
0.500161
0.500131
0.500131
0.500109
0.500105
0.500117
0.500122
0.500109
0.500097
0.500078
0.500066
0.50007
0.500066
0.500071
0.500067
0.500055
0.500055
0.500069
0.500069
0.500082
0.500095
0.500095
0.500099
0.500102
0.500091
0.500089
0.500093
0.5001
0.500097
0.500107
0.500093
0.500093
0.500095
0.500101
0.500093
0.50009
0.500097
0.500103
0.500104
0.500108
0.500104
0.500112
0.500106
0.5001
0.50011
0.500101
0.500095
0.500078
0.500081
0.50008
0.500068
0.500069
0.500064
0.500059
0.50005
0.500047
0.500056
0.500068
0.500081
0.5001
0.500104
0.500108
0.500129
0.500129
0.500113
0.500117
0.500113
0.500118
0.500125
0.500118
0.500121
0.500116
0.500119
0.500126
0.500132
0.500128
0.500114
0.500119
0.500118
0.5001
0.500099
0.500082
0.500093
0.500098
0.500102
0.500096
0.500103
0.500103
0.500104
0.500106
0.500091
0.500094
0.500109
0.500107
0.50011
0.500124
0.500131
0.500136
0.500139
0.500138
0.500134
0.500142
0.500136
0.500127
0.50014
0.500132
0.500127
0.500145
0.500171
0.500175
0.500179
0.500182
0.500185
0.500184
0.500174
0.500185
0.500186
0.500179
0.500182
0.500182
0.500166
0.500157
0.500149
0.500144
0.500152
0.500163
0.500176
0.500162
0.500134
0.500143
0.500144
0.50014
0.500121
0.500144
0.500143
0.500148
0.500139
0.500133
0.50013
0.500139
0.50015
0.500139
0.500127
0.500119
0.500118
0.500117
0.500118
0.500122
0.500115
0.500105
0.50011
0.500116
0.500105
0.500114
