           0           0
           0           0
           0           0
           0           0
           0           0
           0           0
           0           0
           0           0
           0           0
           0           0
           0           0
           0           0
           0           0
           0           0
           0           0
           0           0
           0           0
           0           0
           0           0
           0           0
           0           0
           0           0
           0           0
           0           0
           0           0
           0           0
           0           0
           0           0
           0           0
           0           0
           0           0
           0           0
           0           0
 9.72614e-06 9.72614e-06
  0.00130833 9.21344e-05
   0.0244967 0.000459139
    0.166558  0.00192882
    0.561685  0.00472274
     1.20001   0.0068438
      1.8636  0.00750031
     2.34054  0.00575761
     2.55623  0.00319394
     2.54883  0.00418186
     2.40774  0.00385183
     2.20273  0.00432533
     1.97649  0.00451072
     1.75428  0.00470421
     1.55818  0.00692935
      1.3905  0.00523341
     1.24419  0.00398086
     1.12738  0.00440982
     1.02325  0.00167577
    0.936631  0.00321616
    0.869462  0.00280084
    0.816659  0.00246108
    0.771719  0.00165439
    0.734116  0.00100762
    0.712075  0.00131945
    0.691688  0.00171661
    0.679154   0.0017946
    0.674747    0.002162
    0.671064  0.00227475
    0.675345  0.00266581
     0.68508  0.00333137
     0.70104  0.00307239
    0.720287  0.00301192
    0.746498   0.0033145
    0.779611  0.00249459
    0.814551  0.00228683
    0.853512  0.00253516
     0.89412  0.00225748
    0.936846  0.00210156
    0.976661  0.00124119
     1.02004  0.00197045
     1.05777  0.00229981
     1.09545  0.00212562
     1.13173  0.00259397
     1.16417  0.00206434
      1.1884  0.00214229
     1.20635  0.00169524
     1.21397  0.00216725
      1.2149  0.00245827
     1.20833  0.00127651
     1.19633  0.00181731
     1.17525  0.00165511
     1.14898 0.000941914
     1.12393  0.00196278
     1.09538  0.00165293
     1.06622  0.00217091
     1.03848  0.00167866
      1.0123  0.00184692
    0.987838   0.0019186
    0.965427  0.00186632
    0.945958  0.00190895
    0.929795  0.00116381
    0.917188  0.00139843
    0.906749 0.000778034
    0.894195  0.00125418
     0.88542  0.00132013
    0.886105  0.00169359
