0
0.00155792
0.00120282
0.000899791
0.000715043
0.000640653
0.000542659
0.000662868
0.000934832
0.000856093
0.000827402
0.000756671
0.000710678
0.000663365
0.000678858
0.000635647
0.000605002
0.000570524
0.000557069
0.000546747
0.000557917
0.00060333
0.000581974
0.000557328
0.000538768
0.00051987
0.000500331
0.00048783
0.000471062
0.000463749
0.000448663
0.000442319
0.000439241
0.000427045
0.000426411
0.000421369
0.000411034
0.000401393
0.0003921
0.000384158
0.000379554
0.000370674
0.000362342
0.000358552
0.000350858
0.000354784
0.000349878
0.000350929
0.00034472
0.000338544
0.000332272
0.000332099
0.00032613
0.000320732
0.000315613
0.000311033
0.000315636
0.000311181
0.000310639
0.000305995
0.000303741
0.000300587
0.000295779
0.000292722
0.000293779
0.000290846
0.000286939
0.000282689
0.000282442
0.000278708
0.000275236
0.000271554
0.000269475
0.000266614
0.000263367
0.000260272
0.000257086
0.000253775
0.000251758
0.000248647
0.000245987
0.00025138
0.000248355
0.000245397
0.000242887
0.000242465
0.000240559
0.000239299
0.000236899
0.000234324
0.000233848
0.00023693
0.000234405
0.000232007
0.000231386
0.000228963
0.000227152
0.000227205
0.000225092
0.000222892
0.00022124
0.000222184
0.000222719
0.000220579
0.00021847
0.000216897
0.000216264
0.000214332
0.000212387
0.000211139
0.000209302
0.000208175
0.000206492
0.000209862
0.000208909
0.000207748
0.000206572
0.000207478
0.000206112
0.000204504
0.000203645
0.000202099
0.000200681
0.000199086
0.000197489
0.000195993
0.000194755
0.0001941
0.000192696
0.000191598
0.000195488
0.000194088
0.00019311
0.000191973
0.000191759
0.000190929
0.00019152
0.000190211
0.000189341
0.000189744
0.00018926
0.000187964
0.000189049
0.000188153
0.000187999
0.000186866
0.000185812
0.000187414
0.00018641
0.000185253
0.00018421
0.000183502
0.000182601
0.00018152
0.000180548
0.000179389
0.000178636
0.000178096
0.000177397
0.000176287
0.00017519
0.000174563
0.000174569
0.000174134
0.000173508
0.000172567
0.000171751
0.00017222
0.000172199
0.000171209
0.000170615
0.000169914
0.000169119
0.000168151
0.000167779
0.000167553
0.0001678
0.000166877
0.000166193
0.000165294
0.000166782
0.00016594
0.00016629
0.000165414
0.000164603
0.000163718
0.00016284
0.000161976
0.000161148
0.000160814
0.000162053
0.000161773
0.000162169
0.000161346
0.000160731
0.000160051
0.000159769
0.000159101
0.000158315
0.000157547
0.000156788
0.000156226
0.0001564
0.000155665
0.000154972
0.000154296
0.000153663
0.000153359
0.000152706
0.000152261
0.000151699
0.000150998
0.00015068
0.000151169
0.000150466
0.000151207
0.000151288
0.000152037
0.000151636
0.000151031
0.000150821
0.00015015
0.000149486
0.000148825
0.000148169
0.000147825
0.000147367
0.000147888
0.000147579
0.000146994
0.000146363
0.000147335
0.000146789
0.000148158
0.000147613
0.000147404
0.000146984
0.000146439
0.000145888
0.000145937
0.000145363
0.000145054
0.000144834
0.000144408
0.000143821
0.000143669
0.000143108
0.000143918
0.000144097
0.000144221
0.00014584
0.000145295
0.000144824
0.000144256
0.000144033
0.000143523
0.00014329
0.000143893
0.000143554
0.000143341
0.000142849
0.000142303
0.000142197
0.000141827
0.000141327
0.000140835
0.000140327
0.000139842
0.000139403
0.000138896
0.000138493
0.000137993
0.000137492
0.000137624
0.000137382
0.000136888
0.000136442
0.000136168
0.000135715
0.000136889
0.000136572
0.000136175
0.00013576
0.000135295
0.000134847
0.000134383
0.000134012
0.000134405
0.000134105
0.000133649
0.000133192
0.000132802
0.000133293
0.000132879
0.000134051
0.000133604
0.000133169
0.000132723
0.000132468
0.00013253
0.00013209
0.000131853
0.000131544
0.000131334
0.000130983
0.000130662
0.000130242
0.000130179
0.000129757
0.00012935
0.000129026
0.000129171
0.000128837
0.000129331
0.000130318
0.000129906
0.000130059
0.000129946
0.000129757
0.000129421
0.000129103
0.000129117
0.000128845
0.000128526
0.000128659
0.000128305
0.000128189
0.000128256
0.000127884
0.000127654
0.000127298
0.000126981
0.000126606
0.00012632
0.000126085
0.000125927
0.000125553
0.000125337
0.000125271
0.000125163
0.000125049
0.000124827
0.000124962
0.000124987
0.000124887
0.000124527
0.000124234
0.000123877
0.000124022
0.000123825
0.000123636
0.000123479
0.000123839
0.000123604
0.000123264
0.000122967
0.000122826
0.000122872
0.000122535
0.000122354
0.000122064
0.000121757
0.000121566
0.000121408
0.000121265
0.000120947
0.000120711
0.000120573
0.000120246
0.000120163
0.000119877
0.000119757
0.000120719
0.000120469
0.000120623
0.000120538
0.000120704
0.000120802
0.000120506
0.000120703
0.000120387
0.00012041
0.000120141
0.000119943
0.000119767
0.000119643
0.000119526
0.000119461
0.000119189
0.000118891
0.000118593
0.000118302
0.000118319
0.000118172
0.000117872
0.000117649
0.000117755
0.000117462
0.00011718
0.00011718
0.000116944
0.000116665
0.000116382
0.000116131
0.000116179
0.000116586
0.000116316
0.000116193
0.000116124
0.000116152
0.000115912
0.00011597
0.000115809
0.000115593
0.000115491
0.00011528
0.000115098
0.000114886
0.000114755
0.000114542
0.00011455
0.000114472
0.000114435
0.000114179
0.000114017
0.000113963
0.000113872
0.00011381
0.000113558
0.000113637
0.000113407
0.000113395
0.000113158
0.000112937
0.000113236
0.000113119
0.000113069
0.000112824
0.000112638
0.000112441
0.000112187
0.000111958
0.00011189
0.000111638
0.000111612
0.000111633
0.00011153
0.000111282
0.000111146
0.000110994
0.000110748
0.000110804
0.000110612
0.000110434
0.00011027
0.000110031
0.000110009
0.0001101
0.000109868
0.000109645
0.000109822
0.000109646
0.000109412
0.000109177
0.000109304
0.000109281
0.000109546
0.000109312
0.00010908
0.000109345
0.000109129
0.000108928
0.000108699
0.000108822
0.000108601
0.000108373
0.000108147
0.000107927
0.000107702
0.000107528
0.000107529
0.000107331
0.000107109
0.000106939
0.000106891
0.000106671
0.000106586
0.000106372
0.000106179
0.000106101
0.00010589
0.000105742
0.000105778
0.000105569
0.000105856
0.000105856
0.000105761
0.000105549
0.000105358
0.000105223
0.000105327
0.000105124
0.000104922
0.0001048
0.000104632
0.000104454
0.000104285
0.000104118
0.000103934
0.000103854
0.000103834
0.000103715
0.000103684
0.0001035
0.000103446
0.000103363
0.000103198
0.000103093
0.0001029
0.000102857
0.000102775
0.000102635
0.000102454
0.000102266
0.000102121
0.000102001
0.000101913
0.000101731
0.000101913
0.000101823
0.000101633
0.000101553
0.000101383
0.000101338
0.000101166
0.000100979
0.000100911
0.000100917
0.00010073
0.000100724
0.000100581
0.000100575
0.000100399
0.000100484
0.000100459
0.00010037
0.000100225
0.000100182
0.000100065
9.99106e-05
9.97763e-05
9.96078e-05
9.97221e-05
9.95432e-05
9.94437e-05
9.92818e-05
9.92017e-05
9.903e-05
9.90314e-05
9.88947e-05
9.87195e-05
9.85484e-05
9.85185e-05
9.86568e-05
9.85091e-05
9.83376e-05
9.81881e-05
9.8038e-05
9.7874e-05
9.77031e-05
9.75643e-05
9.75473e-05
9.74655e-05
9.73553e-05
9.71862e-05
9.71589e-05
9.71598e-05
9.73342e-05
9.71661e-05
9.70526e-05
9.69382e-05
9.67715e-05
9.66146e-05
9.64494e-05
9.63239e-05
9.63261e-05
9.62642e-05
9.61133e-05
9.62581e-05
9.61543e-05
9.5994e-05
9.61348e-05
9.5975e-05
9.5839e-05
9.57105e-05
9.55509e-05
9.54326e-05
9.52755e-05
9.51574e-05
9.50854e-05
9.49275e-05
9.47791e-05
9.46391e-05
9.4483e-05
9.43492e-05
9.4236e-05
9.42043e-05
9.41006e-05
9.40013e-05
9.38923e-05
9.38649e-05
9.37158e-05
9.37991e-05
9.36506e-05
9.35055e-05
9.33666e-05
9.32495e-05
9.34182e-05
9.32884e-05
9.32102e-05
9.3079e-05
9.29375e-05
9.28134e-05
9.2695e-05
9.25477e-05
9.24582e-05
9.23523e-05
9.224e-05
9.21138e-05
9.19695e-05
9.1987e-05
9.19051e-05
9.20286e-05
9.19346e-05
9.18763e-05
9.17597e-05
9.16804e-05
9.15538e-05
9.16555e-05
9.15125e-05
9.13772e-05
9.13003e-05
9.11598e-05
9.10392e-05
9.09068e-05
9.08135e-05
9.06731e-05
9.05734e-05
9.06139e-05
9.05525e-05
9.04498e-05
9.03478e-05
9.02333e-05
9.01147e-05
8.99815e-05
8.99599e-05
8.9823e-05
8.98665e-05
8.97843e-05
8.96922e-05
8.95676e-05
8.9622e-05
8.94868e-05
8.93593e-05
8.94565e-05
8.95156e-05
8.93842e-05
8.92617e-05
8.91416e-05
8.9018e-05
8.8888e-05
8.8765e-05
8.87657e-05
8.89647e-05
8.89901e-05
8.88785e-05
8.87842e-05
8.87042e-05
8.86336e-05
8.85351e-05
8.85342e-05
8.85057e-05
8.84516e-05
8.8372e-05
8.85207e-05
8.84767e-05
8.83734e-05
8.82758e-05
8.81489e-05
8.80523e-05
8.7926e-05
8.78242e-05
8.78298e-05
8.77145e-05
8.7604e-05
8.74987e-05
8.75399e-05
8.74153e-05
8.7362e-05
8.72378e-05
8.71148e-05
8.69951e-05
8.69241e-05
8.68189e-05
8.67184e-05
8.66175e-05
8.65738e-05
8.64734e-05
8.63587e-05
8.62892e-05
8.63068e-05
8.62284e-05
8.61452e-05
8.60655e-05
8.59453e-05
8.58594e-05
8.57717e-05
8.6158e-05
8.63442e-05
8.64274e-05
8.63091e-05
8.64769e-05
8.63763e-05
8.64491e-05
8.64671e-05
8.63504e-05
8.62316e-05
8.61535e-05
8.6098e-05
8.598e-05
8.58671e-05
8.5821e-05
8.57041e-05
8.57184e-05
8.56939e-05
8.57012e-05
8.56601e-05
8.5545e-05
8.5486e-05
8.53946e-05
8.52793e-05
8.51804e-05
8.50899e-05
8.50154e-05
8.49596e-05
8.495e-05
8.49155e-05
8.4812e-05
8.47396e-05
8.46274e-05
8.47363e-05
8.4671e-05
8.45819e-05
8.47128e-05
8.46214e-05
8.4628e-05
8.45637e-05
8.44528e-05
8.43422e-05
8.4355e-05
8.43399e-05
8.42362e-05
8.41333e-05
8.40232e-05
8.39157e-05
8.39249e-05
8.38309e-05
8.37663e-05
8.37693e-05
8.36612e-05
8.36295e-05
8.36548e-05
8.35586e-05
8.34762e-05
8.33765e-05
8.32712e-05
8.33629e-05
8.32811e-05
8.31941e-05
8.30874e-05
8.30145e-05
8.29626e-05
8.29314e-05
8.28266e-05
8.27493e-05
8.26869e-05
8.26145e-05
8.25509e-05
8.24464e-05
8.23522e-05
8.22503e-05
8.21557e-05
8.20524e-05
8.20735e-05
8.21328e-05
8.20652e-05
8.20553e-05
8.19971e-05
8.20939e-05
8.19931e-05
8.18938e-05
8.17964e-05
8.17745e-05
8.16902e-05
8.15913e-05
8.15079e-05
8.14075e-05
8.13132e-05
8.12766e-05
8.12996e-05
8.12028e-05
8.1149e-05
8.11482e-05
8.10793e-05
8.10091e-05
8.09354e-05
8.08367e-05
8.08779e-05
8.07893e-05
8.07407e-05
8.06869e-05
8.06013e-05
8.05751e-05
8.05524e-05
8.05695e-05
8.06159e-05
8.05635e-05
8.04665e-05
8.05006e-05
8.04665e-05
8.03962e-05
8.03606e-05
8.02683e-05
8.02249e-05
8.01836e-05
8.01002e-05
8.00296e-05
7.99442e-05
7.98492e-05
7.97559e-05
7.96622e-05
7.95922e-05
7.95075e-05
7.94665e-05
7.95445e-05
7.94791e-05
7.94292e-05
7.93577e-05
7.92766e-05
7.91841e-05
7.90936e-05
7.90044e-05
7.90231e-05
7.89394e-05
7.89057e-05
7.88211e-05
7.8739e-05
7.86504e-05
7.87185e-05
7.86269e-05
7.85438e-05
7.84528e-05
7.84521e-05
7.83683e-05
7.83599e-05
7.8276e-05
7.82687e-05
7.8252e-05
7.84721e-05
7.84242e-05
7.83862e-05
7.82979e-05
7.84312e-05
7.83639e-05
7.82748e-05
7.81929e-05
7.81092e-05
7.80276e-05
7.80266e-05
7.79496e-05
7.7886e-05
7.78555e-05
7.77736e-05
7.76899e-05
7.76389e-05
7.77629e-05
7.7754e-05
7.76765e-05
7.76048e-05
7.75212e-05
7.74421e-05
7.73557e-05
7.72719e-05
7.71968e-05
7.71108e-05
7.70494e-05
7.70105e-05
7.72212e-05
7.71492e-05
7.7117e-05
7.70335e-05
7.69866e-05
7.69303e-05
7.68753e-05
7.67909e-05
7.6707e-05
7.66286e-05
7.65671e-05
7.65064e-05
7.64229e-05
7.65421e-05
7.64582e-05
7.64457e-05
7.63631e-05
7.63233e-05
7.62773e-05
7.6656e-05
7.65753e-05
7.66076e-05
7.65322e-05
7.65725e-05
7.65654e-05
7.64982e-05
7.64156e-05
7.65011e-05
7.64216e-05
7.6519e-05
7.64597e-05
7.6378e-05
7.63057e-05
7.62296e-05
7.61557e-05
7.60802e-05
7.60051e-05
7.59441e-05
7.5863e-05
7.57829e-05
7.57529e-05
7.56979e-05
7.56627e-05
7.55832e-05
7.55029e-05
7.54276e-05
7.53684e-05
7.53081e-05
7.52791e-05
7.52078e-05
7.51775e-05
7.51017e-05
7.50226e-05
7.49578e-05
7.49243e-05
7.491e-05
7.48314e-05
7.48216e-05
7.48247e-05
7.47466e-05
7.47094e-05
7.46636e-05
7.4619e-05
7.45511e-05
7.45273e-05
7.44932e-05
7.44183e-05
7.43648e-05
7.42887e-05
7.42314e-05
7.41565e-05
7.419e-05
7.41195e-05
7.40468e-05
7.39984e-05
7.39568e-05
7.38827e-05
7.38069e-05
7.37984e-05
7.37231e-05
7.36478e-05
7.35967e-05
7.35782e-05
7.3533e-05
7.34588e-05
7.33971e-05
7.33427e-05
7.33747e-05
7.33004e-05
7.32289e-05
7.31892e-05
7.31566e-05
7.31947e-05
7.31242e-05
7.30576e-05
7.29954e-05
7.29722e-05
7.29034e-05
7.2848e-05
7.28218e-05
7.28388e-05
7.27695e-05
7.27007e-05
