0
0.000975434
0.00124642
0.00300341
0.00275126
0.0026139
0.00347441
0.00305291
0.00273295
0.00340415
0.00331548
0.00303163
0.00281098
0.00260967
0.00244235
0.00305001
0.00286812
0.00270512
0.00258682
0.00245996
0.00234034
0.00227343
0.00228835
0.00224989
0.00215921
0.00226315
0.00218344
0.0021127
0.00203881
0.00197007
0.00193239
0.00187603
0.00181896
0.00176474
0.0017823
0.00173589
0.0016904
0.00165397
0.00161558
0.00157619
0.00158104
0.00156888
0.00154233
0.00151063
0.00149589
0.00146997
0.00143943
0.00141484
0.0013923
0.00141746
0.00138939
0.001368
0.00134934
0.00132893
0.00130813
0.00128536
0.00129766
0.0013045
0.00128239
0.00126084
0.00124871
0.0012519
0.00123343
0.00121571
0.00120021
0.00118565
0.00117338
0.00119766
0.00118891
0.00117254
0.00115597
0.00121758
0.00120166
0.00118531
0.00116982
0.00116064
0.00114663
0.00113951
0.00112533
0.00112621
0.00111448
0.00112763
0.00111419
0.00111586
0.00111073
0.00109864
0.00109486
0.00108355
0.00107226
0.00106056
0.00105099
0.00104414
0.00103467
0.00102399
0.00101635
0.00100571
0.00100652
0.00100858
0.00102079
0.00101189
0.00100556
0.000995951
0.000989638
0.000985831
0.000976446
0.000983247
0.000974081
0.000970929
0.000961981
0.00096347
0.000955423
0.000947586
0.000939734
0.000938341
0.00093051
0.000957862
0.000949946
0.000942203
0.000938182
0.000930956
0.000923385
0.000917626
0.000910523
0.000916099
0.000913154
0.000905903
0.000899676
0.000897296
0.000898685
0.000897752
0.000894635
0.000888302
0.000881921
0.000879462
0.000873184
0.000869842
0.000869781
0.000864407
0.000860057
0.000854218
0.000848454
0.00084875
0.000844592
0.00084057
0.000834771
0.000830232
0.000825613
0.00082638
0.000820818
0.000815808
0.000816917
0.000813677
0.000808437
0.000806954
0.000804491
0.000803149
0.000798177
0.000793693
0.000788686
0.000783917
0.000785167
0.000781612
0.000779838
0.00077835
0.000773674
0.00077321
0.000768569
0.000764041
0.000764726
0.000768259
0.000765515
0.000761477
0.000758019
0.000756306
0.000751988
0.000748938
0.000744838
0.000743044
0.000739709
0.000735999
0.000735239
0.000731989
0.000729113
0.000725653
0.000722624
0.00072003
0.00072012
0.000718487
0.000714732
0.000711677
0.000708
0.000704549
0.000700924
0.000698929
0.000695375
0.000691829
0.000691851
0.000688486
0.00068639
0.00068382
0.00068381
0.00068046
0.000680612
0.000679228
0.000677212
0.000675644
0.000676677
0.000673417
0.000670188
0.000667107
0.000665342
0.000664636
0.000661579
0.000660877
0.000658464
0.000656244
0.000653509
0.000652893
0.000649906
0.000648273
0.000653073
0.000650391
0.000647472
0.000645708
0.000642898
0.000640868
0.000638058
0.00063644
0.000636925
0.000640731
0.000638879
0.000636121
0.000633392
0.00063073
0.000628251
0.000625774
0.000625415
0.000625093
0.000622635
0.000623646
0.000621091
0.000620086
0.000618999
0.000616883
0.000614888
0.000616151
0.000613661
0.000611479
0.00060911
0.000607303
0.000608806
0.000606918
0.000604866
0.0006034
0.000601214
0.00060291
0.000600928
0.000598634
0.000596339
0.000594124
0.000594687
0.000592414
0.000590182
0.000589494
0.000588168
0.000586474
0.000589999
0.000591752
0.00058959
0.000587556
0.000587303
0.000585246
0.000587362
0.00058522
0.000585923
0.000589774
0.000588026
0.000586276
0.000584263
0.000582177
0.000580413
0.000580537
0.000579521
0.000577592
0.000577807
0.000576746
0.000576096
0.000574098
0.000573975
0.000572446
0.000570476
0.000568649
0.000569549
0.000568204
0.00056727
0.000565588
0.000565352
0.000569352
0.000568058
0.000566162
0.000566043
0.000564486
0.000562957
0.000561188
0.000560772
0.000558952
0.000557162
0.000555615
0.000554035
0.00055233
0.000551844
0.00055382
0.000554306
0.000552665
0.000555428
0.000554136
0.000552598
0.000551853
0.000550956
0.000549348
0.000547766
0.000546356
0.000545728
0.000544151
0.000547736
0.000546083
0.000544862
0.000543592
0.000542208
0.000541055
0.000539607
0.000539272
0.000537736
0.000536138
0.00053454
0.000533037
0.000531547
0.000529973
0.000530122
0.000528761
0.00052722
0.00052568
0.000525001
0.000523651
0.000523914
0.000522989
0.000522663
0.000521452
0.000520207
0.000519738
0.000519054
0.00051853
0.000517173
0.000515712
0.000514328
0.000512881
0.000511446
0.000510481
0.000509125
0.000508041
0.00050666
0.000505323
0.0005044
0.000503467
0.000502526
0.000501153
0.000500307
0.000499072
0.000499075
0.000501204
0.000500861
0.000499517
0.000498273
0.000497904
0.000496646
0.000495489
0.000494467
0.000494662
0.00049541
0.000494247
0.000493068
0.000494601
0.000495477
0.000494211
0.00049295
0.000492074
0.000490808
0.000490773
0.000489915
0.000488707
0.000488266
0.000487425
0.00048625
0.000485546
0.000485183
0.000484039
0.000484117
0.000483414
0.00048278
0.000481653
0.000481692
0.00048053
0.000479431
0.000478254
0.000477513
0.000476346
0.000475628
0.00047446
0.000473491
0.000473065
0.000472268
0.000473407
0.000473019
0.000472513
0.000471564
0.000470462
0.000469436
0.000468324
0.000467769
0.000466666
0.000465566
0.000464839
0.00046376
0.000462737
0.000461701
0.000461133
0.000460086
0.000459823
0.000459083
0.000458322
0.000457927
0.000457137
0.000456348
0.0004553
0.000455542
0.000455043
0.000454279
0.000453672
0.000452717
0.000453698
0.000453883
0.000453005
0.000453137
0.000452217
0.00045144
0.00045074
0.000449772
0.000448767
0.000448832
0.000448716
0.000447919
0.000446967
0.000446018
0.000445355
0.000444659
0.000444165
0.000446162
0.00044636
0.000445964
0.000445197
0.000446195
0.000445441
0.000444539
0.000443587
0.000442689
0.000441753
0.000440806
0.000440005
0.000442539
0.000442087
0.000441331
0.000440396
0.000439812
0.00044185
0.00044111
0.00044078
0.000440015
0.000440052
0.000439277
0.000438522
0.000438835
0.000438742
0.000438119
0.000437229
0.000436329
0.000435483
0.000435336
0.000434721
0.000433832
0.000433015
0.000432279
0.000431751
0.000431259
0.000430533
0.00042976
0.000428926
0.000428096
0.000427294
0.000426438
0.000426017
0.000425728
0.000425709
0.000427527
0.000426843
0.000426356
0.000425666
0.000424832
0.00042414
0.000423568
0.000422808
0.00042219
0.000421852
0.000421505
0.000420837
0.000420246
0.000421961
0.000421145
0.00042096
0.000420415
0.000419726
0.00041892
0.000418651
0.000418219
0.000417423
0.000417041
0.000416488
0.000416009
0.000415368
0.000414666
0.000413894
0.000413456
0.00041268
0.000412199
0.000411546
0.000410924
0.000410301
0.000409755
0.000409228
0.00040921
0.000409476
0.000408742
0.000408184
0.000407433
0.000406705
0.000406992
0.00040628
0.000405549
0.000404867
0.000404475
0.000403854
0.000403322
0.000402731
0.000402125
0.000401895
0.000401297
0.000401106
0.000400571
0.000399869
0.000399332
0.000398764
0.000398055
0.000398073
0.00039748
0.000396988
0.000396295
0.000396628
0.000396055
0.000395548
0.000395445
0.000394758
0.00039429
0.00039429
0.000393752
0.000393149
0.000392574
0.000391977
0.0003913
0.000391048
0.000390414
0.000391028
0.000391059
0.000390676
0.00039001
0.000389544
0.00038906
0.000388429
0.000387787
0.000387182
0.000386844
0.000387169
0.000386992
0.000386383
0.000385771
0.000385872
0.000385231
0.000385238
0.000385445
0.000385607
0.000385396
0.000385669
0.000385027
0.00038449
0.000384
0.000383766
0.000383218
0.000382587
0.000382333
0.000381801
0.00038138
0.000381023
0.000380399
0.000380042
0.00038046
0.00038022
0.000379663
0.000379054
0.000380127
0.000379977
0.000379594
0.0003792
0.000378642
0.000378034
0.000377467
0.000376987
0.000376502
0.000375996
0.000375466
0.000375524
0.00037507
0.000374773
0.000374535
0.000374711
0.000374156
0.000373656
0.000373071
0.000372976
0.000372395
0.000371881
0.000371978
0.000371453
0.000370906
0.00037047
0.000369903
0.000369337
0.000369016
0.000368749
0.000368184
0.000367843
0.00036801
0.000367726
0.00036716
0.000366626
0.000366305
0.000366203
0.000365644
0.000365123
0.000364795
0.000364361
0.000363958
0.000363499
0.000363618
0.000363069
0.000363123
0.00036268
0.000362162
0.00036162
0.000361283
0.00036075
0.000360212
0.000359813
0.000359932
0.000359867
0.000359332
0.000359702
0.000359561
0.000359401
0.000358874
0.000358361
0.000357907
0.000357474
0.000357296
0.000357043
0.000356762
0.000356463
0.000355944
0.00035546
0.000355388
0.00035489
0.000354451
0.000354275
0.000353848
0.000353765
0.000353385
0.000354962
0.000354551
0.000354469
0.000354233
0.000353781
0.000353315
0.000352884
0.000352529
0.000352026
0.000351831
0.000351423
0.000350926
0.000350625
0.00035013
0.000349654
0.000349359
0.000348877
0.000349226
0.000349196
0.000348705
0.000348221
0.000347824
0.000347347
0.000347218
0.00034689
0.000346407
0.000345932
0.00034589
0.000345411
0.00034572
0.000345292
0.000344981
0.000344515
0.000344082
0.000343874
0.000343467
0.000343004
0.000342552
0.000342083
0.000341659
0.00034137
0.00034097
0.000340535
0.000340132
0.000339837
0.000339675
0.000339269
0.000338869
0.000338553
0.000338239
0.000337856
0.000337415
0.00033717
0.000336787
0.000336336
0.000335902
0.000335504
0.000335318
0.000335258
0.000334821
0.000334546
0.000334104
0.000333705
0.000333385
0.000332959
0.000332991
0.000333112
0.000333019
0.000332628
0.000332258
0.000331919
0.000331496
0.000331414
0.000331001
0.000330594
0.000330167
0.000329769
0.000329663
0.000329792
0.00032937
0.000328959
0.000328563
0.000328203
0.000327849
0.000327898
0.000327718
0.000327547
0.000327687
0.0003276
0.00032746
0.000327253
0.000326912
0.000327075
0.00032704
0.000327075
0.000326664
0.00032627
0.000326472
0.000326235
0.00032592
0.000326437
0.000326662
0.000326251
0.000325845
0.000325713
0.000325492
0.000325206
0.000325715
0.000325339
0.000325488
0.000325207
0.000325158
0.000324754
0.000324394
0.000324046
0.000324013
0.000323701
0.000323308
0.00032291
0.000325644
0.000325442
0.000325056
0.000324669
0.00032438
0.000323998
0.000323615
0.000323451
0.000323263
0.000322884
0.000322492
0.000322194
0.00032187
0.000321607
0.000321223
0.000320932
0.000320545
0.000320286
0.000320033
0.00031967
0.000319617
0.000319249
0.000318899
0.000318828
0.000318484
0.000318958
0.000318584
0.000318241
0.000318352
0.000317974
0.000317747
0.00031762
0.000317443
0.000317259
0.000316917
0.00031794
0.000317566
0.00031794
0.000317586
0.000317438
0.000317102
0.000317012
0.000316849
0.000317061
0.000316932
0.000316589
0.000316249
0.000315922
0.000315572
0.000315455
0.00031509
0.000315037
0.000314673
0.000314571
0.000314482
0.00031412
0.000313784
0.000313441
0.000313274
0.000312923
0.000312586
0.000312309
0.000311971
0.000311803
0.00031179
0.000311435
0.00031109
0.000310791
0.000310533
0.000310197
0.000309929
0.000309623
0.000309277
0.000308948
0.000308625
0.000308381
0.000308095
0.000307796
0.000307601
0.000307377
0.000307089
0.000307233
0.000306904
0.000306562
0.000306461
0.000306121
0.000305819
0.000305522
0.00030532
0.000304994
0.000304788
0.000304679
0.000304651
0.000304848
0.000304542
0.00030424
0.000304608
0.000304273
0.000304383
0.000304077
0.000303767
0.000303478
0.000303218
0.000302961
0.000302639
0.000302346
0.000302031
0.000301794
0.000301521
0.000301226
0.000301197
0.000300911
0.000300588
0.000300794
0.000300472
0.000300647
0.000300546
0.000300261
0.000299968
0.000299703
0.000299452
0.000299132
0.000298814
0.0002985
0.000298556
0.000298252
0.000298331
0.000298027
0.000297729
0.000297747
0.000297517
0.000297246
0.000296943
0.00029663
0.00029635
0.00029614
0.000295873
0.000295711
0.0002957
0.000295521
0.000295241
0.000295443
0.000296329
0.000296042
0.000295755
0.000295464
0.000295172
0.000294868
0.000294722
0.00029463
0.000294327
0.000294109
0.00029382
0.000293516
0.000293659
0.000293497
0.000293292
0.000293038
0.000292842
0.000292775
0.000292755
0.000292779
0.000293837
0.000293669
0.00029337
0.000293099
0.000293401
0.000293986
0.000293689
0.000293425
0.000293243
0.000293016
0.000292729
0.000292552
0.000292468
0.000292371
0.000292321
0.000292131
0.00029184
0.000291548
0.000291258
0.00029099
0.000290782
0.000290661
0.000290409
0.000290181
0.000290103
0.000289979
