0.000206693   0.409726   -0.0179998
-0.198852   0.311211   -0.0465333
-0.0143724   -0.291654   0.189985
-0.377457   0.492583   -0.453256
-0.366527   0.0821265   0.181639
0.182258   0.185768   0.307786
0.108434   -0.296377   0.410232
0.453807   0.122313   -0.443342
0.25715   -0.194308   0.273616
0.350485   -0.0667634   0.47698
-0.0610566   0.0111813   0.440127
0.174725   -0.0400487   0.395752
-0.361348   -0.0668482   -0.237931
-0.444579   0.255917   0.397988
0.454903   0.33042   -0.387182
-0.299065   -0.310343   -0.455345
0.485671   -0.370735   0.465798
0.495275   -0.484349   0.1108
-0.0653387   -0.486449   0.321183
-0.481366   -0.364524   0.292039
0.310228   -0.0274506   -0.0103504
-0.215209   -0.270067   0.178048
0.0931845   0.146164   -0.278666
-0.0889801   -0.010054   -0.0744768
0.170222   0.271805   -0.0098332
0.136791   -0.227694   -0.140756
0.461012   0.124143   -0.022043
0.320269   -0.369154   -0.194393
0.140544   0.371899   0.163989
0.17712   0.433214   0.364803
-0.436372   -0.374972   -0.100339
0.431136   0.469311   -0.0747661
0.122613   0.0477479   -0.443242
0.436936   -0.207504   0.0301763
0.0932249   -0.405311   0.105679
-0.0290264   0.272781   0.307916
0.357212   0.247549   0.414178
-0.230411   0.203513   -0.211338
0.0374575   -0.192864   0.0144713
-0.481783   0.0318306   0.331465
-0.124931   -0.314566   0.434391
-0.371943   0.0168015   -0.491333
-0.163943   -0.454988   -0.414076
-0.494614   -0.118282   0.186691
0.328747   -0.382938   0.251163
-0.498889   0.440083   0.292786
-0.068687   -0.284482   -0.346437
-0.366906   -0.190096   -0.0405042
0.265511   -0.383273   0.471385
0.235218   0.00406637   0.20041
0.193264   -0.167137   -0.386824
-0.350814   0.211313   -0.404602
0.300619   0.149532   -0.154295
-0.499845   -0.0694506   -0.384143
-0.495686   0.107049   -0.24317
0.352949   -0.312264   -0.384557
-0.166433   -0.173459   -0.00664819
0.173941   -0.407717   -0.355874
-0.349656   -0.200438   0.333631
-0.279069   0.134763   0.384268
0.370983   0.442007   0.445652
0.414064   0.129851   0.181632
-0.0339094   0.243028   0.0691833
0.424391   0.318945   -0.190003
-0.242261   0.372371   -0.359162
0.0317379   -0.0801375   -0.33575
0.470941   -0.491481   -0.299689
0.266341   0.490598   0.0708795
-0.434562   0.293409   0.0903539
-0.0738093   -0.34867   -0.0361552
-0.210153   0.143311   0.0493699
-0.158783   -0.00876836   -0.289299
0.12118   0.112441   0.0983638
0.0115801   -0.0476344   0.130565
-0.165649   0.355348   0.441288
-0.457301   -0.308431   -0.297573
-0.124459   -0.472634   0.126381
0.0315667   -0.464257   -0.486233
-0.265319   -0.35973   -0.287046
-0.132248   0.150791   -0.431213
-0.0208541   0.260538   -0.169339
0.44925   -0.205063   0.365385
0.220404   0.313094   -0.422092
-0.182171   0.354523   0.179638
-0.359425   0.052345   -0.058207
0.296466   0.422576   -0.27739
0.359071   0.305865   0.0288316
0.321513   -0.15837   -0.240387
0.255931   -0.312923   -0.0132464
-0.108127   0.104894   0.235459
0.121648   0.0361186   -0.0911114
0.147356   -0.475448   -0.114465
-0.400182   0.229728   -0.110615
-0.138999   -0.134835   0.326138
0.341593   0.382766   0.207522
-0.0239316   -0.481798   -0.206473
-0.0441493   0.336328   -0.393624
-0.340682   0.438609   -0.0117646
-0.273139   -0.344485   0.0112653
0.115495   0.392679   -0.27028
-0.00559619   -0.164041   0.459247
-0.354768   0.428116   -0.205284
0.453177   -0.071281   -0.153139
-0.210859   -0.173991   -0.208892
-0.32183   0.498493   0.265049
0.295808   0.0266611   -0.327742
-0.209063   -0.122385   -0.473916
0.0537596   0.222705   0.462797
