7.67574e-05   0.409482   -0.0179402
-0.199052   0.311337   -0.0466909
-0.0143962   -0.291599   0.189984
-0.377621   0.49273   -0.453287
-0.366335   0.0822372   0.181488
0.182319   0.185703   0.30799
0.108421   -0.296475   0.410238
0.454084   0.122188   -0.44336
0.257239   -0.194419   0.273516
0.350368   -0.0666864   0.476749
-0.0610089   0.0112291   0.440237
0.174668   -0.0400644   0.395972
-0.361291   -0.0667115   -0.237924
-0.444751   0.256079   0.397954
0.454924   0.330455   -0.387261
-0.298827   -0.310194   -0.455499
0.485807   -0.370613   0.466137
0.495194   -0.484218   0.110666
-0.065165   -0.48646   0.321084
-0.481434   -0.364727   0.292038
0.310076   -0.027543   -0.0103958
-0.21512   -0.270168   0.178045
0.0931106   0.146341   -0.2786
-0.0889946   -0.0102601   -0.0747268
0.170184   0.271526   -0.00992297
0.136811   -0.22751   -0.140699
0.460805   0.124193   -0.0223031
0.320316   -0.369223   -0.194285
0.140501   0.371943   0.163727
0.177265   0.433157   0.364763
-0.436507   -0.375006   -0.100352
0.431082   0.468969   -0.0746932
0.122682   0.0475472   -0.443237
0.436978   -0.207529   0.0301805
0.0933836   -0.40515   0.105452
-0.029055   0.272954   0.308149
0.357321   0.24754   0.414302
-0.230416   0.203736   -0.211418
0.0374764   -0.192836   0.0147385
-0.48172   0.0317197   0.331575
-0.124919   -0.314616   0.434352
-0.371985   0.0168073   -0.491447
-0.163872   -0.454945   -0.414021
-0.494711   -0.118451   0.186717
0.328826   -0.382902   0.251133
-0.498752   0.440006   0.292775
-0.0687704   -0.284464   -0.346334
-0.367152   -0.190193   -0.0406034
0.265394   -0.383171   0.4715
0.23532   0.00415551   0.200178
0.193479   -0.167106   -0.386881
-0.350703   0.211729   -0.404644
0.30073   0.149615   -0.154441
-0.499824   -0.0693916   -0.38382
-0.495462   0.106982   -0.243448
0.352909   -0.312174   -0.384454
-0.166194   -0.173389   -0.00652645
0.173963   -0.40786   -0.356063
-0.349544   -0.200485   0.333743
-0.279339   0.134603   0.384381
0.3711   0.441949   0.445619
0.414025   0.129936   0.181582
-0.0340295   0.243023   0.0689779
0.424381   0.31897   -0.189905
-0.242272   0.372346   -0.358959
0.0316887   -0.0798761   -0.335852
0.471167   -0.491521   -0.299753
0.266258   0.490637   0.0707892
-0.434455   0.293447   0.0902299
-0.0740233   -0.348666   -0.0361604
-0.210059   0.143304   0.0493704
-0.158805   -0.0088429   -0.289342
0.120831   0.112634   0.0983233
0.0116506   -0.0474248   0.130549
-0.16577   0.355295   0.441343
-0.457241   -0.308591   -0.297688
-0.124378   -0.472547   0.126564
0.0315311   -0.464101   -0.486335
-0.265242   -0.359924   -0.287047
-0.132278   0.150637   -0.431074
-0.0210452   0.260581   -0.169334
0.449193   -0.205175   0.365512
0.220285   0.312724   -0.42192
-0.182039   0.354438   0.179649
-0.359293   0.0525653   -0.0581763
0.296331   0.422742   -0.277429
0.359229   0.306029   0.0288071
0.32146   -0.158104   -0.240331
0.256009   -0.312993   -0.0133258
-0.108198   0.10456   0.235363
0.121542   0.0361383   -0.0910666
0.147188   -0.475506   -0.114279
-0.400408   0.229475   -0.110455
-0.138766   -0.135228   0.326154
0.341573   0.382775   0.207598
-0.0237898   -0.481901   -0.206295
-0.0443094   0.336314   -0.393715
-0.341076   0.438543   -0.011746
-0.273   -0.344165   0.0114284
0.115713   0.392654   -0.270366
-0.0057135   -0.164182   0.459465
-0.354766   0.428191   -0.205398
0.45336   -0.071267   -0.153218
-0.211018   -0.173798   -0.208826
-0.321892   0.498612   0.264927
0.29564   0.0266564   -0.327413
-0.208878   -0.122419   -0.474115
0.0537787   0.222658   0.462817
