2.84784
2.84017
2.82626
2.80487
2.77423
2.73186
2.67468
2.59924
2.50228
2.38162
2.23768
2.0751
1.9038
1.73771
1.5915
1.47688
1.4
1.36079
1.35372
1.3698
1.39919
1.43329
1.46596
1.49399
1.51685
1.53576
1.55259
1.56879
1.58465
1.59913
1.61045
1.61701
1.61832
1.61531
1.61012
1.60525
1.60306
1.6054
1.61307
1.62525
1.63953
1.65272
1.66204
1.66624
1.66613
1.66404
1.66258
1.66334
1.66633
1.67046
1.67433
1.67706
1.67824
1.67766
1.67489
1.66922
1.65987
1.64679
1.63145
1.61728
1.60821
1.60603
1.60858
1.61118
1.60969
1.60251
1.59082
1.57783
1.56768
1.56386
1.56789
1.57873
1.59322
1.60753
1.61878
1.62587
1.62937
1.63047
1.63021
1.6292
1.62796
1.62698
1.6264
1.62603
1.62548
1.62439
1.6227
1.62034
1.61699
1.61205
1.60512
1.59661
1.58782
1.58054
1.57618
1.57521
1.57723
1.58163
1.58787
1.59546
1.60404
1.61372
1.62516
1.63909
1.65567
1.67426
1.69356
1.71176
1.72683
1.7368
1.74021
1.73638
1.72562
1.70909
1.68859
1.66637
1.64489
1.62651
1.61305
1.60524
1.60227
1.60207
1.60191
1.59925
1.59232
1.58028
1.5632
1.5419
1.51797
1.49387
1.4731
1.45986
1.45801
1.46963
1.49408
1.52815
1.56711
1.60601
1.64096
1.66973
1.69168
1.70669
1.71435
1.71416
1.70614
1.69122
1.67077
1.6461
1.6183
1.58845
1.5581
1.52959
1.50593
1.48993
1.48325
1.4856
1.49489
1.50794
1.52159
1.5333
1.54134
1.54454
1.54215
1.53391
1.52041
1.50319
1.48457
1.4667
1.45085
1.43739
1.42633
1.41788
1.41246
1.41043
1.41188
1.41662
1.42456
1.43607
1.45195
1.47306
1.49972
1.53119
1.56534
1.59886
1.62776
1.64827
1.65795
1.65632
1.64504
1.62768
1.60888
1.59325
1.58401
1.58204
1.58574
1.59193
1.59727
1.59918
1.59611
1.58741
1.57317
1.55419
1.53212
1.50942
1.48916
1.47452
1.46827
1.47214
1.48624
1.50844
1.53453
1.55936
1.5785
1.58918
1.59034
1.58206
1.56525
1.54165
1.51428
1.48764
1.46695
1.45679
1.45962
1.47488
1.49913
1.52752
1.55542
1.57937
1.59725
1.60807
1.6118
1.60932
1.60235
1.59319
1.58425
1.5775
1.57391
1.57315
1.57357
1.57295
1.56945
1.56255
1.55338
1.54449
1.53897
1.53913
1.54529
1.5555
1.56633
1.57435
1.57731
1.57435
1.56593
1.55342
1.5386
1.52331
1.50921
1.49767
1.48973
1.48597
1.48637
1.49024
1.49664
1.50479
1.51429
1.5248
1.53575
1.54631
1.55566
1.56324
1.56898
1.57321
1.57682
1.58109
1.58744
1.5967
1.60863
1.62203
1.63525
1.64677
1.6555
1.66089
1.6629
1.66204
1.65917
1.65514
1.65052
1.64544
1.63967
1.63287
1.62485
1.61598
1.60744
1.60112
1.5992
1.60305
1.61206
1.62366
1.63487
1.64374
1.64932
1.6507
1.64677
1.63663
1.62033
1.59928
1.5762
1.55471
1.53818
1.52851
1.52544
1.52732
1.53248
1.53997
1.54925
1.55976
1.57093
1.58229
1.59317
1.60238
1.60824
1.60906
1.6038
1.59253
1.57649
1.55799
1.54003
1.52571
1.51753
1.51663
1.52262
1.53365
1.54706
1.56008
1.57039
1.5764
1.57744
1.57362
1.56575
1.55509
1.54311
1.53118
1.52058
1.51255
1.50843
1.50945
1.51625
1.52834
1.54409
1.56133
1.5779
1.59223
1.6033
1.61064
1.6145
1.61612
1.61732
1.61936
1.62202
1.62379
1.62287
1.61814
1.60953
1.59806
1.58558
1.57435
1.56624
1.56202
1.56091
1.56083
1.55911
1.55331
1.54201
1.52541
1.50539
1.48512
1.46824
1.45824
1.45809
1.46978
1.49385
1.52843
1.56904
1.60967
1.64477
1.67074
1.68633
1.69203
1.68927
1.67979
1.66539
1.64789
1.62914
1.61085
1.59471
1.58286
1.5781
1.58275
1.59622
1.61401
1.63016
1.64047
1.644
1.64233
1.6381
1.63374
1.63063
1.62905
1.62839
1.62788
1.62715
1.62656
1.62718
1.6303
1.63671
1.64603
1.65642
1.66521
1.66979
1.6687
1.66204
1.65122
1.63816
1.62458
1.61186
1.60151
1.59554
1.59603
1.60375
1.61709
1.63268
1.64684
1.65687
1.66111
1.65861
1.64886
1.63169
1.60753
1.57762
1.54438
1.51148
1.48313
1.46284
1.45215
1.45048
1.45589
1.46623
1.4797
1.49473
1.50953
1.52207
1.53079
1.53549
1.53771
1.5402
1.5455
1.55466
1.56667
1.57912
1.58951
1.59659
1.60097
1.60439
1.60833
1.61291
1.61688
1.61844
1.61601
1.6086
1.59615
1.57965
1.56117
1.54341
1.52904
1.51974
1.51555
1.51491
1.51537
1.51468
1.5116
1.50622
1.49989
1.49467
1.49252
1.49473
1.50162
1.51272
1.52734
1.54482
1.56457
1.58572
1.60687
1.62621
1.6419
1.65251
1.65751
1.65737
1.65353
1.64797
1.64288
1.64007
1.64048
1.64395
1.64944
1.65528
1.65962
1.66059
1.65647
1.64563
1.62654
1.5982
1.56126
1.51992
1.48316
1.46188
1.46145
1.47778
1.50217
1.52764
1.55069
1.56985
1.58437
1.59375
1.59743
1.59495
1.58623
1.57197
1.55415
1.53605
1.52156
1.51393
1.51451
1.5222
1.53396
1.54592
1.55464
1.55773
1.55413
1.54426
1.53019
1.51533
1.50361
1.49802
1.49933
1.50572
1.51375
1.51985
1.52183
1.51953
1.51458
1.50961
1.5071
1.50855
1.51399
1.5222
1.53145
1.54022
1.54799
1.55522
1.56292
1.5719
1.58246
1.59463
1.6086
1.62466
1.64262
1.66162
1.6803
1.69723
1.71105
1.72061
1.72538
1.72583
1.72337
1.72
1.7175
1.71675
1.71736
1.71766
1.71544
1.70883
1.69731
1.68227
1.66705
1.65566
1.65064
1.65177
1.65619
1.65992
1.6595
1.6531
1.64106
1.62592
1.61162
1.60187
1.59866
1.60178
1.60929
1.6188
1.62846
1.63725
1.64483
1.65124
1.65665
1.66116
1.66477
1.66762
1.6702
1.67342
1.67807
1.6846
1.69315
1.70374
1.71621
1.72997
1.74371
1.7554
1.7627
1.76372
1.75771
1.74549
1.72938
1.71255
1.69779
1.68642
1.67775
1.66979
1.66048
1.64903
1.63619
1.62352
1.6121
1.60199
1.59277
1.58431
1.57709
1.57184
1.56906
1.56884
1.57118
1.57608
1.58349
1.59297
1.60338
1.61299
1.62002
1.62348
1.62337
1.62031
1.61461
1.60605
1.59452
1.58075
1.5663
1.55286
1.54163
1.53282
1.52543
1.51759
1.50833
1.5007
1.50199
1.51659
1.53979
1.5621
1.57727
1.58435
1.58556
1.58397
1.58219
1.58142
1.58112
1.57944
1.57403
1.56298
1.54559
1.52303
1.49833
1.4757
1.45931
1.452
1.45482
1.46691
1.48595
1.50873
1.53174
1.55186
1.567
1.57661
1.58185
1.58515
1.5891
1.59525
1.60352
1.61244
1.62006
1.62478
1.62571
1.62263
1.61576
1.60545
1.59214
1.57638
1.55876
1.53963
1.51896
1.49655
1.47247
1.44738
1.42258
1.39981
1.38095
1.36756
1.36067
1.36074
1.36784
1.38174
1.40196
1.42739
1.45604
1.48498
1.51075
1.53016
1.54104
1.54265
1.53614
1.52465
1.51278
1.50512
1.50447
1.51087
1.52212
1.53507
1.54691
1.55584
1.56112
1.56297
1.56209
1.55926
1.55474
1.54818
1.53894
1.52663
1.51164
1.49519
1.4788
1.46363
1.45026
1.43899
1.43014
1.42424
1.42174
1.42275
1.42727
1.4354
1.44738
1.46337
1.48309
1.50565
1.52942
1.55229
1.57204
1.58675
1.5952
1.59713
1.59328
1.58532
1.57542
1.56573
1.55779
1.55227
1.54923
1.54853
1.55027
1.55468
1.56173
1.57072
1.57997
1.5873
1.59083
1.59016
1.58705
1.5853
1.58894
1.60004
1.61723
1.63623
1.65192
1.66036
1.66001
1.65177
1.63829
1.6228
1.6082
1.59653
1.58861
1.58406
1.58133
1.5783
1.57301
1.56441
1.5527
1.53882
1.52396
1.5091
1.49507
1.4825
1.47207
1.4647
1.46181
1.46493
1.47487
1.49083
1.51046
1.53084
1.54951
1.56484
1.57585
1.58187
1.58253
1.57785
1.56873
1.55737
1.54724
1.54225
1.54501
1.55572
1.57217
1.59078
1.60807
1.62174
1.63139
1.63869
1.64675
1.65804
1.67218
1.68587
1.69509
1.69747
1.6928
1.68244
1.66821
1.65192
1.63506
1.61901
1.60509
1.59463
1.58885
1.58823
1.59165
1.59604
1.59754
1.59318
1.582
1.56493
1.54409
1.52195
1.50063
1.48156
1.46539
1.4524
1.44315
1.43876
1.44056
1.44922
1.46421
1.48394
1.5064
1.52976
1.55269
1.57416
1.59327
1.60912
1.62112
1.62927
1.63429
1.63732
1.63969
1.64295
1.64876
1.65834
1.67174
1.68773
1.70436
1.71981
1.73271
1.74209
1.74734
1.74824
1.74505
1.73839
1.72905
1.71784
1.70553
1.69284
1.68046
1.66895
1.65875
1.65011
1.64321
1.63815
1.63511
1.63419
1.63507
1.63691
1.63819
1.63676
1.62993
1.61502
1.5904
1.55731
1.52182
1.49406
1.48252
1.48782
1.5035
1.52229
1.54017
1.55623
1.57102
1.58531
1.59958
1.61399
1.62832
1.64187
1.65325
1.66036
1.66096
1.65359
1.63843
1.61759
1.59467
1.57375
1.55784
1.54791
1.54297
1.54113
1.54073
1.5406
1.53962
1.53639
1.52959
1.51912
1.5069
1.49669
1.49229
1.49572
1.50669
1.52355
1.54462
1.56838
1.59283
1.61491
1.63112
1.63882
1.63725
1.6277
1.61279
1.59556
1.57887
1.56506
1.55573
1.55153
1.55218
1.55671
1.56375
1.57155
1.57813
1.5819
1.58209
1.57919
1.57483
1.57151
1.57209
1.57845
1.59003
1.6037
1.6152
1.62105
1.61962
1.61132
1.59843
1.58457
1.57367
1.56866
1.57053
1.57839
1.59005
1.60271
1.61331
1.61901
1.61792
1.61044
1.60023
1.59354
1.59606
1.6092
1.62967
1.65205
1.67137
2.85838
2.84433
2.81026
2.76006
2.69704
2.62424
2.54528
2.46497
2.38881
2.32187
2.26798
2.22921
2.20614
2.19809
2.2031
2.21796
2.23926
2.26472
2.29341
2.32362
2.35107
2.37015
2.37653
2.36875
2.34858
2.32129
2.2953
2.27978
2.28013
2.29445
2.31451
2.33136
2.34068
2.34405
2.34592
2.34898
2.35259
2.35527
2.35743
2.3601
2.36226
2.36076
2.35236
2.33538
2.31108
2.28459
2.2632
2.25203
2.25082
2.25602
2.26484
2.27633
2.28965
2.3029
2.31465
2.32654
2.34287
2.36569
2.39054
2.4076
2.40742
2.38579
2.34487
2.29074
2.23035
2.16967
2.11342
2.06595
2.03222
2.01753
2.02544
2.05559
2.10319
2.16068
2.22009
2.2751
2.32164
2.35773
2.38294
2.39717
2.39963
2.38874
2.36372
2.3268
2.28446
2.24575
2.21863
2.2077
2.21527
2.24255
2.28835
2.3473
2.41032
2.46772
2.51244
2.54105
2.55276
2.54798
2.52798
2.49551
2.45586
2.41723
2.3898
2.3826
2.3989
2.4338
2.47649
2.51528
2.54142
2.55025
2.54059
2.51364
2.47184
2.41872
2.35987
2.30403
2.26184
2.2413
2.24291
2.25955
2.2808
2.29784
2.30576
2.30393
2.29559
2.28649
2.2821
2.28442
2.29173
2.30138
2.31255
2.32645
2.34471
2.36748
2.3917
2.41099
2.41782
2.407
2.37888
2.34093
2.30593
2.28543
2.28239
2.29082
2.30209
2.31028
2.3131
2.31044
2.30285
2.29052
2.27404
2.25604
2.24098
2.23269
2.2321
2.23784
2.24865
2.26421
2.28363
2.30391
2.32041
2.32846
2.3241
2.30429
2.26812
2.2196
2.16995
2.13544
2.12894
2.15174
2.19417
2.24275
2.28624
2.31829
2.33749
2.3466
2.35157
2.3602
2.37958
2.41212
2.45238
2.48907
2.51196
2.5177
2.51113
2.50269
2.50256
2.51496
2.53696
2.56162
2.58107
2.58818
2.57749
2.54623
2.49509
2.4283
2.35311
2.27841
2.21275
2.16187
2.12744
2.10838
2.10339
2.11186
2.1319
2.15836
2.18396
2.20271
2.21309
2.21895
2.2274
2.24462
2.27215
2.30642
2.34093
2.36888
2.38504
2.38653
2.37331
2.34947
2.32484
2.31311
2.32143
2.34311
2.36551
2.38107
2.3885
2.38856
2.38136
2.3666
2.34552
2.32241
2.30359
2.2944
2.29618
2.3064
2.32158
2.34028
2.36377
2.39432
2.43227
2.47387
2.5112
2.53473
2.53699
2.51565
2.47489
2.42449
2.37672
2.34157
2.3226
2.317
2.31989
2.32901
2.34518
2.36871
2.39658
2.42375
2.44593
2.461
2.46858
2.46928
2.46442
2.45611
2.44718
2.44062
2.43797
2.43794
2.43659
2.42906
2.41169
2.38332
2.34552
2.3023
2.25934
2.22297
2.19872
2.18946
2.19424
2.20853
2.22604
2.2403
2.24632
2.24218
2.23116
2.22288
2.2295
2.25666
2.29813
2.34075
2.37288
2.38814
2.385
2.36491
2.33068
2.28585
2.23445
2.18095
2.13046
2.08862
2.06079
2.05064
2.05962
2.08742
2.13161
2.18603
2.24065
2.28565
2.31593
2.33181
2.33698
2.33689
2.33783
2.34425
2.35446
2.36029
2.35327
2.33077
2.29739
2.26214
2.23395
2.21802
2.21511
2.2234
2.24049
2.26445
2.29372
2.32618
2.35812
2.3849
2.40247
2.40871
2.40487
2.39633
2.39079
2.39379
2.40511
2.42026
2.43577
2.4524
2.47214
2.49346
2.51095
2.51904
2.51464
2.49732
2.46826
2.42951
2.38371
2.33439
2.28638
2.24516
2.2144
2.1936
2.17863
2.16442
2.14693
2.12384
2.09611
2.06975
2.05471
2.0602
2.08881
2.13397
2.18286
2.22297
2.24777
2.25801
2.25882
2.25578
2.25312
2.25456
2.26333
2.28006
2.30039
2.31648
2.32132
2.31224
2.29112
2.26283
2.23292
2.2059
2.18435
2.1689
2.15983
2.15872
2.16846
2.19211
2.23088
2.28209
2.33899
2.39292
2.43608
2.46356
2.47433
2.47062
2.45553
2.43047
2.39488
2.34888
2.29581
2.24192
2.19484
2.16157
2.14412
2.13822
2.13791
2.13911
2.13971
2.13922
2.13814
2.13703
2.13569
2.13375
2.13181
2.13141
2.13407
2.14028
2.15003
2.16352
2.18127
2.20264
2.22482
2.24319
2.25347
2.25437
2.24988
2.24863
2.25697
2.27184
2.28359
2.28518
2.2769
2.26414
2.2529
2.24712
2.2493
2.26145
2.28476
2.31843
2.35903
2.40106
2.43813
2.46449
2.47617
2.4714
2.45083
2.41776
2.37852
2.34179
2.31441
2.29613
2.27955
2.25635
2.22336
2.18387
2.14566
2.11768
2.10654
2.11454
2.14035
2.18091
2.23231
2.28934
2.34581
2.39611
2.43678
2.46713
2.48822
2.50081
2.50488
2.50043
2.4884
2.46993
2.445
2.41198
2.36931
2.31817
2.26411
2.21654
2.18589
2.17964
2.19889
2.23839
2.28941
2.34244
2.38807
2.41734
2.42343
2.40444
2.36532
2.31661
2.27009
2.23375
2.20958
2.19528
2.18674
2.17959
2.17085
2.15982
2.1471
2.13301
2.1177
2.10317
2.09479
2.09959
2.12098
2.1549
2.19199
2.22386
2.24769
2.26632
2.28288
2.29458
2.29466
2.28024
2.2562
2.23093
2.20851
2.18654
2.16396
2.14784
2.14869
2.17021
2.20699
2.24998
2.29151
2.32714
2.35558
2.37765
2.39439
2.40534
2.40841
2.40148
2.38395
2.35738
2.32492
2.29017
2.2565
2.22726
2.20581
2.19476
2.19437
2.20213
2.21391
2.2261
2.23705
2.2469
2.25613
2.26394
2.26787
2.26523
2.25493
2.23843
2.21939
2.20256
2.19227
2.19066
2.19646
2.20528
2.21163
2.21193
2.20668
2.20027
2.19788
2.20198
2.21124
2.22247
2.23264
2.23944
2.24093
2.23471
2.21759
2.18688
2.14331
2.09341
2.04873
2.02165
2.01996
2.04406
2.08816
2.14419
2.20545
2.26787
2.32843
2.38279
2.42494
2.44932
2.45295
2.43637
2.40405
2.36389
2.32499
2.29351
2.26995
2.25104
2.23361
2.21678
2.20158
2.18995
2.18423
2.18668
2.19839
2.21835
2.24391
2.27247
2.30294
2.33573
2.37143
2.40892
2.44449
2.47288
2.48935
2.49139
2.47928
2.45626
2.42844
2.40355
2.38705
2.37777
2.3686
2.35212
2.32519
2.29011
2.25335
2.22245
2.20274
2.19584
2.20082
2.2167
2.24384
2.28281
2.33194
2.38604
2.43754
2.47885
2.50377
2.50827
2.49108
2.45458
2.40529
2.3532
2.3081
2.27411
2.24782
2.22333
2.1985
2.17646
2.16282
2.16157
2.17237
2.19167
2.2168
2.24839
2.28743
2.33069
2.37052
2.39867
2.40966
2.40197
2.37802
2.34339
2.30529
2.27046
2.24319
2.22456
2.21323
2.20688
2.20264
2.19684
2.18552
2.16634
2.14092
2.11551
2.09863
2.09736
2.11544
2.15231
2.20174
2.2537
2.29937
2.33419
2.35726
2.36946
2.37291
2.37093
2.36689
2.36219
2.35653
2.35083
2.34769
2.34686
2.34338
2.33203
2.31178
2.28561
2.25811
2.23354
2.21533
2.20759
2.21618
2.24562
2.29393
2.35346
2.41636
2.47702
2.53109
2.57459
2.60398
2.61649
2.61026
2.58454
2.5398
2.47801
2.40284
2.31979
2.23677
2.16429
2.11317
2.09013
2.09537
2.1245
2.1716
2.23013
2.29259
2.35093
2.39811
2.4298
2.44549
2.44882
2.4472
2.45042
2.46695
2.49911
2.54084
2.58029
2.60546
2.60863
2.58865
2.55145
2.50859
2.47282
2.45206
2.44622
2.44916
2.45207
2.44589
2.4231
2.37963
2.31665
2.24174
2.1682
2.11105
2.08138
2.08249
2.11045
2.15791
2.21811
2.28531
2.35269
2.41159
2.45362
2.47331
2.46959
2.4457
2.40879
2.36869
2.33586
2.31827
2.31864
2.33444
2.36056
2.39213
2.42538
2.45672
2.48199
2.49691
2.49831
2.4847
2.45645
2.41628
2.37127
2.33481
2.32182
2.33667
2.36736
2.39548
2.40896
2.40522
2.38764
2.36129
2.3306
2.29897
2.27018
2.24988
2.24374
2.25215
2.26882
2.28647
2.30201
2.31715
2.33635
2.36391
2.4008
2.4429
2.48203
2.50929
2.51824
2.50682
2.47808
2.43973
2.40196
2.3742
2.36194
2.36506
2.37809
2.39243
2.40003
2.39574
2.37791
2.34787
2.30926
2.26691
2.22517
2.18668
2.15277
2.12534
2.10874
2.10926
2.13087
2.17033
2.2178
2.26262
2.29801
2.32148
2.33308
2.33415
2.32743
2.31759
2.30994
2.30732
2.30877
2.31178
2.31534
2.32062
2.32982
2.34427
2.36309
2.38304
2.39955
2.40835
2.40701
2.39575
2.37693
2.35368
2.32802
2.30018
2.26932
2.23541
2.2007
2.16958
2.14716
2.1376
2.14301
2.16283
2.19376
2.23077
2.26873
2.30415
2.33566
2.36297
2.38492
2.39849
2.40025
2.38911
2.36792
2.34228
2.31746
2.29598
2.27793
2.2629
2.25121
2.24373
2.24096
2.24228
2.24621
2.25127
2.25658
2.26149
2.26519
2.26768
2.27119
2.27919
2.29274
2.30837
2.32131
2.33023
2.33837
2.34969
2.36407
2.3774
2.38565
2.38738
2.38301
2.37355
2.36036
2.34571
2.33353
2.32888
2.33593
2.355
2.38116
2.4067
2.42533
2.43473
2.43647
2.43443
2.43279
2.43443
2.4403
2.44957
2.46032
2.47009
2.47618
2.47606
2.46814
2.45273
2.4326
2.41268
2.39802
2.3913
2.39152
2.39499
2.39716
2.39411
2.38305
2.36293
2.33586
2.30783
2.28702
2.27946
2.28538
2.29941
2.31437
2.32559
2.33292
2.3399
2.35027
2.36392
2.37598
2.38026
2.37306
2.35338
2.32097
2.27573
2.21985
2.16006
2.10807
2.07747
2.07746
2.10817
2.16242
2.23097
2.3051
2.37578
2.43395
2.47258
2.48848
2.48258
2.45902
2.42394
2.38409
2.34544
2.31194
2.28526
2.26529
2.25123
2.24227
2.2377
2.23662
2.23752
2.23754
2.23316
2.2239
2.21701
2.2255
2.2568
2.3049
2.35763
2.40595
2.44513
2.47251
2.48676
2.48819
2.47866
2.46062
2.43614
2.4069
2.37477
2.34277
2.81843
2.78885
2.77126
2.77157
2.78859
2.81394
2.83591
2.84285
2.82628
2.78728
2.7432
2.71873
2.7218
2.73996
2.75945
2.77391
2.78185
2.78421
2.78309
2.78004
2.77444
2.76369
2.74575
2.72403
2.71158
2.72462
2.76406
2.81216
2.85087
2.8733
2.8806
2.87587
2.86123
2.8388
2.81344
2.79289
2.78381
2.78733
2.79822
2.80745
2.80576
2.78663
2.74835
2.69502
2.6361
2.58384
2.54916
2.53753
2.54699
2.57017
2.59834
2.62505
2.64831
2.67112
2.69953
2.73672
2.77729
2.80837
2.81699
2.79716
2.75371
2.70203
2.66299
2.65312
2.6755
2.71932
2.76717
2.80376
2.82034
2.81487
2.79094
2.75601
2.7189
2.6868
2.66341
2.64912
2.64195
2.63764
2.63051
2.61684
2.59806
2.58062
2.57199
2.57582
2.58909
2.60342
2.6096
2.60253
2.58363
2.56039
2.5431
2.54026
2.55478
2.58358
2.62048
2.65848
2.68998
2.70715
2.70423
2.68011
2.63896
2.58905
2.54006
2.50055
2.47633
2.4695
2.47781
2.49539
2.51477
2.52959
2.53684
2.53716
2.53329
2.52801
2.52322
2.51988
2.51871
2.52062
2.52671
2.53756
2.55188
2.56566
2.57319
2.5704
2.55816
2.54245
2.53097
2.52867
2.53478
2.54328
2.54682
2.54169
2.53061
2.52082
2.51819
2.52354
2.53521
2.55417
2.58359
2.62304
2.66587
2.70392
2.73284
2.75268
2.76583
2.77539
2.78426
2.79431
2.80558
2.81532
2.81853
2.80993
2.78653
2.74948
2.70494
2.66299
2.63463
2.62754
2.64315
2.67611
2.7171
2.75757
2.79307
2.82293
2.84732
2.86456
2.87147
2.86657
2.85315
2.8377
2.82428
2.81174
2.79696
2.77877
2.75902
2.74172
2.73122
2.7307
2.74081
2.75899
2.77947
2.79424
2.7955
2.77968
2.75066
2.72088
2.7066
2.71733
2.74823
2.78433
2.811
2.82046
2.81231
2.7905
2.7608
2.73081
2.70902
2.69764
2.68866
2.6719
2.64425
2.60967
2.57403
2.54207
2.51743
2.50353
2.50205
2.50964
2.51729
2.51496
2.49989
2.48088
2.47224
2.48173
2.50547
2.53424
2.56066
2.58081
2.59289
2.59678
2.59436
2.58944
2.58603
2.58509
2.58227
2.56987
2.54307
2.50491
2.46521
2.43478
2.41996
2.42136
2.43572
2.45865
2.48688
2.51842
2.55096
2.58089
2.60398
2.61683
2.6178
2.60733
2.58768
2.56308
2.53967
2.52479
2.52513
2.54458
2.58266
2.63449
2.6919
2.74593
2.78977
2.82078
2.83998
2.84977
2.85182
2.84632
2.83268
2.81009
2.77794
2.73669
2.68942
2.64263
2.60374
2.5772
2.56392
2.56244
2.56905
2.57974
2.59343
2.61134
2.63363
2.6577
2.67967
2.69672
2.70766
2.71148
2.70685
2.69411
2.67587
2.65502
2.63261
2.60781
2.57952
2.54833
2.51818
2.49591
2.4874
2.49335
2.50991
2.53201
2.5548
2.57438
2.58946
2.60333
2.62308
2.65397
2.69341
2.73314
2.76743
2.79556
2.8176
2.83175
2.83609
2.83002
2.81402
2.78934
2.75885
2.72852
2.70664
2.69992
2.70966
2.73177
2.75997
2.78794
2.80988
2.82058
2.81642
2.79731
2.76868
2.74122
2.72583
2.72672
2.74047
2.76115
2.78398
2.8054
2.82223
2.83143
2.82953
2.81303
2.77985
2.73212
2.67899
2.63585
2.61641
2.6221
2.64156
2.66063
2.67094
2.67149
2.66597
2.6592
2.65438
2.65219
2.65104
2.64836
2.64257
2.63479
2.62801
2.62401
2.62091
2.61419
2.59978
2.57632
2.5453
2.50961
2.47228
2.43588
2.40269
2.37549
2.35824
2.35574
2.37153
2.40566
2.45343
2.50661
2.55586
2.59293
2.61252
2.61409
2.60293
2.58856
2.58067
2.58508
2.60197
2.62594
2.64749
2.65721
2.65129
2.63452
2.61862
2.61635
2.63424
2.66947
2.71282
2.75394
2.78458
2.7992
2.79456
2.76976
2.72769
2.67691
2.63067
2.60075
2.59103
2.59718
2.61172
2.62937
2.64759
2.66344
2.67338
2.67619
2.67311
2.66527
2.65241
2.63406
2.6112
2.58683
2.56514
2.55051
2.54658
2.55585
2.57906
2.6147
2.65816
2.70178
2.73633
2.75446
2.75406
2.73852
2.71434
2.68774
2.66285
2.64188
2.62601
2.61661
2.6156
2.6227
2.63366
2.64523
2.65838
2.67428
2.68987
2.69914
2.69874
2.69154
2.68449
2.68343
2.69
2.70233
2.71756
2.73393
2.75161
2.77128
2.7918
2.80935
2.81909
2.81775
2.80526
2.78491
2.76181
2.73984
2.71935
2.69879
2.6782
2.66074
2.65068
2.64987
2.65499
2.65769
2.64897
2.6268
2.6005
2.58372
2.58181
2.59096
2.60435
2.61427
2.61485
2.60681
2.60117
2.61592
2.65958
2.72106
2.78232
2.83106
2.86262
2.87947
2.88835
2.89576
2.90474
2.91402
2.91897
2.91362
2.89333
2.85671
2.80659
2.7492
2.69205
2.64128
2.6002
2.56963
2.55031
2.54526
2.55774
2.58524
2.61948
2.65462
2.6904
2.72727
2.76241
2.79155
2.81286
2.82779
2.83862
2.8459
2.84801
2.84313
2.83143
2.81591
2.8015
2.79284
2.79185
2.79624
2.80043
2.79935
2.79147
2.77832
2.76221
2.74487
2.72791
2.71338
2.70284
2.69643
2.69279
2.69013
2.68776
2.68701
2.68968
2.69508
2.69949
2.69944
2.6958
2.69481
2.70502
2.7313
2.77075
2.81438
2.85246
2.87854
2.89059
2.89046
2.88242
2.87067
2.85748
2.84291
2.82682
2.81105
2.79909
2.79329
2.79242
2.79208
2.78794
2.779
2.7685
2.7615
2.76102
2.76595
2.77238
2.77622
2.77478
2.76757
2.756
2.74062
2.71909
2.69075
2.66401
2.65193
2.6584
2.67643
2.69663
2.71179
2.71832
2.7177
2.71599
2.71999
2.73259
2.75161
2.77259
2.79221
2.80947
2.82466
2.8377
2.84695
2.84929
2.84119
2.82031
2.78689
2.74447
2.69967
2.65954
2.62664
2.59743
2.56762
2.53864
2.51908
2.52071
2.5506
2.60475
2.67005
2.73128
2.77576
2.79481
2.78582
2.75517
2.71849
2.69389
2.69317
2.71696
2.75466
2.79224
2.81787
2.82276
2.80338
2.76259
2.70925
2.6562
2.6157
2.59533
2.59624
2.61329
2.63751
2.65986
2.67411
2.67744
2.66968
2.65195
2.62551
2.5923
2.55875
2.53945
2.54796
2.57948
2.61409
2.63663
2.64495
2.6459
2.64852
2.65877
2.67631
2.69522
2.70915
2.71649
2.72028
2.7233
2.7255
2.72532
2.72102
2.71071
2.69261
2.66612
2.63251
2.59403
2.55211
2.50883
2.47096
2.45044
2.45723
2.49032
2.53763
2.5855
2.627
2.66154
2.68959
2.70912
2.7164
2.70905
2.68775
2.65641
2.62107
2.58803
2.56211
2.54579
2.53911
2.54
2.54485
2.55003
2.55445
2.5608
2.5731
2.59262
2.61647
2.64002
2.6601
2.67757
2.69762
2.72501
2.7575
2.78689
2.80611
2.81286
2.80808
2.79356
2.77028
2.73823
2.69759
2.65003
2.59896
2.54799
2.49894
2.45231
2.41268
2.39464
2.41312
2.46252
2.52081
2.57197
2.61335
2.64987
2.68689
2.72519
2.76104
2.79029
2.81182
2.82797
2.84292
2.86007
2.88025
2.90084
2.91693
2.92334
2.91643
2.89482
2.85913
2.81189
2.75823
2.70664
2.66614
2.63938
2.62006
2.5994
2.57379
2.54729
2.52859
2.52267
2.52511
2.52591
2.51633
2.49274
2.45926
2.42853
2.41618
2.43002
2.46646
2.51766
2.57538
2.62919
2.66757
2.68328
2.67665
2.65427
2.62575
2.60124
2.58975
2.59617
2.61798
2.6462
2.67112
2.68785
2.69769
2.70486
2.71105
2.71552
2.72201
2.7405
2.77646
2.8223
2.86466
2.89467
2.90863
2.90416
2.87777
2.82625
2.7513
2.66449
2.58679
2.53925
2.52973
2.54688
2.56906
2.58024
2.5781
2.57153
2.57403
2.59539
2.635
2.68227
2.7241
2.75146
2.76145
2.75648
2.74243
2.72657
2.71541
2.71423
2.72666
2.75267
2.7861
2.81579
2.82974
2.81909
2.78268
2.73145
2.68625
2.6647
2.6689
2.68794
2.70879
2.7228
2.72622
2.71922
2.70429
2.68512
2.66611
2.65199
2.64577
2.64618
2.64819
2.64764
2.64564
2.64735
2.65588
2.66969
2.68588
2.70113
2.70945
2.70266
2.67557
2.63259
2.59266
2.57947
2.59592
2.62084
2.63396
2.62917
2.61096
2.58791
2.56809
2.55646
2.55449
2.56127
2.57539
2.59653
2.62537
2.66148
2.70161
2.74025
2.77189
2.7926
2.80034
2.79496
2.77853
2.75563
2.73248
2.71512
2.70695
2.70665
2.70799
2.70309
2.68624
2.65535
2.61146
2.55955
2.50933
2.47249
2.45693
2.4635
2.48808
2.52557
2.57125
2.62024
2.66718
2.70742
2.73786
2.75672
2.76298
2.75655
2.73905
2.71396
2.68576
2.65876
2.63682
2.62329
2.61999
2.62545
2.63494
2.64298
2.64619
2.64439
2.6399
2.63548
2.63255
2.63001
2.62479
2.61379
2.59607
2.57391
2.55154
2.53192
2.51494
2.49931
2.48602
2.47996
2.48874
2.51866
2.57022
2.63731
2.71078
2.78224
2.84452
2.89009
2.9109
2.90275
2.87205
2.83542
2.80446
2.77563
2.7431
2.71106
2.69013
2.68802
2.70346
2.72636
2.74298
2.74217
2.71932
2.67706
2.62358
2.5701
2.52888
2.51097
2.52316
2.56526
2.62915
2.70107
2.76609
2.81222
2.8326
2.82591
2.79599
2.75106
2.70189
2.65934
2.63239
2.62667
2.64211
2.67247
2.70881
2.74325
2.7695
2.78199
2.7768
2.7534
2.71528
2.66878
2.6204
2.57543
2.54022
2.52325
2.52915
2.55316
2.58608
2.62144
2.65644
2.6889
2.71477
2.72825
2.725
2.70756
2.68848
2.68454
2.70384
2.73838
2.77132
2.78985
2.79011
2.77314
2.74112
2.69783
2.64986
2.6048
2.56698
2.53664
2.51438
2.50357
2.50697
2.5226
2.54345
2.56066
2.56719
2.55997
2.53954
2.50812
2.46936
2.43132
2.4091
2.41835
2.46222
2.91626
2.98739
3.05636
3.12243
3.18116
3.22418
3.24259
3.22962
3.18229
3.10299
3.0012
2.89404
2.80336
2.74772
2.73253
2.74799
2.77759
2.8079
2.83259
2.85157
2.86829
2.88642
2.90614
2.92271
2.92883
2.9189
2.89267
2.85678
2.82148
2.79297
2.77008
2.74999
2.73517
2.73448
2.75852
2.81147
2.88559
2.96547
3.03728
3.0934
3.13129
3.15042
3.15042
3.13123
3.09506
3.04834
3.00088
2.96252
2.94093
2.9394
2.95428
2.97605
2.99423
3.00004
2.98728
2.95459
2.90887
2.86447
2.83502
2.82561
2.83328
2.85105
2.87109
2.88752
2.8991
2.9092
2.92209
2.94027
2.96419
2.99161
3.01684
3.03377
3.0404
3.03993
3.03784
3.0381
3.04182
3.04813
3.05594
3.06465
3.07345
3.08023
3.08219
3.07838
3.07134
3.06548
3.06411
3.06783
3.07509
3.0827
3.08642
3.08192
3.06621
3.03879
3.0031
2.96898
2.95311
2.97036
3.01911
3.08012
3.13217
3.16434
3.17621
3.17274
3.15992
3.14222
3.1214
3.09646
3.06477
3.02338
2.96983
2.90383
2.83371
2.78557
2.79092
2.8503
2.93474
3.01984
3.09335
3.14719
3.17643
3.18169
3.16877
3.14511
3.11487
3.07643
3.02513
2.95935
2.88419
2.80948
2.74454
2.69559
2.66772
2.66553
2.68952
2.73259
2.78162
2.82308
2.84766
2.85286
2.84314
2.82793
2.81716
2.81716
2.82981
2.85355
2.88227
2.90572
2.9178
2.92359
2.93397
2.95376
2.97748
2.99583
3.00276
2.9966
2.97768
2.94682
2.90714
2.86703
2.83767
2.82208
2.81042
2.79035
2.75913
2.72544
2.70314
2.70324
2.72895
2.77239
2.81778
2.85352
2.87697
2.88709
2.88337
2.8716
2.86015
2.8526
2.84744
2.84117
2.8326
2.82904
2.84727
2.89991
2.98051
3.067
3.13605
3.17344
3.17756
3.15747
3.12541
3.08717
3.04166
2.98988
2.94079
2.90699
2.89481
2.89834
2.90321
2.89689
2.87666
2.84899
2.82247
2.80364
2.79832
2.80997
2.83528
2.86546
2.89399
2.92212
2.95484
2.9905
3.01825
3.02956
3.0286
3.02566
3.02496
3.02517
3.02625
3.03089
3.04148
3.05744
3.07411
3.08293
3.07423
3.04141
2.98451
2.91209
2.83893
2.77892
2.73833
2.71546
2.70598
2.70779
2.71988
2.73888
2.76261
2.79315
2.83151
2.87404
2.91437
2.9442
2.95476
2.94203
2.9127
2.8843
2.87305
2.87989
2.89424
2.90882
2.92241
2.93209
2.93269
2.92327
2.9085
2.8946
2.88544
2.88165
2.88297
2.89025
2.903
2.91479
2.91368
2.89116
2.8523
2.81443
2.7925
2.78861
2.79769
2.81671
2.8451
2.88009
2.91483
2.94107
2.95309
2.94998
2.93532
2.91558
2.89764
2.88671
2.8851
2.89159
2.9025
2.91431
2.92594
2.93824
2.95096
2.96089
2.96337
2.95579
2.94055
2.92543
2.91865
2.92187
2.93175
2.94672
2.96851
2.9963
3.02217
3.03531
3.02996
3.00776
2.9736
2.92977
2.87618
2.82053
2.78519
2.78834
2.82352
2.87202
2.91628
2.94285
2.94786
2.93752
2.92242
2.91328
2.91806
2.93839
2.96914
3.00247
3.03221
3.05538
3.07102
3.07848
3.07683
3.0652
3.04199
3.00298
2.9422
2.86141
2.78273
2.73837
2.73709
2.76391
2.80618
2.8589
2.91651
2.96888
3.00458
3.01639
3.00299
2.96851
2.92244
2.8786
2.85017
2.84269
2.8529
2.87389
2.89926
2.92283
2.93821
2.94211
2.93891
2.94014
2.95502
2.9818
3.0116
3.0358
3.04782
3.04386
3.02487
2.99656
2.96685
2.9428
2.92842
2.92334
2.92329
2.92225
2.91497
2.89914
2.87665
2.85364
2.83854
2.8383
2.85464
2.88301
2.91511
2.94307
2.96247
2.97324
2.97845
2.98133
2.98293
2.98273
2.98014
2.97417
2.9624
2.94206
2.91239
2.87581
2.83813
2.80713
2.78939
2.78678
2.79642
2.81469
2.84124
2.87874
2.92883
2.98806
3.04751
3.09642
3.12663
3.13517
3.12345
3.09537
3.05546
3.0077
2.95491
2.89982
2.84705
2.80491
2.78413
2.79245
2.82876
2.88221
2.93735
2.98191
3.01141
3.02676
3.02901
3.0173
2.99178
2.95665
2.91971
2.88842
2.86681
2.85727
2.86367
2.88547
2.91311
2.93869
2.96283
2.98932
3.01947
3.05068
3.07715
3.09288
3.0951
3.08524
3.06711
3.04397
3.01695
2.98794
2.96369
2.95288
2.95733
2.97029
2.9837
2.99342
2.99746
2.99259
2.97607
2.95107
2.92959
2.92699
2.95034
2.99167
3.03265
3.05464
3.04687
3.0109
2.96041
2.91535
2.8916
2.89233
2.9088
2.92965
2.94844
2.96377
2.97557
2.98348
2.98843
2.99396
3.00457
3.02156
3.04069
3.05482
3.05833
3.04896
3.02798
3.00039
2.97541
2.96364
2.97035
2.99098
3.01374
3.02596
3.02056
2.99974
2.97238
2.94581
2.92122
2.89711
2.87415
2.85767
2.85628
2.87209
2.89457
2.91409
2.93476
2.96362
2.99826
3.03265
3.06415
3.09136
3.11157
3.12269
3.12497
3.12003
3.10906
3.0912
3.06335
3.02171
2.9654
2.90024
2.84013
2.80241
2.79818
2.82663
2.87731
2.93587
2.9892
3.02905
3.05362
3.06709
3.07591
3.08258
3.08189
3.06503
3.0271
2.9709
2.90718
2.8522
2.82231
2.82675
2.86324
2.92034
2.98375
3.04098
3.08264
3.10241
3.09702
3.06568
3.00912
2.93103
2.84166
2.75953
2.70548
2.69049
2.71013
2.75058
2.7968
2.83675
2.86289
2.87116
2.85965
2.83023
2.79265
2.7653
2.76449
2.791
2.83271
2.8761
2.91058
2.92975
2.93138
2.9156
2.8837
2.83903
2.79005
2.75268
2.74331
2.76574
2.80887
2.85725
2.8992
2.92717
2.93685
2.92827
2.90664
2.88095
2.86021
2.84851
2.84302
2.83759
2.82821
2.81418
2.79547
2.77063
2.73798
2.69969
2.6661
2.65436
2.67697
2.73067
2.80008
2.86911
2.92759
2.97265
3.00749
3.03706
3.06238
3.07912
3.08169
3.06727
3.03673
2.99435
2.94804
2.90795
2.88184
2.87039
2.86719
2.86354
2.85345
2.83499
2.80841
2.77498
2.73872
2.70781
2.69286
2.70213
2.73713
2.79245
2.85989
2.93184
3.00155
3.0642
3.11821
3.16265
3.19323
3.20246
3.18477
3.14125
3.08047
3.01433
2.95188
2.89697
2.85136
2.81708
2.79263
2.76932
2.73725
2.69489
2.65228
2.62619
2.63129
2.67329
2.74839
2.84321
2.93489
3.00118
3.03269
3.03317
3.01226
2.97929
2.94057
2.89952
2.85855
2.82077
2.78999
2.76838
2.75448
2.74402
2.73314
2.72282
2.72098
2.73546
2.76226
2.79
2.81629
2.84526
2.87225
2.8865
2.88469
2.87402
2.86489
2.86117
2.85704
2.84304
2.81523
2.7799
2.75006
2.73401
2.72869
2.72715
2.72725
2.73137
2.74197
2.75847
2.77588
2.78601
2.78139
2.75969
2.72723
2.70022
2.69825
2.72978
2.78535
2.84679
2.89867
2.9325
2.94653
2.94364
2.92839
2.9046
2.87474
2.84192
2.81326
2.79897
2.80527
2.82854
2.85758
2.87983
2.88729
2.88016
2.8655
2.85109
2.84026
2.83324
2.83134
2.83704
2.85024
2.8656
2.87404
2.86716
2.84182
2.80242
2.75988
2.72739
2.71543
2.72908
2.76713
2.82093
2.87509
2.91191
2.91803
2.89056
2.84244
2.80206
2.79455
2.81759
2.8487
2.87061
2.88053
2.88427
2.88802
2.89428
2.90234
2.91081
2.9198
2.93215
2.95184
2.97988
3.01207
3.04173
3.06426
3.07741
3.07796
3.06163
3.0269
2.97787
2.92362
2.87527
2.84204
2.82833
2.83194
2.84415
2.8525
2.84612
2.82049
2.77921
2.73285
2.69612
2.68389
2.7056
2.76018
2.83637
2.91861
2.99432
3.05663
3.10206
3.12695
3.12694
3.10057
3.05334
2.99913
2.95822
2.95071
2.983
3.03991
3.09587
3.13158
3.14016
3.12628
3.1033
3.08754
3.08944
3.10825
3.13535
3.16046
3.17532
3.17427
3.15422
3.11535
3.06171
3.00096
2.9427
2.89584
2.86653
2.85742
2.8675
2.89214
2.92389
2.95503
2.98004
2.99606
3.00179
2.99765
2.98766
2.97931
2.97797
2.98119
2.98146
2.97449
2.9615
2.94564
2.92971
2.91829
2.91766
2.92951
2.94945
2.9733
2.99917
3.02439
3.04496
3.05756
3.06127
3.0581
3.05163
3.04429
3.03484
3.01981
2.9993
2.98045
2.97058
2.96732
2.96225
2.95412
2.95381
2.97139
3.00105
3.02785
3.04216
3.04305
3.03493
3.02287
3.0088
2.99149
2.97115
2.95576
2.95773
2.97788
2.99786
2.99505
2.96081
2.90566
2.85222
2.82041
2.8142
2.82121
2.8244
2.81375
2.79099
2.76786
2.7588
2.77119
2.80213
2.84294
2.88486
2.92136
2.94739
2.95935
2.9575
2.94714
2.93532
2.92544
2.91555
2.90206
2.88445
2.86616
2.8519
2.84487
2.84547
2.85108
2.8558
2.8522
2.83593
2.80997
2.78486
2.77312
2.78261
2.81363
2.85943
2.90886
2.9499
2.9726
2.97072
2.94317
2.89565
2.84094
2.79427
2.76501
2.75249
2.7502
2.7522
2.75608
2.76337
2.7785
2.80659
2.85056
2.90836
2.97247
3.03154
3.07373
3.09015
3.07822
3.04431
3.00277
2.96867
2.94852
2.93822
2.92924
2.91544
2.8965
2.8779
2.86742
2.86942
2.88224
2.90062
2.91934
2.93429
2.94164
2.93759
2.91981
2.89021
2.85632
2.82917
2.81753
2.8221
2.83542
2.8477
2.85376
2.85566
2.85981
2.87181
2.89252
2.9175
2.93966
2.95296
2.95492
2.94725
2.93528
2.92614
2.92582
2.93571
2.95064
2.9611
2.95914
2.94344
2.92061
2.90119
2.89265
2.89403
2.8975
2.89653
2.89481
2.90526
2.93576
2.98114
3.03259
3.085
3.13327
3.16949
3.18763
3.18838
3.17754
3.16102
3.14124
3.11655
3.08315
3.03853
2.98471
2.92886
2.88079
2.84861
2.83485
2.83486
2.83917
2.83933
2.84403
2.8403
2.84992
2.87648
2.91164
2.942
2.95793
2.95706
2.9435
2.92494
2.90868
2.89847
2.89423
2.89513
2.90297
2.92216
2.95534
2.99909
3.04413
3.07992
3.09955
3.10179
3.09045
3.07201
3.05307
3.03794
3.02699
3.01696
3.00432
2.98916
2.97502
2.96405
2.95416
2.94209
2.9273
2.91247
2.90103
2.89427
2.89016
2.88416
2.87175
2.85106
2.82451
2.79856
2.78112
2.77832
2.79369
2.82823
2.87924
2.94
3.00263
3.06026
3.10721
3.13917
3.15429
3.15361
3.14008
3.11713
3.08818
3.05679
3.02614
2.99789
2.97192
2.94761
2.92558
2.90792
2.89762
2.89778
2.91066
2.93654
2.97272
3.01458
3.05833
3.10148
3.14093
3.1726
3.19362
3.20366
3.20385
3.19512
3.17744
3.15004
3.11262
3.06662
3.01617
2.96776
2.92787
2.89936
2.88081
2.86952
2.86349
2.86111
2.86055
2.85889
2.85237
2.83958
2.82433
2.81418
2.81712
2.83832
2.87679
2.92501
2.97213
3.00734
3.02231
3.01294
2.97969
2.9269
2.86339
2.80413
2.76733
2.76369
2.78838
2.82555
2.85813
2.8756
2.87757
2.87106
2.86407
2.86165
2.86596
2.87745
2.89462
2.91402
2.93067
2.93937
2.9363
2.92044
2.89404
2.86177
2.82913
2.80219
2.78806
2.79309
2.8189
2.86086
2.91096
2.96166
3.00793
3.04699
3.07677
3.09476
3.09758
3.08141
3.04439
2.99121
2.93492
2.89104
2.87123
2.88272
2.92332
2.9767
3.02068
3.03986
3.03132
3.00325
2.97042
2.94796
2.94497
2.96087
2.98752
3.01571
3.04064
3.06138
3.0758
3.07726
3.05765
3.01409
2.95418
2.89511
2.85385
2.83545
2.8354
2.85118
2.88155
2.91689
2.94121
2.9419
2.91403
2.85993
2.7906
2.72739
2.69667
2.71496
2.77708
2.85984
2.93661
2.98933
3.01343
3.01849
3.02225
3.03585
3.0547
3.06714
3.0665
3.05319
3.03041
3.00036
2.96387
2.92255
2.88137
2.84895
2.83406
2.83988
2.86149
2.88917
2.91449
2.93326
2.94421
2.94695
2.94178
2.93057
2.91635
2.90106
2.88482
2.8685
2.85521
2.8472
2.84279
2.83833
2.83314
2.83199
2.84105
2.86118
2.88595
2.90751
2.924
2.94123
2.96682
3.00242
3.04156
3.07421
3.09215
3.09158
3.07321
3.04115
3.00091
2.9571
2.91244
2.86992
2.83785
2.83091
2.85831
2.91077
2.96779
3.0139
3.04306
3.05424
3.04882
3.03184
3.01271
2.99975
2.9935
2.98764
2.97789
2.96652
2.95698
2.94749
2.93412
2.91807
2.90587
2.90417
2.91785
2.95098
3.00155
3.05522
3.09368
3.1072
3.09539
3.06344
3.02563
3.00421
3.00753
3.02065
3.0284
3.02771
3.01971
3.00335
2.97607
2.93694
2.8894
2.84201
2.80603
2.78938
2.79097
2.80151
2.81153
2.81767
2.82172
2.82638
2.83331
2.84357
2.85809
2.87727
2.90085
2.928
2.95663
2.98176
2.99543
2.98962
2.96204
2.92176
2.88766
2.87358
2.87481
2.87866
2.88208
2.89079
2.90693
2.9231
2.92707
2.91171
2.88267
2.85763
2.85049
2.85611
2.86036
2.85788
2.85341
2.85365
2.86246
2.88172
2.91359
2.95938
3.01473
3.06855
3.1091
3.13064
3.13445
3.12608
3.11167
3.09456
3.07387
3.04696
3.01524
2.98896
2.98162
2.99257
3.0029
2.99469
2.96468
2.92005
2.87091
2.82774
2.79875
2.78558
2.78415
2.79085
2.80608
2.83193
2.86691
2.90439
2.93657
2.95804
2.96543
2.95658
2.93201
2.89672
2.86034
2.83494
2.83164
2.85701
2.90951
2.97796
3.04577
3.09938
3.13286
3.14639
3.14327
3.12779
3.10413
3.07547
3.04358
3.00938
2.97422
2.94041
2.91075
2.88743
2.87162
2.86422
2.86676
2.8813
2.90878
2.94637
2.98567
3.01541
3.02799
3.02287
3.0042
2.97696
2.94599
2.91764
2.89998
2.90017
2.92003
2.95312
2.98674
3.00795
3.00866
2.98681
2.94482
2.88832
2.82613
2.76935
2.7289
2.71309
2.72537
2.76151
2.81004
2.8578
2.89555
2.91947
2.92875
2.92323
2.90488
2.88119
2.86385
2.86031
2.86851
2.88257
2.89963
2.91963
2.94218
2.96432
2.97968
2.97935
2.95505
2.90335
2.83089
2.76024
2.72395
2.73938
2.79701
2.8739
2.9461
2.99659
3.02004
3.02194
3.01302
3.00321
2.9981
2.99901
3.00476
3.01256
3.0172
3.01177
2.99082
2.95314
2.90338
2.8529
2.81763
2.80932
2.82704
2.8603
2.89904
2.93784
2.97473
3.01003
3.04485
3.07729
3.10073
3.10711
3.09156
3.05389
2.99798
2.93179
2.86683
2.81554
2.78723
2.78594
2.80982
2.85142
2.89991
2.94366
2.97218
2.97884
2.96357
2.93331
2.89942
2.87446
2.86841
2.8831
2.91116
2.94239
2.97007
2.99192
3.00764
3.01671
3.01931
3.01876
3.0211
3.03055
3.04582
3.06197
3.07459
3.08168
3.08329
3.08106
3.07802
3.07813
3.08481
3.09852
3.11501
3.12752
3.13084
3.12345
3.10682
3.0844
3.0608
3.04079
3.02761
3.02149
3.01979
3.01835
3.01295
3.00078
2.98176
2.95905
2.93689
2.9167
2.895
2.86627
2.82829
2.78471
2.74288
2.71074
2.69638
2.70781
2.74912
2.81573
2.89445
2.96885
3.02571
3.05856
3.06773
3.05822
3.03695
3.00943
2.97691
2.93702
2.88878
2.8367
2.78932
2.75622
2.74516
2.7575
2.78573
2.81782
2.84325
2.85474
2.84834
2.82518
2.79294
2.76337
2.74624
2.7443
2.75364
2.76869
2.78703
2.8089
2.83291
2.85289
2.86004
2.84918
2.82321
2.79228
2.76898
2.7621
2.77202
2.78997
2.80236
2.79683
2.76675
2.71455
2.65273
2.59993
2.57262
2.57853
2.6155
2.67514
2.74777
2.82423
2.89513
2.95085
2.98369
2.99077
2.97529
2.94466
2.90648
2.86523
2.82252
2.77995
2.74098
2.71038
2.69216
2.68767
2.69541
2.71265
2.73784
2.77146
2.81491
2.86842
2.92878
2.98847
3.03753
3.06746
3.07494
3.06294
3.03894
3.01219
2.99241
2.98902
3.00791
3.04696
3.09578
3.14223
3.17956
3.20759
3.22815
3.24093
3.24413
3.23804
3.22652
3.21434
3.20354
3.19289
3.18006
3.16309
3.14111
3.11501
3.08844
3.06729
3.05726
3.0601
3.07083
3.07883
3.07334
3.0501
3.01394
2.97458
2.93899
2.90902
2.88608
2.87425
2.87773
2.89566
2.91987
2.93838
2.94207
2.92926
2.9056
2.88168
2.86966
2.87761
2.9035
2.93766
2.97171
3.0015
3.02296
3.03002
3.01851
2.99083
2.9562
2.92553
2.90476
2.89204
2.88054
2.86321
2.83583
2.79775
2.75187
2.70451
2.66494
2.6435
2.64805
2.68096
2.73822
2.81033
2.88499
2.95133
3.00289
3.03729
3.05351
3.05082
3.03073
2.9986
2.96301
2.93182
2.90781
2.88896
2.87405
2.86505
2.86271
2.86487
2.86893
2.87185
2.86951
2.86187
2.86071
2.88493
2.93769
2.99957
3.05014
3.08133
3.09319
3.08696
3.06197
3.01773
2.95919
2.89949
2.85493
2.83531
2.84085
2.86722
2.90838
2.95435
2.99174
3.00903
2.99977
2.96194
2.89708
2.81181
2.72053
2.64607
2.61336
2.63567
2.70421
2.79347
2.87657
2.93628
2.96726
2.97287
2.96035
2.93737
2.91125
2.88916
2.87704
2.87788
2.89133
2.9138
2.93821
2.95467
2.95424
2.9342
2.90164
2.87288
2.86666
2.8936
2.94944
3.01659
3.07299
3.10254
3.09963
3.06728
3.01315
2.94641
2.87648
2.81267
2.76293
2.73168
2.71956
2.72598
2.74994
2.78762
2.8308
2.86935
2.89631
2.91155
2.9219
2.93684
2.96274
2.99895
3.03853
3.07291
3.09642
3.10788
3.1091
3.10249
3.08916
3.06832
3.03767
2.99454
2.93728
2.8671
2.79063
2.72133
2.67524
2.6601
2.66902
2.68692
2.70236
2.71402
2.7288
2.75453
2.79256
2.83591
2.87336
2.89609
2.90368
2.9053
2.91177
2.92405
2.93286
2.92861
2.90782
2.87229
2.82637
2.77563
2.72748
2.6902
2.6687
2.66351
2.67532
2.70433
2.74514
2.78838
2.82841
2.86701
2.90809
2.95062
2.98928
3.01929
3.03605
3.03357
3.00915
2.97001
2.93232
2.91044
2.90679
2.91439
2.92546
2.93504
2.94046
2.94117
2.93887
2.93601
2.93212
2.92243
2.90217
2.87181
2.83685
2.80308
2.77326
2.74838
2.7307
2.72489
2.73653
2.76864
2.81655
2.86625
2.90125
2.9114
2.89651
2.86502
2.83012
2.80489
2.79746
2.80881
2.83352
2.86296
2.88894
2.90651
2.9142
2.91199
2.90081
2.88505
2.87435
2.87989
2.90679
2.95021
2.9992
3.04384
3.07974
3.10807
3.13186
3.15176
3.16542
3.17044
3.16653
3.15395
3.13196
3.10011
3.05959
3.01264
2.96173
2.90967
2.85956
2.81412
2.77593
2.74808
2.73455
2.73984
2.76731
2.81806
2.88977
2.97375
3.05616
3.12428
3.17103
3.19489
3.19778
3.18271
3.15217
3.10831
3.05528
3.001
2.95655
2.93212
2.93102
2.94667
2.9664
2.97917
2.981
2.97619
2.97368
2.97926
2.99067
3.00253
3.01302
3.02389
3.03656
3.05068
3.06549
3.08149
3.09908
3.11412
3.11725
3.10052
3.06365
3.01322
2.9588
2.91287
2.89017
2.89965
2.9356
2.98111
3.02021
3.04522
3.05532
3.0521
3.03686
3.01301
2.99283
2.99468
3.02133
3.05084
3.05985
3.0423
3.0071
2.96856
2.93875
2.92422
2.9268
2.94464
2.97175
2.9989
3.01697
3.02021
3.00926
2.99099
2.97417
2.96541
2.96659
2.97411
2.98125
2.9828
2.97854
2.97272
2.97043
2.97414
2.98319
2.9951
3.00739
3.01791
3.02433
3.02398
3.01502
2.99796
2.97663
2.9574
2.94645
2.94658
2.95581
2.96909
2.98144
2.99017
2.99539
2.99924
3.00416
3.01121
3.01854
3.02214
3.01896
3.0097
2.9981
2.98924
2.9892
3.00275
3.0278
3.0541
2.86327
2.86249
2.8478
2.82836
2.81827
2.82848
2.85691
2.89006
2.91657
2.93293
2.93778
2.92901
2.906
2.87185
2.83466
2.80642
2.79588
2.80053
2.80954
2.81433
2.81319
2.80912
2.80589
2.80504
2.80496
2.80271
2.79811
2.79716
2.81063
2.84741
2.90677
2.97585
3.03604
3.07251
3.07981
3.06145
3.02655
2.98677
2.95252
2.92893
2.91428
2.90219
2.88567
2.86076
2.82846
2.79337
2.76085
2.73581
2.7226
2.72298
2.73449
2.75165
2.76903
2.78417
2.7983
2.81402
2.83169
2.8496
2.86782
2.88958
2.91745
2.94951
2.98027
3.00421
3.01796
3.02047
3.01316
2.99915
2.98065
2.95639
2.92339
2.88243
2.84126
2.81148
2.8018
2.81323
2.83967
2.8723
2.90381
2.92951
2.94656
2.95339
2.95001
2.93844
2.92214
2.90522
2.89169
2.88478
2.88545
2.89247
2.9049
2.92295
2.94559
2.9683
2.98441
2.98836
2.97799
2.95491
2.92311
2.88719
2.85148
2.82155
2.80573
2.81263
2.84434
2.8926
2.94291
2.9812
2.9974
2.98737
2.95689
2.92498
2.91482
2.93398
2.9713
3.01071
3.03853
3.04414
3.02283
2.98041
2.93316
2.89883
2.88556
2.89072
2.90658
2.9238
2.93298
2.92891
2.91707
2.91152
2.91739
2.92258
2.9124
2.88191
2.83519
2.78193
2.73599
2.71354
2.72627
2.7719
2.83238
2.88475
2.91458
2.92093
2.91327
2.9037
2.8993
2.89961
2.9003
2.89799
2.89178
2.88144
2.86506
2.83857
2.79752
2.74038
2.67133
2.59996
2.53771
2.4949
2.47991
2.49506
2.53233
2.57789
2.62309
2.67026
2.72659
2.79323
2.86164
2.91929
2.95685
2.97114
2.96502
2.94553
2.92118
2.89888
2.88157
2.86833
2.85687
2.84559
2.83361
2.81949
2.80063
2.77463
2.74069
2.70092
2.66118
2.63141
2.62284
2.64136
2.68232
2.73398
2.78528
2.82915
2.86147
2.87989
2.88405
2.87513
2.85484
2.82589
2.79295
2.7604
2.73072
2.70867
2.70302
2.71984
2.75801
2.81283
2.87887
2.94882
3.01336
3.06372
3.09461
3.10532
3.09892
3.08038
3.05423
3.02276
2.98615
2.94451
2.90012
2.85671
2.81535
2.77209
2.72247
2.67073
2.63224
2.62054
2.6341
2.66121
2.6913
2.71751
2.73567
2.74555
2.75282
2.76719
2.79634
2.84005
2.88876
2.92826
2.94717
2.94277
2.92314
2.90496
2.90368
2.92071
2.94124
2.94607
2.92374
2.87481
2.81183
2.75601
2.72579
2.72248
2.72977
2.72805
2.70782
2.6741
2.6419
2.62589
2.63229
2.65864
2.69809
2.7431
2.78813
2.83044
2.8679
2.89618
2.90877
2.9008
2.87476
2.84188
2.81524
2.80015
2.79213
2.78416
2.77362
2.76209
2.75091
2.74016
2.73123
2.7268
2.72878
2.73709
2.74977
2.76403
2.77861
2.795
2.81523
2.8387
2.8624
2.88337
2.8999
2.91073
2.91418
2.90849
2.89313
2.87261
2.86217
2.88244
2.93287
2.98439
3.00918
2.99736
2.95039
2.87474
2.78235
2.6907
2.61648
2.56899
2.5538
2.57446
2.62205
2.67451
2.71363
2.73546
2.74625
2.75412
2.76417
2.77768
2.79324
2.80762
2.81719
2.81911
2.81184
2.79469
2.76805
2.73565
2.70628
2.69138
2.69825
2.72436
2.75826
2.78605
2.79779
2.79058
2.76828
2.73928
2.71359
2.70039
2.7057
2.73098
2.77293
2.82329
2.87018
2.90213
2.91297
2.90377
2.88115
2.85362
2.82939
2.81531
2.8141
2.82184
2.82979
2.82822
2.80991
2.77376
2.72795
2.68851
2.67006
2.67542
2.69598
2.72067
2.7422
2.75801
2.76955
2.78087
2.79565
2.81451
2.83508
2.85427
2.86939
2.87816
2.8788
2.87041
2.85358
2.8303
2.80363
2.77695
2.75282
2.73272
2.71815
2.71199
2.71827
2.73848
2.76793
2.79799
2.82291
2.84192
2.85554
2.86136
2.85275
2.82174
2.76801
2.7122
2.69146
2.71966
2.77139
2.81871
2.8514
2.86809
2.86785
2.84994
2.81688
2.77676
2.74254
2.72707
2.73489
2.75859
2.78411
2.79918
2.79814
2.78295
2.76195
2.74582
2.74142
2.74928
2.76619
2.78676
2.80399
2.81375
2.81611
2.8097
2.78847
2.74801
2.693
2.63848
2.60243
2.59305
2.60505
2.62852
2.65603
2.68258
2.70436
2.71864
2.72496
2.72805
2.73971
2.77148
2.82026
2.86889
2.90009
2.90325
2.87414
2.8156
2.73842
2.65891
2.59386
2.55614
2.55241
2.58187
2.63594
2.70078
2.76223
2.80972
2.837
2.84204
2.82751
2.80087
2.77203
2.74926
2.73659
2.73423
2.74031
2.75247
2.76905
2.7896
2.81422
2.84266
2.87384
2.90537
2.93264
2.95019
2.9554
2.95078
2.94267
2.93718
2.93631
2.93772
2.93864
2.9391
2.93967
2.93718
2.92659
2.90656
2.88149
2.85864
2.8435
2.8367
2.83535
2.83627
2.83801
2.84047
2.84397
2.84882
2.85544
2.86446
2.87673
2.89247
2.91045
2.92734
2.93843
2.93968
2.93146
2.92089
2.91882
2.93217
2.95789
2.98331
2.99419
2.98503
2.96325
2.94466
2.94249
2.95842
2.9827
3.00087
3.00071
2.97723
2.93493
2.8854
2.84114
2.81112
2.79976
2.80698
2.82849
2.85737
2.88504
2.9022
2.90053
2.87566
2.82992
2.77213
2.71353
2.66217
2.6214
2.593
2.57917
2.5809
2.59845
2.63295
2.68247
2.73806
2.78746
2.82135
2.83651
2.83847
2.84366
2.86719
2.90153
2.92216
2.91179
2.86995
2.80925
2.74804
2.70141
2.67593
2.67151
2.68615
2.71699
2.75794
2.7995
2.83272
2.85325
2.86192
2.8623
2.85753
2.84716
2.82631
2.79009
2.74124
2.69392
2.66775
2.67554
2.71759
2.78607
2.86875
2.94947
3.01127
3.04182
3.03724
3.00229
2.94759
2.88552
2.82629
2.77625
2.73868
2.71498
2.70475
2.70531
2.71181
2.71868
2.72209
2.7207
2.71397
2.70006
2.67731
2.64787
2.61883
2.59868
2.59267
2.60081
2.61858
2.63918
2.65665
2.66824
2.67605
2.68651
2.70553
2.73317
2.76465
2.79546
2.8235
2.84751
2.86547
2.87566
2.878
2.87353
2.86371
2.85089
2.83948
2.83448
2.83779
2.84568
2.85041
2.8449
2.82627
2.79624
2.75892
2.71862
2.6798
2.64863
2.63233
2.63502
2.65443
2.68339
2.71476
2.74443
2.77082
2.79347
2.81302
2.83127
2.85028
2.87076
2.89153
2.91067
2.92698
2.93967
2.94616
2.94254
2.92693
2.9018
2.87255
2.84428
2.81988
2.8006
2.78768
2.78245
2.78502
2.79353
2.80464
2.81482
2.8214
2.82332
2.82106
2.81561
2.80748
2.79665
2.78359
2.76976
2.75657
2.74489
2.73671
2.73649
2.74851
2.77226
2.80209
2.83121
2.85494
2.87188
2.88353
2.89258
2.90189
2.91307
2.92463
2.93152
2.92712
2.90746
2.8754
2.84217
2.82371
2.83122
2.86359
2.90891
2.95199
2.98047
2.98782
2.97476
2.94802
2.9156
2.88089
2.84117
2.79248
2.73561
2.67776
2.62948
2.60101
2.59957
2.62503
2.66717
2.711
2.74492
2.76517
2.7761
2.78697
2.80607
2.83541
2.87061
2.90477
2.9314
2.94523
2.94364
2.92823
2.90504
2.88194
2.86239
2.84048
2.80733
2.76231
2.71428
2.67416
2.64806
2.63629
2.63711
2.64978
2.6743
2.70874
2.74816
2.78794
2.82835
2.87462
2.93024
2.98967
3.0383
3.0589
3.03878
2.97441
2.87563
2.77077
2.70121
2.69255
2.73144
2.78282
2.81897
2.82949
2.81774
2.79526
2.77618
2.77068
2.78242
2.81119
2.85429
2.90467
2.9516
2.98559
3.00264
3.00265
2.98438
2.94494
2.8863
2.82347
2.7816
2.77526
2.79404
2.81855
2.84008
2.86202
2.89072
2.92707
2.96463
2.99367
3.00572
2.99541
2.96107
2.90695
2.84463
2.78773
2.74265
2.70787
2.68099
2.6625
2.6543
2.65703
2.6691
2.68828
2.71253
2.73905
2.76353
2.78192
2.79216
2.79398
2.78851
2.77829
2.76704
2.75812
2.75231
2.74718
2.73976
2.72987
2.72065
2.71534
2.71406
2.71393
2.71193
2.70841
2.70824
2.71798
2.74138
2.77687
2.81876
2.8587
2.88731
2.89811
2.89143
2.87467
2.85849
2.85145
2.85628
2.86971
2.88512
2.89541
2.89488
2.88078
2.85505
2.82499
2.80234
2.79915
2.81911
2.85214
2.88151
2.89534
2.89067
2.871
2.84284
2.81358
2.79024
2.77824
2.78
2.79399
2.81524
2.8368
2.85151
2.85365
2.84109
2.8186
2.79875
2.79246
2.79674
2.79901
2.79096
2.77356
2.75352
2.73782
2.72847
2.72109
2.70851
2.68678
2.66016
2.64089
2.64143
2.66512
2.70449
2.74776
2.78632
2.81906
2.85159
2.88859
2.92493
2.94724
2.94447
2.91497
2.86659
2.81309
2.77034
2.7513
2.76017
2.78903
2.82076
2.8372
2.82761
2.79401
2.75124
2.71882
2.70854
2.71897
2.74081
2.76502
2.78732
2.80639
2.82009
2.82499
2.81932
2.80489
2.78611
2.76695
2.74829
2.72765
2.70134
2.66727
2.62609
2.58076
2.536
2.49807
2.47384
2.46937
2.48969
2.53781
2.61099
2.69856
2.78559
2.85808
2.90641
2.9263
2.91805
2.88517
2.8334
2.77097
2.70959
2.66385
2.64776
2.66871
2.72312
2.79707
2.87213
2.93172
2.96502
2.96816
2.94484
2.9064
2.8698
2.85177
2.8603
2.89082
2.93033
2.96464
2.98306
2.97984
2.95438
2.91151
2.86133
2.81696
2.78878
2.7785
2.77904
2.78005
2.77387
2.75979
2.74676
2.74782
2.76514
2.78657
2.80087
2.80669
2.80719
2.80366
2.79581
2.78384
2.76778
2.74674
2.72161
2.69706
2.67813
2.66416
2.64879
2.62751
2.60344
2.58502
2.57968
2.58939
2.60985
2.63325
2.65184
2.66069
2.65845
2.64697
2.63142
2.62007
2.62253
2.64575
2.68975
2.74697
2.80538
2.85267
2.87909
2.88024
2.86191
2.84206
2.83664
2.84131
2.847
2.82832
2.7941
2.74791
2.69741
2.65858
2.65022
2.67799
2.73004
2.78963
2.84424
2.88625
2.91216
2.92266
2.92271
2.9198
2.92086
2.92908
2.9425
2.95535
2.96122
2.95595
2.93847
2.9102
2.87396
2.83245
2.78827
2.74612
2.71459
2.70352
2.71735
2.75084
2.79183
2.82843
2.85352
2.86492
2.86405
2.85447
2.84016
2.82337
2.80409
2.78107
2.75418
2.7265
2.70379
2.69087
2.68891
2.69697
2.71479
2.74336
2.78291
2.83072
2.88084
2.92617
2.96134
2.98387
2.99333
2.98956
2.97184
2.93993
2.89619
2.84614
2.79503
2.74443
2.69537
2.65467
2.63369
2.63757
2.65939
2.68562
2.70446
2.7121
2.71672
2.73297
2.76601
2.80619
2.84148
2.86605
2.87829
2.87812
2.86734
2.85053
2.83413
2.82409
2.82346
2.83112
2.84226
2.8512
2.85466
2.85244
2.84487
2.83007
2.80544
2.77106
2.73138
2.69351
2.66406
2.64694
2.64277
2.64958
2.66423
2.68413
2.70823
2.73565
2.76191
2.77721
2.77064
2.73755
2.68499
2.63163
2.59915
2.59838
2.62422
2.66396
2.7069
2.74642
2.77781
2.79758
2.80466
2.80144
2.79268
2.78251
2.7722
2.76118
2.74943
2.73894
2.73211
2.72941
2.72848
2.72583
2.71909
2.70861
2.69762
2.69063
2.69042
2.69591
2.70429
2.71556
2.73171
2.75036
2.76495
2.77151
2.76968
2.75988
2.74478
2.7337
2.74125
2.77457
2.82386
2.87507
2.92491
2.97313
3.00924
3.01966
3.00183
2.96419
2.91809
2.87343
2.8388
2.81914
2.81305
2.81545
2.82211
2.83052
2.83797
2.84087
2.83743
2.83195
2.83364
2.84714
2.86632
2.88037
2.88198
2.86964
2.84647
2.81799
2.78896
2.76182
2.73909
2.72639
2.73065
2.75388
2.78973
2.82702
2.85583
2.87067
2.87031
2.85659
2.8342
2.81017
2.79132
2.78037
2.77418
2.76576
2.74837
2.71921
2.68063
2.63878
2.60111
2.57392
2.56017
2.5579
2.56124
2.56442
2.56562
2.56705
2.57224
2.58345
2.60009
2.61821
2.63182
2.63516
2.62499
2.60174
2.56928
2.53334
2.50027
2.47724
2.4717
2.48684
2.51694
2.55018
2.57695
2.59492
2.60822
2.62388
2.64782
2.68114
2.71934
2.75627
2.78857
2.81634
2.84194
2.86968
2.90495
2.94968
2.998
3.03883
3.06267
3.06581
3.05004
3.02032
2.98194
2.93821
2.89022
2.83834
2.78373
2.72865
2.67634
2.6303
2.59318
2.56735
2.55762
2.57073
2.6083
2.65993
2.70837
2.74071
2.75415
2.75526
2.75499
2.76017
2.769
2.77665
2.78167
2.78552
2.78873
2.78913
2.78293
2.76674
2.73826
2.69636
2.64208
2.58045
2.5213
2.47638
2.45371
2.45474
2.4773
2.51934
2.5792
2.65326
2.73319
2.80565
2.85622
2.87574
2.86519
2.83644
2.80748
2.79261
2.79599
2.81536
2.84853
2.89172
2.93533
2.96675
2.97622
2.95976
2.91887
2.86011
2.79603
2.74369
2.71599
2.71203
2.7201
2.72912
2.73358
2.73133
2.72066
2.70023
2.67126
2.63922
2.61307
2.60283
2.61689
2.65686
2.71318
2.77006
2.815
2.84169
2.84732
2.83174
2.80004
2.764
2.73741
2.72741
2.73041
2.73894
2.75105
2.77056
2.79813
2.82693
2.8484
2.85741
2.85312
2.83856
2.8198
2.8034
2.79322
2.79015
2.7951
2.81085
2.83876
2.87394
2.90591
2.92425
2.9236
2.90568
2.87822
2.85089
2.831
2.82201
2.82441
2.83602
2.85275
2.87025
2.88545
2.89689
2.904
2.90639
2.90409
2.89807
2.89024
2.88288
2.87798
2.87632
2.87682
2.87669
2.87243
2.86063
2.83812
2.80221
2.75135
2.68653
2.61332
2.54257
2.48685
2.4552
2.45197
2.47838
2.53055
2.59693
2.66237
2.71579
2.75477
2.78629
2.82159
2.8662
2.91449
2.95531
2.97968
2.98275
2.96343
2.92587
2.88104
2.84476
2.83006
2.83895
2.86213
2.8863
2.90029
2.89655
2.87134
2.82692
2.77379
2.72767
2.69942
2.68649
2.67682
2.66043
2.6373
2.61565
2.60214
2.59533
2.59023
2.58672
2.59175
2.61394
2.65558
2.70881
2.75878
2.79104
2.79806
2.78208
2.75411
2.72836
2.71447
2.7141
2.7244
2.74205
2.76358
2.7837
2.79554
2.79347
2.77702
2.75277
2.73269
2.7284
2.74268
2.76471
2.77575
2.76078
2.71894
2.66896
2.63738
2.63512
2.65729
2.69963
2.76123
2.83905
2.92564
3.01123
3.0868
3.14592
3.18485
3.20205
3.19788
3.17425
3.13398
3.07997
3.01454
2.94049
2.86343
2.7936
2.74355
2.72159
2.72548
2.74247
2.75677
2.75777
2.74429
2.72366
2.70688
2.70152
2.70683
2.71614
2.72442
2.73186
2.74018
2.74845
2.7535
2.75202
2.74219
2.7243
2.70115
2.67793
2.66041
2.65179
2.6515
2.65679
2.66477
2.67353
2.68286
2.69477
2.712
2.73502
2.76052
2.78341
2.80073
2.81272
2.8197
2.81932
2.80797
2.78467
2.7526
2.71925
2.6948
2.68707
2.69589
2.71312
2.72732
2.73008
2.72152
2.71168
2.71463
2.73812
2.77708
2.81617
2.83896
2.83582
2.80643
2.75832
2.70382
2.65636
2.62648
2.61771
2.62505
2.63736
2.64199
2.63009
2.60318
2.57776
2.57745
2.61076
2.66166
2.70811
2.74017
2.76076
2.7777
2.79708
2.82087
2.84752
2.87346
2.89514
2.91051
2.91966
2.92387
2.92432
2.92211
2.91926
2.91902
2.92475
2.93795
2.9569
2.97638
2.98919
2.98921
2.97484
2.95096
2.92703
2.91146
2.90589
2.90517
2.90242
2.89372
2.87898
2.85972
2.83695
2.81059
2.77967
2.74313
2.70143
2.65855
2.62236
2.60166
2.602
2.62292
2.65874
2.70205
2.74694
2.78986
2.8286
2.86165
2.88858
2.9091
2.92169
2.92318
2.91023
2.88235
2.8449
2.80976
2.79102
2.79692
2.82564
2.86878
2.91639
2.95906
2.98917
3.00234
2.99777
2.97691
2.94299
2.9039
2.87464
2.86862
2.88194
2.89639
2.89683
2.87906
2.8487
2.81755
2.7979
2.79562
2.80737
2.82408
2.8364
2.83787
2.8266
2.80576
2.78052
2.75353
2.72398
2.69093
2.65597
2.6225
2.59426
2.57468
2.56594
2.56732
2.57446
2.58103
2.58188
2.57571
2.56617
2.56062
2.56752
2.59345
2.63974
2.70014
2.76207
2.81123
2.83514
2.82444
2.77548
2.69611
2.61028
2.55069
2.53529
2.55494
2.58965
2.6258
2.65687
2.67721
2.68116
2.66955
2.65325
2.64465
2.64359
2.63577
2.61294
2.58999
2.5836
2.58719
2.59154
2.60203
2.62732
2.66994
2.72683
2.79149
2.85599
2.91277
2.95552
2.98041
2.98822
2.9841
2.97245
2.95252
2.9215
2.88134
2.84038
2.80634
2.77975
2.75575
2.73014
2.70344
2.68075
2.66656
2.66025
2.65842
2.66097
2.67229
2.69668
2.73387
2.77827
2.82126
2.85418
2.87047
2.86685
2.84428
2.80832
2.76814
2.73373
2.7111
2.69908
2.69204
2.68639
2.68309
2.68481
2.69214
2.7028
2.71347
2.72204
2.72825
2.73296
2.73751
2.74334
2.75122
2.76039
2.76877
2.77436
2.77626
2.77446
2.76975
2.76432
2.76099
2.76057
2.76027
2.75489
2.7398
2.71417
2.68217
2.65113
2.62815
2.61952
2.63135
2.66644
2.72089
2.78599
2.85191
2.91
2.95662
2.99634
3.03728
3.07803
3.10627
3.11382
3.10309
3.07955
3.04491
2.99838
2.94034
2.87413
2.806
2.74541
2.70474
2.6956
2.7225
2.77849
2.84721
2.91022
2.95414
2.97456
2.9757
2.96574
2.95018
2.92888
2.89869
2.85863
2.81362
2.77491
2.75483
2.75877
2.78173
2.81206
2.83848
2.85452
2.85867
2.85223
2.83744
2.81677
2.79266
2.76785
2.74569
2.72938
2.72016
2.71611
2.71315
2.70711
2.69558
2.67895
2.66029
2.64438
2.63567
2.63605
2.64478
2.66039
2.68208
2.70888
2.73838
2.76615
2.78647
2.79404
2.78666
2.76791
2.74774
2.73799
2.74497
2.76771
2.80271
2.84597
2.89167
2.93276
2.96315
2.97915
2.97996
2.96793
2.94887
2.9311
2.92318
2.93062
2.95276
2.98197
3.00715
3.01871
3.01188
2.98785
2.9532
2.91753
2.88956
2.87324
2.86668
2.86335
2.85312
2.82468
2.77133
2.69803
2.62292
2.5679
2.54322
2.54273
2.5534
2.56392
2.56878
2.57134
2.58124
2.60583
2.64498
2.69181
2.73647
2.77144
2.79504
2.81109
2.82549
2.84276
2.86358
2.88357
2.89451
2.89034
2.87676
2.87425
2.90331
2.96231
3.02684
3.07111
3.08405
3.06862
3.03527
2.99554
2.95612
2.91679
2.87526
2.83318
2.79659
2.77184
2.76166
2.76363
2.7719
2.7819
2.79423
2.81185
2.83394
2.85526
2.87078
2.87789
2.8754
2.86173
2.83494
2.79512
2.7479
2.70509
2.6808
2.68584
2.72189
2.77894
2.83969
2.8885
2.91781
2.92848
2.92466
2.90916
2.88487
2.85797
2.83626
2.82609
2.83042
2.84358
2.84967
2.83459
2.79679
2.74624
2.69807
2.66628
2.65895
2.67601
2.71011
2.75075
2.78979
2.82448
2.85557
2.88193
2.89819
2.89779
2.87755
2.8403
2.79507
2.75513
2.73399
2.73952
2.76895
2.80921
2.84317
2.85715
2.84542
2.81289
2.77442
2.74747
2.74217
2.75716
2.78296
2.80952
2.83245
2.85313
2.87381
2.89324
2.9067
2.90931
2.89856
2.87452
2.83947
2.79833
2.75836
2.72644
2.70534
2.69274
2.68456
2.68058
2.68577
2.70113
2.71748
2.72504
2.72359
2.72067
2.7241
2.73658
2.75471
2.77257
2.78695
2.79934
2.81346
2.83127
2.85136
2.8695
2.87952
2.87385
2.84456
2.78711
2.70923
2.6391
2.61149
2.63235
2.67505
2.71449
2.74389
2.7678
2.79207
2.81819
2.84249
2.85908
2.86329
2.85404
2.83448
2.81304
2.8018
2.80844
2.82987
2.85741
2.88474
2.90884
2.9273
2.93678
2.84576
2.82969
2.80672
2.78505
2.76851
2.75259
2.72833
2.68968
2.63826
2.58357
2.53855
2.51195
2.50338
2.50699
2.51939
2.54101
2.57142
2.60576
2.63657
2.65825
2.66989
2.6747
2.67777
2.68373
2.69497
2.71022
2.72509
2.735
2.73822
2.73554
2.72788
2.71531
2.69772
2.67576
2.65162
2.63038
2.62092
2.63353
2.67206
2.72743
2.78401
2.83043
2.86219
2.87826
2.87849
2.8636
2.83659
2.80307
2.76913
2.73977
2.71904
2.70888
2.70855
2.71748
2.73645
2.76374
2.79226
2.81225
2.81685
2.80671
2.79131
2.78565
2.80146
2.83817
2.88284
2.92021
2.9419
2.94796
2.94228
2.92686
2.89958
2.85849
2.80847
2.76273
2.73553
2.73226
2.74714
2.76928
2.78885
2.79909
2.796
2.77795
2.74655
2.70858
2.6788
2.67757
2.71288
2.76647
2.8119
2.83601
2.83907
2.82764
2.81067
2.79711
2.79301
2.79979
2.81491
2.83392
2.85188
2.86422
2.86807
2.86323
2.85217
2.83805
2.82255
2.80513
2.78467
2.76209
2.74114
2.7256
2.71568
2.70804
2.69988
2.69233
2.6905
2.69912
2.7176
2.73956
2.75581
2.75738
2.73841
2.70069
2.65825
2.63157
2.62851
2.6384
2.64882
2.65715
2.66607
2.67545
2.68078
2.67925
2.6763
2.68271
2.70484
2.74043
2.78082
2.81417
2.82984
2.82229
2.79216
2.74544
2.69132
2.6397
2.59897
2.57456
2.56826
2.57798
2.59819
2.6213
2.64018
2.65109
2.65538
2.65828
2.66476
2.67477
2.68274
2.68243
2.67314
2.6618
2.65985
2.67731
2.717
2.77222
2.82874
2.87063
2.88624
2.8714
2.82986
2.77167
2.71118
2.66503
2.64864
2.67017
2.72565
2.80003
2.87245
2.92426
2.94641
2.9404
2.91173
2.86353
2.79948
2.7299
2.66867
2.62434
2.59857
2.59163
2.60372
2.63059
2.66112
2.68217
2.68769
2.68361
2.68119
2.68553
2.69333
2.69779
2.69283
2.67633
2.65213
2.62869
2.61558
2.6191
2.63912
2.66965
2.70285
2.73288
2.75768
2.77863
2.7987
2.81968
2.83984
2.85475
2.86078
2.857
2.84429
2.82447
2.80101
2.77962
2.76602
2.76148
2.7607
2.75492
2.73783
2.71082
2.68516
2.67751
2.69789
2.74124
2.79373
2.844
2.88697
2.92199
2.94923
2.96793
2.97794
2.98153
2.98255
2.98253
2.97828
2.96447
2.93907
2.90567
2.86999
2.83577
2.80475
2.77815
2.75626
2.73775
2.72016
2.70072
2.67776
2.6527
2.63171
2.62406
2.63637
2.66682
2.70497
2.73772
2.75608
2.75892
2.75347
2.75044
2.75475
2.76172
2.76354
2.75638
2.74169
2.72439
2.71012
2.70194
2.6982
2.69315
2.67981
2.65341
2.61397
2.5678
2.52626
2.50125
2.49861
2.51472
2.53925
2.56124
2.57366
2.57462
2.56655
2.55401
2.54131
2.53162
2.52814
2.53589
2.56023
2.60089
2.64751
2.68417
2.69877
2.68736
2.65298
2.60403
2.55431
2.52165
2.51963
2.54578
2.58207
2.60906
2.61856
2.61616
2.61463
2.62336
2.64403
2.67354
2.70745
2.74144
2.77201
2.79606
2.81023
2.81178
2.80149
2.785
2.76922
2.7575
2.74932
2.74425
2.74482
2.75426
2.77204
2.79314
2.81274
2.82944
2.84295
2.85046
2.8476
2.8319
2.80451
2.77005
2.7354
2.70807
2.69439
2.69726
2.71301
2.73033
2.73533
2.72026
2.68767
2.64727
2.61058
2.58818
2.58837
2.61349
2.65712
2.70591
2.74442
2.7601
2.74781
2.71214
2.66609
2.62551
2.60263
2.6023
2.62227
2.65594
2.69584
2.73586
2.77167
2.80061
2.82121
2.83253
2.83341
2.82229
2.79802
2.76205
2.72015
2.68065
2.64971
2.62983
2.62257
2.62907
2.6474
2.67201
2.69634
2.71638
2.73296
2.75126
2.77629
2.80735
2.83691
2.85501
2.85421
2.83182
2.79053
2.73732
2.68146
2.63238
2.59881
2.58781
2.60233
2.63826
2.68429
2.72683
2.75656
2.77116
2.77381
2.76956
2.76293
2.75815
2.7605
2.77528
2.80471
2.84617
2.8928
2.93507
2.96236
2.96523
2.9379
2.87971
2.79576
2.69738
2.60252
2.5321
2.4997
2.50253
2.52583
2.55696
2.59331
2.63723
2.68815
2.74138
2.79092
2.83252
2.86597
2.89413
2.91822
2.93478
2.93822
2.92586
2.90031
2.86814
2.83648
2.80956
2.78753
2.76773
2.74673
2.72211
2.69459
2.6698
2.65438
2.64772
2.64222
2.63271
2.62089
2.61199
2.61053
2.61887
2.63695
2.66135
2.68474
2.69811
2.69506
2.67614
2.65047
2.63096
2.62452
2.62938
2.64261
2.66531
2.70036
2.74807
2.80427
2.8615
2.91148
2.94663
2.96101
2.95093
2.91581
2.8594
2.79006
2.71943
2.6593
2.61914
2.60446
2.6169
2.65455
2.71215
2.78106
2.85053
2.91006
2.95206
2.97303
2.97334
2.95572
2.92346
2.87988
2.83011
2.78362
2.75422
2.75336
2.78007
2.81965
2.85256
2.8639
2.84796
2.80954
2.76198
2.72117
2.69764
2.6932
2.70382
2.72342
2.74483
2.76046
2.76476
2.7569
2.7414
2.72607
2.71768
2.71969
2.73781
2.7836
2.85864
2.94277
3.01056
3.04681
3.04695
3.01374
2.95637
2.88941
2.82946
2.78931
2.77346
2.77877
2.79809
2.82373
2.84979
2.87306
2.89243
2.90784
2.91944
2.92679
2.92861
2.92359
2.91107
2.891
2.86352
2.83017
2.79556
2.76693
2.75024
2.74584
2.74779
2.74789
2.74117
2.7283
2.71392
2.70255
2.69617
2.69463
2.69741
2.70507
2.71898
2.73864
2.75916
2.77233
2.77069
2.7508
2.7144
2.66774
2.62032
2.58362
2.56857
2.5811
2.61787
2.66632
2.70991
2.73391
2.72918
2.69386
2.63371
2.56072
2.4895
2.43344
2.40272
2.40259
2.4309
2.47764
2.53013
2.58012
2.62541
2.66629
2.70211
2.73163
2.75533
2.77622
2.79793
2.82179
2.84532
2.86312
2.86987
2.86454
2.85365
2.8495
2.85949
2.87628
2.88378
2.87039
2.83397
2.78003
2.71798
2.65655
2.60041
2.55111
2.51066
2.48357
2.47464
2.48442
2.50741
2.5349
2.55904
2.57518
2.58293
2.58602
2.59058
2.60169
2.62012
2.64201
2.66223
2.67826
2.69109
2.70195
2.70872
2.70736
2.69703
2.68225
2.66982
2.66384
2.66383
2.66643
2.6679
2.66693
2.66535
2.66584
2.66964
2.67563
2.68087
2.6814
2.67416
2.66095
2.65146
2.65962
2.69165
2.73833
2.78123
2.80356
2.79504
2.75308
2.68305
2.59767
2.51514
2.45682
2.44094
2.47134
2.53352
2.60643
2.67725
2.74622
2.81739
2.88534
2.93573
2.95726
2.94913
2.91947
2.87833
2.83184
2.78285
2.7351
2.69377
2.66191
2.63747
2.61539
2.59293
2.57455
2.57252
2.59903
2.65354
2.71983
2.77655
2.80791
2.80689
2.77471
2.71976
2.65595
2.59922
2.56151
2.54552
2.54574
2.5538
2.56145
2.56095
2.54688
2.51983
2.48827
2.46502
2.45997
2.47437
2.50083
2.52892
2.55222
2.57206
2.59547
2.62956
2.67759
2.7381
2.80533
2.8705
2.92445
2.96072
2.977
2.97465
2.9578
2.93202
2.90231
2.87148
2.84062
2.81164
2.78794
2.77148
2.75876
2.74102
2.70932
2.66062
2.60063
2.54209
2.49939
2.48223
2.49169
2.52123
2.56093
2.60127
2.63503
2.65735
2.66518
2.65679
2.63208
2.59309
2.54533
2.49957
2.47172
2.47613
2.51414
2.57093
2.6264
2.66724
2.69084
2.70369
2.71672
2.73738
2.76272
2.78127
2.78225
2.76273
2.72891
2.69274
2.66466
2.64729
2.63743
2.63237
2.63273
2.64221
2.66605
2.70699
2.76081
2.81601
2.85834
2.87617
2.86384
2.82311
2.76381
2.70353
2.66444
2.66401
2.70322
2.76541
2.82767
2.87201
2.88952
2.8788
2.84226
2.78339
2.7056
2.61326
2.5184
2.44891
2.43728
2.48485
2.55658
2.61715
2.64982
2.65257
2.63483
2.61652
2.61868
2.64614
2.68467
2.71838
2.74294
2.76337
2.78507
2.80884
2.83254
2.85411
2.87198
2.88484
2.89316
2.90011
2.90873
2.91823
2.92425
2.92286
2.91404
2.90087
2.88682
2.87436
2.86496
2.85928
2.85626
2.85285
2.84586
2.83442
2.82012
2.80393
2.78424
2.75819
2.72407
2.68206
2.63458
2.58795
2.55252
2.53844
2.54953
2.58198
2.62811
2.67982
2.72989
2.7727
2.80528
2.82794
2.84364
2.85536
2.86399
2.86947
2.87302
2.87721
2.88415
2.89375
2.90273
2.90596
2.89891
2.87954
2.84857
2.80918
2.76654
2.72647
2.69338
2.66886
2.65175
2.63906
2.62727
2.61374
2.59762
2.57955
2.56067
2.54241
2.52689
2.51684
2.51356
2.51468
2.5156
2.51329
2.51003
2.51419
2.53667
2.58288
2.64629
2.71175
2.76511
2.79943
2.81448
2.81279
2.79625
2.76598
2.72472
2.67878
2.63727
2.60911
2.59913
2.60614
2.62437
2.64675
2.66731
2.68204
2.6891
2.68949
2.68791
2.69138
2.70441
2.72531
2.74803
2.76735
2.78366
2.80389
2.83371
2.8678
2.89351
2.90212
2.89212
2.86557
2.82606
2.78122
2.74512
2.73317
2.74963
2.78163
2.80877
2.81651
2.80101
2.76707
2.72424
2.68331
2.65283
2.63656
2.63368
2.64132
2.65668
2.67622
2.69434
2.70657
2.71421
2.72268
2.73427
2.74431
2.74479
2.73082
2.7044
2.67367
2.64868
2.63528
2.62894
2.61774
2.59497
2.56633
2.54596
2.54708
2.5717
2.60591
2.62828
2.62312
2.58718
2.53073
2.47376
2.43596
2.42611
2.44096
2.47283
2.51538
2.56332
2.6104
2.64965
2.67592
2.68807
2.68839
2.67963
2.66338
2.64103
2.61542
2.59072
2.57107
2.5586
2.55292
2.55302
2.56055
2.57978
2.61334
2.6582
2.70567
2.74501
2.76817
2.77308
2.76382
2.74843
2.73498
2.728
2.72715
2.72928
2.73125
2.73107
2.7284
2.72538
2.72486
2.72591
2.72368
2.84003
2.82501
2.81362
2.81314
2.82596
2.85012
2.88145
2.91458
2.94263
2.95757
2.95138
2.91826
2.85771
2.77784
2.69635
2.63692
2.6178
2.63693
2.67356
2.706
2.7208
2.71139
2.67712
2.62435
2.5661
2.51775
2.49094
2.48994
2.51316
2.55597
2.61084
2.66687
2.71325
2.74515
2.76741
2.79149
2.8246
2.86007
2.88143
2.87596
2.84402
2.79813
2.75434
2.72202
2.70033
2.68252
2.66144
2.63284
2.59691
2.55791
2.52147
2.49237
2.47472
2.47285
2.48982
2.52338
2.56396
2.59743
2.61169
2.6023
2.57408
2.53806
2.50602
2.48603
2.48214
2.49714
2.53331
2.58871
2.6547
2.71843
2.76701
2.79141
2.78947
2.76683
2.73499
2.70727
2.69361
2.69664
2.71171
2.73056
2.74567
2.75218
2.74799
2.73382
2.71376
2.69397
2.6789
2.66795
2.65685
2.6426
2.62685
2.61484
2.61204
2.62141
2.64217
2.67044
2.70134
2.73103
2.75757
2.78072
2.80078
2.81746
2.83005
2.83846
2.84408
2.84935
2.85579
2.86226
2.8648
2.85939
2.84465
2.82252
2.79623
2.76811
2.73887
2.709
2.68112
2.66004
2.64842
2.64297
2.63755
2.63036
2.62623
2.63143
2.64639
2.66642
2.68911
2.71774
2.75777
2.81086
2.87041
2.92282
2.95411
2.95668
2.93262
2.89229
2.84787
2.8059
2.76653
2.72963
2.69922
2.68118
2.67822
2.68792
2.70424
2.72009
2.73118
2.74232
2.76982
2.8253
2.89601
2.95771
2.9972
3.01369
3.01168
2.99766
2.97969
2.96617
2.96223
2.96584
2.96834
2.96006
2.93717
2.90414
2.86988
2.84204
2.82642
2.82862
2.84988
2.88378
2.92118
2.95435
2.9763
2.981
2.96618
2.9369
2.90553
2.88393
2.8751
2.87374
2.87239
2.86534
2.84956
2.82471
2.79316
2.76082
2.73738
2.73312
2.7523
2.7896
2.83423
2.87614
2.9084
2.92606
2.92559
2.90753
2.87973
2.85631
2.84965
2.86359
2.89541
2.9401
2.99115
3.04042
3.0802
3.10555
3.11516
3.1101
3.09212
3.06268
3.02368
2.97833
2.9314
2.88844
2.85407
2.82989
2.81346
2.80048
2.78861
2.77876
2.7718
2.76549
2.75631
2.74393
2.73229
2.72597
2.72584
2.7287
2.73203
2.73939
2.75968
2.79863
2.85103
2.90266
2.93899
2.95202
2.94247
2.91784
2.88801
2.86038
2.83822
2.82191
2.80968
2.79745
2.78089
2.75872
2.73391
2.71181
2.69719
2.69258
2.69881
2.71604
2.74348
2.77758
2.81163
2.83829
2.85378
2.86167
2.87248
2.89275
2.91549
2.92843
2.92635
2.91194
2.89134
2.87159
2.85931
2.85909
2.87228
2.89853
2.9371
2.98566
3.03829
3.08583
3.11917
3.13264
3.12466
3.09633
3.0495
2.98561
2.90579
2.81268
2.71319
2.61915
2.54349
2.49519
2.47863
2.49425
2.53647
2.59295
2.64971
2.69766
2.73402
2.7588
2.77217
2.77626
2.77687
2.78151
2.79552
2.8198
2.8509
2.88324
2.9105
2.92434
2.91574
2.88071
2.82621
2.7685
2.7229
2.69551
2.68431
2.68399
2.68849
2.69189
2.68935
2.67817
2.65939
2.6384
2.62276
2.61827
2.62766
2.65099
2.68632
2.73054
2.77984
2.82941
2.87365
2.90724
2.92633
2.9286
2.91408
2.88697
2.85559
2.82837
2.80708
2.78354
2.74413
2.67944
2.59307
2.50525
2.44779
2.44591
2.49769
2.5792
2.66777
2.7512
2.82303
2.87859
2.91558
2.93544
2.94251
2.94151
2.93562
2.92687
2.91738
2.91074
2.91213
2.92611
2.95292
2.98676
3.01855
3.04014
3.04639
3.03399
2.99993
2.94283
2.86792
2.79054
2.73023
2.69859
2.69421
2.71079
2.74416
2.78671
2.82421
2.84425
2.84453
2.8329
2.82123
2.81848
2.8272
2.8449
2.86768
2.89247
2.9161
2.93281
2.93517
2.91913
2.88865
2.85465
2.82779
2.81304
2.81179
2.82422
2.84776
2.87645
2.90298
2.92099
2.92626
2.91796
2.89967
2.87843
2.86137
2.85208
2.84973
2.85186
2.85786
2.8689
2.88457
2.90096
2.91273
2.91702
2.91466
2.90696
2.89183
2.86648
2.83474
2.80777
2.79511
2.79734
2.80919
2.82617
2.84623
2.86805
2.89031
2.91175
2.93054
2.94422
2.95045
2.94783
2.93623
2.91682
2.89133
2.86114
2.82708
2.78894
2.74572
2.69734
2.64618
2.5971
2.55681
2.53348
2.53484
2.56372
2.61431
2.67352
2.72533
2.75435
2.75299
2.73323
2.72403
2.73765
2.75477
2.75465
2.73456
2.70528
2.68152
2.67312
2.6804
2.69589
2.70914
2.71183
2.70165
2.68222
2.65912
2.63661
2.61787
2.60561
2.60105
2.60371
2.61265
2.62826
2.65216
2.68413
2.71919
2.7492
2.76797
2.77426
2.77039
2.75831
2.73755
2.70757
2.67144
2.63753
2.61843
2.62616
2.6652
2.72873
2.80182
2.86838
2.91711
2.94375
2.94979
2.94046
2.92292
2.90384
2.8869
2.8716
2.85504
2.83644
2.81992
2.81233
2.81744
2.83208
2.84726
2.85376
2.84811
2.83565
2.8273
2.8308
2.84553
2.86641
2.88885
2.90898
2.92315
2.92994
2.93124
2.93028
2.93142
2.94284
2.97303
3.01787
3.05749
3.07118
3.05142
3.00549
2.94821
2.89235
2.84462
2.80818
2.78407
2.76971
2.76042
2.75332
2.74767
2.74314
2.73883
2.73303
2.72394
2.71198
2.70245
2.7051
2.72705
2.76307
2.79577
2.80766
2.79335
2.7643
2.74228
2.74144
2.75722
2.77709
2.79466
2.8104
2.82466
2.83585
2.8448
2.8553
2.86799
2.87836
2.8824
2.88104
2.87924
2.88238
2.89343
2.91174
2.93365
2.95404
2.96781
2.97103
2.96198
2.94241
2.9176
2.89455
2.87876
2.87268
2.87736
2.89418
2.92321
2.9606
2.99859
3.02889
3.04642
3.05112
3.04645
3.03628
3.0226
3.00577
2.9864
2.96725
2.9527
2.94501
2.94185
2.9389
2.93408
2.92848
2.92363
2.91871
2.90907
2.88876
2.85616
2.81698
2.78126
2.75629
2.74219
2.73459
2.72956
2.72566
2.72275
2.71987
2.71472
2.70528
2.69097
2.6726
2.65128
2.62794
2.60371
2.58043
2.56007
2.54409
2.53356
2.53078
2.54005
2.56734
2.61841
2.69372
2.78394
2.87309
2.94639
2.99402
3.01061
2.99413
2.94638
2.8748
2.79453
2.72675
2.69065
2.69197
2.71867
2.74922
2.76505
2.75857
2.73558
2.71143
2.69928
2.69854
2.69746
2.68572
2.6626
2.63612
2.6165
2.61052
2.62196
2.65421
2.70738
2.77403
2.84158
2.89903
2.94086
2.96691
2.97956
2.98108
2.97296
2.95713
2.93633
2.91293
2.88861
2.865
2.84382
2.8264
2.81405
2.80778
2.80558
2.80108
2.78728
2.76169
2.72891
2.69896
2.68232
2.68338
2.6992
2.72537
2.76154
2.80963
2.86761
2.92739
2.9788
3.01394
3.02793
3.01862
2.9875
2.94124
2.89146
2.85123
2.82879
2.8227
2.82451
2.82711
2.8299
2.83695
2.85175
2.8734
2.89603
2.91171
2.91501
2.9052
2.88473
2.85629
2.82145
2.7819
2.74075
2.70229
2.67082
2.65047
2.64501
2.65652
2.68371
2.72173
2.76349
2.80212
2.8334
2.85728
2.87674
2.89394
2.90693
2.91069
2.90214
2.8845
2.86499
2.84772
2.83172
2.8163
2.80366
2.79693
2.79887
2.81068
2.8282
2.84088
2.83733
2.81339
2.77528
2.73643
2.70925
2.69716
2.69389
2.69058
2.68255
2.67091
2.66025
2.65621
2.66308
2.68194
2.71012
2.74259
2.77486
2.80375
2.82606
2.83835
2.83892
2.83005
2.81793
2.81061
2.81514
2.835
2.86869
2.90916
2.945
2.96365
2.9555
2.91753
2.85564
2.7852
2.72754
2.70106
2.70997
2.74255
2.78323
2.82338
2.86089
2.89486
2.92249
2.93831
2.93688
2.9171
2.88427
2.84877
2.82221
2.81222
2.81983
2.84115
2.87049
2.90085
2.92313
2.92842
2.91542
2.89701
2.89133
2.90048
2.90917
2.90284
2.87675
2.83467
2.78569
2.74082
2.70905
2.69536
2.70308
2.73666
2.79694
2.873
2.9453
2.99616
3.01492
2.99819
2.95155
2.89247
2.84748
2.83736
2.86218
2.90397
2.94181
2.96201
2.95916
2.93432
2.89389
2.84889
2.81266
2.79589
2.80083
2.8208
2.84724
2.87622
2.90725
2.93834
2.96375
2.97699
2.97509
2.95973
2.93453
2.90228
2.86611
2.83164
2.80563
2.79256
2.79299
2.80511
2.82743
2.85845
2.89388
2.92581
2.94516
2.94557
2.92681
2.89475
2.85844
2.82703
2.80721
2.80106
2.80635
2.81876
2.83405
2.84944
2.86398
2.87747
2.88845
2.89281
2.88515
2.8621
2.82568
2.78319
2.743
2.7116
2.69542
2.70192
2.7333
2.77954
2.824
2.85549
2.87231
2.87792
2.87609
2.86927
2.85958
2.8498
2.84305
2.84102
2.84253
2.8439
2.84068
2.82996
2.81245
2.79273
2.77743
2.77273
2.78287
2.80895
2.84664
2.88616
2.91713
2.93576
2.94746
2.96118
2.9799
2.99739
3.00457
2.9971
2.97803
2.95585
2.94038
2.93884
2.95373
2.98175
3.01411
3.03946
3.04959
3.04317
3.02493
3.00139
2.97767
2.95683
2.93989
2.92632
2.91436
2.90144
2.88462
2.86159
2.8318
2.79788
2.76664
2.74567
2.73556
2.72685
2.70871
2.68172
2.6617
2.6687
2.71082
2.77941
2.85818
2.93282
2.99395
3.03636
3.05828
3.06097
3.04796
3.02398
2.99391
2.96189
2.93109
2.90366
2.88071
2.86245
2.84867
2.83958
2.83566
2.83641
2.84117
2.85117
2.86743
2.88649
2.90083
2.90373
2.8924
2.86768
2.83312
2.79486
2.76064
2.73625
2.72211
2.7135
2.70457
2.69297
2.68261
2.68241
2.7017
2.74512
2.8098
2.88618
2.96135
3.02306
3.06253
3.07523
3.06057
3.02161
2.96483
2.89928
2.83474
2.78022
2.7428
2.72573
2.72654
2.73858
2.75605
2.77704
2.79993
2.81886
2.82583
2.81683
2.79479
2.76826
2.83218
2.76864
2.67851
2.83366
3.14469
3.28918
3.19683
2.93805
2.83984
2.93818
2.99144
3.07122
3.18859
3.28525
3.33899
3.32809
3.24661
3.12597
3.03194
3.00525
3.02717
3.06876
3.11619
3.15502
3.17014
3.15136
3.09314
3.00381
2.91119
2.84966
2.83751
2.86668
2.9134
2.95604
2.98319
2.99224
2.9862
2.97218
2.95767
2.94452
2.92783
2.90083
2.85978
2.80669
2.75231
2.71656
2.71827
2.75637
2.8089
2.861
2.9125
2.95282
2.96848
2.967
2.97
2.99317
3.03655
3.08721
3.12833
3.14714
3.13842
3.10462
3.0549
3.0018
2.95476
2.91543
2.87993
2.84437
2.80774
2.77175
2.74071
2.72068
2.71657
2.72882
2.75318
2.78342
2.81493
2.84673
2.88053
2.91805
2.95929
3.00262
3.04538
3.08411
3.11384
3.12776
3.11808
3.08059
3.02164
2.95877
2.90465
2.85356
2.79568
2.73328
2.67663
2.63673
2.62482
2.65079
2.71583
2.80613
2.89779
2.96955
3.01035
3.01898
3.00039
2.96164
2.90946
2.85043
2.79309
2.74838
2.72562
2.72499
2.73579
2.74504
2.74643
2.74135
2.73449
2.72957
2.72744
2.7263
2.72343
2.71738
2.70943
2.70303
2.70187
2.70871
2.72482
2.74917
2.77827
2.80751
2.83286
2.85182
2.86276
2.86396
2.85351
2.83055
2.79687
2.75772
2.72135
2.69711
2.69266
2.71143
2.75228
2.81015
2.87641
2.94065
2.99362
3.0293
3.04502
3.04056
3.01772
2.98005
2.93238
2.87996
2.82804
2.78183
2.74714
2.73065
2.73795
2.77112
2.82789
2.90235
2.98597
3.06885
3.14153
3.19709
3.23303
3.25169
3.25764
3.25359
3.2387
3.21154
3.17425
3.13238
3.09056
3.04988
3.01097
2.97633
2.94797
2.92543
2.90644
2.88962
2.87602
2.86817
2.86893
2.8809
2.9045
2.93576
2.9686
2.9982
3.02135
3.03498
3.03618
3.02447
3.00289
2.97576
2.94563
2.91447
2.88757
2.87237
2.87266
2.88563
2.90456
2.92207
2.93163
2.92831
2.90961
2.87669
2.83576
2.79627
2.76504
2.74182
2.72261
2.70475
2.68789
2.67278
2.66128
2.65741
2.66729
2.69702
2.74954
2.82264
2.90786
2.99155
3.05961
3.10326
3.12182
3.12093
3.10837
3.08965
3.06561
3.0332
2.98926
2.93613
2.88515
2.85223
2.84635
2.86358
2.89271
2.92316
2.94906
2.96947
2.98625
3.00066
3.01131
3.01406
3.00395
2.9783
2.93973
2.89744
2.86391
2.84648
2.84056
2.83406
2.82073
2.80839
2.81288
2.84332
2.89269
2.94215
2.97338
2.97784
2.95843
2.92479
2.88607
2.84745
2.81265
2.78694
2.77646
2.78629
2.81721
2.86128
2.90536
2.93966
2.95982
2.96527
2.96007
2.95269
2.94894
2.94538
2.93438
2.91331
2.88603
2.8582
2.83225
2.80797
2.78668
2.77217
2.76662
2.76669
2.76495
2.75652
2.74325
2.73108
2.72645
2.73586
2.76163
2.79753
2.83394
2.86559
2.89119
2.90899
2.91532
2.90668
2.88315
2.85095
2.82161
2.80661
2.80992
2.82487
2.83896
2.843
2.8373
2.83019
2.83013
2.83813
2.84857
2.8562
2.86042
2.86458
2.87334
2.88957
2.91316
2.94302
2.97823
3.01645
3.05341
3.085
3.10881
3.12246
3.12161
3.10102
3.05821
2.99752
2.93204
2.88039
2.85759
2.86743
2.90305
2.9521
3.00164
3.04171
3.06733
3.0793
3.08229
3.07997
3.07224
3.05748
3.03637
3.01267
2.9905
2.97173
2.95608
2.94298
2.93181
2.92148
2.91078
2.89918
2.88714
2.87607
2.86815
2.86567
2.8698
2.88
2.89503
2.91388
2.93567
2.95876
2.97981
2.99328
2.99232
2.97111
2.92819
2.86823
2.801
2.73908
2.69514
2.6775
2.6864
2.71565
2.75682
2.80081
2.83926
2.86717
2.88315
2.88604
2.87453
2.85078
2.82271
2.80088
2.79439
2.81065
2.85358
2.91371
2.96608
2.98658
2.96486
2.90393
2.81631
2.72163
2.64204
2.59364
2.57988
2.5929
2.62054
2.65203
2.67942
2.69721
2.7045
2.70794
2.71845
2.74233
2.77717
2.81622
2.85411
2.88913
2.92212
2.95327
2.97962
2.99574
2.997
2.98267
2.95732
2.92992
2.91059
2.90587
2.9151
2.93104
2.94468
2.95113
2.95075
2.94446
2.92955
2.90295
2.86578
2.82262
2.77942
2.74371
2.72426
2.72703
2.7506
2.78697
2.82646
2.86252
2.89319
2.91924
2.94159
2.96076
2.97787
2.99517
3.01483
3.03668
3.05697
3.07002
3.07236
3.06601
3.05703
3.05026
3.04527
3.03702
3.01964
2.98986
2.94838
2.89935
2.8482
2.80064
2.76294
2.74099
2.73738
2.75044
2.77684
2.81349
2.85735
2.90486
2.95222
2.99616
3.03517
3.07026
3.10443
3.14094
3.18011
3.21683
3.2416
3.24489
3.22182
3.17535
3.1161
3.05612
3.00123
2.95193
2.90962
2.87752
2.85725
2.84791
2.84827
2.85738
2.87307
2.89131
2.90683
2.91321
2.90488
2.88198
2.85439
2.83515
2.82664
2.81924
2.80361
2.77804
2.74719
2.71757
2.69259
2.67146
2.65415
2.64658
2.65887
2.69761
2.75996
2.83505
2.91005
2.97462
3.02215
3.04916
3.05524
3.04304
3.01736
2.98333
2.94491
2.90545
2.8693
2.84179
2.82746
2.82872
2.84644
2.87968
2.92338
2.96648
2.99572
3.00264
2.98698
2.95451
2.91325
2.87218
2.84157
2.83101
2.84446
2.87683
2.9165
2.95156
2.97423
2.98129
2.97282
2.95113
2.92088
2.88867
2.86189
2.84619
2.84198
2.84332
2.84243
2.83742
2.83438
2.83985
2.85343
2.86998
2.88702
2.90594
2.92576
2.93895
2.93433
2.90194
2.83732
2.74847
2.66232
2.61519
2.62462
2.67844
2.7526
2.82839
2.89565
2.95027
2.99205
3.02302
3.04488
3.05769
3.06057
3.05264
3.03356
3.00531
2.9742
2.94867
2.93365
2.92781
2.92472
2.91502
2.89078
2.85309
2.81753
2.80572
2.82557
2.86546
2.90817
2.94273
2.96583
2.98018
2.99362
3.01422
3.04097
3.06216
3.0661
3.04976
3.01795
2.97731
2.93169
2.8832
2.83608
2.79685
2.76965
2.75355
2.74451
2.73871
2.73426
2.73148
2.73038
2.72687
2.71411
2.69058
2.66463
2.64614
2.63544
2.62726
2.62082
2.61989
2.62718
2.64235
2.6634
2.68566
2.70237
2.70967
2.70877
2.70365
2.69849
2.69644
2.69984
2.71193
2.73745
2.77946
2.83546
2.89875
2.96233
3.01977
3.064
3.08744
3.08441
3.05387
3.00046
2.93387
2.86739
2.81468
2.78451
2.776
2.77923
2.78144
2.77533
2.76473
2.76504
2.79572
2.8646
2.95711
3.0469
3.11447
3.15304
3.16462
3.15595
3.13685
3.11798
3.1069
3.10423
3.1034
3.09475
3.07069
3.0282
2.96954
2.90131
2.83406
2.78247
2.76121
2.77168
2.79712
2.81836
2.82745
2.82697
2.82403
2.82523
2.83347
2.84744
2.86368
2.87865
2.88951
2.89404
2.89104
2.88103
2.86608
2.84854
2.83049
2.81492
2.80649
2.80943
2.82305
2.84074
2.85395
2.85636
2.84649
2.82795
2.80616
2.78622
2.77339
2.77236
2.78418
2.8049
2.82793
2.84771
2.86254
2.87497
2.89035
2.91303
2.94252
2.97307
2.99712
3.0087
3.00474
2.9851
2.95207
2.90957
2.8629
2.81924
2.78711
2.77476
2.78835
2.82849
2.88544
2.94189
2.98329
3.00488
3.01131
3.01198
3.01641
3.0324
3.0652
3.11423
3.17131
3.22514
3.26729
3.29369
3.30298
3.29551
3.27296
3.23727
3.19073
3.13769
3.0843
3.03408
2.98484
2.93186
2.87391
2.8162
2.76853
2.73996
2.73405
2.7473
2.77156
2.80093
2.8371
2.88039
2.91756
2.93104
2.91573
2.88156
2.84649
2.8284
2.83841
2.87772
2.93971
3.0156
3.09625
3.16818
3.21413
3.22169
3.19236
3.14423
3.10233
3.07899
3.06623
3.05106
3.03118
3.01247
2.99639
2.97518
2.94028
2.8936
2.84943
2.82484
2.82757
2.8522
2.88549
2.91381
2.92844
2.92801
2.91838
2.91008
2.91364
2.93468
2.97163
3.01647
3.05772
3.08365
3.08551
3.05952
3.00698
2.9333
2.84696
2.75996
2.68745
2.64347
2.63528
2.66156
2.71405
2.77994
2.8433
2.88887
2.90825
2.90415
2.88916
2.87995
2.88916
2.91901
2.96083
3.00096
3.02845
3.03952
3.03645
3.02351
3.00491
2.98556
2.9703
2.96109
2.95541
2.94784
2.93329
2.90927
2.87697
2.84158
2.81085
2.79223
2.79011
2.8038
2.82707
2.85055
2.86674
2.87346
2.87355
2.87191
2.872
2.87393
2.87464
2.86961
2.85497
2.82912
2.79363
2.75327
2.71483
2.6852
2.66973
2.67072
2.68582
2.70796
2.7286
2.74226
2.74916
2.75414
2.76326
2.7813
2.81069
2.85083
2.89739
2.94275
2.97796
2.99552
2.99151
2.96653
2.92536
2.87497
2.8216
2.76958
2.72379
2.69374
2.68975
2.71087
2.74393
2.77715
2.80725
2.83486
2.85928
2.87806
2.88929
2.89342
2.89292
2.89049
2.88743
2.88364
2.878
2.86897
2.85548
2.83933
2.82738
2.82931
2.84909
2.88054
2.9137
2.94246
2.96665
2.99108
3.0219
3.05894
3.09261
3.11089
3.10836
3.08834
3.0582
3.02328
2.98475
2.94209
2.8956
2.84678
2.79744
2.74894
2.70232
2.6591
2.62177
2.59317
2.57523
2.56912
2.57658
2.60022
2.64234
2.70294
2.77888
2.86476
2.95324
3.0346
3.09746
3.13244
3.13602
3.11191
3.06941
3.02043
2.97628
2.94501
2.92938
2.92634
2.9291
2.93159
2.9318
2.93126
2.93224
2.93577
2.94179
2.95041
2.96218
2.97733
2.99442
3.00933
3.0155
3.00576
2.9755
2.92573
2.86502
2.80795
2.76959
2.75924
2.77734
2.81692
2.86685
2.91531
2.95166
2.96701
2.95503
2.91489
2.85664
2.80307
2.77794
2.78612
2.80858
2.81988
2.80652
2.77254
2.73525
2.71496
2.72287
2.75568
2.80134
2.896
2.94372
2.99119
3.03595
3.07123
3.08893
3.08343
3.0542
3.00877
2.96441
2.94112
2.94714
2.97089
2.98978
2.98705
2.96032
2.9195
2.87987
2.85357
2.84351
2.84363
2.84401
2.83823
2.82979
2.83052
2.84807
2.87685
2.90658
2.93279
2.95541
2.97369
2.98659
2.9948
3.00041
3.00515
3.00962
3.01452
3.02173
3.03301
3.04707
3.05946
3.06581
3.06391
3.05355
3.036
3.01415
2.99146
2.96905
2.94501
2.91854
2.89423
2.87942
2.87641
2.87962
2.88138
2.87827
2.87231
2.86847
2.87073
2.87847
2.88665
2.88993
2.88629
2.87759
2.86795
2.86103
2.85788
2.85573
2.84895
2.83211
2.80319
2.76537
2.72815
2.70702
2.7167
2.7585
2.81693
2.87277
2.91596
2.94632
2.96732
2.98083
2.98594
2.98076
2.96515
2.94243
2.91884
2.90037
2.88923
2.88389
2.88219
2.88306
2.88599
2.89068
2.89661
2.90221
2.90361
2.89476
2.87082
2.83352
2.79477
2.77162
2.77263
2.79142
2.81745
2.84599
2.87441
2.89703
2.90771
2.90398
2.8896
2.87458
2.87044
2.88288
2.91054
2.95114
3.00341
3.06125
3.11334
3.15047
3.16824
3.16426
3.13783
3.09186
3.03322
2.97043
2.91169
2.86422
2.83338
2.82071
2.82301
2.83473
2.85222
2.87581
2.90732
2.94544
2.98369
3.0131
3.02675
3.02235
3.0018
2.96944
2.93046
2.89051
2.85593
2.83248
2.82295
2.82676
2.84125
2.8627
2.88656
2.90844
2.92492
2.93361
2.93254
2.92023
2.89675
2.86535
2.83254
2.8056
2.78909
2.78329
2.78575
2.79428
2.80873
2.83048
2.85963
2.89187
2.91874
2.93113
2.92326
2.89433
2.84804
2.79125
2.73296
2.68334
2.65215
2.64612
2.66641
2.70757
2.75938
2.81082
2.85321
2.88076
2.89013
2.88126
2.85909
2.83371
2.81662
2.81562
2.83259
2.86449
2.90511
2.94617
2.97907
2.99761
2.99989
2.98861
2.96982
2.95008
2.93323
2.91861
2.90274
2.88219
2.8546
2.81882
2.77699
2.73843
2.71954
2.73438
2.78395
2.85578
2.93263
3.00042
3.05006
3.07615
3.07732
3.05811
3.02888
3.00115
2.9813
2.96751
2.9525
2.92949
2.89797
2.86718
2.85145
2.85609
2.87198
2.88728
2.89722
2.90299
2.9072
2.91201
2.91884
2.92782
2.93787
2.9472
2.95306
2.94978
2.92914
2.88502
2.81877
2.74047
2.66608
2.61264
2.59285
2.61035
2.65897
2.72629
2.79779
2.86005
2.9037
2.92552
2.92798
2.91725
2.90188
2.89183
2.89536
2.91478
2.94658
2.98452
3.02069
3.04638
3.05543
3.04721
3.02639
2.99937
2.97057
2.94171
2.91323
2.88506
2.85604
2.82448
2.79001
2.75627
2.73251
2.73111
2.75807
2.80668
2.86425
2.9207
2.96995
3.00878
3.03676
3.05418
3.05897
3.04777
3.02097
2.98684
2.96059
2.95666
2.97842
3.01536
3.05093
3.07229
3.07412
3.05745
3.02711
2.9897
2.95203
2.92008
2.89795
2.88697
2.88518
2.88745
2.88718
2.8784
2.85762
2.82521
2.78772
2.75909
2.7554
2.7836
2.83642
2.89831
2.9542
2.99511
3.01909
3.02927
3.03266
3.03927
3.05777
3.08847
3.1232
3.15241
3.16934
3.16959
3.15073
3.11435
3.06774
3.02192
2.98555
2.96045
2.9437
2.9331
2.92909
2.93098
2.93328
2.92866
2.916
2.90409
2.90418
2.91866
2.94172
2.96826
2.99544
3.01963
3.0365
3.04315
3.03969
3.03109
3.02594
3.02836
3.03242
3.02801
3.01058
2.98436
2.95875
2.94223
2.938
2.94389
2.95529
2.96772
2.97818
2.98398
2.98124
2.96641
2.93924
2.90334
2.86405
2.82756
2.8025
2.8005
2.82901
2.88078
2.93542
2.97451
2.99283
2.99632
2.99227
2.98236
2.96406
2.93633
2.90256
2.86934
2.84352
2.82983
2.82969
2.8407
2.85778
2.87504
2.88769
2.89382
2.89505
2.89518
2.89643
2.89741
2.89458
2.88555
2.87136
2.85737
2.85189
2.86128
2.88387
2.91007
2.92901
2.93465
2.92707
2.90988
2.88683
2.85993
2.83
2.79831
2.76714
2.73965
2.72062
2.71728
2.73665
2.77831
2.83218
2.8862
2.93399
2.97507
3.01135
3.04433
3.0746
3.10227
3.12717
3.14806
3.16241
3.16788
3.16434
3.15462
3.14308
3.13299
3.1244
3.1139
3.09685
3.07061
3.03674
2.99983
2.96436
2.93196
2.90078
2.8674
2.82996
2.79044
2.75439
2.72727
2.70949
2.69474
2.67614
2.65621
2.64965
2.67098
2.7204
2.78477
2.8483
2.8998
2.93481
2.95466
2.96328
2.96348
2.95537
2.93858
2.91815
2.90875
2.92367
2.95503
2.97854
2.97619
2.94554
2.89725
2.84898
2.81436
2.79116
2.76352
2.7216
2.68248
2.67816
2.71184
2.75547
2.78785
2.80999
2.83455
2.86818
2.90304
2.92531
2.92755
2.91104
2.88165
2.84638
2.81196
2.78448
2.7679
2.76301
2.76764
2.77766
2.78756
2.79254
2.79184
2.78837
2.78597
2.79026
2.80644
2.83303
2.86074
2.87754
2.87476
2.85145
2.81656
2.78521
2.76808
2.76312
2.76013
2.75128
2.73707
2.72823
2.74089
2.78109
2.83603
2.88667
2.92227
2.9416
2.94917
2.95238
2.95851
2.9712
2.98883
3.0061
3.01797
3.02264
3.0222
3.02163
3.02708
3.04294
3.06913
3.10049
3.12866
3.14473
3.14163
3.11624
3.07102
3.01399
2.95626
2.90853
2.87822
2.86819
2.87626
2.89632
2.92052
2.94221
2.95793
2.96749
2.97184
2.97099
2.96391
2.95019
2.93131
2.91041
2.89097
2.87572
2.86669
2.8655
2.87269
2.8865
2.90391
2.9239
2.94594
2.96391
2.96749
2.95268
2.92751
2.90563
2.89603
2.8994
2.91185
2.92958
2.95019
2.97125
2.99015
3.00655
3.024
3.0475
3.07906
3.11535
3.14912
3.17255
3.17974
3.16732
3.13522
3.08734
3.03088
2.97412
2.92447
2.88723
2.86425
2.85328
2.84823
2.84097
2.82476
2.79853
2.76901
2.7485
2.7486
2.77319
2.81566
2.8618
2.89564
2.9051
2.88594
2.84393
2.79283
2.74584
2.70688
2.67418
2.65024
2.64316
2.65914
2.69601
2.74373
2.78978
2.82466
2.84449
2.85017
2.84489
2.83261
2.8192
2.81319
2.8221
2.84592
2.87704
2.9073
2.93248
2.95202
2.96622
2.97459
2.97666
2.97413
2.97064
2.96839
2.96538
2.95676
2.93823
2.90847
2.87036
2.83069
2.79843
2.78172
2.7874
2.82164
2.88441
2.96277
3.03662
3.09115
3.12081
3.12562
3.10901
3.07897
3.04939
3.03604
3.04405
3.0614
3.07216
3.07011
3.05822
3.04317
3.03202
3.03027
3.04055
3.06126
3.08653
3.1079
3.11691
3.10829
3.08227
3.04554
3.00897
2.98169
2.96754
2.96748
2.98256
3.01114
3.04612
3.0774
3.09591
3.09634
3.07825
3.04602
3.00744
2.97168
2.94768
2.94171
2.95198
2.96772
2.97981
2.98834
2.99716
3.0064
3.01225
3.01136
3.00366
2.99245
2.9828
2.97856
2.97986
2.98252
2.98034
2.96925
2.94997
2.9271
2.90555
2.88738
2.87169
2.85734
2.84593
2.84154
2.84699
2.8606
2.87566
2.88265
2.87297
2.8437
2.8008
2.75716
2.72659
2.71827
2.73256
2.75969
2.78594
2.80302
2.81209
2.81957
2.8304
2.84607
2.86678
2.89151
2.91642
2.93651
2.94835
2.95027
2.94192
2.92548
2.90626
2.88956
2.87631
2.8622
2.84229
2.81742
2.79672
2.7931
2.81318
2.85085
2.89332
2.93162
2.96126
2.97478
2.96152
2.91568
2.84277
2.75996
2.68986
2.64942
2.64125
2.6552
2.6775
2.70013
2.72454
2.75695
2.79932
2.84521
2.88461
2.91121
2.92472
2.92785
2.92244
2.90794
2.88148
2.83868
2.77679
2.70075
2.62665
2.57539
2.55983
2.57788
2.61656
2.66151
2.70333
2.73851
2.76746
2.79275
2.81835
2.84886
2.88679
2.92971
2.97062
3.00142
3.01581
3.01028
2.98371
2.93791
2.87938
2.82077
2.77786
2.76109
2.76908
2.79239
2.82147
2.84944
2.87062
2.88078
2.87972
2.87247
2.86695
2.86947
2.88211
2.90306
2.92893
2.95606
2.98036
2.99725
3.0029
2.99641
2.9806
2.95925
2.93334
2.90331
2.8741
2.85374
2.84633
2.84916
2.8566
2.86414
2.86987
2.87486
2.88283
2.89766
2.91992
2.94582
2.96992
2.98882
3.00274
3.01427
3.02436
3.0294
3.02321
3.00282
2.97259
2.94352
2.92815
2.93157
2.94543
2.95237
2.93557
2.88652
2.81138
2.73512
2.69167
2.69822
2.74424
2.8078
2.87124
2.92371
2.95843
2.97115
2.96083
2.93108
2.8912
2.85439
2.83164
2.82474
2.82559
2.82331
2.81353
2.80168
2.80079
2.82669
2.88835
2.97776
3.07383
3.15439
3.20502
3.22078
3.2032
3.1572
3.091
3.01771
2.95273
2.90404
2.86608
2.82821
2.78714
2.74936
2.72448
2.71736
2.7248
2.73755
2.74412
2.73583
2.71122
2.67743
2.64763
2.63599
2.6508
2.68839
2.73334
2.76695
2.77938
2.77834
2.78558
2.81999
2.88095
2.94849
2.99876
3.018
3.00422
2.96254
2.90222
2.83662
2.78118
2.7463
2.73022
2.72105
2.70496
2.67224
2.62046
2.55708
2.49788
2.46158
2.46347
2.50778
2.5833
2.67038
2.75208
2.81791
2.86085
2.87639
2.86547
2.83704
2.80602
2.78703
2.78809
2.80784
2.83813
2.87062
2.90135
2.93003
2.95772
2.9848
3.00918
3.02615
3.03118
3.02328
3.00565
2.98367
2.96277
2.94837
2.94518
2.95546
2.97855
3.01125
3.0477
3.07982
3.10109
3.11088
3.1127
3.10674
3.08809
3.05279
3.00229
2.94245
2.88124
2.82723
2.78741
2.76479
2.75845
2.76578
2.78173
2.79589
2.79575
2.77408
2.73298
2.68253
2.63631
2.60515
2.59218
2.59291
2.60006
2.60864
2.61818
2.63198
2.65482
2.69056
2.74034
2.80145
2.8667
2.92594
2.97046
2.9982
2.86622
2.88405
2.90214
2.912
2.90535
2.88214
2.85121
2.82458
2.81085
2.81282
2.82873
2.8535
2.87772
2.88946
2.88087
2.85333
2.81582
2.77859
2.74814
2.72694
2.7148
2.7081
2.70053
2.68887
2.67817
2.67932
2.70086
2.74275
2.79698
2.85249
2.90002
2.93456
2.95611
2.96866
2.97743
2.98535
2.99025
2.98535
2.96381
2.92362
2.86953
2.81171
2.76162
2.72794
2.71498
2.72297
2.74873
2.78639
2.82864
2.86796
2.89766
2.91314
2.91305
2.89983
2.8792
2.85831
2.84312
2.83659
2.8381
2.84359
2.84675
2.84161
2.82572
2.80193
2.77765
2.76112
2.75687
2.76306
2.77295
2.7812
2.78874
2.79765
2.80289
2.79504
2.77035
2.73546
2.7046
2.69285
2.70811
2.74644
2.79558
2.84333
2.88219
2.90845
2.92081
2.91999
2.90832
2.88884
2.86482
2.84015
2.81913
2.80524
2.79934
2.79899
2.79885
2.79278
2.77982
2.76999
2.77911
2.81256
2.85903
2.90178
2.93013
2.94137
2.93761
2.92241
2.89971
2.87463
2.85364
2.84146
2.8392
2.84597
2.85824
2.86752
2.86383
2.84238
2.80679
2.76729
2.73531
2.71655
2.70674
2.695
2.67229
2.63729
2.59716
2.56327
2.54355
2.53893
2.54841
2.57251
2.60978
2.65385
2.69634
2.73025
2.75059
2.7539
2.73905
2.70954
2.67558
2.6526
2.65438
2.68495
2.73662
2.79596
2.85108
2.89511
2.92548
2.94162
2.94297
2.92859
2.89859
2.85648
2.81114
2.77605
2.76377
2.77836
2.81339
2.85753
2.90117
2.93867
2.96738
2.98627
2.99522
2.99486
2.98678
2.97398
2.9605
2.94963
2.94088
2.92918
2.90841
2.87725
2.84117
2.80802
2.78221
2.76335
2.74938
2.73948
2.73482
2.73773
2.74946
2.76713
2.78397
2.79384
2.79527
2.79191
2.79026
2.79712
2.81737
2.85148
2.89351
2.93263
2.95872
2.96709
2.95889
2.93878
2.91138
2.87885
2.84237
2.80723
2.78416
2.78232
2.80226
2.83705
2.87809
2.91866
2.95405
2.98061
2.99546
2.99676
2.98403
2.95824
2.92203
2.87969
2.836
2.79454
2.75746
2.72649
2.7028
2.6857
2.6729
2.66316
2.65798
2.65959
2.66845
2.68374
2.70506
2.73191
2.76169
2.78984
2.81231
2.8279
2.83826
2.84532
2.84887
2.84703
2.83952
2.83005
2.82488
2.82856
2.84132
2.85968
2.87865
2.89297
2.89743
2.88807
2.86427
2.83126
2.80028
2.784
2.7884
2.80973
2.83943
2.87021
2.89694
2.91563
2.92369
2.92075
2.90785
2.88554
2.85362
2.8135
2.77009
2.72977
2.69627
2.6702
2.65243
2.64644
2.65715
2.68784
2.73573
2.79027
2.8367
2.86333
2.8673
2.85589
2.84263
2.84011
2.85354
2.87961
2.90994
2.93496
2.94729
2.94474
2.93033
2.90884
2.88316
2.85569
2.83255
2.82115
2.81983
2.81987
2.81819
2.81723
2.81692
2.81372
2.80544
2.7936
2.78142
2.77067
2.76151
2.75668
2.76408
2.78948
2.8278
2.86652
2.89599
2.91382
2.92291
2.92712
2.92852
2.92876
2.93195
2.94465
2.97239
3.01564
3.0675
3.11521
3.14483
3.14612
3.11486
3.05385
2.97387
2.89395
2.83499
2.80784
2.80849
2.82624
2.85202
2.88005
2.90649
2.92843
2.94275
2.94562
2.93376
2.90687
2.86891
2.8268
2.78815
2.75961
2.74576
2.74821
2.76526
2.79245
2.82357
2.85175
2.87134
2.87982
2.8779
2.86798
2.85375
2.84084
2.83558
2.84134
2.85621
2.87522
2.89398
2.91068
2.92584
2.94017
2.95243
2.9595
2.95924
2.95428
2.95209
2.95971
2.97683
2.99417
2.99864
2.98081
2.93877
2.87765
2.80829
2.7456
2.70461
2.69259
2.70253
2.71709
2.72113
2.7098
2.68738
2.66177
2.6394
2.62438
2.62115
2.63451
2.66567
2.70866
2.75074
2.77706
2.77636
2.74461
2.68741
2.62158
2.57147
2.55687
2.58366
2.64417
2.72188
2.7998
2.8672
2.91968
2.95647
2.97887
2.9899
2.99388
2.99476
2.99421
2.99107
2.98311
2.96885
2.94794
2.92055
2.88692
2.84811
2.80836
2.77699
2.76672
2.78597
2.83084
2.88488
2.92789
2.94613
2.93751
2.90905
2.87035
2.82899
2.79024
2.75764
2.73117
2.7066
2.68023
2.65478
2.63818
2.63485
2.64099
2.65032
2.66037
2.67132
2.68195
2.68883
2.68828
2.67677
2.65057
2.60879
2.56123
2.52947
2.52823
2.55141
2.58544
2.62202
2.65664
2.68627
2.71033
2.73101
2.75111
2.77181
2.79212
2.809
2.81809
2.81488
2.79728
2.76909
2.74146
2.72801
2.73414
2.7502
2.75689
2.73762
2.68762
2.61734
2.55142
2.52068
2.54377
2.61296
2.70121
2.78166
2.83983
2.87482
2.89472
2.90961
2.92526
2.94116
2.95346
2.9594
2.95936
2.9562
2.95309
2.95168
2.95158
2.95152
2.95084
2.94997
2.94981
2.95188
2.95932
2.97541
2.99938
3.02502
3.04456
3.05272
3.04719
3.02717
2.99216
2.94254
2.88109
2.81479
2.75417
2.70865
2.68165
2.66993
2.6676
2.67063
2.67882
2.69384
2.71481
2.73709
2.75663
2.77428
2.79471
2.82183
2.85504
2.88948
2.91971
2.9429
2.95899
2.96879
2.97227
2.96843
2.95623
2.93573
2.90855
2.87716
2.84378
2.81018
2.77938
2.75595
2.7438
2.74349
2.75278
2.76812
2.78471
2.79735
2.80319
2.80377
2.80361
2.80741
2.81817
2.83565
2.8548
2.86603
2.85872
2.82693
2.77453
2.7149
2.66243
2.62223
2.59055
2.56337
2.54213
2.53369
2.54475
2.57473
2.61378
2.64892
2.67119
2.67832
2.67342
2.66312
2.65467
2.65199
2.65276
2.65095
2.64252
2.62858
2.61372
2.60248
2.59871
2.6074
2.6333
2.67478
2.72064
2.75647
2.77389
2.77385
2.76265
2.74708
2.7345
2.73429
2.75374
2.79234
2.8421
2.89142
2.92866
2.94464
2.93452
2.89877
2.84278
2.77495
2.70498
2.64414
2.60478
2.59635
2.62065
2.67043
2.73273
2.79481
2.84895
2.89316
2.92859
2.95627
2.97506
2.98167
2.9733
2.9509
2.92015
2.88969
2.86785
2.85933
2.86265
2.87015
2.87224
2.86344
2.84434
2.81819
2.78782
2.75675
2.73085
2.71642
2.71633
2.72925
2.751
2.77577
2.79943
2.82292
2.85028
2.88259
2.91481
2.93889
2.94946
2.9459
2.93018
2.90433
2.86967
2.8271
2.77761
2.7238
2.67011
2.61858
2.56524
2.50699
2.45301
2.42429
2.43847
2.49484
2.57703
2.66782
2.75721
2.83975
2.91116
2.96861
3.01132
3.04005
3.0565
3.06291
3.06139
3.05299
3.03691
3.01128
2.97517
2.93006
2.87934
2.8271
2.77816
2.73881
2.71449
2.706
2.70984
2.72229
2.74215
2.76908
2.79988
2.82765
2.84505
2.84843
2.83903
2.82201
2.80504
2.79654
2.80346
2.82905
2.87166
2.92535
2.98142
3.02982
3.06088
3.06772
3.04843
3.00775
2.95735
2.91229
2.88389
2.87495
2.88118
2.89604
2.91242
2.92195
2.91579
2.88895
2.84423
2.79104
2.73975
2.69738
2.66823
2.65551
2.66064
2.68109
2.70833
2.73023
2.73889
2.73615
2.73246
2.74
2.76319
2.79634
2.83089
2.86229
2.89059
2.91764
2.94388
2.96643
2.97984
2.97868
2.95992
2.92447
2.87805
2.82992
2.78837
2.75607
2.73004
2.70568
2.68007
2.65255
2.62431
2.59851
2.58018
2.57376
2.57984
2.59559
2.61859
2.64872
2.68479
2.72054
2.74743
2.76153
2.76696
2.77301
2.7878
2.81265
2.84018
2.85821
2.85635
2.83177
2.79132
2.7478
2.71154
2.68532
2.66691
2.6524
2.63766
2.62127
2.60695
2.60185
2.61247
2.64085
2.68273
2.72964
2.77486
2.8172
2.85779
2.89438
2.92131
2.93429
2.93305
2.9201
2.89823
2.86996
2.83975
2.81507
2.80159
2.7967
2.79178
2.78006
2.76052
2.73741
2.71954
2.71806
2.74112
2.78848
2.85145
2.91698
2.97249
3.00876
3.02118
3.01006
2.9802
2.94022
2.90115
2.87375
2.86457
2.87355
2.89427
2.91705
2.93231
2.93284
2.91636
2.89063
2.87651
2.8923
2.93073
2.96824
2.98974
2.99314
2.98206
2.96045
2.93033
2.89095
2.84003
2.77743
2.71073
2.65683
2.63109
2.63152
2.64248
2.65273
2.66192
2.67458
2.69301
2.71523
2.73683
2.75361
2.76404
2.77034
2.77651
2.78497
2.79555
2.80649
2.81544
2.82089
2.82358
2.82671
2.83626
2.85915
2.89608
2.93669
2.96683
2.9778
2.96769
2.94039
2.90754
2.886
2.88518
2.89756
2.90636
2.89923
2.87361
2.83414
2.78832
2.74303
2.70279
2.66985
2.6457
2.63318
2.63707
2.66042
2.69887
2.74164
2.77977
2.8118
2.84238
2.87638
2.9138
2.95004
2.98002
3.00052
3.0093
3.00401
2.98352
2.94988
2.90839
2.86611
2.83055
2.80943
2.80905
2.82996
2.8648
2.90195
2.93146
2.948
2.95012
2.93854
2.91505
2.88181
2.84085
2.7946
2.74815
2.71026
2.68995
2.68975
2.70416
2.72633
2.7535
2.78578
2.8221
2.85904
2.89248
2.91887
2.93484
2.93605
2.91828
2.88172
2.8354
2.79526
2.77305
2.76675
2.76386
2.75181
2.72508
2.68647
2.64344
2.60253
2.57015
2.55811
2.57789
2.62556
2.68289
2.73532
2.78121
2.82416
2.86258
2.88905
2.89703
2.88561
2.85899
2.82378
2.78691
2.75573
2.73728
2.73568
2.75019
2.77687
2.81114
2.84807
2.88124
2.90398
2.91277
2.90996
2.9034
2.90202
2.90984
2.92363
2.93579
2.93893
2.92856
2.90399
2.8681
2.82737
2.79141
2.76924
2.76324
2.76737
2.77281
2.77438
2.77229
2.76934
2.76761
2.7681
2.77196
2.78039
2.7935
2.80924
2.82333
2.8301
2.82489
2.80816
2.78869
2.78086
2.79351
2.82053
2.84637
2.85885
2.85426
2.834
2.8005
2.75584
2.70374
2.652
2.61231
2.5953
2.60377
