5658.71
415.247
415.247
365.835
365.835
365.835
365.835
319.729
319.729
319.729
319.729
319.729
319.729
319.729
319.729
319.729
319.729
319.729
319.729
312.921
312.921
312.028
312.028
311.037
311.037
291.161
291.161
291.161
291.161
288.468
288.468
280.712
280.712
280.712
280.712
280.712
280.712
280.712
270.31
270.31
270.31
267.3
267.3
267.3
267.3
267.3
267.3
267.3
267.3
267.3
266.12
266.12
266.12
266.12
266.12
266.12
266.12
266.12
266.12
266.12
266.12
266.12
266.12
266.12
266.12
266.12
266.12
266.12
266.12
266.12
266.12
266.12
266.12
266.12
266.12
266.12
266.12
266.12
266.12
266.12
266.12
266.12
266.12
266.12
266.12
266.12
266.12
266.12
266.12
266.12
266.12
266.12
266.12
266.12
266.12
266.12
266.12
266.12
266.12
266.12
266.12
266.12
266.12
266.12
266.12
266.12
266.12
266.12
266.12
266.12
266.12
266.12
266.12
266.12
266.12
266.12
266.12
266.12
266.12
266.12
266.12
266.12
266.12
266.12
266.12
266.12
266.12
266.12
266.12
266.12
266.12
266.12
266.12
266.12
266.12
266.12
266.12
266.12
266.12
266.12
266.12
266.12
266.12
266.12
266.12
266.12
266.12
266.12
266.12
266.12
266.12
266.12
266.12
266.12
266.12
266.12
266.12
266.12
266.12
266.12
266.12
266.12
266.12
266.12
266.12
266.12
266.12
266.12
266.12
266.12
266.12
266.12
266.12
266.12
266.12
266.12
266.12
266.12
266.12
266.12
