944.419
339.002
306.085
306.085
299.041
277.024
277.024
277.024
277.024
277.024
277.024
277.024
277.024
277.024
234.555
234.555
234.555
234.555
234.555
226.59
226.59
226.59
226.59
223.946
223.946
223.946
223.946
182.033
182.033
182.033
182.033
144.631
144.631
144.631
144.631
144.631
144.631
144.631
144.631
133.999
133.999
133.999
133.999
133.999
119.904
119.64
119.64
119.64
113.421
111.717
103.329
103.329
103.306
103.306
103.306
103.306
103.306
102.584
102.584
102.584
101.362
101.362
101.362
101.362
101.362
100.744
100.744
100.744
100.744
100.744
100.145
98.6467
97.8919
97.8919
97.8919
97.8919
97.8919
97.8919
97.8919
97.8919
97.8919
97.8919
97.8919
97.8919
97.8919
97.8919
97.8919
97.8919
97.8919
97.8919
97.8919
97.8919
97.8919
97.8919
97.8919
97.8919
97.8919
97.8919
97.8919
97.8919
97.8919
97.8919
97.8919
97.8919
97.8919
97.8919
97.8919
97.8919
97.8919
97.8919
97.8919
97.8919
97.8919
97.8919
97.8919
97.8919
97.8919
97.8919
97.8919
97.8919
97.8919
97.8919
97.8919
97.8919
97.8919
97.8919
97.8919
97.8919
97.8919
97.8919
97.8919
97.8919
97.8919
97.8919
97.8919
97.8919
97.8919
97.8919
97.8919
97.8919
97.8919
97.8919
97.8919
97.8919
97.8919
97.8919
97.8919
97.8919
97.8919
97.8919
97.8919
97.8919
97.8919
97.8919
97.8919
97.8919
97.8919
97.8919
97.8919
97.8919
97.8919
97.8919
97.8919
97.8919
97.8919
97.8919
97.8919
97.8919
97.8919
97.8919
97.8919
97.8919
97.8919
97.8919
97.8919
97.8919
97.8919
97.8919
97.8919
97.8919
