5.31529 8.4704 
-9.6875 2.4804 
-6.94393 -7.19596 
-4.39354 -8.98314 
-3.19774 -9.47494 
-9.90921 1.34448 
8.43965 5.36397 
-5.29064 8.48582 
8.26325 5.63194 
-9.21559 3.88238 
-9.87365 1.58461 
-8.74014 4.859 
1.72157 -9.85069 
-7.08835 -7.05374 
9.92455 -1.22611 
-6.86515 7.27116 
4.86222 -8.73835 
6.33512 7.73733 
-0.371546 -9.9931 
4.8032 -8.77093 
-7.74918 6.32062 
-7.20499 -6.93456 
-5.70883 8.21032 
9.58218 2.8604 
-7.5809 -6.5215 
-9.11729 -4.10793 
-9.99976 0.0694898 
-1.63864 -9.86483 
6.15136 7.88421 
9.64883 2.6268 
-3.72718 9.27945 
7.21871 6.92027 

