9.99742 1.6291 
2.82618 9.47201 
2.31657 4.84974 
9.57477 7.44305 
5.40044 7.39953 
7.59944 6.58637 
3.15638 8.04403 
5.19672 1.68572 
4.7553 3.92314 
2.21668 2.1319 
0.303352 3.33539 
1.94149 9.43717 
5.79932 8.98305 
6.65564 4.9861 
5.60628 1.82285 
2.96526 1.17409 
0.629177 6.48126 
7.25419 6.37131 
7.13885 0.995762 
6.99267 1.07812 
1.29243 5.02403 
2.0778 2.8891 
0.831748 1.28124 
5.47371 0.823196 
2.92141 8.91624 
2.27118 4.31845 
1.40733 4.00392 
6.86947 1.70671 
4.40821 0.453366 
3.11296 5.06181 
1.82411 5.11032 
7.40788 3.65989 

