0
0.000486204
0.000485492
0.000508653
0.000421889
0.000532491
0.00048073
0.000423708
0.000375127
0.000341931
0.00031336
0.000294214
0.000273994
0.000266427
0.000264417
0.000248807
0.000236585
0.000230322
0.000235955
0.00028434
0.000271869
0.000263759
0.000253523
0.000242777
0.000238961
0.000229712
0.000223702
0.000220754
0.000218408
0.000212153
0.00021259
0.000205931
0.000200451
0.000196015
0.000199495
0.000194019
0.000189177
0.000197019
0.000191901
0.000188934
0.000184567
0.000181916
0.00017806
0.000174661
0.000170923
0.00016773
0.000167712
0.000164298
0.000168082
0.000164981
0.00016236
0.000160469
0.000162109
0.000159696
0.000163922
0.000161176
0.000161114
0.000158884
0.000156509
0.000153879
0.000155702
0.00015317
0.00015074
0.000148776
0.000151769
0.000149595
0.000152154
0.000152334
0.000150232
0.000148266
0.000147376
0.000145379
0.00014406
0.000142226
0.000140404
0.000138609
0.000137327
0.000136593
0.000138648
0.000138037
0.000136506
0.00013574
0.000134394
0.000133209
0.000133923
0.000134751
0.000133617
0.000132995
0.000131754
0.000130471
0.000130044
0.00012894
0.000127562
0.000126821
0.000125517
0.000126211
0.000126701
0.000126225
0.000128943
0.000127702
