1.00563
1.00192
1.00247
1.00262
1.0023
1.00061
1.00032
0.999763
0.999581
0.999661
0.999375
0.999555
0.999387
0.999773
0.999832
0.999668
0.999365
0.999534
0.999719
0.999816
1.00011
1.00008
1.00008
0.999952
0.999663
0.999594
0.999677
0.99971
0.999932
1.00013
1.00009
0.999928
1.00012
0.999997
0.999956
0.999933
1.00009
0.999875
0.999995
1.00011
1.0002
1.00004
1.00001
1.00022
1.00031
1.00046
1.00044
1.00028
1.00018
1.00012
1.00003
0.999762
0.999772
0.999691
0.999704
0.999592
0.999558
0.999521
0.999595
0.999508
0.999679
0.99966
0.999634
0.999685
0.999642
0.999781
0.999744
0.999696
0.999622
0.999587
0.999669
0.999566
0.99958
0.999619
0.999679
0.999742
0.999769
0.999828
0.999819
0.999814
0.999711
0.999735
0.999837
0.999847
0.999877
0.999946
1
0.999973
0.999939
0.999967
0.999909
0.999915
0.999885
0.999865
0.999883
0.999851
0.999809
0.999837
0.999936
0.999953
