           1    -1.00451    -1.00451           0
           2      -1.005    -1.00475 0.000175843
           3    -1.00222    -1.00391 0.000700365
           4    -1.00026      -1.003 0.000948603
           5     -1.0043    -1.00326 0.000794086
           6    -1.00191    -1.00303 0.000692728
           7    -1.00852    -1.00382 0.000937662
           8    -1.00362    -1.00379 0.000820777
           9    -1.00939    -1.00441 0.000935754
          10     -1.0063     -1.0046 0.000861022
          11    -1.00679     -1.0048  0.00080546
          12     -1.0025    -1.00461 0.000760778
          13    -1.00292    -1.00448 0.000713225
          14   -0.999173     -1.0041 0.000756366
          15    -1.00177    -1.00395 0.000721744
          16    -1.00779    -1.00419 0.000715538
          17    -1.00545    -1.00426 0.000677295
          18    -1.00365    -1.00423 0.000640519
          19   -0.998988    -1.00395 0.000663515
          20    -1.00103    -1.00381 0.000646226
           1    -1.00585    -1.00585           0
           2    -1.00499    -1.00542 0.000303745
           3    -1.00219    -1.00434 0.000902444
           4    -1.00027    -1.00332  0.00111132
           5    -1.00437    -1.00353 0.000908535
           6    -1.00187    -1.00325 0.000798101
           7    -1.00853    -1.00401 0.000977025
           8     -1.0036    -1.00396 0.000856195
           9    -1.00942    -1.00456 0.000952095
          10    -1.00629    -1.00474 0.000872328
          11    -1.00679    -1.00492 0.000812695
          12    -1.00248    -1.00472 0.000770058
          13    -1.00294    -1.00458 0.000722865
          14   -0.999181     -1.0042 0.000767323
          15    -1.00179    -1.00404 0.000732805
          16    -1.00779    -1.00427 0.000723635
          17    -1.00548    -1.00434 0.000684568
          18    -1.00364     -1.0043 0.000647641
          19   -0.999004    -1.00402 0.000670925
          20    -1.00102    -1.00387 0.000653962
           1    -0.96637    -0.96637           0
           2   -0.959169    -0.96277  0.00254609
           3    -0.96188   -0.962473  0.00171459
           4   -0.959417   -0.961709  0.00144622
           5    -0.96746   -0.962859   0.0015482
           6   -0.957347    -0.96194   0.0015388
           7   -0.968422   -0.962866   0.0015731
           8   -0.960955   -0.962627   0.0013945
           9    -0.97096   -0.963553  0.00151604
          10   -0.972164   -0.964414  0.00159029
          11   -0.964029   -0.964379   0.0014461
          12   -0.967439   -0.964634  0.00134788
          13   -0.955013   -0.963894  0.00143305
          14   -0.970397   -0.964359  0.00140395
          15   -0.962497   -0.964235  0.00131583
          16    -0.96349   -0.964188  0.00123441
          17   -0.961343   -0.964021  0.00117309
          18   -0.969777    -0.96434  0.00115069
          19    -0.95951   -0.964086  0.00111785
          20   -0.964914   -0.964128  0.00106272
           1   -0.967671   -0.967671           0
           2   -0.959105   -0.963388   0.0030284
           3   -0.961736   -0.962837  0.00206839
           4   -0.959425   -0.961984  0.00171825
           5   -0.967532   -0.963094  0.00169542
           6   -0.957283   -0.962125  0.00166665
           7   -0.968431   -0.963026   0.0016542
           8   -0.960954   -0.962767  0.00146755
           9   -0.970991   -0.963681   0.0015633
          10   -0.972116   -0.964524  0.00161863
          11   -0.964013   -0.964478  0.00147215
          12   -0.967439   -0.964725  0.00136999
          13   -0.955022   -0.963978  0.00145377
          14   -0.970325   -0.964432  0.00141885
          15   -0.962585   -0.964308  0.00132959
          16   -0.963394   -0.964251  0.00124772
          17   -0.961305   -0.964078   0.0011863
          18   -0.969695    -0.96439  0.00116072
          19   -0.959542   -0.964135  0.00112732
          20   -0.964922   -0.964174  0.00107164
           1   -0.909992   -0.909992           0
           2   -0.908298   -0.909145 0.000598835
           3   -0.907255   -0.908515 0.000651154
           4     -0.9126   -0.909536  0.00101042
           5   -0.910861   -0.909801 0.000842349
           6   -0.912679   -0.910281 0.000827341
           7   -0.913114   -0.910685 0.000802091
           8   -0.913037   -0.910979 0.000753778
           9   -0.915051   -0.911432 0.000794292
          10   -0.916687   -0.911957  0.00087154
          11   -0.913577   -0.912105 0.000804649
          12   -0.916488    -0.91247 0.000816325
          13   -0.912729    -0.91249 0.000753774
          14   -0.913771   -0.912581 0.000705465
          15   -0.907502   -0.912243 0.000735217
          16   -0.914742   -0.912399 0.000705667
          17   -0.907005   -0.912082 0.000732012
          18   -0.910062    -0.91197  0.00069989
          19   -0.911801   -0.911961 0.000663109
          20   -0.911859   -0.911956 0.000629973
           1   -0.911514   -0.911514           0
           2   -0.908307    -0.90991  0.00113378
           3   -0.907149    -0.90899  0.00106586
           4    -0.91268   -0.909913   0.0011302
           5   -0.910742   -0.910078 0.000916244
           6    -0.91279    -0.91053 0.000867852
           7   -0.913179   -0.910909 0.000822239
           8    -0.91302   -0.911173 0.000760646
           9   -0.915108    -0.91161 0.000791924
          10   -0.916752   -0.912124  0.00086367
          11   -0.913503    -0.91225 0.000794204
          12   -0.916464   -0.912601 0.000801928
          13   -0.912754   -0.912613 0.000740328
          14   -0.913858   -0.912702  0.00069277
          15   -0.907566   -0.912359 0.000726265
          16   -0.914615     -0.9125 0.000694421
          17   -0.907047   -0.912179  0.00072389
          18   -0.910109   -0.912064 0.000692752
          19   -0.911817   -0.912051 0.000656414
          20   -0.911852   -0.912041 0.000623669
           1   -0.859856   -0.859856           0
           2   -0.862999   -0.861428  0.00111135
           3   -0.861783   -0.861546 0.000747192
           4   -0.865904   -0.862636  0.00109744
           5   -0.858044   -0.861717  0.00120228
           6   -0.864308   -0.862149  0.00107662
           7     -0.8605   -0.861914 0.000948245
           8   -0.863252   -0.862081 0.000844352
           9   -0.861953   -0.862067 0.000750654
          10   -0.866246   -0.862485 0.000783344
          11   -0.856712    -0.86196 0.000870343
          12   -0.864769   -0.862194 0.000828696
          13   -0.862112   -0.862188 0.000764974
          14   -0.863872   -0.862308 0.000719727
          15   -0.857754   -0.862004 0.000732998
          16   -0.862805   -0.862054 0.000688891
          17   -0.856474   -0.861726 0.000722365
          18   -0.859392   -0.861596 0.000693778
          19   -0.857182   -0.861364 0.000695078
          20    -0.85966   -0.861279 0.000665523
           1   -0.860224   -0.860224           0
           2   -0.863065   -0.861644  0.00100446
           3    -0.86179   -0.861693 0.000670816
           4   -0.866008   -0.862772  0.00106121
           5   -0.857981   -0.861814  0.00120628
           6   -0.864492    -0.86226  0.00108467
           7   -0.860452   -0.862002 0.000959968
           8   -0.863283   -0.862162 0.000853235
           9   -0.861939   -0.862137 0.000758789
          10   -0.866334   -0.862557  0.00079048
          11   -0.856623   -0.862017 0.000883735
          12   -0.864882   -0.862256 0.000841715
          13   -0.862128   -0.862246 0.000777026
          14   -0.863919   -0.862366 0.000730649
          15   -0.857826   -0.862063 0.000741987
          16   -0.862877   -0.862114 0.000697357
          17   -0.856394   -0.861777 0.000733028
          18   -0.859489    -0.86165 0.000703244
          19    -0.85726   -0.861419 0.000703162
          20   -0.859621   -0.861329 0.000673728
           1   -0.812127   -0.812127           0
           2   -0.810658   -0.811392 0.000519186
           3   -0.813407   -0.812064 0.000648515
           4   -0.815095   -0.812822 0.000816753
           5   -0.809281   -0.812114  0.00090996
           6   -0.812535   -0.812184 0.000761002
           7   -0.813893   -0.812428 0.000690346
           8   -0.813968    -0.81262 0.000630304
           9   -0.817058   -0.813113  0.00072799
          10   -0.815389   -0.813341 0.000689826
          11   -0.809822   -0.813021 0.000697344
          12   -0.815641   -0.813239 0.000672542
          13   -0.811694   -0.813121 0.000631225
          14   -0.813043   -0.813115 0.000586162
          15   -0.811115   -0.812982 0.000562038
          16   -0.813381   -0.813007 0.000527463
          17   -0.810928   -0.812884 0.000510408
          18    -0.81092   -0.812775 0.000493582
          19   -0.813744   -0.812826 0.000470227
          20    -0.81492   -0.812931 0.000458225
           1   -0.812024   -0.812024           0
           2   -0.810635   -0.811329 0.000490902
           3   -0.813271   -0.811977  0.00062157
           4   -0.815094   -0.812756 0.000820274
           5   -0.809242   -0.812053 0.000908655
           6    -0.81236   -0.812104 0.000758645
           7   -0.813796   -0.812346 0.000687696
           8   -0.813942   -0.812546 0.000630025
           9   -0.817002   -0.813041 0.000729066
          10   -0.815413   -0.813278 0.000693695
          11   -0.809766   -0.812959 0.000700249
          12   -0.815649   -0.813183 0.000676844
          13   -0.811742   -0.813072 0.000633794
          14   -0.813106   -0.813074 0.000588527
          15     -0.8111   -0.812943 0.000563825
          16   -0.813461   -0.812975 0.000529517
          17    -0.81084    -0.81285 0.000513044
          18   -0.811024   -0.812748  0.00049447
          19   -0.813895   -0.812809 0.000472118
          20   -0.815009   -0.812919 0.000461157
           1   -0.765533   -0.765533           0
           2   -0.766325   -0.765929 0.000280297
           3   -0.769618   -0.767159  0.00102131
           4   -0.768256   -0.767433 0.000802007
           5   -0.762553   -0.766457  0.00108338
           6   -0.769678   -0.766994  0.00102728
           7   -0.769326   -0.767327 0.000932984
           8   -0.767867   -0.767395 0.000818797
           9   -0.766788   -0.767327 0.000730594
          10   -0.767332   -0.767328 0.000657534
          11   -0.764862   -0.767103  0.00063481
          12   -0.771454   -0.767466 0.000677581
          13   -0.764723   -0.767255 0.000657503
          14    -0.76709   -0.767243 0.000610645
          15   -0.765482   -0.767126 0.000581115
          16   -0.764118   -0.766938 0.000574395
          17    -0.76625   -0.766897 0.000542029
          18   -0.764053   -0.766739 0.000534447
          19   -0.763975   -0.766594 0.000525751
          20   -0.766229   -0.766576  0.00049978
           1   -0.765349   -0.765349           0
           2   -0.766254   -0.765802 0.000320121
           3   -0.769466   -0.767023  0.00101982
           4   -0.768368   -0.767359 0.000818424
           5   -0.762538   -0.766395  0.00108284
           6   -0.769478   -0.766909  0.00101703
           7   -0.769414   -0.767267 0.000932607
           8   -0.767794   -0.767333 0.000818355
           9   -0.766788   -0.767272 0.000729659
          10   -0.767308   -0.767276 0.000656702
          11   -0.764974   -0.767066 0.000629464
          12   -0.771552    -0.76744 0.000678962
          13   -0.764777   -0.767235 0.000656906
          14   -0.766969   -0.767216  0.00061026
          15   -0.765658   -0.767112 0.000578353
          16   -0.764271   -0.766935 0.000568823
          17   -0.766283   -0.766897 0.000536653
          18   -0.764037   -0.766738 0.000529835
          19   -0.764054   -0.766596 0.000520429
          20   -0.766173   -0.766575 0.000494839
           1   -0.724013   -0.724013           0
           2   -0.724397   -0.724205 0.000135793
           3   -0.727668   -0.725359 0.000946934
           4   -0.723514   -0.724898 0.000814894
           5   -0.720035   -0.723925  0.00108703
           6   -0.726148   -0.724296 0.000966918
           7   -0.726514   -0.724613 0.000879206
           8   -0.725376   -0.724708  0.00077447
           9    -0.72495   -0.724735 0.000688885
          10   -0.727155   -0.724977  0.00066113
          11   -0.721805   -0.724689 0.000660915
          12   -0.725868   -0.724787 0.000613104
          13   -0.722816   -0.724635 0.000584397
          14   -0.726591   -0.724775 0.000559095
          15   -0.725886   -0.724849 0.000526703
          16    -0.72265   -0.724712 0.000511403
          17   -0.726382    -0.72481 0.000490664
          18   -0.722662   -0.724691 0.000477695
          19   -0.724021   -0.724655 0.000453852
          20   -0.725517   -0.724698 0.000433198
           1   -0.723812   -0.723812           0
           2   -0.724357   -0.724084 0.000192899
           3   -0.727659   -0.725276 0.000981378
           4   -0.723458   -0.724821 0.000834707
           5    -0.72006   -0.723869  0.00108233
           6   -0.726156    -0.72425  0.00096672
           7   -0.726747   -0.724607 0.000891983
           8   -0.725207   -0.724682 0.000783636
           9   -0.725103   -0.724729 0.000697963
          10   -0.727114   -0.724967 0.000667691
          11   -0.721869   -0.724686 0.000663739
          12   -0.725997   -0.724795 0.000617355
          13   -0.722896   -0.724649 0.000586901
          14    -0.72655   -0.724785 0.000560462
          15   -0.726094   -0.724872 0.000529852
          16   -0.722643   -0.724733 0.000514729
          17   -0.726366   -0.724829 0.000493341
          18   -0.722893   -0.724721 0.000477508
          19   -0.723956   -0.724681 0.000454069
          20   -0.725492   -0.724721 0.000433175
           1   -0.681834   -0.681834           0
           2   -0.683641   -0.682737 0.000638885
           3   -0.687962   -0.684479  0.00148447
           4   -0.683351   -0.684197  0.00113979
           5    -0.68344   -0.684046 0.000921817
           6   -0.688223   -0.684742 0.000997043
           7    -0.68511   -0.684794 0.000855992
           8   -0.687359   -0.685115   0.0008068
           9   -0.687638   -0.685395 0.000764311
          10   -0.684999   -0.685356 0.000688907
          11   -0.684495   -0.685277 0.000630704
          12   -0.685981   -0.685336 0.000580864
          13   -0.687269   -0.685485 0.000554887
          14   -0.686817    -0.68558 0.000523351
          15   -0.688046   -0.685744 0.000513633
          16   -0.684255   -0.685651  0.00048989
          17   -0.684297   -0.685572 0.000467508
          18   -0.684234   -0.685497 0.000447406
          19   -0.683593   -0.685397 0.000434942
          20   -0.685863    -0.68542 0.000413818
           1    -0.68166    -0.68166           0
           2   -0.683681    -0.68267 0.000714715
           3   -0.687969   -0.684437  0.00151879
           4   -0.683296   -0.684151  0.00116558
           5   -0.683441   -0.684009 0.000941083
           6   -0.688207   -0.684709  0.00101136
           7   -0.685462   -0.684816 0.000872589
           8   -0.687215   -0.685116 0.000813382
           9   -0.687799   -0.685414 0.000775709
          10    -0.68515   -0.685388 0.000698588
          11   -0.684687   -0.685324 0.000637978
          12   -0.686198   -0.685397  0.00058895
          13   -0.687245   -0.685539 0.000560538
          14   -0.686832   -0.685632 0.000528054
          15   -0.688207   -0.685803 0.000520012
          16   -0.684183   -0.685702 0.000497268
          17   -0.684186   -0.685613  0.00047595
          18   -0.684449   -0.685548 0.000453876
          19   -0.683545   -0.685443 0.000442068
          20    -0.68599    -0.68547  0.00042081
           1   -0.645431   -0.645431           0
           2    -0.64619    -0.64581 0.000268191
           3   -0.651086   -0.647569  0.00144693
           4   -0.647846   -0.647638  0.00108685
           5   -0.647915   -0.647694 0.000870896
           6    -0.65326   -0.648621  0.00111536
           7   -0.649609   -0.648763 0.000964911
           8   -0.652281   -0.649202 0.000939213
           9   -0.651428    -0.64945   0.0008668
          10   -0.648596   -0.649364 0.000784314
          11   -0.648566   -0.649292 0.000716359
          12   -0.648867   -0.649256 0.000657536
          13   -0.650609    -0.64936 0.000615133
          14   -0.648271   -0.649283 0.000576093
          15   -0.651737   -0.649446 0.000560447
          16   -0.649236   -0.649433 0.000525573
          17   -0.646219   -0.649244 0.000527578
          18   -0.646969   -0.649118 0.000513178
          19   -0.647118   -0.649012 0.000496842
          20   -0.650865   -0.649105  0.00048056
           1   -0.645434   -0.645434           0
           2   -0.646134   -0.645784 0.000247487
           3   -0.651141    -0.64757   0.0014675
           4   -0.647702   -0.647603    0.001101
           5   -0.648012   -0.647685 0.000883839
           6   -0.653068   -0.648582   0.0011015
           7    -0.64985   -0.648763 0.000958938
           8   -0.652177    -0.64919 0.000929183
           9     -0.6515   -0.649447 0.000860675
          10   -0.648683    -0.64937 0.000777985
          11   -0.648758   -0.649315 0.000709246
          12   -0.649251   -0.649309 0.000650161
          13   -0.650521   -0.649402 0.000606789
          14   -0.648302   -0.649324 0.000568512
          15   -0.651874   -0.649494 0.000555456
          16   -0.649324   -0.649483 0.000520842
          17   -0.646195    -0.64929 0.000524887
          18   -0.647304    -0.64918 0.000507184
          19   -0.647103    -0.64907 0.000492127
          20   -0.651048   -0.649169 0.000477356
           1   -0.612181   -0.612181           0
           2   -0.613165   -0.612673 0.000347868
           3   -0.617597   -0.614314  0.00136024
           4   -0.614116   -0.614265  0.00102108
           5   -0.613698   -0.614151 0.000823134
           6   -0.618921   -0.614946 0.000998539
           7   -0.615364   -0.615006 0.000857676
           8   -0.616855   -0.615237 0.000780975
           9   -0.616198   -0.615344 0.000701453
          10   -0.614861   -0.615295  0.00063297
          11   -0.614392   -0.615213 0.000580731
          12   -0.614142   -0.615124 0.000539158
          13   -0.616831   -0.615255 0.000513427
          14   -0.614933   -0.615232 0.000477268
          15   -0.617065   -0.615355 0.000460826
          16    -0.61583   -0.615384 0.000432982
          17   -0.613243   -0.615258  0.00042544
          18   -0.613863   -0.615181 0.000408801
          19   -0.614185   -0.615128 0.000390632
          20   -0.616402   -0.615192 0.000376252
           1   -0.612218   -0.612218           0
           2   -0.612989   -0.612603  0.00027266
           3   -0.617477   -0.614228  0.00133882
           4   -0.613884   -0.614142  0.00100686
           5   -0.613779   -0.614069 0.000808109
           6    -0.61864   -0.614831 0.000968069
           7   -0.615517   -0.614929 0.000834718
           8   -0.616814   -0.615165  0.00076291
           9   -0.616406   -0.615303 0.000690505
          10    -0.61494   -0.615266 0.000622406
          11   -0.614312    -0.61518 0.000571842
          12   -0.614206   -0.615099 0.000529911
          13   -0.616775   -0.615227 0.000504597
          14   -0.615212   -0.615226 0.000468556
          15   -0.617178   -0.615357 0.000455024
          16    -0.61591   -0.615391   0.0004279
          17   -0.613164    -0.61526 0.000422312
          18   -0.614238   -0.615203 0.000402646
          19   -0.613977   -0.615139  0.00038659
          20   -0.616409   -0.615202 0.000372439
           1   -0.580947   -0.580947           0
           2    -0.58154   -0.581244 0.000209558
           3   -0.586475   -0.582987  0.00143062
           4   -0.582369   -0.582833  0.00108129
           5   -0.583018    -0.58287 0.000865669
           6   -0.588341   -0.583782  0.00110151
           7   -0.585009   -0.583957 0.000958013
           8   -0.584202   -0.583988  0.00083875
           9   -0.585141   -0.584116 0.000755276
          10   -0.584027   -0.584107 0.000679801
          11   -0.583494   -0.584051 0.000620283
          12   -0.582959    -0.58396 0.000575235
          13   -0.585236   -0.584058 0.000539288
          14   -0.583185   -0.583996 0.000504362
          15   -0.585392   -0.584089 0.000479247
          16    -0.58654   -0.584242 0.000473146
          17   -0.582549   -0.584143 0.000455675
          18   -0.582901   -0.584074 0.000435548
          19   -0.585265   -0.584136 0.000417111
          20   -0.583486   -0.584104 0.000397518
           1   -0.580945   -0.580945           0
           2   -0.581204   -0.581074  9.1641e-05
           3   -0.586218   -0.582789  0.00140135
           4   -0.582201   -0.582642  0.00105869
           5   -0.583163   -0.582746  0.00085206
           6   -0.588117   -0.583641  0.00108251
           7   -0.584954   -0.583829  0.00094396
           8   -0.584218   -0.583877 0.000827218
           9   -0.585141   -0.584018 0.000747124
          10   -0.584178   -0.584034 0.000672585
          11   -0.583574   -0.583992  0.00061274
          12   -0.582855   -0.583897 0.000568961
          13    -0.58522   -0.583999 0.000534212
          14   -0.583592    -0.58397 0.000496846
          15   -0.585729   -0.584087 0.000477357
          16   -0.586644   -0.584247 0.000473521
          17   -0.582542   -0.584147  0.00045617
          18   -0.583436   -0.584107  0.00043253
          19   -0.585233   -0.584166 0.000413806
          20   -0.583542   -0.584135 0.000394293
           1   -0.553347   -0.553347           0
           2   -0.553294    -0.55332 1.87242e-05
           3   -0.558569    -0.55507  0.00142844
           4   -0.554384   -0.554898  0.00108157
           5   -0.553802   -0.554679  0.00088722
           6   -0.558001   -0.555233 0.000895596
           7   -0.555835   -0.555319 0.000771774
           8   -0.554839   -0.555259 0.000677625
           9   -0.557067    -0.55546 0.000631418
          10   -0.556552   -0.555569 0.000577645
          11    -0.55553   -0.555565 0.000525143
          12   -0.553545   -0.555397 0.000507655
          13   -0.556552   -0.555486 0.000476316
          14   -0.554885   -0.555443 0.000444226
          15   -0.556844   -0.555536 0.000424316
          16   -0.556738   -0.555611 0.000404384
          17   -0.555366   -0.555597 0.000380855
          18   -0.554646   -0.555544 0.000363341
          19   -0.555966   -0.555566 0.000344896
          20   -0.554875   -0.555532 0.000329378
           1   -0.553424   -0.553424           0
           2    -0.55291   -0.553167 0.000181613
           3   -0.558192   -0.554842  0.00137307
           4    -0.55432   -0.554712    0.001036
           5   -0.553994   -0.554568 0.000838667
           6   -0.557793   -0.555106 0.000853897
           7   -0.555771   -0.555201 0.000737187
           8   -0.554927   -0.555166  0.00064583
           9   -0.557051   -0.555376 0.000607082
          10   -0.556703   -0.555509 0.000560697
          11   -0.555626   -0.555519 0.000509825
          12   -0.553497   -0.555351 0.000494408
          13   -0.556504    -0.55544  0.00046427
          14   -0.555419   -0.555438  0.00043111
          15   -0.557405   -0.555569 0.000421832
          16   -0.557026    -0.55566 0.000405173
          17   -0.555214   -0.555634 0.000382189
          18   -0.554973   -0.555597 0.000362715
          19   -0.555823   -0.555609  0.00034382
          20   -0.554858   -0.555572 0.000328673
           1   -0.527717   -0.527717           0
           2   -0.528179   -0.527948 0.000163342
           3   -0.531907   -0.529268   0.0010828
           4   -0.527367   -0.528793  0.00091043
           5   -0.527646   -0.528563 0.000756656
           6   -0.530586     -0.5289 0.000701621
           7   -0.531092   -0.529213 0.000667591
           8   -0.528311   -0.529101 0.000593597
           9   -0.531836   -0.529405 0.000600433
          10   -0.531142   -0.529578 0.000564966
          11   -0.528038   -0.529438 0.000530668
          12   -0.527748   -0.529297 0.000504791
          13   -0.530498    -0.52939 0.000474334
          14   -0.528673   -0.529339 0.000443206
          15     -0.5294   -0.529343 0.000413678
          16    -0.53026     -0.5294 0.000391776
          17    -0.52949   -0.529405 0.000368766
          18   -0.528788   -0.529371 0.000349871
          19   -0.529039   -0.529354 0.000331893
          20   -0.530122   -0.529392 0.000317512
           1    -0.52789    -0.52789           0
           2   -0.527684   -0.527787 7.29734e-05
           3   -0.531498   -0.529024  0.00101134
           4   -0.527174   -0.528562 0.000857732
           5   -0.527927   -0.528435 0.000695509
           6   -0.530265    -0.52874 0.000643047
           7   -0.531068   -0.529072 0.000631375
           8   -0.528623   -0.529016 0.000554947
           9    -0.53198   -0.529346 0.000582886
          10   -0.531165   -0.529528 0.000552264
          11   -0.528223   -0.529409 0.000514643
          12   -0.527676   -0.529265 0.000491594
          13   -0.530474   -0.529358 0.000462499
          14   -0.529288   -0.529353  0.00042949
          15   -0.530016   -0.529397  0.00040313
          16   -0.530452   -0.529463 0.000383295
          17   -0.529458   -0.529463 0.000360748
          18   -0.528835   -0.529428 0.000342389
          19   -0.528792   -0.529394 0.000325999
          20   -0.530193   -0.529434 0.000312135
           1   -0.504869   -0.504869           0
           2   -0.503286   -0.504077 0.000559831
           3    -0.50786   -0.505338  0.00109514
           4    -0.50387   -0.504971 0.000880708
           5   -0.505908   -0.505159 0.000724232
           6   -0.506438   -0.505372  0.00063414
           7   -0.505819   -0.505436 0.000546754
           8   -0.504544   -0.505324 0.000489645
           9   -0.508318   -0.505657 0.000536438
          10   -0.507229   -0.505814 0.000505314
          11    -0.50492   -0.505733 0.000465867
          12   -0.503805   -0.505572 0.000453891
          13   -0.507342   -0.505708 0.000438907
          14   -0.505159   -0.505669  0.00040931
          15   -0.506024   -0.505693 0.000382704
          16   -0.507348   -0.505796 0.000372508
          17   -0.504652   -0.505729  0.00035663
          18   -0.504435   -0.505657 0.000343988
          19   -0.505163   -0.505631 0.000326864
          20   -0.505181   -0.505608 0.000311296
           1   -0.505021   -0.505021           0
           2   -0.502894   -0.503957 0.000751994
           3   -0.507308   -0.505074  0.00104071
           4   -0.503734   -0.504739 0.000832743
           5   -0.506197   -0.505031 0.000715436
           6    -0.50615   -0.505217 0.000620034
           7   -0.505859   -0.505309 0.000538199
           8   -0.504992   -0.505269 0.000472384
           9   -0.508566   -0.505636 0.000543695
          10   -0.507109   -0.505783 0.000508888
          11   -0.505168   -0.505727 0.000465685
          12   -0.503654   -0.505554 0.000457805
          13   -0.507238   -0.505684  0.00044052
          14   -0.505614   -0.505679 0.000409083
          15    -0.50652   -0.505735 0.000385639
          16   -0.507644   -0.505854 0.000379553
          17    -0.50466   -0.505784  0.00036367
          18   -0.504562   -0.505716 0.000349747
          19   -0.504668   -0.505661 0.000335659
          20   -0.505316   -0.505644  0.00031932
           1   -0.482287   -0.482287           0
           2   -0.480879   -0.481583 0.000497577
           3   -0.485501   -0.482889  0.00111671
           4   -0.482373    -0.48276 0.000844949
           5   -0.482693   -0.482747 0.000676066
           6   -0.485431   -0.483194 0.000695862
           7   -0.482265   -0.483061 0.000608977
           8    -0.48313    -0.48307 0.000532916
           9   -0.486078   -0.483404 0.000568926
          10   -0.484051   -0.483469 0.000515701
          11   -0.482831   -0.483411 0.000472064
          12   -0.481616   -0.483261 0.000455796
          13   -0.484635   -0.483367 0.000432805
          14   -0.483055   -0.483345 0.000402463
          15   -0.483843   -0.483378 0.000377003
          16   -0.484122   -0.483424 0.000356299
          17    -0.48274   -0.483384 0.000337607
          18    -0.48233   -0.483326 0.000323886
          19   -0.484032   -0.483363 0.000308968
          20   -0.484015   -0.483395 0.000295236
           1   -0.482392   -0.482392           0
           2   -0.480183   -0.481288 0.000780957
           3   -0.485077   -0.482551  0.00115527
           4   -0.482084   -0.482434 0.000872323
           5   -0.482702   -0.482488 0.000699496
           6   -0.485239   -0.482946  0.00071762
           7   -0.482233   -0.482844 0.000622288
           8   -0.483666   -0.482947 0.000552906
           9    -0.48655   -0.483347 0.000619695
          10   -0.483987   -0.483411 0.000561013
          11   -0.483095   -0.483383 0.000510747
          12   -0.481504   -0.483226 0.000491579
          13   -0.484491   -0.483323 0.000463291
          14   -0.483446   -0.483332 0.000430282
          15   -0.484292   -0.483396 0.000406326
          16   -0.484754   -0.483481 0.000389699
          17   -0.482532   -0.483425  0.00037075
          18    -0.48249   -0.483373 0.000353777
          19   -0.483801   -0.483396 0.000335874
          20    -0.48407   -0.483429 0.000320769
           1   -0.461192   -0.461192           0
           2   -0.459474   -0.460333 0.000607461
           3   -0.464414   -0.461694  0.00118211
           4   -0.461619   -0.461675  0.00088673
           5   -0.461143   -0.461569 0.000715738
           6   -0.466056   -0.462317 0.000906637
           7   -0.461642    -0.46222 0.000782225
           8    -0.46224   -0.462223 0.000684451
           9   -0.465471   -0.462584 0.000697098
          10   -0.463656   -0.462691 0.000635586
          11   -0.462313   -0.462656 0.000578734
          12   -0.461217   -0.462536 0.000542797
          13   -0.463495    -0.46261 0.000506027
          14    -0.46191    -0.46256 0.000472349
          15    -0.46297   -0.462588 0.000441649
          16   -0.462486   -0.462581 0.000414092
          17   -0.463687   -0.462646 0.000394806
          18   -0.461787   -0.462598 0.000375746
          19   -0.463484   -0.462645 0.000358848
          20   -0.464357   -0.462731 0.000350967
           1    -0.46129    -0.46129           0
           2    -0.45893    -0.46011 0.000834188
           3   -0.464022   -0.461414  0.00120123
           4   -0.461282   -0.461381 0.000901377
           5   -0.461264   -0.461358 0.000721406
           6   -0.465672   -0.462077  0.00089012
           7   -0.461514   -0.461996  0.00076658
           8   -0.462672   -0.462081 0.000675389
           9   -0.465736   -0.462487 0.000712038
          10   -0.463463   -0.462584 0.000647495
          11   -0.462745   -0.462599 0.000588796
          12   -0.461169    -0.46248 0.000551657
          13   -0.463431   -0.462553 0.000514052
          14   -0.462389   -0.462541 0.000477468
          15   -0.463467   -0.462603 0.000449606
          16   -0.463358    -0.46265 0.000423976
          17   -0.463519   -0.462701 0.000402103
          18   -0.461786    -0.46265 0.000382965
          19   -0.463285   -0.462684 0.000364262
          20     -0.4643   -0.462765 0.000354899
           1    -1.00684    -1.00684           0
           2    -1.00282    -1.00483  0.00141919
           3     -1.0033    -1.00432  0.00103389
           4    -1.00348    -1.00411 0.000796339
           5   -0.997428    -1.00277  0.00135452
           6   -0.998705     -1.0021  0.00128734
           7   -0.999871    -1.00178  0.00114198
           8    -1.00667    -1.00239   0.0011513
           9   -0.998773    -1.00199  0.00109123
          10   -0.999314    -1.00172  0.00101432
          11    -1.00933    -1.00241  0.00113364
          12   -0.997623    -1.00201  0.00110718
          13    -1.00024    -1.00188   0.0010304
          14   -0.999853    -1.00173 0.000966882
          15   -0.991462    -1.00105  0.00111887
          16    -1.00808    -1.00149  0.00113191
          17    -1.00836    -1.00189  0.00113521
          18    -1.00436    -1.00203  0.00108042
          19    -1.00441    -1.00215   0.0010308
          20     -1.0007    -1.00208 0.000981809
           1    -1.00745    -1.00745           0
           2    -1.00289    -1.00517  0.00161232
           3    -1.00327    -1.00454  0.00119297
           4    -1.00346    -1.00427 0.000924481
           5   -0.997508    -1.00292  0.00141736
           6   -0.998654    -1.00221  0.00134737
           7   -0.999977    -1.00189   0.0011919
           8     -1.0067    -1.00249  0.00118503
           9   -0.998828    -1.00208  0.00112098
          10   -0.999246     -1.0018  0.00104414
          11    -1.00936    -1.00249  0.00115332
          12   -0.997667    -1.00208  0.00112494
          13    -1.00018    -1.00194  0.00104793
          14   -0.999844    -1.00179  0.00098368
          15   -0.991469     -1.0011  0.00113339
          16    -1.00802    -1.00153  0.00114213
          17    -1.00841    -1.00194  0.00114428
          18    -1.00433    -1.00207  0.00108837
          19    -1.00434    -1.00219  0.00103761
          20    -1.00074    -1.00212 0.000988266
           1   -0.961167   -0.961167           0
           2   -0.961447   -0.961307 9.90515e-05
           3   -0.946571   -0.956395  0.00401128
           4   -0.957488   -0.956668  0.00301776
           5   -0.957806   -0.956896  0.00242277
           6   -0.959181   -0.957277  0.00204868
           7   -0.954496   -0.956879   0.0017941
           8   -0.961597   -0.957469  0.00166394
           9   -0.959368    -0.95768  0.00149237
          10   -0.962438   -0.958156  0.00141696
          11   -0.969019   -0.959144  0.00159559
          12   -0.966801   -0.959782  0.00158511
          13   -0.958683   -0.959697  0.00146543
          14   -0.965021   -0.960077  0.00140922
          15   -0.960062   -0.960076  0.00131527
          16   -0.967976    -0.96057   0.0013225
          17   -0.967829   -0.960997  0.00131183
          18   -0.974023   -0.961721  0.00142464
          19   -0.963921   -0.961837  0.00135436
          20   -0.976608   -0.962575  0.00147434
           1   -0.961772   -0.961772           0
           2   -0.961509    -0.96164 9.27724e-05
           3   -0.946476   -0.956586  0.00412765
           4   -0.957231   -0.956747  0.00309889
           5   -0.957994   -0.956996  0.00248912
           6   -0.959152   -0.957356  0.00210004
           7   -0.954659   -0.956971  0.00183502
           8   -0.961711   -0.957563  0.00169864
           9   -0.959417   -0.957769  0.00152234
          10    -0.96233   -0.958225  0.00143681
          11   -0.969013   -0.959206  0.00160641
          12    -0.96679   -0.959838  0.00159202
          13   -0.958759   -0.959755  0.00147172
          14    -0.96463   -0.960103  0.00140718
          15   -0.960191   -0.960109  0.00131338
          16   -0.968028   -0.960604  0.00132128
          17   -0.967866   -0.961031  0.00131079
          18   -0.973779   -0.961739  0.00141642
          19   -0.963996   -0.961858  0.00134684
          20   -0.976433   -0.962587  0.00146343
           1   -0.917099   -0.917099           0
           2   -0.915232   -0.916165  0.00066007
           3   -0.921222   -0.917851  0.00144491
           4   -0.905099   -0.914663  0.00296589
           5   -0.915229   -0.914776  0.00237487
           6   -0.910106   -0.913998  0.00210272
           7   -0.914566   -0.914079   0.0018039
           8   -0.912227   -0.913847  0.00159319
           9   -0.915098   -0.913986  0.00142222
          10   -0.917405   -0.914328  0.00132045
          11   -0.910461   -0.913977  0.00124634
          12   -0.919881   -0.914469  0.00123577
          13     -0.9134   -0.914387  0.00114344
          14   -0.913025   -0.914289   0.0010659
          15    -0.90831   -0.913891  0.00106678
          16   -0.915939   -0.914019  0.00100775
          17   -0.913435   -0.913984 0.000949059
          18   -0.918275   -0.914223 0.000925779
          19   -0.911239   -0.914066 0.000890269
          20    -0.91977   -0.914351 0.000890271
           1   -0.917016   -0.917016           0
           2   -0.915151   -0.916084 0.000659363
           3   -0.920998   -0.917722  0.00140779
           4   -0.904774   -0.914485  0.00299548
           5   -0.915309    -0.91465  0.00240092
           6       -0.91   -0.913875  0.00212214
           7   -0.914906   -0.914022  0.00182409
           8   -0.912171   -0.913791  0.00161068
           9   -0.915024   -0.913928  0.00143753
          10   -0.917148    -0.91425  0.00132937
          11   -0.910509    -0.91391  0.00125125
          12    -0.91965   -0.914388  0.00123502
          13   -0.913432   -0.914315  0.00114221
          14   -0.912621   -0.914194  0.00106701
          15   -0.908475   -0.913812   0.0010618
          16   -0.916152   -0.913959  0.00100545
          17   -0.913854   -0.913952 0.000946328
          18   -0.917757   -0.914164 0.000917053
          19     -0.9114   -0.914018 0.000880247
          20    -0.91967   -0.914301 0.000880433
           1   -0.862683   -0.862683           0
           2   -0.864105   -0.863394 0.000502753
           3   -0.866507   -0.864432 0.000911098
           4    -0.85707   -0.862591  0.00173416
           5   -0.859422   -0.861957  0.00149874
           6   -0.858724   -0.861419  0.00134233
           7   -0.860239    -0.86125   0.0011611
           8   -0.866602   -0.861919  0.00119321
           9   -0.864368   -0.862191  0.00109122
          10   -0.863759   -0.862348 0.000993304
          11   -0.862421   -0.862355 0.000903026
          12   -0.866113   -0.862668 0.000880406
          13   -0.863502   -0.862732 0.000815018
          14   -0.858694   -0.862444 0.000806214
          15   -0.848354   -0.861504  0.00117884
          16      -0.863   -0.861598  0.00110886
          17   -0.862463   -0.861649  0.00104481
          18   -0.862887   -0.861717 0.000989024
          19   -0.861429   -0.861702 0.000937086
          20   -0.859532   -0.861594  0.00089649
           1   -0.862885   -0.862885           0
           2   -0.863856    -0.86337 0.000343343
           3    -0.86599   -0.864243 0.000748817
           4   -0.856938   -0.862417  0.00167835
           5   -0.859455   -0.861825  0.00144348
           6   -0.858658   -0.861297  0.00129582
           7   -0.860812   -0.861228  0.00111255
           8   -0.866794   -0.861923  0.00117099
           9   -0.864397   -0.862198  0.00107266
          10   -0.863787   -0.862357 0.000977091
          11   -0.862474   -0.862368 0.000888322
          12   -0.865889   -0.862661 0.000861409
          13   -0.863259   -0.862707 0.000796373
          14   -0.858282   -0.862391 0.000799769
          15   -0.848387   -0.861457  0.00117076
          16   -0.862967   -0.861552  0.00110138
          17   -0.862589   -0.861613  0.00103829
          18   -0.862382   -0.861656 0.000981483
          19   -0.861782   -0.861662 0.000929849
          20   -0.859564   -0.861557 0.000889257
           1   -0.812991   -0.812991           0
           2   -0.811656   -0.812324 0.000472036
           3   -0.815014    -0.81322 0.000796923
           4   -0.814089   -0.813437  0.00062659
           5   -0.809968   -0.812744 0.000797797
           6   -0.814883     -0.8131 0.000740226
           7    -0.81091   -0.812787 0.000697469
           8   -0.819271   -0.813598 0.000973232
           9   -0.814111   -0.813655 0.000866762
          10   -0.817048   -0.813994 0.000843891
          11   -0.807895    -0.81344 0.000931693
          12   -0.823103   -0.814245  0.00115057
          13   -0.809938   -0.813913  0.00110874
          14   -0.819002   -0.814277   0.0010875
          15   -0.804395   -0.813618  0.00119802
          16   -0.813586   -0.813616  0.00112315
          17   -0.816385   -0.813779  0.00106883
          18   -0.812776   -0.813723   0.0010109
          19   -0.812989   -0.813685 0.000958433
          20   -0.817839   -0.813892 0.000932746
           1   -0.813132   -0.813132           0
           2   -0.812101   -0.812617 0.000364726
           3   -0.814834   -0.813356 0.000650702
           4   -0.813375   -0.813361 0.000488045
           5   -0.809841   -0.812657 0.000740845
           6   -0.814167   -0.812909 0.000658747
           7   -0.810838   -0.812613  0.00062754
           8   -0.818935   -0.813403 0.000920871
           9   -0.814048   -0.813475 0.000821337
          10   -0.816816   -0.813809 0.000804314
          11   -0.808236   -0.813302 0.000876354
          12   -0.822938   -0.814105  0.00111191
          13    -0.80999   -0.813789   0.0010705
          14    -0.81865   -0.814136  0.00104885
          15   -0.804752    -0.81351  0.00115046
          16   -0.813451   -0.813507  0.00107856
          17   -0.816649   -0.813691  0.00103083
          18   -0.812214   -0.813609 0.000976827
          19   -0.813079   -0.813581 0.000925814
          20   -0.818409   -0.813823 0.000910443
           1   -0.766748   -0.766748           0
           2   -0.767349   -0.767048 0.000212273
           3   -0.768052   -0.767383 0.000307541
           4   -0.767341   -0.767372 0.000230836
           5   -0.763546   -0.766607 0.000708864
           6   -0.768371   -0.766901 0.000648833
           7   -0.771285   -0.767527 0.000803408
           8   -0.768725   -0.767677 0.000716801
           9   -0.767827   -0.767694  0.00063735
          10   -0.769886   -0.767913 0.000610167
          11   -0.764048   -0.767562 0.000648014
          12   -0.771164   -0.767862 0.000659883
          13   -0.766573   -0.767763 0.000616521
          14   -0.772216   -0.768081  0.00064938
          15   -0.761323    -0.76763  0.00074618
          16   -0.768102    -0.76766 0.000700126
          17    -0.76717   -0.767631 0.000659533
          18   -0.767808   -0.767641 0.000622966
          19   -0.767876   -0.767653 0.000590301
          20   -0.766203   -0.767581 0.000565224
           1   -0.766269   -0.766269           0
           2   -0.767685   -0.766977 0.000500745
           3   -0.767681   -0.767211 0.000384898
           4   -0.766925    -0.76714 0.000295247
           5   -0.763602   -0.766432 0.000675545
           6    -0.76725   -0.766568 0.000576538
           7   -0.770951   -0.767195 0.000761659
           8   -0.768816   -0.767397 0.000692896
           9   -0.767669   -0.767427 0.000616565
          10   -0.768973   -0.767582 0.000573945
          11   -0.764183   -0.767273  0.00059918
          12   -0.770895   -0.767575 0.000620627
          13   -0.766133   -0.767464  0.00058271
          14   -0.771859   -0.767778  0.00061992
          15   -0.761503   -0.767359 0.000705772
          16   -0.768059   -0.767403 0.000663014
          17    -0.76761   -0.767415 0.000624125
          18   -0.767442   -0.767417 0.000589453
          19   -0.768379   -0.767467 0.000560599
          20   -0.766796   -0.767434 0.000533574
           1   -0.724407   -0.724407           0
           2   -0.724567   -0.724487 5.66817e-05
           3   -0.730562   -0.726512  0.00165385
           4   -0.722427   -0.725491  0.00152344
           5   -0.723276   -0.725048   0.0012815
           6   -0.725076   -0.725053  0.00106793
           7   -0.723354    -0.72481 0.000942539
           8   -0.729813   -0.725435  0.00101116
           9   -0.723257   -0.725193 0.000927329
          10   -0.727324   -0.725406 0.000858722
          11   -0.720663   -0.724975 0.000882312
          12   -0.727321   -0.725171 0.000830164
          13   -0.729557   -0.725508 0.000832057
          14   -0.728068   -0.725691 0.000792467
          15   -0.721313   -0.725399 0.000791547
          16   -0.726004   -0.725437 0.000742979
          17   -0.725191   -0.725422 0.000699415
          18   -0.726193   -0.725465 0.000661866
          19   -0.723366   -0.725355 0.000636187
          20   -0.726092   -0.725392 0.000605446
           1   -0.723683   -0.723683           0
           2   -0.725046   -0.724365 0.000481964
           3   -0.730891    -0.72654  0.00180517
           4    -0.72352   -0.725785  0.00150353
           5   -0.724004   -0.725429  0.00124431
           6   -0.724521   -0.725278  0.00104609
           7   -0.723458   -0.725018 0.000928371
           8   -0.729692   -0.725602 0.000979088
           9   -0.723301   -0.725346 0.000903069
          10   -0.727022   -0.725514 0.000828162
          11   -0.720341   -0.725044 0.000876254
          12   -0.727555   -0.725253 0.000827855
          13   -0.728836   -0.725529  0.00080876
          14   -0.727937   -0.725701 0.000769075
          15   -0.720795   -0.725374 0.000784273
          16   -0.726148   -0.725422 0.000736749
          17   -0.725831   -0.725446 0.000693804
          18   -0.726326   -0.725495  0.00065698
          19   -0.724421   -0.725438 0.000624828
          20     -0.7268   -0.725506 0.000597282
           1   -0.684665   -0.684665           0
           2   -0.687175    -0.68592 0.000887108
           3   -0.685131   -0.685657 0.000629181
           4   -0.681739   -0.684678 0.000970671
           5   -0.681468   -0.684036 0.000965702
           6   -0.683287   -0.683911 0.000812776
           7    -0.68559   -0.684151 0.000731212
           8   -0.687107    -0.68452 0.000727233
           9   -0.685199   -0.684596 0.000650322
          10   -0.684089   -0.684545 0.000587259
          11   -0.685073   -0.684593 0.000535829
          12   -0.686896   -0.684785 0.000524414
          13   -0.688048   -0.685036 0.000540815
          14   -0.688165   -0.685259 0.000546424
          15   -0.679779   -0.684894 0.000620228
          16   -0.687313   -0.685045 0.000599606
          17   -0.683621   -0.684962 0.000570158
          18   -0.684216    -0.68492 0.000539984
          19   -0.687095   -0.685035 0.000523553
          20   -0.685725   -0.685069 0.000498514
           1   -0.683671   -0.683671           0
           2   -0.687213   -0.685442  0.00125217
           3    -0.68576   -0.685548 0.000839255
           4   -0.682077   -0.684681 0.000980286
           5   -0.681249   -0.683994 0.000995898
           6    -0.68325    -0.68387 0.000837606
           7   -0.685721   -0.684134 0.000758515
           8   -0.686418    -0.68442 0.000715416
           9   -0.685775   -0.684571 0.000651583
          10   -0.683253   -0.684439 0.000599607
          11    -0.68619   -0.684598 0.000565826
          12   -0.686627   -0.684767 0.000543347
          13   -0.687628   -0.684987 0.000544285
          14    -0.68866   -0.685249  0.00056511
          15   -0.680096   -0.684906 0.000623197
          16   -0.687391   -0.685061 0.000603294
          17   -0.683049   -0.684943 0.000579304
          18    -0.68417     -0.6849 0.000548707
          19   -0.687537   -0.685039 0.000537098
          20   -0.686147   -0.685094 0.000513093
           1   -0.650484   -0.650484           0
           2   -0.648641   -0.649563 0.000651556
           3   -0.646491   -0.648539 0.000942271
           4     -0.6449   -0.647629  0.00105835
           5   -0.645967   -0.647297  0.00089739
           6   -0.648978   -0.647577 0.000790367
           7   -0.651011   -0.648067 0.000815639
           8   -0.648935   -0.648176 0.000720857
           9   -0.651112   -0.648502 0.000710758
          10   -0.648628   -0.648515 0.000639793
          11    -0.64798   -0.648466 0.000583473
          12   -0.649271   -0.648533 0.000538696
          13   -0.649738   -0.648626 0.000505163
          14   -0.652317   -0.648889 0.000533472
          15   -0.647972   -0.648828 0.000501399
          16   -0.648392   -0.648801 0.000470804
          17   -0.645577   -0.648611 0.000479784
          18   -0.648601   -0.648611  0.00045313
          19   -0.653017   -0.648843 0.000484999
          20   -0.651393    -0.64897 0.000477219
           1   -0.649771   -0.649771           0
           2   -0.648763   -0.649267 0.000356184
           3   -0.647272   -0.648602 0.000592523
           4   -0.645351   -0.647789 0.000832427
           5   -0.645895    -0.64741 0.000747194
           6    -0.64896   -0.647669 0.000665792
           7   -0.650627   -0.648091 0.000691908
           8   -0.648124   -0.648095 0.000605432
           9   -0.651609   -0.648486 0.000651981
          10   -0.647892   -0.648426 0.000589479
          11   -0.648966   -0.648475 0.000537926
          12   -0.649831   -0.648588 0.000504815
          13   -0.649661   -0.648671 0.000472683
          14   -0.652904   -0.648973 0.000526821
          15   -0.648149   -0.648918 0.000494555
          16   -0.647904   -0.648855 0.000467687
          17   -0.645022   -0.648629 0.000491537
          18   -0.648521   -0.648623 0.000464266
          19   -0.653353   -0.648872 0.000502139
          20    -0.65175   -0.649016 0.000497227
           1     -0.6156     -0.6156           0
           2   -0.616906   -0.616253 0.000461514
           3   -0.611857   -0.614788  0.00123525
           4     -0.6107   -0.613766  0.00128123
           5   -0.613335    -0.61368  0.00102787
           6   -0.617901   -0.614383  0.00107062
           7   -0.617178   -0.614782 0.000989302
           8   -0.617701   -0.615147 0.000930472
           9   -0.616242   -0.615269 0.000835006
          10   -0.614055   -0.615148 0.000760281
          11   -0.614818   -0.615118 0.000691755
          12   -0.616035   -0.615194 0.000638324
          13   -0.616038   -0.615259 0.000592514
          14   -0.614289    -0.61519  0.00055423
          15   -0.613951   -0.615107 0.000523399
          16   -0.615581   -0.615137 0.000491525
          17   -0.613389   -0.615034 0.000473237
          18   -0.614162   -0.614985 0.000449421
          19   -0.617592   -0.615123 0.000446214
          20   -0.617346   -0.615234 0.000437531
           1   -0.615186   -0.615186           0
           2   -0.615932   -0.615559 0.000263723
           3   -0.611974   -0.614364 0.000991352
           4   -0.611101   -0.613548  0.00102566
           5   -0.613338   -0.613506 0.000821391
           6   -0.618117   -0.614274 0.000980137
           7   -0.617305   -0.614707 0.000930836
           8   -0.616579   -0.614941 0.000843382
           9   -0.618501   -0.615337 0.000837305
          10   -0.613236   -0.615127 0.000779493
          11   -0.615173   -0.615131 0.000708641
          12   -0.616416   -0.615238 0.000657623
          13    -0.61584   -0.615284 0.000608664
          14   -0.615174   -0.615276 0.000565239
          15   -0.613742   -0.615174 0.000536738
          16   -0.616595   -0.615263 0.000510488
          17   -0.613088   -0.615135 0.000496238
          18   -0.614833   -0.615118 0.000468953
          19   -0.618258   -0.615284 0.000472496
          20   -0.618151   -0.615427 0.000470127
           1   -0.585768   -0.585768           0
           2    -0.58562   -0.585694 5.20431e-05
           3   -0.582797   -0.584728 0.000789172
           4   -0.580769   -0.583739  0.00104175
           5   -0.583256   -0.583642 0.000837859
           6   -0.585934   -0.584024 0.000780465
           7   -0.588568   -0.584673 0.000899302
           8   -0.586373   -0.584886 0.000811596
           9   -0.584644   -0.584859 0.000721862
          10   -0.583606   -0.584734 0.000660454
          11   -0.583472   -0.584619 0.000610286
          12   -0.582648   -0.584455 0.000581107
          13   -0.586022   -0.584575 0.000548771
          14   -0.586965   -0.584746 0.000535465
          15   -0.582786   -0.584615 0.000515456
          16   -0.582755   -0.584499 0.000496176
          17   -0.582521   -0.584383 0.000480434
          18   -0.585393   -0.584439 0.000457008
          19   -0.586125   -0.584528 0.000441489
          20   -0.583809   -0.584492 0.000420874
           1   -0.586022   -0.586022           0
           2   -0.585469   -0.585745 0.000195444
           3   -0.583595   -0.585028 0.000599614
           4   -0.581406   -0.584123 0.000903979
           5   -0.583891   -0.584076 0.000724368
           6   -0.585741   -0.584354 0.000654604
           7   -0.587879   -0.584857 0.000729505
           8   -0.586126   -0.585016 0.000655327
           9   -0.585224   -0.585039 0.000582919
          10   -0.582824   -0.584818 0.000565167
          11   -0.583956   -0.584739 0.000519193
          12   -0.583556   -0.584641 0.000485194
          13   -0.585946   -0.584741 0.000458149
          14   -0.587842   -0.584963 0.000475972
          15   -0.582079    -0.58477 0.000481506
          16   -0.583707   -0.584704 0.000455973
          17   -0.581133   -0.584494 0.000475086
          18   -0.585355   -0.584542 0.000451097
          19   -0.587761   -0.584711 0.000458078
          20   -0.584798   -0.584715 0.000435195
           1   -0.556532   -0.556532           0
           2    -0.55732   -0.556926 0.000278544
           3   -0.553543   -0.555798 0.000939179
           4    -0.55109   -0.554621  0.00123911
           5   -0.554412   -0.554579 0.000991994
           6   -0.560032   -0.555488   0.0011712
           7    -0.55979   -0.556103  0.00115394
           8   -0.556121   -0.556105   0.0010097
           9   -0.558259   -0.556344 0.000925444
          10   -0.554908   -0.556201 0.000843974
          11   -0.554591   -0.556054 0.000779828
          12   -0.553306   -0.555825 0.000747709
          13    -0.56015   -0.556158 0.000760605
          14   -0.560388    -0.55646 0.000763933
          15   -0.554872   -0.556354 0.000720306
          16   -0.553998   -0.556207  0.00069018
          17   -0.557661   -0.556292 0.000654858
          18   -0.554859   -0.556213 0.000623298
          19   -0.555892   -0.556196 0.000590721
          20   -0.553403   -0.556056 0.000577459
           1   -0.556713   -0.556713           0
           2   -0.556797   -0.556755 2.98116e-05
           3   -0.553944   -0.555818  0.00076537
           4   -0.552055   -0.554877 0.000996686
           5   -0.553392    -0.55458 0.000840421
           6    -0.55999   -0.555482  0.00108068
           7   -0.559831   -0.556103  0.00109041
           8   -0.555835    -0.55607 0.000954623
           9   -0.559259   -0.556424 0.000911971
          10   -0.553293   -0.556111 0.000872852
          11   -0.556018   -0.556102 0.000793543
          12   -0.554914   -0.556003 0.000733572
          13    -0.55984   -0.556298 0.000734102
          14   -0.560504   -0.556599 0.000740568
          15   -0.554524    -0.55646 0.000704002
          16   -0.554421   -0.556333 0.000671438
          17   -0.557143   -0.556381  0.00063363
          18   -0.555212   -0.556316 0.000601746
          19   -0.557653   -0.556386 0.000574174
          20   -0.553742   -0.556254 0.000560476
           1   -0.528977   -0.528977           0
           2   -0.533337   -0.531157  0.00154141
           3   -0.527541   -0.529952    0.001423
           4   -0.526874   -0.529182  0.00125823
           5   -0.530238   -0.529393  0.00102414
           6   -0.533227   -0.530032  0.00103376
           7   -0.533315   -0.530501 0.000986715
           8   -0.531575   -0.530635 0.000872451
           9   -0.532582   -0.530852 0.000801869
          10   -0.528464   -0.530613 0.000756396
          11   -0.528863   -0.530454 0.000704155
          12   -0.527174   -0.530181 0.000696491
          13   -0.530971   -0.530241  0.00064556
          14   -0.532379   -0.530394 0.000617243
          15   -0.530367   -0.530392 0.000576096
          16   -0.528341   -0.530264 0.000554177
          17   -0.527482     -0.5301   0.0005452
          18   -0.528814   -0.530029 0.000519576
          19   -0.529247   -0.529988 0.000493858
          20   -0.528699   -0.529923 0.000473351
           1    -0.52869    -0.52869           0
           2   -0.532676   -0.530683  0.00140915
           3    -0.52831   -0.529892  0.00114004
           4   -0.527868   -0.529386  0.00096081
           5   -0.529696   -0.529448 0.000770638
           6   -0.533793   -0.530172 0.000921614
           7   -0.532718   -0.530536 0.000858749
           8   -0.531388   -0.530642 0.000757975
           9     -0.5324   -0.530838 0.000698457
          10   -0.527639   -0.530518 0.000698032
          11   -0.529224     -0.5304 0.000644408
          12   -0.528159   -0.530213 0.000617167
          13   -0.530721   -0.530252 0.000570927
          14   -0.531478    -0.53034 0.000536815
          15   -0.529035   -0.530253 0.000508029
          16   -0.527996   -0.530112 0.000495474
          17   -0.527035   -0.529931 0.000498294
          18   -0.528794   -0.529868 0.000474599
          19   -0.530245   -0.529888 0.000450035
          20   -0.528584   -0.529822 0.000432231
           1   -0.502645   -0.502645           0
           2   -0.507523   -0.505084  0.00172458
           3   -0.504116   -0.504761  0.00117953
           4   -0.503608   -0.504473 0.000919211
           5   -0.504301   -0.504439 0.000736008
           6   -0.506884   -0.504846 0.000717377
           7   -0.509188   -0.505466 0.000841297
           8   -0.507105   -0.505671 0.000760664
           9   -0.505185   -0.505617 0.000678061
          10   -0.505431   -0.505599  0.00061051
          11   -0.506297   -0.505662 0.000558302
          12   -0.504406   -0.505557 0.000521504
          13   -0.508572   -0.505789 0.000530437
          14   -0.508119   -0.505956 0.000517987
          15   -0.507481   -0.506057  0.00049334
          16   -0.506428   -0.506081 0.000463051
          17   -0.505097   -0.506023 0.000439412
          18   -0.506604   -0.506055 0.000416183
          19     -0.5072   -0.506115 0.000398616
          20   -0.502477   -0.505933 0.000418129
           1   -0.503519   -0.503519           0
           2   -0.507453   -0.505486  0.00139102
           3   -0.503711   -0.504894  0.00104568
           4   -0.505234   -0.504979 0.000787696
           5   -0.503552   -0.504694 0.000679924
           6   -0.507713   -0.505197 0.000729424
           7   -0.509428   -0.505801 0.000839104
           8   -0.507934   -0.506068 0.000775397
           9   -0.506709   -0.506139 0.000692508
          10   -0.502708   -0.505796 0.000703151
          11   -0.508176   -0.506012 0.000671689
          12   -0.503757   -0.505824 0.000641469
          13    -0.50885   -0.506057 0.000632951
          14   -0.507351    -0.50615 0.000594452
          15    -0.50664   -0.506182  0.00055572
          16   -0.506006   -0.506171 0.000521097
          17   -0.503935    -0.50604 0.000506776
          18   -0.505086   -0.505987 0.000481384
          19   -0.507359   -0.506059 0.000461431
          20   -0.503568   -0.505934 0.000454854
           1    -0.48067    -0.48067           0
           2   -0.484655   -0.482662  0.00140918
           3     -0.4843   -0.483208  0.00103982
           4   -0.480592   -0.482554 0.000963805
           5   -0.481292   -0.482302 0.000803454
           6   -0.485445   -0.482826 0.000822771
           7   -0.485744   -0.483243 0.000803958
           8   -0.482074   -0.483096 0.000716607
           9   -0.485779   -0.483394 0.000696205
          10   -0.482849    -0.48334 0.000628721
          11    -0.48301    -0.48331 0.000572279
          12   -0.482443   -0.483238 0.000529126
          13   -0.486383    -0.48348 0.000540933
          14   -0.484148   -0.483527 0.000504395
          15   -0.484235   -0.483575 0.000472971
          16   -0.482947   -0.483535 0.000445034
          17   -0.482734   -0.483488 0.000421343
          18   -0.484654   -0.483553 0.000402882
          19   -0.483306    -0.48354 0.000381887
          20   -0.479396   -0.483333 0.000415214
           1   -0.481112   -0.481112           0
           2   -0.484011   -0.482561  0.00102488
           3   -0.484067   -0.483063 0.000796728
           4   -0.481178   -0.482592 0.000723701
           5   -0.480486   -0.482171 0.000690698
           6    -0.48664   -0.482916 0.000890855
           7   -0.485159   -0.483236 0.000819198
           8   -0.483061   -0.483214 0.000717091
           9   -0.485967    -0.48352 0.000699618
          10   -0.480443   -0.483212 0.000694044
          11   -0.485716    -0.48344 0.000667221
          12   -0.481645    -0.48329 0.000628163
          13   -0.486579   -0.483543 0.000628725
          14   -0.484006   -0.483576 0.000584685
          15   -0.482658   -0.483515 0.000548902
          16   -0.482622   -0.483459 0.000517429
          17   -0.481646   -0.483353 0.000497861
          18   -0.484084   -0.483393 0.000471856
          19   -0.483392   -0.483393 0.000447021
          20   -0.479468   -0.483197 0.000465773
           1   -0.460594   -0.460594           0
           2   -0.464778   -0.462686  0.00147949
           3   -0.461722   -0.462364  0.00102063
           4   -0.459936   -0.461757 0.000928713
           5   -0.461326   -0.461671 0.000746967
           6   -0.465526   -0.462314 0.000855302
           7    -0.46245   -0.462333 0.000733337
           8   -0.463125   -0.462432 0.000648322
           9   -0.464889   -0.462705 0.000631137
          10   -0.462448   -0.462679 0.000568545
          11   -0.464701   -0.462863 0.000545754
          12   -0.462766   -0.462855 0.000500334
          13    -0.46285   -0.462855 0.000461847
          14    -0.46517    -0.46302  0.00045751
          15   -0.464651   -0.463129 0.000439739
          16   -0.463089   -0.463126 0.000412262
          17     -0.4645   -0.463207 0.000395852
          18   -0.465073   -0.463311 0.000387191
          19    -0.46122   -0.463201 0.000382133
          20    -0.45975   -0.463028 0.000400077
           1   -0.461125   -0.461125           0
           2   -0.464227   -0.462676  0.00109661
           3   -0.461564   -0.462305 0.000791254
           4   -0.459881   -0.461699 0.000792231
           5   -0.460908   -0.461541 0.000649387
           6   -0.464999   -0.462117 0.000754796
           7   -0.462185   -0.462127 0.000647029
           8   -0.463871   -0.462345 0.000601738
           9   -0.466225   -0.462776  0.00067178
          10    -0.45991   -0.462489 0.000662936
          11   -0.466721   -0.462874  0.00070551
          12   -0.462729   -0.462862 0.000646822
          13    -0.46535   -0.463053 0.000624742
          14   -0.465035   -0.463195 0.000595932
          15   -0.464064   -0.463253  0.00055901
          16   -0.463033   -0.463239 0.000524241
          17   -0.464413   -0.463308 0.000497929
          18   -0.464579   -0.463379 0.000475242
          19   -0.462177   -0.463315 0.000454417
          20   -0.460674   -0.463183 0.000450475
