-0.123899   0.15853   -0.0859239
0.119223   -0.0470339   -0.0591651
0.248319   -0.455301   0.236393
-0.33881   0.482721   0.422481
0.298698   -0.0586911   0.282865
-0.266457   0.281614   0.293919
-0.346865   -0.0553941   0.176084
-0.46736   0.429535   -0.0275698
0.022568   0.198256   0.243521
0.104442   0.438187   0.351638
-0.306822   0.381316   0.108021
0.484944   -0.157432   0.37688
0.385785   0.27753   0.232614
-0.354309   -0.256972   0.281672
-0.235629   -0.119652   -0.476777
0.286822   -0.104701   0.476337
0.375307   -0.025359   -0.341861
-0.265901   0.332038   -0.355577
-0.489043   0.389   -0.468603
-0.455979   0.255465   0.0647714
-0.0286985   0.000661716   -0.192073
0.0704875   0.142193   0.0391124
-0.0454755   0.00403074   -0.39295
-0.29844   0.350742   -0.0988833
0.18303   0.295712   0.145387
-0.247233   -0.0401127   0.35404
-0.241546   -0.42563   -0.436565
-0.431811   -0.0440115   -0.142294
0.286995   0.478375   0.462301
0.456358   -0.232402   0.178919
-0.14407   -0.170486   0.210839
0.209563   0.389405   -0.374481
-0.497951   -0.281069   -0.363857
0.101239   0.390514   -0.203646
0.0866127   -0.416029   -0.479287
-0.317882   -0.29008   0.457226
0.294188   0.380108   -0.176236
-0.426822   -0.105346   -0.44473
0.0959145   0.228797   -0.379978
0.463152   0.115893   0.18424
0.124992   0.00843893   -0.316112
0.447407   -0.415762   0.269269
-0.320553   0.103989   0.0298317
-0.113452   0.412186   0.356566
-0.384208   -0.243937   -0.0862448
0.150156   -0.367503   -0.26394
-0.46918   -0.42495   -0.181452
-0.110797   0.330104   -0.183889
0.408491   -0.236978   -0.169871
0.05801   -0.412576   0.230296
-0.279286   -0.222324   0.0892819
0.286092   -0.291531   0.377442
0.292267   0.124847   -0.44888
-0.00801358   0.398009   0.160844
-0.247832   -0.0804969   -0.247176
0.480978   0.179376   -0.152037
0.040072   -0.424474   -0.0850155
0.272816   0.0694422   0.0524149
0.0714078   0.189595   -0.184233
0.284531   -0.411766   -0.0892754
0.446206   -0.32616   -0.00172516
-0.133421   0.243389   0.106476
0.369133   0.487977   0.104459
0.397377   0.205897   0.422007
-0.196707   -0.271878   -0.105585
-0.2628   -0.268485   -0.324369
-0.456751   0.0459191   0.433594
0.00691184   -0.214514   -0.205553
-0.296004   0.127706   -0.19754
-0.496484   -0.401373   0.464508
-0.150646   0.0574376   0.212002
-0.291041   -0.449137   -0.0126426
0.15545   0.260768   0.40962
0.1877   0.468411   0.0388803
-0.443256   0.350488   -0.233018
0.286535   -0.122368   0.0753945
0.219929   -0.319597   0.0894109
-0.0859002   0.452142   -0.341927
0.350853   -0.449572   -0.343874
-0.480454   0.0962834   -0.341225
0.371174   0.2896   -0.35312
-0.364549   0.243572   0.470846
-0.0772369   -0.319216   -0.356951
-0.476058   0.400302   0.273082
-0.104718   0.0789217   0.416273
0.481927   -0.0849443   0.0438938
-0.250957   -0.45636   0.268277
-0.117062   0.183951   -0.308946
0.0247774   -0.226217   0.00956384
0.35266   -0.038494   -0.146004
-0.0572375   -0.128778   0.439982
0.150368   0.0393515   0.433906
0.332151   0.266917   0.0293912
-0.107482   -0.377922   0.107807
0.0345896   0.342916   -0.0227364
-0.0867056   0.304672   -0.464701
-0.0754112   -0.372262   0.395689
0.287085   -0.26934   -0.403334
0.209508   0.112599   0.243727
-0.412314   -0.397983   0.139868
-0.158755   -0.0568331   -0.0336106
0.126467   -0.210564   0.292471
0.278732   0.174743   -0.224089
0.0912576   -0.203997   -0.398153
-0.138123   -0.462179   -0.185481
-0.283076   0.0909509   -0.404582
0.222727   -0.180708   -0.203763
0.0613266   -0.0688565   0.158935
