0
0
0
0
0
0
0
0
0
0
0
0
0
0.000676511
0.151559
1.06112
2.05338
2.28436
2.0875
1.82891
1.61718
1.45838
1.34107
1.25502
1.1766
1.13921
1.11097
1.08493
1.06872
1.059
1.06979
1.06503
1.05825
1.05555
1.05033
1.04255
1.03687
1.02437
1.02257
1.01847
1.01448
1.00738
1.00236
1.00999
1.00897
0.999192
1.00261
0.998147
0.997842
0.995093
0.993984
0.995607
0.997699
0.99505
0.99482
0.995002
0.9958
0.998717
0.996804
0.994153
0.990224
0.989703
0.993842
0.991552
0.990816
0.990339
0.990128
0.989706
0.985488
0.987475
0.985677
0.98544
0.987686
0.988856
0.988233
0.9894
0.990364
0.989635
0.988113
0.987484
0.986771
0.986961
0.986218
0.99059
0.98901
0.99129
0.988402
0.988956
0.987914
0.988284
0.987887
0.98748
0.986319
0.987063
0.986681
0.985487
0.987306
0.987604
0.986486
0.987067
