-0.478087   0.493548   -0.4866
-0.323327   -0.316709   -0.488824
0.496168   -0.338685   -0.323473
-0.328872   0.484246   -0.334999
-0.166752   -0.482626   0.499515
-0.0287379   -0.324279   0.497096
-0.178439   -0.341912   -0.335262
-0.0128171   -0.493814   -0.347569
0.157489   -0.493607   0.49858
0.324163   -0.36822   -0.499402
0.162339   -0.331811   -0.339253
0.338837   0.49511   -0.326844
0.497458   -0.163571   -0.492058
-0.343562   -0.00576378   0.492409
0.485301   -0.000571386   -0.340979
-0.34242   -0.154305   -0.334498
-0.172827   -0.153704   -0.488067
-0.0131505   0.00901765   -0.484148
-0.170091   0.0111172   -0.343294
0.00462917   -0.17716   -0.327624
0.17164   -0.154766   0.493244
0.334987   -0.000774928   0.484704
0.168425   -0.00484977   -0.315472
0.331755   -0.180163   -0.347231
-0.494466   0.16277   0.489796
-0.331852   0.338908   -0.492276
0.484429   0.331406   -0.32674
-0.327569   0.173344   -0.352456
-0.176002   0.173994   -0.498421
-0.0135781   0.352148   0.482972
-0.156905   0.338342   -0.352432
0.00751533   0.189534   -0.326376
0.181596   0.166844   0.493958
0.327298   0.345276   -0.485616
0.154828   0.344866   -0.340214
0.32648   0.173831   -0.325349
0.493667   0.486014   -0.165221
-0.33313   -0.35121   -0.166189
0.483012   -0.332997   -0.0145411
-0.31784   0.486442   -0.00663479
-0.182381   -0.498518   -0.179746
0.00218794   -0.336394   -0.162216
-0.173919   -0.337006   -0.00874078
0.00522658   -0.490947   0.00644008
0.150243   0.495478   -0.163233
0.319866   -0.345432   -0.171474
0.177797   -0.325622   0.00185988
0.332158   0.48353   0.0147821
-0.485187   -0.177333   -0.166361
-0.310753   0.00926438   -0.147556
-0.493932   0.00938458   -0.00191504
-0.334092   -0.176269   0.0194119
-0.179888   -0.185396   -0.172829
0.0142224   -0.0219109   -0.167886
-0.159458   0.023512   0.012827
-0.00109264   -0.176619   -0.00286336
0.195747   -0.164639   -0.165625
0.34064   -0.000551425   -0.170853
0.174482   -0.0124971   -0.00125566
0.335351   -0.162257   0.00747271
-0.492508   0.161138   -0.168702
-0.331042   0.317326   -0.177656
-0.486826   0.320951   -0.00952226
-0.325304   0.179615   0.00545201
-0.149527   0.171323   -0.175567
-0.021922   0.345164   -0.138482
-0.155442   0.333926   0.0138252
0.0133839   0.161667   0.00454252
0.157247   0.158784   -0.173523
0.31231   0.316304   -0.170599
0.160577   0.330426   -0.00996748
0.336006   0.146707   -0.000672209
-0.49797   -0.494398   0.167012
-0.344606   -0.327315   0.161253
-0.499147   -0.346702   0.337876
-0.31856   -0.496441   0.338269
-0.152241   -0.488243   0.161893
-0.0104905   -0.328898   0.161418
-0.179254   -0.333594   0.316568
0.00482684   -0.479282   0.32332
0.179036   0.495606   0.171173
0.341495   -0.341512   0.158163
0.171652   -0.336498   0.331079
0.344571   0.49001   0.33655
-0.496588   -0.179887   0.157379
-0.339669   -0.00556262   0.174436
-0.498401   0.00977179   0.334884
-0.337045   -0.157577   0.342301
-0.158987   -0.145373   0.160602
0.0109177   0.00543523   0.174676
-0.164882   -0.00255944   0.340324
0.0156648   -0.16836   0.332395
0.181506   -0.187687   0.179058
0.336022   -0.00427131   0.167623
0.164643   0.00617759   0.331538
0.334188   -0.161691   0.334866
0.489669   0.16751   0.148834
-0.348628   0.350491   0.167668
-0.499861   0.330863   0.341422
-0.337835   0.172042   0.332185
-0.174184   0.153181   0.174035
0.011798   0.336025   0.162415
-0.15446   0.336776   0.314469
-0.00691542   0.175954   0.339797
0.174526   0.173191   0.164342
0.317369   0.319993   0.177479
0.155854   0.350804   0.337355
0.320217   0.173677   0.34179
