-0.478063   0.493493   -0.486572
-0.32354   -0.316587   -0.48887
0.49606   -0.338652   -0.323515
-0.328962   0.48428   -0.334873
-0.166711   -0.482549   0.499566
-0.0287307   -0.324191   0.496952
-0.178641   -0.341961   -0.335118
-0.0125523   -0.493749   -0.347706
0.157468   -0.493742   0.49851
0.324183   -0.368268   -0.499331
0.162194   -0.332   -0.33934
0.338916   0.495097   -0.326818
0.497404   -0.163621   -0.492121
-0.343621   -0.0059098   0.492465
0.485505   -0.000442987   -0.340966
-0.342481   -0.154323   -0.334405
-0.172953   -0.153864   -0.488105
-0.0131841   0.00889524   -0.484198
-0.170189   0.0112525   -0.343337
0.00449453   -0.17729   -0.327663
0.171574   -0.154742   0.493221
0.334858   -0.000837902   0.484684
0.168444   -0.00494837   -0.315448
0.331782   -0.180103   -0.347328
-0.494272   0.162662   0.489816
-0.331977   0.339025   -0.492393
0.484283   0.331494   -0.326767
-0.327564   0.173324   -0.352261
-0.176086   0.174002   -0.498463
-0.0134261   0.352194   0.483003
-0.157047   0.338281   -0.352465
0.00757803   0.189502   -0.326358
0.181389   0.167032   0.493954
0.327313   0.345334   -0.485589
0.154933   0.344936   -0.340301
0.32641   0.173782   -0.325382
0.493532   0.486082   -0.165313
-0.333043   -0.351324   -0.166272
0.482926   -0.333028   -0.0146339
-0.317867   0.486384   -0.00660881
-0.182563   -0.498576   -0.179787
0.00227873   -0.336256   -0.1623
-0.174051   -0.336823   -0.00875008
0.00537718   -0.490747   0.0064631
0.150399   0.495482   -0.163212
0.319876   -0.34547   -0.171358
0.177991   -0.325568   0.00190741
0.332347   0.483705   0.0147646
-0.485276   -0.17722   -0.166459
-0.310855   0.00921353   -0.14746
-0.493902   0.0093761   -0.001947
-0.334185   -0.176139   0.019327
-0.179872   -0.185556   -0.17283
0.0141362   -0.021848   -0.167943
-0.159382   0.0233648   0.0127134
-0.00101288   -0.176454   -0.00285346
0.195804   -0.164589   -0.165634
0.340719   -0.000758702   -0.17074
0.174617   -0.012514   -0.00112639
0.335331   -0.162388   0.00740896
-0.492488   0.161252   -0.168603
-0.331039   0.317279   -0.1777
-0.486815   0.321122   -0.00938016
-0.325341   0.179559   0.00563423
-0.149479   0.171498   -0.175548
-0.0217182   0.345156   -0.138386
-0.155324   0.333824   0.0138739
0.0133679   0.161711   0.0045881
0.157231   0.158751   -0.173595
0.312147   0.316326   -0.170548
0.160408   0.330445   -0.0099035
0.336023   0.146641   -0.000666452
-0.49815   -0.494486   0.166856
-0.344619   -0.327266   0.16142
-0.499035   -0.34681   0.337913
-0.318545   -0.496514   0.338325
-0.152206   -0.488364   0.161998
-0.0103236   -0.328925   0.16146
-0.179434   -0.333687   0.316509
0.00479166   -0.479231   0.323194
0.17899   0.49582   0.17119
0.34147   -0.34151   0.158197
0.171639   -0.336322   0.331005
0.344676   0.489926   0.336539
-0.496552   -0.179975   0.157299
-0.339624   -0.00557986   0.174462
-0.498494   0.00966389   0.334817
-0.336858   -0.157691   0.342252
-0.159014   -0.145276   0.160433
0.0110181   0.00529713   0.174722
-0.164909   -0.0025839   0.340313
0.0157773   -0.168255   0.332503
0.181578   -0.187767   0.179104
0.336081   -0.00410279   0.167598
0.164749   0.00617165   0.331562
0.334248   -0.161652   0.334889
0.489779   0.167572   0.148846
-0.348647   0.350502   0.167726
-0.499624   0.330703   0.341393
-0.337843   0.172164   0.332385
-0.17411   0.15322   0.17411
0.011741   0.335952   0.162479
-0.154602   0.336875   0.314613
-0.00707852   0.175771   0.339657
0.174578   0.173116   0.164302
0.317423   0.320025   0.177453
0.155792   0.350851   0.337057
0.320244   0.173675   0.341844
