-0.447705
-0.446083
-0.445689
-0.444948
-0.444192
-0.443661
-0.443384
-0.443224
-0.443163
-0.443091
-0.443001
-0.442925
-0.442894
-0.442873
-0.442883
-0.442903
-0.442933
-0.442991
-0.443053
-0.443127
-0.443213
-0.443283
-0.443347
-0.443404
-0.443445
-0.443483
-0.443519
-0.443546
-0.44357
-0.443599
-0.443627
-0.443643
-0.443657
-0.443675
-0.443694
-0.443712
-0.44373
-0.443748
-0.443763
-0.443783
-0.443802
-0.443815
-0.443829
-0.443846
-0.443863
-0.443878
-0.443893
-0.443908
-0.443922
-0.443939
-0.443952
-0.443962
-0.443971
-0.443977
-0.443984
-0.44399
-0.443995
-0.444
-0.444006
-0.444011
-0.444016
-0.444023
-0.44403
-0.444033
-0.444036
-0.44404
-0.444045
-0.44405
-0.444053
-0.444058
-0.444062
-0.444067
-0.44407
-0.444073
-0.444077
-0.444081
-0.444085
-0.444089
-0.444095
-0.444101
-0.444107
-0.444112
-0.444117
-0.44412
-0.444123
-0.444125
-0.444127
-0.444127
-0.444127
-0.444128
-0.444128
-0.444127
-0.444127
-0.444127
-0.444128
-0.44413
-0.444132
-0.444134
-0.444137
-0.444097
