           1     90.9896     90.9896           0
           2     90.5339     90.7617    0.161113
           3     88.5776     90.0337    0.604059
           4     88.5776     89.6697     0.55193
           5     90.4409     89.8239    0.462594
           6     88.3141     89.5723    0.448749
           7     93.7437     90.1682    0.672564
           8     89.9315     90.1386    0.589143
           9     94.9709     90.6755    0.728351
          10     93.3473     90.9427    0.702813
          11     92.2831     91.0646    0.649398
          12     89.1391     90.9041    0.614784
          13     88.9166     90.7512    0.586194
          14     86.8941     90.4757    0.605616
          15       89.91      90.438    0.566415
          16     93.8017     90.6482    0.568693
          17     93.3146     90.8051     0.55645
          18     89.8582     90.7525    0.528016
          19     85.5266     90.4774    0.567358
          20     88.8639     90.3967    0.544696
           1     91.9476     91.9476           0
           2     90.5256     91.2366    0.502764
           3     88.5711     90.3481    0.799151
           4     88.5674     89.9029    0.712646
           5     90.4572     90.0138    0.578674
           6     88.3222     89.7318    0.546611
           7      93.748     90.3056    0.708288
           8     89.9301     90.2586    0.621305
           9     94.9671     90.7818    0.740469
          10     93.3544     91.0391    0.709707
          11      92.286     91.1524    0.654178
          12     89.1258     90.9835    0.621081
          13     88.9186     90.8247     0.59327
          14     86.8828     90.5431    0.614085
          15     89.9135     90.5012    0.574579
          16     93.8041     90.7076    0.574555
          17     93.3277     90.8617    0.561049
          18      89.855     90.8058     0.53266
          19     85.5216     90.5277    0.572646
          20      88.854      90.444    0.550094
           1     58.7796     58.7796           0
           2     53.7721     56.2758     1.77044
           3     54.1297     55.5605     1.31692
           4     54.4638     55.2863     1.01583
           5     59.5468     56.1384     1.11413
           6     51.9644     55.4427     1.12485
           7      59.366     56.0032     1.09492
           8     54.5049     55.8159    0.973943
           9     60.4691     56.3329    0.993524
          10     61.2014     56.8198     1.00641
          11     55.9362     56.7394    0.918117
          12     57.6699      56.817    0.844875
          13     51.9992     56.4464    0.857319
          14     60.6496     56.7466    0.847022
          15     54.4519     56.5936    0.804251
          16     57.0459     56.6219    0.754482
          17     55.3085     56.5446    0.714045
          18       59.49     56.7083    0.692871
          19     53.0996     56.5183     0.68194
          20     54.4482     56.4148    0.655652
           1     59.5415     59.5415           0
           2     53.7492     56.6453     2.04786
           3     54.1101     55.8003      1.5297
           4     54.4176     55.4546     1.18569
           5     59.5541     56.2745     1.19898
           6     51.9688     55.5569     1.19476
           7     59.3717     56.1019     1.14162
           8     54.5087     55.9027     1.01614
           9     60.4781     56.4111     1.02253
          10     61.1981     56.8898     1.02623
          11     55.9467     56.8041    0.936511
          12     57.6417     56.8739    0.861066
          13     51.9937     56.4985    0.872834
          14     60.6332     56.7938    0.859003
          15     54.4624     56.6384    0.815677
          16     57.0356     56.6632    0.765075
          17     55.3284     56.5847    0.724088
          18     59.4839     56.7458    0.701546
          19     53.1148     56.5546    0.690161
          20     54.4456     56.4492     0.66366
           1     30.4761     30.4761           0
           2     30.1005     30.2883    0.132774
           3     29.6542     30.0769    0.193957
           4     30.9371      30.292    0.236317
           5     32.6564     30.7649    0.463297
           6     31.7361     30.9268    0.413395
           7     31.8357     31.0566    0.374175
           8     32.9909     31.2984    0.397929
           9     32.5354     31.4358    0.376705
          10      34.465     31.7387    0.444439
          11     32.6043     31.8174    0.410943
          12     34.2782     32.0225     0.42479
          13     31.8513     32.0093    0.392318
          14     32.1079     32.0164    0.364359
          15      29.697     31.8617    0.371432
          16     32.9874     31.9321    0.354818
          17     30.4473     31.8448    0.344528
          18     30.8568     31.7899     0.32973
          19     32.3288     31.8182    0.313593
          20     30.6409     31.7594    0.303388
           1      31.115      31.115           0
           2     30.1033     30.6092    0.357703
           3      29.656     30.2915    0.352361
           4     30.9217      30.449    0.297415
           5     32.6336     30.8859    0.457519
           6     31.7495     31.0298    0.403271
           7     31.8734     31.1504    0.363221
           8     32.9603     31.3766    0.381829
           9     32.5137     31.5029    0.359699
          10     34.4498     31.7976    0.427734
          11     32.5883     31.8695    0.394842
          12     34.2226     32.0656    0.407734
          13     31.8425     32.0484     0.37673
          14     32.0975     32.0519    0.349837
          15     29.7356     31.8975    0.358984
          16     32.9938      31.966    0.343024
          17      30.436      31.876    0.334445
          18     30.8559     31.8194    0.320631
          19     32.3503     31.8473    0.304971
          20     30.6713     31.7885    0.295337
           1     17.5091     17.5091           0
           2     19.1928     18.3509     0.59525
           3     18.8979     18.5333    0.423838
           4      20.288      18.972    0.495354
           5     19.0356     18.9847    0.396447
           6     19.4125      19.056    0.336722
           7     18.3959     18.9617    0.301532
           8     20.2672     19.1249    0.304815
           9     18.7621     19.0846    0.273599
          10     20.1109     19.1872    0.264792
          11     18.1728      19.095    0.256275
          12     20.1366     19.1818    0.249184
          13     18.3271      19.116    0.238533
          14     19.3362     19.1318    0.222013
          15     17.5346     19.0253     0.23134
          16     19.6831     19.0664    0.220504
          17     17.4934     18.9739    0.226116
          18     18.8886     18.9691    0.213603
          19     17.5358     18.8937     0.21527
          20     17.3876     18.8184     0.21728
           1     17.6903     17.6903           0
           2     19.1997      18.445    0.533671
           3     18.8704     18.5868    0.374148
           4     20.2984     19.0147    0.464837
           5     19.0445     19.0207    0.371908
           6     19.4034     19.0845    0.315348
           7     18.4222     18.9899    0.284134
           8     20.2615     19.1488    0.289691
           9     18.7422     19.1036    0.261002
          10     20.1078     19.2041    0.253483
          11     18.1678     19.1098    0.247327
          12     20.1219     19.1942    0.240666
          13     18.3421     19.1286    0.230908
          14     19.3159      19.142    0.214801
          15     17.5472     19.0357    0.225263
          16     19.6836     19.0762    0.214793
          17     17.4953     18.9832    0.221375
          18     18.8787     18.9774    0.209152
          19     17.5455      18.902    0.211286
          20     17.3864     18.8262     0.21388
           1     11.5154     11.5154           0
           2     11.5422     11.5288  0.00949094
           3     12.3779     11.8118    0.231188
           4     11.9464     11.8455    0.175821
           5     11.5338     11.7831    0.151305
           6     12.1391     11.8425    0.137226
           7     11.4855     11.7915    0.126741
           8     12.2126     11.8441    0.121338
           9     12.5832     11.9262     0.13277
          10     12.7125     12.0049    0.140866
          11     12.1386      12.017    0.128584
          12     12.9339     12.0934    0.138724
          13      11.591     12.0548    0.133329
          14     11.7429     12.0325    0.125653
          15     10.8984     11.9569    0.138162
          16     11.7687     11.9451    0.130027
          17     11.3751     11.9116    0.126629
          18     11.9969     11.9163    0.119682
          19      11.638     11.9017    0.114276
          20     11.6977     11.8915    0.109017
           1     11.5552     11.5552           0
           2     11.5327      11.544  0.00798245
           3     12.4053     11.8311      0.2345
           4     11.9194     11.8532    0.176911
           5     11.5296     11.7884    0.152906
           6     12.0878     11.8383    0.135315
           7     11.4928      11.789    0.124662
           8     12.2065     11.8412    0.119505
           9     12.5614     11.9212    0.130294
          10     12.7256     12.0016    0.139911
          11     12.1455     12.0147    0.127801
          12     12.9063      12.089    0.137057
          13     11.6021     12.0516    0.131532
          14     11.7522     12.0302    0.123862
          15     10.9056     11.9552     0.13642
          16     11.7594      11.943    0.128441
          17     11.3927     11.9106    0.124898
          18     12.0119     11.9162    0.118086
          19     11.6186     11.9006    0.112905
          20     11.7413     11.8926    0.107541
           1     8.26743     8.26743           0
           2     8.41769     8.34256   0.0531235
           3     8.87113     8.51875    0.148153
           4     8.55535      8.5279    0.111397
           5     8.07573     8.43747    0.120352
           6     8.50433     8.44861    0.100808
           7     8.20999     8.41452   0.0919901
           8     8.07306     8.37184   0.0898493
           9     8.49678     8.38572   0.0809315
          10     8.21897     8.36905   0.0745365
          11     8.31322     8.36397   0.0679329
          12     9.03342     8.41976   0.0820408
          13     8.20579      8.4033   0.0773634
          14     8.29757     8.39575   0.0722051
          15     7.79918     8.35598    0.077575
          16     7.61835     8.30988   0.0853327
          17     8.16861     8.30157   0.0807168
          18     8.03963     8.28701   0.0775331
          19     7.68144     8.25514   0.0797348
          20     7.40884     8.21283   0.0862485
           1     8.28801     8.28801           0
           2     8.40316     8.34558   0.0407124
           3     8.87439     8.52185     0.14646
           4     8.53189     8.52436    0.109867
           5     8.06106      8.4317    0.120805
           6     8.47805     8.43943    0.100918
           7      8.2206     8.40817   0.0912142
           8     8.05938     8.36457    0.089628
           9     8.48379     8.37782   0.0806424
          10     8.23152     8.36319   0.0738932
          11      8.3132     8.35864   0.0673152
          12     9.02413      8.4141   0.0814051
          13     8.19612     8.39733   0.0768507
          14     8.29729     8.39019   0.0716928
          15     7.82601     8.35257   0.0761428
          16     7.61793     8.30666   0.0840958
          17     8.18313     8.29939   0.0794623
          18     8.05063     8.28557   0.0762401
          19      7.6913     8.25429    0.078381
          20     7.41446      8.2123   0.0849688
           1     6.01729     6.01729           0
           2     6.04429     6.03079  0.00954723
           3     6.28353     6.11504   0.0690805
           4     6.28717     6.15807    0.063822
           5     5.73948     6.07435   0.0906307
           6     6.04388     6.06927   0.0756677
           7     5.88295     6.04265   0.0693821
           8     5.73918     6.00472    0.070319
           9     6.28713      6.0361   0.0691537
          10     6.39337     6.07183   0.0708691
          11     5.91866      6.0579   0.0657801
          12     6.26792      6.0754   0.0625833
          13     6.05303     6.07368   0.0577929
          14     6.34463     6.09304    0.056813
          15      6.3553     6.11052   0.0556509
          16     6.07231     6.10813    0.052224
          17     6.14187     6.11012   0.0491897
          18     6.08372     6.10865   0.0464788
          19     5.87047     6.09611   0.0456918
          20     5.73016     6.07782   0.0469282
           1     6.02275     6.02275           0
           2     6.01695     6.01985   0.0020519
           3     6.30457     6.11475    0.077503
           4     6.26876     6.15326    0.067012
           5     5.73082     6.06877   0.0926521
           6     6.02276      6.0611   0.0775267
           7     5.87122     6.03398   0.0710387
           8     5.73448     5.99654   0.0713446
           9     6.28993     6.02914   0.0704725
          10     6.41316     6.06754   0.0731437
          11     5.92131     6.05425   0.0676915
          12     6.28327     6.07333   0.0646852
          13     6.03665     6.07051   0.0597709
          14     6.34577     6.09017   0.0586462
          15     6.37923     6.10944   0.0578159
          16      6.0755     6.10732   0.0542413
          17     6.13447     6.10892   0.0510741
          18     6.07903     6.10726   0.0482636
          19     5.85956     6.09422   0.0474515
          20     5.74682     6.07685   0.0481532
           1     4.49569     4.49569           0
           2     4.69901     4.59735   0.0718845
           3     4.78078     4.65849   0.0692029
           4     4.75489     4.68259   0.0559411
           5     4.51039     4.64815   0.0543293
           6     4.69361     4.65573   0.0457997
           7     4.50009     4.63349   0.0443266
           8     4.66809     4.63782   0.0389962
           9     4.76071     4.65147   0.0369766
          10     4.76324     4.66265   0.0349273
          11     4.70735     4.66671   0.0319876
          12     4.89074     4.68538   0.0343404
          13     4.90592     4.70235   0.0356437
          14     4.97209     4.72161   0.0379497
          15     4.87085     4.73156   0.0367008
          16     4.60071     4.72339   0.0353064
          17     4.59691     4.71595   0.0340044
          18     4.87651     4.72487   0.0332648
          19     4.58255     4.71738   0.0323463
          20     4.59885     4.71145   0.0312672
           1     4.49212     4.49212           0
           2     4.66914     4.58063    0.062586
           3     4.80657     4.65594   0.0743129
           4     4.72669     4.67363   0.0578012
           5      4.4875     4.63641   0.0569813
           6     4.68939     4.64524   0.0481637
           7     4.51047     4.62598   0.0449665
           8     4.65992     4.63023   0.0395453
           9     4.75965     4.64461   0.0376753
          10     4.78555      4.6587    0.036449
          11     4.72111     4.66437   0.0335741
          12     4.88699     4.68292   0.0355337
          13     4.88375     4.69837   0.0360019
          14     4.96498     4.71742   0.0381358
          15     4.88145     4.72835   0.0371281
          16     4.61822     4.72147   0.0354399
          17     4.58212     4.71327   0.0342901
          18     4.89403     4.72331   0.0338236
          19      4.5663     4.71505   0.0330375
          20     4.60695     4.70964   0.0318248
           1     3.68041     3.68041           0
           2     3.69372     3.68706  0.00470824
           3     3.77216     3.71543   0.0233718
           4     3.79616     3.73561    0.024754
           5     3.66763     3.72202   0.0232391
           6     3.91681     3.75448   0.0354035
           7     3.63268     3.73708    0.034357
           8      3.8945     3.75676     0.03525
           9     3.85348     3.76751   0.0329307
          10     3.73038     3.76379   0.0298462
          11     3.75383     3.76289   0.0271467
          12     3.80527     3.76642   0.0251132
          13     3.90146     3.77681   0.0252387
          14      3.8918     3.78502   0.0247365
          15      4.0129     3.80021   0.0273575
          16     3.75941     3.79766   0.0257662
          17     3.66332     3.78976   0.0254335
          18     3.80364     3.79053   0.0240322
          19     3.78674     3.79033   0.0227682
          20     3.85588     3.79361   0.0218644
           1     3.66606     3.66606           0
           2     3.66915     3.66761  0.00109221
           3     3.78831     3.70784   0.0328589
           4      3.7793      3.7257    0.029098
           5     3.64644     3.70985   0.0272566
           6     3.93465     3.74732   0.0410574
           7     3.64166     3.73223    0.037865
           8     3.89076     3.75204   0.0379648
           9     3.85596     3.76359    0.035459
          10     3.75335     3.76256   0.0319279
          11     3.75743      3.7621   0.0290288
          12     3.78238     3.76379   0.0266589
          13     3.89561     3.77393   0.0264664
          14     3.88557      3.7819   0.0257493
          15     3.99105     3.79585   0.0275504
          16     3.76291     3.79379   0.0259053
          17     3.65865     3.78584   0.0255721
          18     3.81591     3.78751   0.0242059
          19     3.78524     3.78739   0.0229322
          20     3.84637     3.79034   0.0219744
           1     3.04797     3.04797           0
           2     3.01411     3.03104   0.0119703
           3     3.15658     3.07289   0.0350857
           4     3.08622     3.07622   0.0264721
           5     3.05476     3.07193   0.0215228
           6     3.22579     3.09757   0.0294909
           7      2.8835     3.06699   0.0379557
           8     3.19866     3.08345   0.0366061
           9      3.0958     3.08482   0.0325644
          10     3.07344     3.08368   0.0293279
          11     3.03356     3.07913   0.0270134
          12     3.12857     3.08325   0.0250745
          13     3.19229     3.09163   0.0245084
          14     3.28099     3.10516   0.0262257
          15     3.19294     3.11101   0.0251218
          16      2.9848     3.10312   0.0247592
          17     3.10993     3.10352    0.023306
          18     3.08557     3.10253   0.0220325
          19     3.14991     3.10502   0.0210136
          20     3.09149     3.10434   0.0199738
           1     3.03633     3.03633           0
           2     2.98982     3.01307   0.0164453
           3     3.17027     3.06547   0.0441668
           4     3.07082     3.06681   0.0331453
           5     3.02886     3.05922   0.0273717
           6     3.23046     3.08776   0.0346277
           7     2.89971      3.0609   0.0387242
           8     3.18688     3.07664   0.0369473
           9     3.09315     3.07848   0.0328875
          10     3.08642     3.07927   0.0296084
          11     3.02642     3.07447   0.0273038
          12     3.10671     3.07715   0.0251603
          13     3.17376     3.08459   0.0242976
          14     3.28475     3.09888   0.0264361
          15     3.17094     3.10369   0.0251064
          16     2.98553      3.0963   0.0245995
          17     3.09636     3.09631   0.0231524
          18     3.07972     3.09538   0.0218845
          19     3.15454      3.0985    0.020953
          20     3.08419     3.09778   0.0199176
           1     2.59262     2.59262           0
           2     2.56474     2.57868   0.0098599
           3     2.68109     2.61282    0.028638
           4     2.60765     2.61153   0.0215076
           5     2.58862     2.60695   0.0176873
           6     2.75179     2.63109   0.0265118
           7     2.46891     2.60792   0.0312489
           8      2.6446      2.6125   0.0276772
           9     2.61921     2.61325    0.024612
          10     2.60069     2.61199   0.0221828
          11     2.55565     2.60687    0.020749
          12     2.67577     2.61261   0.0197983
          13     2.60631     2.61213   0.0182813
          14     2.68442     2.61729   0.0176897
          15     2.60626     2.61655   0.0165256
          16     2.61724      2.6166   0.0154928
          17     2.57505     2.61415   0.0147731
          18     2.62303     2.61465   0.0139606
          19     2.70164     2.61922   0.0139564
          20     2.53651     2.61509   0.0138578
           1      2.5817      2.5817           0
           2     2.55024     2.56597   0.0111214
           3     2.69889     2.61028   0.0369289
           4     2.59246     2.60582   0.0279639
           5      2.5745     2.59956   0.0230621
           6     2.74455     2.62372   0.0292577
           7     2.48525     2.60394   0.0310538
           8     2.64379     2.60892   0.0275687
           9     2.62375     2.61057   0.0245547
          10     2.60572     2.61009    0.022104
          11     2.54098      2.6038   0.0209684
          12     2.66253      2.6087    0.019784
          13     2.58941     2.60721   0.0183177
          14     2.69314     2.61335   0.0180082
          15     2.58698     2.61159   0.0168933
          16     2.61643      2.6119   0.0158402
          17     2.56704     2.60926   0.0151266
          18     2.61893     2.60979   0.0142957
          19     2.70189     2.61464   0.0143415
          20     2.51602     2.60971   0.0144473
           1     2.21251     2.21251           0
           2      2.2206     2.21656  0.00286025
           3     2.26632     2.23314   0.0136779
           4     2.24518     2.23615   0.0105845
           5     2.18885     2.22669    0.011971
           6     2.30572     2.23986   0.0156238
           7     2.11823     2.22249   0.0209319
           8     2.22438     2.22273   0.0183168
           9     2.30403     2.23176   0.0183746
          10     2.21066     2.22965   0.0166578
          11     2.22785     2.22948   0.0151443
          12     2.22144     2.22881   0.0138971
          13     2.18894     2.22575   0.0131622
          14     2.39644     2.23794   0.0169535
          15       2.261     2.23948   0.0158928
          16     2.18865      2.2363   0.0152136
          17     2.26537     2.23801   0.0144144
          18      2.2273     2.23742   0.0136259
          19     2.29627     2.24051   0.0132561
          20     2.20314     2.23864   0.0127243
           1     2.19406     2.19406           0
           2     2.21516     2.20461  0.00746174
           3     2.27209      2.2271   0.0190295
           4     2.22802     2.22733   0.0142735
           5     2.17469      2.2168   0.0148009
           6     2.30995     2.23233    0.018788
           7     2.13272      2.2181   0.0208063
           8     2.21373     2.21755   0.0182127
           9     2.30139     2.22687   0.0184181
          10     2.21542     2.22572   0.0166119
          11     2.21713     2.22494     0.01512
          12     2.22611     2.22504   0.0138604
          13      2.1742     2.22113   0.0133346
          14     2.39594     2.23361   0.0172652
          15       2.241     2.23411   0.0161212
          16     2.18792     2.23122   0.0153698
          17     2.26179     2.23302   0.0145706
          18     2.22357     2.23249   0.0137705
          19     2.29452     2.23576   0.0134271
          20     2.18145     2.23304   0.0130275
           1     1.93997     1.93997           0
           2     1.94732     1.94364  0.00260049
           3     1.91693     1.93474  0.00747543
           4      1.9504     1.93865  0.00655216
           5     1.92307     1.93554   0.0059367
           6     1.97676     1.94241   0.0079884
           7     1.91859     1.93901  0.00753722
           8     1.93206     1.93814  0.00664487
           9     1.98823      1.9437   0.0079009
          10     1.97102     1.94644  0.00756835
          11     1.89568     1.94182  0.00816638
          12      1.9516     1.94264  0.00752636
          13     1.91279     1.94034  0.00728915
          14     2.01109     1.94539  0.00833835
          15     1.93024     1.94438  0.00784338
          16     1.88478     1.94066  0.00819029
          17     1.98364     1.94319  0.00808938
          18     1.99763     1.94621  0.00818597
          19     1.98373     1.94819  0.00798977
          20     1.88353     1.94495  0.00821825
           1     1.91279     1.91279           0
           2     1.94342      1.9281   0.0108312
           3     1.91543     1.92388  0.00800284
           4     1.93568     1.92683  0.00652382
           5     1.91658     1.92478  0.00553181
           6     1.98399     1.93465   0.0101197
           7     1.93233     1.93432  0.00867941
           8     1.92443     1.93308    0.007682
           9     1.99551     1.94002  0.00945508
          10     1.97179     1.94319  0.00902759
          11     1.88862     1.93823  0.00947255
          12      1.9467     1.93894  0.00870938
          13     1.90471     1.93631  0.00842801
          14     2.01747      1.9421  0.00961535
          15     1.91771     1.94048  0.00911082
          16     1.87903     1.93664  0.00931581
          17     1.97867     1.93911  0.00909001
          18     1.99392     1.94215  0.00908082
          19     1.98143     1.94422  0.00883499
          20     1.87807     1.94091  0.00899105
           1     1.69679     1.69679           0
           2     1.71392     1.70536  0.00605755
           3     1.66534     1.69202   0.0116155
           4     1.71072      1.6967  0.00960691
           5      1.7348     1.70432   0.0102733
           6      1.7061     1.70461  0.00856539
           7     1.66032     1.69829  0.00939306
           8     1.73844     1.70331  0.00946542
           9      1.7454     1.70798  0.00949946
          10     1.75206     1.71239  0.00951721
          11     1.70027     1.71129   0.0087156
          12       1.713     1.71143  0.00799047
          13     1.71703     1.71186  0.00738742
          14     1.82523     1.71996   0.0103895
          15     1.67399      1.7169   0.0101388
          16      1.6795     1.71456  0.00977073
          17     1.75266      1.7168  0.00944952
          18     1.77057     1.71979  0.00938484
          19     1.73818     1.72075   0.0089407
          20     1.64971      1.7172  0.00917229
           1     1.67282     1.67282           0
           2     1.71282     1.69282   0.0141406
           3     1.66438     1.68334   0.0121973
           4     1.69819     1.68705   0.0096962
           5      1.7276     1.69516   0.0106194
           6     1.71854     1.69906  0.00953746
           7     1.67973      1.6963  0.00856533
           8     1.73142     1.70069  0.00854605
           9     1.75596     1.70683  0.00955166
          10     1.74711     1.71086  0.00940768
          11     1.68781     1.70876  0.00878265
          12     1.70778     1.70868  0.00805114
          13     1.71272     1.70899  0.00743781
          14     1.83307     1.71785   0.0109837
          15     1.65587     1.71372   0.0110014
          16     1.67787     1.71148   0.0105395
          17     1.75373     1.71396   0.0102084
          18     1.76303     1.71669  0.00999857
          19     1.73196     1.71749  0.00950457
          20     1.64432     1.71384  0.00970811
           1     1.50339     1.50339           0
           2     1.50979     1.50659  0.00226274
           3     1.48906     1.50074  0.00500345
           4     1.52875     1.50774  0.00713094
           5     1.51387     1.50897  0.00580903
           6     1.52742     1.51204  0.00559583
           7     1.46741     1.50567  0.00760619
           8     1.54422     1.51049  0.00803852
           9     1.55579     1.51552  0.00857799
          10     1.55166     1.51914  0.00844733
          11     1.52731     1.51988  0.00771203
          12     1.51644     1.51959  0.00707469
          13     1.52134     1.51973  0.00653177
          14     1.61713     1.52668  0.00904083
          15     1.50497     1.52524  0.00855324
          16     1.52752     1.52538  0.00801986
          17     1.56541     1.52773  0.00788629
          18     1.56199     1.52964  0.00767437
          19     1.55477     1.53096  0.00738357
          20     1.48784      1.5288  0.00732236
           1     1.48359     1.48359           0
           2     1.50919     1.49639  0.00904948
           3     1.48666     1.49315  0.00658889
           4     1.51821     1.49941   0.0073403
           5      1.5082     1.50117  0.00607909
           6     1.53903     1.50748  0.00767107
           7     1.48559     1.50435  0.00718434
           8     1.54246     1.50912  0.00770543
           9     1.56255     1.51505  0.00884564
          10     1.55362     1.51891  0.00876141
          11     1.51653     1.51869  0.00796759
          12     1.51769     1.51861  0.00730406
          13     1.51744     1.51852  0.00674276
          14     1.62631     1.52622  0.00970789
          15     1.48212     1.52328  0.00949541
          16      1.5248     1.52338  0.00890242
          17     1.56413     1.52577   0.0086955
          18     1.55417     1.52735  0.00835433
          19     1.55711     1.52892  0.00806014
          20     1.48348     1.52664   0.0079709
           1     1.36202     1.36202           0
           2     1.36741     1.36472  0.00190495
           3     1.34014     1.35652  0.00680984
           4     1.38091     1.36262  0.00734611
           5     1.38107     1.36631  0.00673997
           6     1.38102     1.36876  0.00604632
           7     1.32544     1.36257  0.00772594
           8     1.39779     1.36698  0.00791543
           9      1.3963     1.37023  0.00767732
          10     1.41162     1.37437  0.00794719
          11     1.35676     1.37277  0.00738431
          12     1.34192      1.3702   0.0072025
          13     1.37755     1.37077  0.00667062
          14     1.43283      1.3752  0.00752448
          15     1.34126     1.37294  0.00735524
          16     1.35076     1.37155  0.00702492
          17     1.41093     1.37387  0.00698314
          18      1.3949     1.37504  0.00669224
          19     1.38482     1.37555  0.00635982
          20     1.34485     1.37402  0.00622429
           1       1.336       1.336           0
           2      1.3674      1.3517   0.0111002
           3      1.3418      1.3484  0.00787482
           4     1.37445     1.35491   0.0081668
           5     1.37929     1.35979  0.00785522
           6     1.38478     1.36395   0.0075705
           7     1.34707     1.36154  0.00686243
           8     1.39044     1.36515  0.00688977
           9     1.40309     1.36937   0.0073005
          10     1.41434     1.37387  0.00783424
          11     1.35532     1.37218  0.00730114
          12      1.3379     1.36932  0.00723003
          13     1.37112     1.36946  0.00667519
          14      1.4448     1.37484  0.00808162
          15      1.3219     1.37131   0.0082779
          16     1.35019     1.36999  0.00786509
          17     1.40214     1.37188  0.00762631
          18     1.38524     1.37263  0.00723863
          19     1.39632     1.37387  0.00696428
          20     1.34094     1.37223  0.00680796
           1     93.3753     93.3753           0
           2     89.0063     91.1908     1.54467
           3     90.0192     90.8003     1.07802
           4     89.3141     90.4287    0.870192
           5     84.6023     89.2635     1.25337
           6     89.6526     89.3283     1.04615
           7     88.4919     89.2088      0.9035
           8     91.7213     89.5229    0.843381
           9     88.1804     89.3737    0.762748
          10     86.8944     89.1258    0.725652
          11     93.7027     89.5419    0.769785
          12     87.4924     89.3711    0.724335
          13     88.7045     89.3198     0.67043
          14     87.3445     89.1787    0.637215
          15     80.2981     88.5867    0.825137
          16     93.5354      88.896    0.829512
          17     93.7521     89.1816    0.828443
          18     91.1711     89.2922    0.789757
          19     90.9255     89.3781    0.752855
          20     86.4279     89.2306     0.72952
           1     93.8051     93.8051           0
           2     89.0273     91.4162     1.68923
           3      89.991     90.9411     1.19108
           4     89.3392     90.5406    0.958281
           5     84.6203     89.3566     1.30741
           6     89.6627     89.4076     1.09051
           7     88.4888     89.2763    0.942586
           8     91.7079     89.5803    0.872391
           9     88.1572     89.4222    0.789659
          10     86.8729     89.1672    0.750715
          11      93.725     89.5816    0.788566
          12      87.488     89.4071      0.7419
          13     88.6744     89.3507    0.686969
          14     87.2953     89.2039      0.6534
          15      80.334     88.6126    0.835619
          16     93.5448     88.9209    0.838326
          17     93.7501     89.2049    0.835757
          18     91.1384     89.3124    0.796199
          19     90.9145     89.3967    0.758746
          20     86.4373     89.2487    0.735096
           1     55.1427     55.1427           0
           2     53.1439     54.1433    0.706711
           3     47.2083     51.8316     1.94538
           4     52.7501     52.0613     1.47253
           5     51.2417     51.8973     1.18711
           6     53.9394     52.2377      1.0369
           7     52.3794     52.2579    0.888969
           8     54.7669     52.5715    0.831329
           9     53.9264     52.7221    0.752465
          10     56.1076     53.0606    0.749519
          11     60.1795     53.7078    0.919255
          12     56.2468     53.9194    0.866659
          13     52.0298      53.774     0.81209
          14     55.7253     53.9134    0.765951
          15      53.735     53.9015     0.71498
          16     59.2529      54.236    0.744425
          17     59.0346     54.5183     0.75225
          18     61.0533     54.8813    0.793246
          19     55.6831     54.9235    0.752618
          20       65.86     55.4703     0.89178
           1     55.4955     55.4955           0
           2     53.1665      54.331    0.823393
           3     47.1749     51.9456     2.02352
           4     52.7304     52.1418     1.52712
           5     51.2606     51.9656     1.23183
           6     53.9056     52.2889     1.06811
           7     52.3931     52.3038    0.915631
           8     54.7953     52.6152      0.8525
           9     53.9086     52.7589    0.769794
          10     56.0929     53.0923    0.761598
          11     60.2502     53.7431    0.929677
          12     56.2069     53.9484    0.874582
          13     52.0256     53.8005    0.819718
          14     55.6869     53.9352    0.772161
          15     53.7713     53.9243    0.720761
          16     59.2932     54.2598    0.749766
          17      59.062     54.5423    0.757008
          18     61.0239     54.9024       0.796
          19     55.7117      54.945    0.755244
          20     65.8031     55.4879     0.89151
           1     33.9196     33.9196           0
           2     33.0348     33.4772    0.312804
           3     35.6529     34.2024    0.627794
           4       28.89     32.8743     1.24283
           5     32.9153     32.8825    0.994288
           6     30.6002     32.5021    0.898392
           7     33.3561     32.6241    0.778289
           8     31.5282     32.4871    0.692953
           9     34.0748     32.6635    0.638017
          10      33.921     32.7893    0.586476
          11     30.9839     32.6252    0.555652
          12      33.429     32.6921    0.513369
          13     31.6834     32.6145    0.479708
          14     31.1682     32.5112    0.456432
          15     30.9766     32.4089    0.437319
          16     33.4287     32.4727    0.414605
          17     33.1623     32.5132    0.392196
          18      35.924     32.7027    0.413657
          19     29.1449     32.5155    0.432194
          20     35.7586     32.6776    0.439954
           1     33.7361     33.7361           0
           2      33.069     33.4026    0.235875
           3     35.6867     34.1639    0.641231
           4     28.8998     32.8479     1.23704
           5     32.9038     32.8591    0.989682
           6     30.5487      32.474    0.896519
           7     33.4161     32.6086     0.77848
           8     31.5135     32.4717      0.6931
           9     34.0528     32.6474    0.637965
          10     33.8571     32.7684    0.585526
          11     30.9789     32.6057    0.554435
          12     33.4033     32.6722    0.512201
          13     31.6177      32.591    0.479181
          14        31.2     32.4917    0.455139
          15     30.9356      32.388    0.436458
          16     33.4539     32.4546    0.414234
          17     33.1298     32.4943    0.391767
          18     35.8811     32.6825     0.41272
          19     29.1752     32.4979    0.430302
          20     35.7414       32.66    0.438285
           1     18.8943     18.8943           0
           2     18.3795     18.6369    0.182034
           3     18.3329     18.5356    0.146872
           4     17.2307     18.2094    0.303239
           5     18.5248     18.2724    0.249069
           6     18.8211     18.3639    0.223714
           7     18.4542     18.3768    0.192126
           8     19.1607     18.4748    0.191477
           9     19.6287      18.603    0.208762
          10     19.2967     18.6724    0.199078
          11     20.0191     18.7948     0.21536
          12     20.8037     18.9622    0.254286
          13     19.0602     18.9697    0.234837
          14     17.8632     18.8907    0.230981
          15     14.6911     18.6107    0.345883
          16     18.2809     18.5901    0.324879
          17     19.1579     18.6235    0.307481
          18     19.1043     18.6502    0.291556
          19     17.5841     18.5941    0.281559
          20     18.5016     18.5895    0.267519
           1     18.8849     18.8849           0
           2     18.3654     18.6252    0.183667
           3     18.3569     18.5357    0.142564
           4     17.2128      18.205    0.305731
           5     18.5167     18.2673    0.250861
           6     18.7815      18.353    0.223208
           7     18.5124     18.3758    0.192478
           8     19.1347     18.4707    0.190364
           9     19.6304     18.5995    0.208308
          10     19.2811     18.6677    0.198314
          11     20.0094     18.7897    0.214541
          12     20.8279     18.9595     0.25519
          13     19.0682     18.9679    0.235697
          14     17.9049     18.8919    0.230766
          15     14.6896     18.6118    0.345895
          16     18.2578     18.5897    0.324983
          17     19.1584     18.6231    0.307583
          18     19.0848     18.6488    0.291563
          19      17.577     18.5924    0.281622
          20     18.5392     18.5897    0.267553
           1     12.5132     12.5132           0
           2     11.1933     11.8532    0.466631
           3     11.1099     11.6055    0.371086
           4     12.8322     11.9122    0.384713
           5     12.0499     11.9397    0.308755
           6     12.2096     11.9847    0.260553
           7     11.4228     11.9044     0.23537
           8     12.5322     11.9829    0.218637
           9     11.8488      11.968    0.194851
          10     12.4015     12.0114    0.180124
          11     10.6184     11.8847    0.203451
          12     13.4338     12.0138    0.223736
          13     11.7934     11.9969    0.207167
          14     12.4549     12.0296    0.194936
          15     10.8463     11.9507    0.197256
          16     12.0972     11.9598     0.18514
          17     12.5818     11.9964    0.177827
          18     11.8053     11.9858    0.168265
          19     11.6916     11.9703     0.16012
          20     12.8158     12.0126    0.157595
           1     12.5392     12.5392           0
           2     11.1835     11.8614    0.479302
           3     11.1315     11.6181    0.376253
           4      12.789     11.9108    0.379348
           5     12.0467      11.938    0.304451
           6     12.2062     11.9827    0.256969
           7      11.425      11.903    0.232282
           8     12.5321     11.9817    0.216149
           9     11.8636     11.9685     0.19253
          10     12.4498     12.0167    0.179191
          11     10.6315     11.8907    0.202365
          12     13.4152     12.0178    0.221823
          13     11.7912     12.0004    0.205443
          14     12.4036     12.0292    0.192778
          15     10.8306     11.9493    0.195786
          16     12.0484     11.9555    0.183648
          17     12.5578     11.9909     0.17623
          18     11.8136      11.981    0.166715
          19     11.7076     11.9666     0.15856
          20     12.8548     12.0111    0.156728
           1     8.14222     8.14222           0
           2     8.28614     8.21418   0.0508806
           3     7.78991     8.07276     0.12035
           4      8.2696     8.12197   0.0998179
           5     7.29312      7.9562    0.168405
           6     8.50047     8.04691    0.162948
           7     9.14937      8.2044    0.201912
           8      8.8632     8.28675    0.192736
           9     8.27005      8.2849     0.17133
          10     8.43026     8.29943    0.154812
          11     7.68869     8.24391    0.150365
          12     8.63192     8.27625    0.141269
          13     7.86701     8.24477    0.133863
          14     8.20202     8.24171    0.124336
          15     7.99603     8.22533    0.117121
          16     7.90987     8.20562    0.111448
          17     8.29464     8.21085    0.105015
          18     8.63909     8.23464     0.10184
          19     7.20305     8.18035    0.110006
          20     8.21811     8.18224    0.104521
           1     8.18006     8.18006           0
           2     8.25354      8.2168   0.0259819
           3     7.80165     8.07842     0.11431
           4      8.2663     8.12539   0.0948931
           5     7.28491     7.95729    0.168427
           6     8.48549     8.04532    0.161734
           7     9.13993      8.2017    0.200442
           8     8.82686     8.27984    0.190011
           9     8.24489     8.27596    0.168938
          10     8.42426     8.29079    0.152694
          11     7.72487     8.23934    0.147225
          12     8.64012     8.27274    0.138692
          13      7.8597     8.24097    0.131613
          14     8.22803     8.24004    0.122215
          15     7.98746      8.2232    0.115222
          16     7.91461     8.20392    0.109623
          17     8.34382     8.21215    0.103483
          18     8.57555     8.23234   0.0996836
          19     7.22592     8.17937    0.107594
          20     8.25759     8.18328    0.102285
           1     5.90228     5.90228           0
           2     5.70994     5.80611   0.0680005
           3     6.38965     6.00062    0.165163
           4     6.56708     6.14224    0.174314
           5      6.2354     6.16087    0.140444
           6     6.07946      6.1473     0.11769
           7     6.08127     6.13787    0.101254
           8     6.13593     6.13763    0.088598
           9     5.84225     6.10481   0.0846143
          10     5.90536     6.08486   0.0784683
          11     5.56002     6.03715   0.0846062
          12     6.01191     6.03505   0.0775818
          13      6.8443      6.0973   0.0933036
          14     6.27252     6.10981   0.0874744
          15     5.57984     6.07448   0.0884909
          16     6.30723     6.08903   0.0841474
          17     5.80337     6.07223   0.0808578
          18     6.40391     6.09065   0.0784372
          19     5.98718     6.08521   0.0744978
          20     6.02656     6.08227   0.0708306
           1     5.97631     5.97631           0
           2     5.71985     5.84808   0.0906742
           3     6.41271     6.03629    0.165134
           4     6.57203     6.17022    0.169685
           5     6.24271     6.18472    0.136366
           6     6.08572     6.16822    0.114632
           7      6.0702     6.15422   0.0991074
           8     6.14889     6.15355   0.0867212
           9     5.82209     6.11672   0.0845451
          10     5.86757     6.09181   0.0796773
          11     5.59226      6.0464   0.0843893
          12     5.99361       6.042   0.0774714
          13     6.80109     6.10039   0.0908917
          14     6.24409     6.11065   0.0849771
          15     5.59395     6.07621   0.0860108
          16     6.32578      6.0918   0.0820374
          17     5.79969     6.07462   0.0789907
          18     6.37567     6.09135   0.0763523
          19     6.01153     6.08715   0.0724493
          20     6.04604     6.08509   0.0688559
           1     4.47684     4.47684           0
           2     4.83279     4.65481    0.125846
           3     4.73945     4.68303   0.0870025
           4     4.74234     4.69785   0.0665035
           5     4.44036     4.64636   0.0703723
           6     4.49349     4.62088    0.063087
           7     4.92469     4.66428   0.0673693
           8       4.665     4.66437   0.0589482
           9     4.55226     4.65191   0.0536984
          10     4.38471     4.62519   0.0545733
          11     4.81836     4.64275   0.0523613
          12     4.59533      4.6388   0.0481467
          13     4.89178     4.65826   0.0482156
          14     4.66496     4.65874    0.044774
          15     4.16014      4.6255   0.0527026
          16     4.89219     4.64217   0.0519778
          17     4.59987     4.63968   0.0489798
          18     4.49925     4.63188   0.0468759
          19     4.38966     4.61913   0.0461097
          20     4.52431     4.61439   0.0440473
           1     4.45006     4.45006           0
           2     4.81256     4.63131    0.128163
           3     4.74467      4.6691   0.0908421
           4     4.73133     4.68465   0.0694509
           5     4.42875     4.63347   0.0719899
           6     4.46166     4.60484   0.0654395
           7     4.91659     4.64938   0.0696156
           8     4.64563     4.64891   0.0609152
           9     4.54284     4.63712   0.0552751
          10     4.38902     4.61231   0.0550347
          11     4.81355     4.63061   0.0529851
          12     4.54847     4.62376   0.0490098
          13     4.88412     4.64379   0.0491618
          14     4.65096      4.6443    0.045653
          15     4.17343     4.61291   0.0523001
          16     4.90185     4.63097   0.0520559
          17     4.59697     4.62897   0.0490322
          18     4.50827     4.62226   0.0467644
          19     4.37337     4.60916   0.0461014
          20     4.57049     4.60723   0.0438369
           1     3.64635     3.64635           0
           2     4.02858     3.83746    0.135138
           3     3.69774     3.79089   0.0977896
           4      3.8014     3.79352   0.0733774
           5     3.49983     3.73478   0.0787774
           6      3.8059     3.74663   0.0665336
           7     3.86168     3.76307   0.0590238
           8     3.69853       3.755   0.0521943
           9     3.79215     3.75913   0.0465579
          10     3.55702     3.73892   0.0460807
          11     3.75044     3.73996   0.0419034
          12     3.80919     3.74573   0.0388066
          13     3.77214     3.74776   0.0358746
          14     3.80908     3.75214   0.0335784
          15     3.44684     3.73179   0.0369977
          16      3.9094     3.74289   0.0363124
          17     3.73322     3.74232   0.0341808
          18     3.67806     3.73875   0.0324678
          19     3.81021     3.74251    0.030976
          20     3.90585     3.75068   0.0304848
           1     3.64124     3.64124           0
           2     4.02485     3.83304    0.135627
           3     3.70955     3.79188   0.0964631
           4     3.82286     3.79962   0.0726576
           5     3.50763     3.74123   0.0781471
           6     3.80832     3.75241   0.0659178
           7     3.86309     3.76822   0.0583665
           8     3.68788     3.75818   0.0519275
           9      3.8098     3.76391   0.0464736
          10     3.56626     3.74415   0.0458371
          11     3.76723     3.74625   0.0417181
          12     3.82401     3.75273   0.0387416
          13     3.75943     3.75324   0.0357649
          14     3.80554     3.75698   0.0334048
          15     3.47119     3.73793   0.0362056
          16     3.93158     3.75003   0.0359089
          17     3.72816     3.74874   0.0338196
          18     3.69671     3.74585    0.032064
          19     3.82242     3.74988   0.0306286
          20      3.9289     3.75883    0.030377
           1     2.96217     2.96217           0
           2     3.07195     3.01706   0.0388121
           3     3.11302     3.04905   0.0367635
           4     2.94649     3.02341   0.0354021
           5     3.11911     3.04255   0.0330939
           6     3.29426      3.0845   0.0471931
           7     3.20553     3.10179   0.0435035
           8     3.17715     3.11121   0.0390721
           9     3.15201     3.11574   0.0349927
          10      2.9093      3.0951   0.0370866
          11     3.06433      3.0923   0.0338204
          12     2.98466     3.08333   0.0321696
          13      3.1233      3.0864   0.0298416
          14     2.98856     3.07942   0.0285167
          15     2.92865     3.06936   0.0283316
          16     3.20803     3.07803   0.0278548
          17     2.96541     3.07141   0.0269926
          18     3.14637     3.07557   0.0258123
          19     3.11691     3.07775   0.0245453
          20     3.24384     3.08605    0.024683
           1     2.96887     2.96887           0
           2     3.07935     3.02411   0.0390606
           3     3.10099     3.04974   0.0334054
           4     2.94691     3.02403   0.0335161
           5     3.10617     3.04046   0.0305748
           6     3.29134     3.08227   0.0458929
           7     3.20799     3.10023   0.0427066
           8     3.12745     3.10363   0.0375036
           9     3.14309     3.10802   0.0335919
          10     2.93457     3.09067   0.0344204
          11     3.04803      3.0868   0.0315088
          12     3.00125     3.07967   0.0296786
          13     3.09602     3.08092   0.0274223
          14     3.00154     3.07525   0.0260431
          15     2.94073     3.06629   0.0258049
          16     3.23109     3.07659   0.0261671
          17     2.94038     3.06857   0.0258253
          18     3.12449     3.07168   0.0245767
          19     3.14837     3.07572   0.0236123
          20     3.22947      3.0834   0.0236501
           1      2.5337      2.5337           0
           2     2.72115     2.62742   0.0662719
           3     2.63471     2.62985   0.0442258
           4     2.50429     2.59846   0.0428868
           5     2.66667      2.6121   0.0364142
           6     2.76349     2.63734   0.0380967
           7     2.70422     2.64689   0.0338313
           8     2.59984     2.64101   0.0301093
           9     2.57268     2.63342   0.0277045
          10     2.60013     2.63009   0.0251332
          11     2.66721     2.63346   0.0230739
          12     2.72954     2.64147   0.0224973
          13     2.59347     2.63778   0.0210676
          14     2.57099     2.63301   0.0200956
          15      2.6853     2.63649   0.0190559
          16     2.64406     2.63697   0.0178708
          17     2.58058     2.63365   0.0171246
          18     2.66445     2.63536   0.0162585
          19     2.64597     2.63592   0.0154124
          20     2.57429     2.63284   0.0149467
           1     2.54821     2.54821           0
           2     2.71817     2.63319   0.0600909
           3      2.6236     2.62999   0.0401455
           4     2.49603      2.5965    0.041807
           5     2.64834     2.60687   0.0347071
           6     2.75867     2.63217   0.0370129
           7     2.71098     2.64343   0.0333936
           8     2.58633     2.63629   0.0299724
           9      2.5727     2.62922   0.0274622
          10     2.60884     2.62719   0.0247915
          11     2.65409     2.62963   0.0226581
          12     2.74225     2.63902   0.0226302
          13     2.58037     2.63451   0.0213343
          14     2.58886     2.63125    0.020058
          15     2.67887     2.63442   0.0189704
          16     2.66916     2.63659   0.0179086
          17     2.58635     2.63364   0.0170973
          18     2.65148     2.63463   0.0161761
          19     2.65782     2.63585   0.0153708
          20     2.59903     2.63401   0.0147121
           1     2.17369     2.17369           0
           2     2.25461     2.21415   0.0286095
           3     2.22428     2.21753   0.0192711
           4     2.09851     2.18777   0.0295452
           5     2.21516     2.19325   0.0241386
           6     2.24655     2.20213   0.0216887
           7     2.29348     2.21518   0.0221717
           8     2.15903     2.20816   0.0204814
           9      2.3007     2.21844   0.0206257
          10     2.22891     2.21949   0.0185896
          11     2.18973     2.21679   0.0170954
          12     2.18441     2.21409   0.0158822
          13     2.23311     2.21555   0.0147277
          14     2.29692     2.22136   0.0147783
          15     2.20425     2.22022    0.013837
          16     2.18653     2.21812   0.0131315
          17     2.27809     2.22164   0.0128243
          18     2.12244     2.21613   0.0132432
          19     2.16413      2.2134   0.0128259
          20      2.2288     2.21417   0.0122077
           1     2.18047     2.18047           0
           2      2.2489     2.21469   0.0241937
           3     2.20632      2.2119   0.0162892
           4      2.1153     2.18775   0.0242203
           5      2.2385      2.1979   0.0213979
           6     2.28133      2.2118   0.0218884
           7     2.31467      2.2265   0.0231757
           8     2.11597     2.21268   0.0240472
           9     2.30038     2.22243   0.0232659
          10     2.25551     2.22573   0.0211732
          11     2.20369     2.22373    0.019343
          12     2.18051     2.22013   0.0180634
          13     2.21143     2.21946   0.0166863
          14     2.32323     2.22687   0.0170614
          15     2.21825      2.2263   0.0159337
          16     2.19383     2.22427   0.0150665
          17     2.29124     2.22821   0.0146863
          18     2.12374      2.2224   0.0149733
          19     2.16994     2.21964   0.0144375
          20     2.23002     2.22016   0.0137249
           1     1.94042     1.94042           0
           2     2.03674     1.98858   0.0340526
           3     1.86153     1.94623   0.0413652
           4     1.92711     1.94145   0.0312989
           5     1.96523     1.94621   0.0253978
           6     2.07306     1.96735   0.0286438
           7     1.89325     1.95676   0.0264357
           8     2.06565     1.97037   0.0264035
           9     2.00479      1.9742    0.023745
          10     1.91078     1.96786   0.0222013
          11     1.90568      1.9622   0.0208902
          12     1.87572       1.955   0.0203545
          13     1.91575     1.95198   0.0190114
          14     1.96552     1.95294    0.017678
          15     1.95487     1.95307   0.0164999
          16     1.86754     1.94773   0.0163117
          17     1.91357     1.94572   0.0154754
          18     1.96738     1.94692   0.0146624
          19     1.94703     1.94693   0.0138907
          20     2.02106     1.95063   0.0136818
           1     1.93014     1.93014           0
           2     2.04041     1.98527   0.0389874
           3     1.88466     1.95174   0.0377539
           4     1.91252     1.94193   0.0295609
           5     1.97512     1.94857   0.0243827
           6     2.09199     1.97247   0.0298155
           7     1.87689     1.95882    0.028512
           8     2.03485     1.96832   0.0264847
           9     2.00953      1.9729   0.0239346
          10      1.9126     1.96687   0.0222877
          11     1.92098      1.9627   0.0206483
          12     1.90733     1.95809   0.0194364
          13     1.91634     1.95487   0.0182046
          14     1.93898     1.95374   0.0169397
          15     1.94512     1.95316   0.0158201
          16     1.86536     1.94768   0.0157543
          17       1.928     1.94652   0.0148701
          18     1.97102     1.94788   0.0141061
          19     1.95949     1.94849   0.0133769
          20     1.99955     1.95104   0.0129493
           1     1.70853     1.70853           0
           2     1.78323     1.74588   0.0264097
           3     1.67539     1.72238   0.0260387
           4      1.6907     1.71446   0.0206988
           5     1.65004     1.70158   0.0201748
           6     1.75485     1.71046   0.0186644
           7     1.70709     1.70998   0.0160042
           8     1.74152     1.71392   0.0144813
           9     1.68144     1.71031   0.0133145
          10     1.70751     1.71003   0.0119859
          11     1.81004     1.71912    0.013924
          12     1.66874     1.71492   0.0133817
          13      1.7543     1.71795   0.0126905
          14     1.74427     1.71983   0.0119225
          15     1.68537     1.71753   0.0113468
          16     1.71527     1.71739   0.0106386
          17     1.74209     1.71885   0.0101115
          18     1.63769     1.71434   0.0105068
          19      1.7253     1.71491  0.00996967
          20     1.64044     1.71119   0.0101427
           1     1.71395     1.71395           0
           2     1.78131     1.74763   0.0238154
           3      1.6728     1.72269   0.0258228
           4     1.67249     1.71014   0.0222079
           5     1.67737     1.70359   0.0187085
           6     1.76347     1.71357   0.0180576
           7     1.73527     1.71667   0.0157419
           8     1.72855     1.71815    0.013844
           9     1.69248      1.7153   0.0125963
          10     1.72412     1.71618   0.0113676
          11     1.81323       1.725   0.0133248
          12     1.66956     1.72038   0.0129908
          13     1.76006     1.72344   0.0123449
          14     1.73825     1.72449   0.0115084
          15     1.69013      1.7222   0.0109668
          16     1.71403     1.72169   0.0102932
          17     1.74432     1.72302  0.00977338
          18     1.62977     1.71784   0.0105143
          19      1.7163     1.71776  0.00996122
          20     1.65428     1.71459  0.00995596
           1     1.53898     1.53898           0
           2     1.52921     1.53409  0.00345366
           3     1.52011     1.52943  0.00444801
           4     1.50488     1.52329  0.00627492
           5     1.48016     1.51467  0.00920539
           6     1.54911     1.52041   0.0092899
           7     1.58553     1.52971   0.0117298
           8     1.48636     1.52429   0.0114471
           9     1.54327      1.5264   0.0103676
          10     1.54248     1.52801  0.00945461
          11     1.59369     1.53398   0.0103098
          12       1.517     1.53256  0.00954725
          13      1.5627     1.53488   0.0090899
          14     1.55813     1.53654  0.00859092
          15     1.52227     1.53559  0.00807071
          16      1.5688     1.53767   0.0078287
          17     1.52287      1.5368  0.00741641
          18      1.5615     1.53817  0.00713027
          19     1.49273     1.53578  0.00714484
          20     1.51212     1.53459   0.0068848
           1     1.53791     1.53791           0
           2     1.53502     1.53647  0.00101972
           3      1.5262     1.53304  0.00287593
           4     1.48491     1.52101   0.0106412
           5     1.49987     1.51678  0.00931546
           6      1.5709      1.5258   0.0113164
           7      1.5821     1.53384   0.0122283
           8     1.48118     1.52726   0.0123453
           9     1.55803     1.53068   0.0114372
          10     1.55878     1.53349   0.0106331
          11     1.61948     1.54131   0.0122062
          12      1.5078     1.53851    0.011504
          13     1.57198     1.54109   0.0109034
          14     1.55835     1.54232    0.010194
          15     1.50601      1.5399  0.00979757
          16     1.58364     1.54263  0.00955895
          17     1.51995      1.5413  0.00908932
          18     1.55264     1.54193  0.00860618
          19     1.48794     1.53909  0.00860963
          20     1.51533      1.5379  0.00826069
           1     1.36557     1.36557           0
           2     1.34414     1.35486  0.00757736
           3     1.36456     1.35809  0.00570033
           4     1.36726     1.36038  0.00471405
           5     1.38292     1.36489  0.00552086
           6     1.36436      1.3648  0.00460142
           7     1.35704      1.3637  0.00407542
           8     1.38876     1.36683  0.00461608
           9     1.37858     1.36814  0.00428398
          10     1.39184     1.37051   0.0044635
          11     1.38569     1.37189  0.00426589
          12     1.38468     1.37295  0.00404152
          13     1.37924     1.37344  0.00375942
          14     1.40962     1.37602  0.00428842
          15     1.34723      1.3741  0.00441115
          16     1.36437     1.37349  0.00417715
          17     1.40907     1.37559  0.00442477
          18     1.42355     1.37825  0.00491631
          19     1.34268     1.37638  0.00500133
          20      1.3536     1.37524  0.00487927
           1     1.35243     1.35243           0
           2     1.35452     1.35347 0.000739634
           3     1.36219     1.35638  0.00242237
           4     1.36246      1.3579  0.00224371
           5     1.38302     1.36292  0.00483967
           6     1.36115     1.36263  0.00404206
           7     1.35467     1.36149  0.00362092
           8      1.3711     1.36269  0.00336174
           9     1.39039     1.36577  0.00416518
          10     1.39448     1.36864   0.0046336
          11     1.38849     1.37045   0.0045502
          12     1.37105      1.3705   0.0041713
          13     1.41317     1.37378  0.00497724
          14     1.40742     1.37618  0.00516919
          15     1.38002     1.37644  0.00483089
          16     1.36234     1.37556  0.00460866
          17     1.41833     1.37807  0.00497728
          18     1.43266     1.38111  0.00554813
          19     1.35865     1.37992  0.00538051
          20     1.35393     1.37862  0.00526609
