           1    0.929276    0.929276           0
           2    0.931744     0.93051  0.00087257
           3     0.89766     0.91956  0.00895954
           4    0.874208    0.908222   0.0118982
           5    0.928376    0.912253   0.0101784
           6    0.885164    0.907738  0.00943032
           7     0.95762    0.914864   0.0104337
           8    0.913428    0.914684  0.00913105
           9    0.968112    0.920621  0.00985913
          10    0.871128    0.915672   0.0100389
          11    0.943712    0.918221  0.00944439
          12    0.907972    0.917367  0.00869589
          13    0.912636    0.917003  0.00803459
          14    0.873456    0.913892  0.00804027
          15    0.885688    0.912012  0.00772098
          16    0.961204    0.915086  0.00782665
          17    0.804496    0.908581  0.00970008
          18    0.927276     0.90962  0.00921663
          19    0.885388    0.908344  0.00881934
          20     0.82746      0.9043  0.00925932
           1      0.9439      0.9439           0
           2    0.931744    0.937822   0.0042978
           3     0.89766    0.924435      0.0113
           4    0.874208    0.911878   0.0137869
           5    0.928376    0.915178   0.0114175
           6    0.885164    0.910175   0.0105537
           7     0.95762    0.916953   0.0110094
           8    0.913428    0.916513  0.00964201
           9    0.968112    0.922246   0.0101329
          10    0.871128    0.917134   0.0103288
          11    0.943728    0.919552  0.00966861
          12    0.907956    0.918585  0.00891105
          13     0.91266     0.91813  0.00823723
          14    0.873432    0.914937   0.0082444
          15    0.885688    0.912987  0.00792201
          16    0.961204    0.916001  0.00797951
          17    0.804496    0.909441  0.00984342
          18    0.927276    0.910432   0.0093463
          19    0.885388    0.909114  0.00894685
          20     0.82746    0.905031  0.00938492
           1    0.726924    0.726924           0
           2    0.534052    0.630488   0.0681905
           3    0.611996    0.624324   0.0457381
           4    0.626432    0.624851   0.0343066
           5    0.758196     0.65152   0.0363625
           6    0.552544    0.635024   0.0338376
           7     0.72952    0.648523   0.0315818
           8    0.621728    0.645174   0.0278112
           9    0.737184    0.655397   0.0265336
          10    0.760612    0.665919   0.0258824
          11    0.694644     0.66853   0.0236608
          12    0.680748    0.669548    0.021711
          13     0.49826    0.656372   0.0237042
          14    0.739856    0.662335   0.0227488
          15    0.651648    0.661623   0.0212433
          16    0.679684    0.662752   0.0199456
          17    0.597936    0.658939   0.0191333
          18    0.752056    0.664112   0.0187566
          19    0.657116    0.663744    0.017773
          20     0.68408    0.664761   0.0169134
           1    0.740732    0.740732           0
           2    0.534052    0.637392   0.0730724
           3    0.611996    0.628927   0.0492028
           4    0.626432    0.628303   0.0369061
           5    0.758196    0.654282   0.0375716
           6    0.552544    0.637325    0.034927
           7    0.729556    0.650501   0.0323272
           8    0.621724    0.646904   0.0284858
           9    0.737152    0.656932   0.0270281
          10    0.760612      0.6673   0.0262386
          11     0.69466    0.669787   0.0239709
          12    0.680732    0.670699   0.0219907
          13    0.498284    0.657436   0.0239671
          14    0.739832    0.663322   0.0229664
          15    0.651648    0.662543   0.0214485
          16    0.679684    0.663615   0.0201347
          17    0.598028    0.659757   0.0193164
          18    0.751964    0.664879   0.0189103
          19    0.657116    0.664471   0.0179194
          20    0.684112    0.665453   0.0170504
           1    0.414776    0.414776           0
           2    0.417288    0.416032 0.000888126
           3    0.354728    0.395597   0.0166953
           4    0.439612    0.406601   0.0157353
           5    0.431028    0.411486    0.013325
           6    0.485152    0.423764   0.0157772
           7    0.452912    0.427928   0.0140621
           8     0.49346    0.436119   0.0144951
           9    0.463372    0.439148   0.0131971
          10    0.532352    0.448468   0.0148073
          11    0.471644    0.450575   0.0136102
          12    0.430024    0.448862   0.0125833
          13    0.400468     0.44514   0.0121536
          14     0.49574    0.448754   0.0118106
          15    0.377516    0.444005     0.01194
          16    0.482312    0.446399   0.0114313
          17    0.304672    0.438062   0.0134599
          18    0.467912     0.43972   0.0128138
          19    0.485268    0.442118   0.0123616
          20    0.399764        0.44   0.0119236
           1    0.425292    0.425292           0
           2    0.417352    0.421322  0.00280721
           3    0.354664    0.399103   0.0182383
           4    0.439612     0.40923    0.016249
           5    0.431088    0.413602   0.0135745
           6    0.485092    0.425517    0.015693
           7    0.452956    0.429437   0.0139321
           8    0.493416    0.437434    0.014303
           9    0.463424    0.440322    0.013002
          10    0.532388    0.449528    0.014602
          11    0.471572    0.451532   0.0134113
          12    0.430008    0.449739   0.0124131
          13    0.400516    0.445952   0.0120219
          14    0.495692    0.449505   0.0116763
          15    0.377516    0.444706   0.0118432
          16     0.48234    0.447058   0.0113342
          17    0.304728    0.438686   0.0134078
          18    0.467844    0.440306   0.0127604
          19    0.485252    0.442671   0.0123061
          20    0.399796    0.440527    0.011876
           1      0.3096      0.3096           0
           2    0.292368    0.300984  0.00609243
           3    0.292364    0.298111   0.0046905
           4     0.32162    0.303988   0.0061873
           5    0.273404    0.297871  0.00737788
           6    0.330988    0.303391  0.00794908
           7    0.307004    0.303907  0.00683024
           8    0.332216    0.307445   0.0068319
           9    0.268072    0.303071  0.00734108
          10    0.371508    0.309914   0.0092631
          11      0.2668    0.305995  0.00921299
          12    0.298844    0.305399  0.00846449
          13    0.315584    0.306182  0.00784955
          14     0.32038    0.307197  0.00735408
          15    0.249276    0.303335  0.00781205
          16    0.307844    0.303617  0.00732887
          17    0.254476    0.300726  0.00744604
          18    0.271984     0.29913  0.00720155
          19      0.2763    0.297928  0.00692203
          20     0.23462    0.294763  0.00726372
           1     0.31398     0.31398           0
           2    0.292432    0.303206  0.00761837
           3      0.2923    0.299571  0.00588267
           4     0.32162    0.305083  0.00650039
           5    0.273456    0.298758  0.00768452
           6     0.33098    0.304128   0.0080649
           7    0.307012     0.30454  0.00692328
           8    0.332164    0.307993  0.00686518
           9    0.268172    0.303568  0.00739192
          10     0.37148     0.31036  0.00926103
          11    0.266728    0.306393  0.00922954
          12    0.298896    0.305768  0.00848153
          13     0.31558    0.306523  0.00786262
          14    0.320332    0.307509  0.00736261
          15    0.249276    0.303627  0.00782867
          16    0.307872    0.303892  0.00734387
          17    0.254492    0.300987   0.0074647
          18     0.27204    0.299378  0.00722114
          19     0.27622     0.29816  0.00694318
          20     0.23464    0.294984  0.00728629
           1    0.225532    0.225532           0
           2    0.206508     0.21602    0.006726
           3    0.209172    0.213737  0.00485592
           4    0.181932    0.205786  0.00778983
           5    0.190468    0.202722  0.00680769
           6     0.21194    0.204259  0.00584385
           7    0.210248    0.205114  0.00507126
           8    0.229176    0.208122  0.00525411
           9    0.233684    0.210962  0.00538353
          10    0.233028    0.213169  0.00527805
          11     0.19632    0.211637  0.00501556
          12    0.218452    0.212205  0.00462964
          13    0.192308    0.210674  0.00451943
          14     0.22294    0.211551  0.00428069
          15    0.146972    0.207245  0.00576732
          16    0.233436    0.208882  0.00563437
          17    0.168016    0.206478  0.00579309
          18    0.189596     0.20554  0.00554666
          19    0.173576    0.203858  0.00550395
          20    0.171216    0.202226  0.00546539
           1     0.22718     0.22718           0
           2    0.206556    0.216868  0.00729169
           3    0.209148    0.214295  0.00529577
           4    0.181896    0.206195  0.00806095
           5     0.19052     0.20306    0.007032
           6    0.211976    0.204546  0.00601496
           7    0.210212    0.205355  0.00520986
           8    0.229124    0.208326    0.005339
           9    0.233684    0.211144  0.00543863
          10    0.233068    0.213336  0.00531834
          11    0.196312    0.211789  0.00505503
          12    0.218472    0.212346  0.00466436
          13    0.192284    0.210802   0.0045537
          14    0.222912    0.211667   0.0043098
          15    0.146984    0.207355  0.00579102
          16    0.233464    0.208987  0.00565432
          17     0.16802    0.206577  0.00581259
          18    0.189576    0.205633  0.00556588
          19    0.173572    0.203945  0.00552281
          20    0.171268    0.202311  0.00548302
           1    0.161028    0.161028           0
           2    0.178268    0.169648  0.00609526
           3    0.167708    0.169001  0.00409767
           4     0.14522    0.163056  0.00599626
           5    0.128056    0.156056  0.00788741
           6    0.169124    0.158234  0.00686697
           7    0.154708     0.15773  0.00590442
           8    0.174148    0.159783  0.00551149
           9    0.152176    0.158937  0.00496348
          10     0.16098    0.159142  0.00447133
          11    0.134708     0.15692  0.00458349
          12    0.170712     0.15807  0.00434323
          13    0.157328    0.158013  0.00400951
          14     0.16368    0.158417   0.0037435
          15    0.104496    0.154823   0.0049263
          16    0.145904    0.154265  0.00464983
          17     0.11932     0.15221  0.00480927
          18    0.126672    0.150791  0.00474675
          19    0.113144    0.148809  0.00489302
          20    0.098644    0.146301  0.00525207
           1    0.161444    0.161444           0
           2    0.178316     0.16988  0.00596515
           3    0.167684    0.169148  0.00402143
           4      0.1452    0.163161  0.00599832
           5    0.128092    0.156147  0.00789821
           6     0.16912    0.158309  0.00687142
           7    0.154724    0.157797  0.00590884
           8    0.174092    0.159834  0.00551013
           9    0.152208    0.158987  0.00496262
          10    0.160992    0.159187  0.00447041
          11    0.134688     0.15696  0.00458537
          12    0.170776    0.158111   0.0043454
          13    0.157268    0.158046  0.00401162
          14     0.16366    0.158447  0.00374506
          15    0.104492     0.15485  0.00492887
          16     0.14594    0.154294  0.00465217
          17    0.119364    0.152239   0.0048109
          18    0.126636    0.150816  0.00474924
          19    0.113124    0.148833  0.00489611
          20     0.09864    0.146323  0.00525528
           1    0.127836    0.127836           0
           2     0.11304    0.120438  0.00523118
           3    0.119804    0.120227  0.00349172
           4     0.10248     0.11579  0.00464984
           5     0.09656    0.111944  0.00506664
           6    0.102996    0.110453  0.00443626
           7    0.113724     0.11092  0.00382704
           8     0.13682    0.114157  0.00451495
           9    0.113916    0.114131  0.00401337
          10     0.13854    0.116572  0.00429058
          11    0.096672    0.114763  0.00426489
          12    0.115812     0.11485  0.00391038
          13    0.125576    0.115675   0.0036956
          14    0.111532    0.115379  0.00344346
          15    0.103088     0.11456  0.00330995
          16    0.123296    0.115106  0.00314779
          17    0.092276    0.113763  0.00323644
          18    0.097896    0.112881  0.00317441
          19    0.097436    0.112068  0.00310968
          20    0.087428    0.110836  0.00318893
           1    0.128184    0.128184           0
           2    0.113064    0.120624  0.00534573
           3     0.11976    0.120336  0.00357157
           4    0.102484    0.115873  0.00470256
           5    0.096592    0.112017  0.00510385
           6    0.102992    0.110513  0.00446935
           7     0.11374    0.110974  0.00385458
           8    0.136764    0.114197  0.00452429
           9    0.113972    0.114172  0.00402166
          10    0.138516    0.116607  0.00429351
          11    0.096664    0.114794  0.00426884
          12     0.11584    0.114881  0.00391399
          13    0.125576    0.115704  0.00369837
          14    0.111476    0.115402   0.0034465
          15    0.103096    0.114581  0.00331294
          16    0.123332    0.115128   0.0031507
          17     0.09232    0.113787  0.00323845
          18     0.09786    0.112902  0.00317711
          19    0.097416    0.112087  0.00311268
          20    0.087416    0.110853  0.00319213
           1    0.090476    0.090476           0
           2    0.093628    0.092052   0.0011144
           3      0.0977   0.0939347  0.00170731
           4    0.071972    0.088444  0.00492445
           5     0.07682   0.0861192  0.00445465
           6     0.09676   0.0878927  0.00404987
           7    0.081484   0.0869771   0.0035733
           8     0.09076     0.08745  0.00315777
           9    0.086704   0.0873671    0.002808
          10    0.101552   0.0887856  0.00286315
          11    0.086764   0.0886018  0.00260875
          12    0.093852   0.0890393  0.00242777
          13    0.101456   0.0899945  0.00242162
          14    0.078064   0.0891423   0.0023939
          15    0.087096   0.0890059  0.00223819
          16    0.097564   0.0895407  0.00216127
          17     0.06884   0.0883231  0.00235229
          18    0.074076   0.0875316    0.002351
          19     0.06924   0.0865688  0.00241635
          20    0.081144   0.0862976  0.00231071
           1    0.090584    0.090584           0
           2     0.09366    0.092122  0.00108753
           3    0.097656   0.0939667  0.00167158
           4    0.071976    0.088469  0.00492341
           5    0.076852   0.0861456  0.00445333
           6    0.096736   0.0879107   0.0040458
           7    0.081508    0.086996  0.00356973
           8    0.090736   0.0874635  0.00315398
           9    0.086756   0.0873849  0.00280451
          10    0.101508   0.0887972  0.00285763
          11     0.08676    0.088612  0.00260384
          12     0.09388    0.089051  0.00242358
          13    0.101448   0.0900046  0.00241749
          14    0.078012    0.089148  0.00239177
          15     0.08714   0.0890141  0.00223606
          16    0.097572    0.089549  0.00215933
          17     0.06888   0.0883332   0.0023498
          18    0.074068   0.0875407   0.0023491
          19    0.069228   0.0865768  0.00241511
          20    0.081096   0.0863028  0.00230985
           1    0.070352    0.070352           0
           2     0.07548    0.072916  0.00181302
           3    0.087896   0.0779093  0.00425243
           4    0.067512     0.07531  0.00390374
           5    0.063768   0.0730016   0.0037438
           6    0.080216    0.074204  0.00330729
           7    0.078472   0.0748137  0.00289048
           8    0.071268   0.0743705  0.00256292
           9      0.0662   0.0734627  0.00243363
          10    0.077392   0.0738556  0.00222176
          11    0.075524   0.0740073  0.00202496
          12    0.067748   0.0734857  0.00192222
          13    0.073248   0.0734674  0.00177444
          14    0.072368   0.0733889  0.00164943
          15    0.072864   0.0733539  0.00153984
          16    0.070992   0.0732063  0.00145066
          17    0.065728   0.0727664  0.00143047
          18    0.053672   0.0717056   0.0016994
          19    0.059912   0.0710848  0.00171959
          20    0.068068    0.070934  0.00164021
           1    0.070484    0.070484           0
           2    0.075484    0.072984  0.00176777
           3    0.087872   0.0779467   0.0042199
           4    0.067512    0.075338  0.00388853
           5    0.063804   0.0730312  0.00373286
           6    0.080196   0.0742253  0.00329619
           7     0.07852   0.0748389  0.00288184
           8    0.071248     0.07439  0.00255632
           9    0.066216   0.0734818  0.00242827
          10     0.07736   0.0738696   0.0022162
          11    0.075512   0.0740189  0.00201975
          12    0.067772   0.0734983  0.00191735
          13    0.073232   0.0734778  0.00176997
          14    0.072324   0.0733954  0.00164546
          15     0.07292   0.0733637  0.00153607
          16    0.070988   0.0732153  0.00144723
          17    0.065768   0.0727772  0.00142686
          18    0.053624   0.0717131  0.00169862
          19     0.05994   0.0710935  0.00171853
          20     0.06802   0.0709398  0.00163946
           1    0.061836    0.061836           0
           2    0.061432    0.061634 0.000142836
           3    0.068268   0.0638453  0.00180806
           4    0.060208    0.062936  0.00156812
           5      0.0533   0.0610088  0.00213191
           6     0.06564   0.0617807  0.00191122
           7    0.061024   0.0616726  0.00164124
           8    0.066332    0.062255  0.00153596
           9    0.052676   0.0611907  0.00169439
          10    0.066232   0.0616948  0.00159819
          11    0.055604   0.0611411  0.00154585
          12    0.054292   0.0605703  0.00151875
          13     0.05556   0.0601849     0.00145
          14    0.063468   0.0604194  0.00136526
          15     0.06366   0.0606355  0.00129122
          16    0.062704   0.0607647  0.00121697
          17    0.051348   0.0602108  0.00126519
          18    0.049572   0.0596198  0.00132579
          19     0.04924   0.0590735  0.00136393
          20     0.06488   0.0593638  0.00132627
           1     0.06168     0.06168           0
           2     0.06144     0.06156 8.48528e-05
           3     0.06824   0.0637867  0.00181895
           4    0.060224    0.062896  0.00156717
           5    0.053328   0.0609824  0.00212164
           6    0.065612    0.061754  0.00190318
           7    0.061052   0.0616537  0.00163393
           8    0.066304    0.062235   0.0015296
           9     0.05272   0.0611778  0.00168587
          10      0.0662     0.06168  0.00159033
          11    0.055588   0.0611262  0.00153917
          12    0.054312   0.0605583  0.00151203
          13    0.055552   0.0601732  0.00144393
          14    0.063424   0.0604054  0.00135933
          15      0.0637   0.0606251  0.00128633
          16    0.062716   0.0607558  0.00121256
          17    0.051388   0.0602047  0.00126024
          18    0.049524   0.0596113  0.00132256
          19    0.049268   0.0590669  0.00136038
          20    0.064844   0.0593558  0.00132267
           1    0.052964    0.052964           0
           2      0.0522    0.052582 0.000270115
           3    0.059748   0.0549707  0.00195863
           4    0.044044    0.052239  0.00278467
           5    0.041312   0.0500536  0.00296371
           6    0.061856   0.0520207  0.00305355
           7    0.050864   0.0518554   0.0026218
           8      0.0561    0.052386  0.00234714
           9    0.047036   0.0517916  0.00216031
          10    0.062556    0.052868  0.00219615
          11    0.049884   0.0525967  0.00201319
          12    0.049536   0.0523417  0.00186151
          13     0.03698     0.05116   0.0020595
          14    0.052048   0.0512234  0.00191337
          15    0.045992   0.0508747  0.00181732
          16    0.051004   0.0508828  0.00170375
          17    0.046252   0.0506104  0.00162516
          18    0.040656   0.0500573  0.00162625
          19    0.045228   0.0498032  0.00156039
          20    0.049924   0.0498092  0.00148239
           1     0.05284     0.05284           0
           2      0.0522     0.05252 0.000226274
           3     0.05972     0.05492  0.00196539
           4     0.04406    0.052205  0.00277511
           5     0.04134    0.050032  0.00295065
           6     0.06184       0.052  0.00304525
           7     0.05088     0.05184  0.00261442
           8      0.0561   0.0523725  0.00234122
           9    0.047052   0.0517813  0.00215443
          10    0.062524   0.0528556   0.0021905
          11    0.049884   0.0525855  0.00200795
          12     0.04954   0.0523317  0.00185659
          13    0.036992   0.0511517  0.00205482
          14    0.051984   0.0512111   0.0019089
          15    0.046032   0.0508659   0.0018126
          16    0.051016   0.0508752  0.00169934
          17     0.04628   0.0506049  0.00162073
          18     0.04062   0.0500502  0.00162285
          19    0.045264   0.0497983  0.00155686
          20    0.049888   0.0498028  0.00147903
           1    0.044944    0.044944           0
           2    0.043496     0.04422 0.000511945
           3    0.054032   0.0474907  0.00269221
           4    0.033212    0.043921  0.00369241
           5     0.03728   0.0425928  0.00318386
           6    0.061252   0.0457027  0.00388574
           7    0.042544   0.0452514  0.00335673
           8    0.045968    0.045341  0.00293833
           9    0.039756   0.0447204  0.00267658
          10    0.056796    0.045928  0.00266745
          11    0.041276   0.0455051  0.00245825
          12    0.045248   0.0454837  0.00225349
          13    0.034804   0.0446622  0.00222485
          14    0.046228    0.044774  0.00206874
          15    0.042196   0.0446021  0.00193795
          16    0.042476   0.0444693  0.00182138
          17    0.039476   0.0441755  0.00173776
          18    0.037108   0.0437829  0.00168499
          19    0.038308   0.0434947  0.00162076
          20    0.042952   0.0434676  0.00153995
           1    0.044796    0.044796           0
           2    0.043512    0.044154 0.000453963
           3     0.05402   0.0474427  0.00270219
           4    0.033184    0.043878  0.00369289
           5     0.03732   0.0425664  0.00317871
           6    0.061236    0.045678  0.00388396
           7     0.04256   0.0452326  0.00335456
           8    0.045968   0.0453245   0.0029365
           9    0.039772   0.0447076  0.00267424
          10    0.056764   0.0459132  0.00266477
          11     0.04128    0.045492  0.00245558
          12    0.045252    0.045472  0.00225103
          13    0.034812    0.044652  0.00222221
          14    0.046172   0.0447606  0.00206613
          15    0.042228   0.0445917  0.00193528
          16    0.042492   0.0444605  0.00181877
          17      0.0395   0.0441687  0.00173503
          18    0.037056   0.0437736  0.00168304
          19    0.038364   0.0434888  0.00161836
          20    0.042908   0.0434598   0.0015377
           1    0.039468    0.039468           0
           2    0.036168    0.037818  0.00116673
           3    0.045332   0.0403227  0.00218798
           4    0.028344    0.037328  0.00306901
           5    0.031516   0.0361656  0.00266627
           6    0.050488   0.0385527  0.00311211
           7    0.038192   0.0385011  0.00266795
           8    0.037548    0.038382  0.00233711
           9    0.036204     0.03814  0.00208992
          10    0.046296   0.0389556  0.00203386
          11    0.036316   0.0387156  0.00186307
          12    0.039408   0.0387733   0.0017087
          13    0.029704   0.0380757  0.00171378
          14     0.04086   0.0382746  0.00160286
          15    0.039188   0.0383355  0.00149716
          16    0.036204   0.0382023   0.0014095
          17     0.03768   0.0381715  0.00132693
          18    0.035388   0.0380169  0.00126219
          19    0.031148   0.0376554  0.00124645
          20    0.038076   0.0376764  0.00118431
           1      0.0393      0.0393           0
           2     0.03618     0.03774  0.00110309
           3     0.04532   0.0402667  0.00219017
           4    0.028316    0.037279  0.00306477
           5    0.031556   0.0361344  0.00265697
           6    0.050472    0.038524   0.0031082
           7    0.038208   0.0384789   0.0026645
           8    0.037548   0.0383625  0.00233398
           9    0.036224   0.0381249  0.00208671
          10    0.046252   0.0389376  0.00203014
          11    0.036328   0.0387004  0.00185939
          12    0.039412   0.0387597  0.00170539
          13      0.0297   0.0380628  0.00171068
          14    0.040816   0.0382594  0.00159975
          15     0.03922   0.0383235  0.00149438
          16     0.03622    0.038192  0.00140676
          17      0.0377   0.0381631   0.0013243
          18    0.035332   0.0380058  0.00126004
          19    0.031204   0.0376478  0.00124353
          20    0.038048   0.0376678  0.00118152
           1    0.034256    0.034256           0
           2    0.031484     0.03287  0.00098005
           3    0.039416    0.035052  0.00189762
           4    0.028316    0.033368  0.00203775
           5     0.02702   0.0320984  0.00198672
           6    0.046308   0.0344667  0.00272304
           7    0.036948   0.0348211  0.00235699
           8    0.037596    0.035168  0.00208773
           9    0.034288   0.0350702  0.00185805
          10    0.039468     0.03551   0.0017235
          11    0.030808   0.0350825  0.00161896
          12    0.037472   0.0352817  0.00149624
          13     0.02908   0.0348046  0.00145521
          14    0.035128   0.0348277  0.00135145
          15    0.029984   0.0345048  0.00129936
          16    0.031008   0.0342862  0.00123639
          17    0.034576   0.0343033  0.00116378
          18    0.032936   0.0342273   0.0011016
          19    0.026556   0.0338236  0.00111516
          20    0.033032    0.033784  0.00106011
           1    0.034236    0.034236           0
           2    0.031488    0.032862 0.000971565
           3    0.039408    0.035044  0.00189568
           4    0.028288    0.033355  0.00203984
           5     0.02706    0.032096  0.00198269
           6    0.046292    0.034462  0.00271935
           7    0.036964   0.0348194  0.00235425
           8     0.03758   0.0351645   0.0020851
           9    0.034316   0.0350702  0.00185555
          10    0.039432   0.0355064   0.0017205
          11    0.030804   0.0350789  0.00161633
          12    0.037492     0.03528  0.00149409
          13    0.029076   0.0348028  0.00145338
          14    0.035084   0.0348229  0.00134971
          15    0.030016   0.0345024  0.00129721
          16    0.031016   0.0342845   0.0012343
          17    0.034596   0.0343028  0.00116183
          18    0.032888   0.0342242  0.00109994
          19    0.026612   0.0338236  0.00111262
          20     0.03298   0.0337814  0.00105779
           1    0.030336    0.030336           0
           2    0.027568    0.028952 0.000978636
           3    0.035044   0.0309827  0.00178178
           4    0.028248    0.030299  0.00146162
           5     0.02784   0.0298072   0.0012493
           6    0.040752   0.0316313  0.00196386
           7    0.031648   0.0316337  0.00168331
           8      0.0361    0.032192  0.00156274
           9    0.030684   0.0320244  0.00139805
          10     0.03576    0.032398   0.0013072
          11    0.028764   0.0320676   0.0012294
          12    0.031616     0.03203  0.00112753
          13    0.028532   0.0317609  0.00107242
          14    0.030748   0.0316886 0.000998257
          15     0.02576   0.0312933  0.00100691
          16    0.024916   0.0308948  0.00101982
          17      0.0342   0.0310892 0.000978192
          18    0.030124   0.0310356 0.000925317
          19    0.025216   0.0307293 0.000925923
          20    0.028356   0.0306106 0.000887198
           1    0.030412    0.030412           0
           2    0.027568     0.02899  0.00100551
           3    0.035052   0.0310107  0.00178085
           4    0.028208     0.03031  0.00146701
           5     0.02788    0.029824  0.00125152
           6    0.040736   0.0316427  0.00196061
           7    0.031664   0.0316457  0.00168053
           8    0.036084   0.0322005  0.00155935
           9    0.030712   0.0320351  0.00139483
          10    0.035728   0.0324044  0.00130332
          11     0.02876   0.0320731  0.00122622
          12    0.031624   0.0320357  0.00112461
          13    0.028536   0.0317665  0.00106984
          14    0.030704   0.0316906 0.000996107
          15    0.025792   0.0312973  0.00100432
          16    0.024924    0.030899  0.00101749
          17    0.034216   0.0310941 0.000976163
          18     0.03008   0.0310378 0.000923556
          19    0.025272   0.0307343 0.000923459
          20    0.028304   0.0306128 0.000885245
           1    0.027224    0.027224           0
           2    0.024516     0.02587 0.000957423
           3    0.031496   0.0277453  0.00165891
           4    0.025752    0.027247  0.00131691
           5    0.023948   0.0265872  0.00120755
           6    0.034024   0.0278267  0.00151422
           7    0.030488   0.0282069  0.00134478
           8    0.032396   0.0287305  0.00127457
           9    0.028348    0.028688  0.00113366
          10    0.032804   0.0290996  0.00109246
          11    0.026436   0.0288575  0.00101963
          12    0.031244   0.0290563 0.000953856
          13    0.026752   0.0288791 0.000896802
          14    0.027488   0.0287797 0.000838231
          15    0.020112   0.0282019 0.000961102
          16    0.022704   0.0278583 0.000960496
          17    0.030328   0.0280035 0.000914918
          18    0.027756   0.0279898 0.000864192
          19       0.023   0.0277272 0.000857685
          20    0.023452   0.0275134 0.000841016
           1    0.027288    0.027288           0
           2    0.024516    0.025902  0.00098005
           3    0.031508   0.0277707  0.00165977
           4      0.0257    0.027253  0.00132309
           5    0.023996   0.0266016  0.00120823
           6    0.034008    0.027836  0.00151114
           7    0.030504   0.0282171  0.00134247
           8     0.03238   0.0287375  0.00127152
           9    0.028376   0.0286973  0.00113087
          10    0.032768   0.0291044  0.00108859
          11    0.026436   0.0288618  0.00101629
          12    0.031252    0.029061  0.00095092
          13    0.026756   0.0288837  0.00089415
          14    0.027444   0.0287809 0.000836175
          15    0.020144   0.0282051 0.000958386
          16    0.022712   0.0278618 0.000958007
          17    0.030344   0.0280078 0.000912713
          18    0.027712   0.0279913 0.000862155
          19    0.023052   0.0277314 0.000855074
          20    0.023404    0.027515 0.000839249
           1    0.955048    0.955048           0
           2    0.912344    0.933696   0.0150981
           3    0.922516    0.929969   0.0105153
           4    0.906488    0.924099  0.00938308
           5    0.874188    0.914117   0.0116646
           6    0.771264    0.890308    0.023809
           7    0.774756    0.873801   0.0254959
           8    0.937424    0.881754   0.0235166
           9    0.776652    0.870076    0.023626
          10    0.892504    0.872318   0.0213695
          11    0.951988    0.879561   0.0206177
          12    0.756744    0.869326   0.0212889
          13    0.813048    0.864997   0.0200866
          14    0.907852    0.868058   0.0188836
          15    0.836284     0.86594   0.0177431
          16    0.956612    0.871607   0.0175158
          17    0.957884    0.876682    0.017205
          18    0.886912     0.87725   0.0162586
          19     0.92364    0.879692   0.0155851
          20    0.883064    0.879861   0.0148068
           1    0.958904    0.958904           0
           2    0.912488    0.935696   0.0164105
           3    0.922224    0.931205   0.0115384
           4    0.906676    0.925073   0.0101535
           5     0.87422    0.914902   0.0121956
           6     0.77152    0.891005   0.0240661
           7     0.77446    0.874356   0.0257511
           8     0.93738    0.882234   0.0237066
           9    0.776216    0.870454   0.0238201
          10    0.892308     0.87264   0.0215381
          11    0.952204    0.879873   0.0207592
          12    0.756556    0.869596   0.0214223
          13    0.812848    0.865231   0.0202143
          14    0.907408    0.868244   0.0189936
          15    0.836664    0.866138   0.0178437
          16    0.956676    0.871797   0.0176028
          17    0.957892    0.876861   0.0172805
          18    0.886664    0.877406   0.0163291
          19      0.9236    0.879837   0.0156496
          20    0.883192    0.880005    0.014868
           1    0.673552    0.673552           0
           2     0.66716    0.670356  0.00225991
           3    0.298536    0.546416    0.101208
           4    0.584404    0.555913   0.0763501
           5    0.659112    0.576553   0.0638089
           6    0.626628    0.584899   0.0537171
           7    0.544024    0.579059   0.0463595
           8    0.612264     0.58321     0.04075
           9    0.551196    0.579653   0.0363771
          10    0.605924     0.58228   0.0328341
          11    0.788152    0.600996   0.0347765
          12     0.65446    0.605451   0.0321626
          13    0.658544    0.609535   0.0299468
          14    0.686628    0.615042   0.0283095
          15     0.64348    0.616938   0.0264856
          16    0.749608    0.625229   0.0260959
          17    0.708268    0.630114   0.0250139
          18     0.78596    0.638772   0.0250779
          19    0.677252    0.640797   0.0238396
          20    0.755604    0.646538   0.0233285
           1     0.67738     0.67738           0
           2     0.66706     0.67222  0.00364867
           3    0.298608    0.547683    0.101713
           4    0.584356    0.556851   0.0766971
           5    0.658888    0.577258   0.0640151
           6    0.626012    0.585384   0.0538592
           7    0.544172    0.579497   0.0464857
           8    0.612372    0.583606   0.0408562
           9    0.550452    0.579922   0.0364823
          10      0.6061     0.58254   0.0329279
          11    0.788672    0.601279   0.0348613
          12      0.6543    0.605698   0.0322349
          13     0.65836    0.609749   0.0300088
          14    0.686296    0.615216    0.028359
          15    0.643968    0.617133   0.0265331
          16     0.74982    0.625426   0.0261387
          17    0.708496    0.630312   0.0250537
          18    0.785744    0.638948   0.0251059
          19    0.677384    0.640971   0.0238659
          20     0.75524    0.646684   0.0233465
           1    0.497328    0.497328           0
           2     0.47998    0.488654  0.00613344
           3    0.487092    0.488133    0.004111
           4    0.405348    0.467437   0.0181868
           5    0.529028    0.479755   0.0182504
           6    0.476112    0.479148   0.0152188
           7    0.471888    0.478111   0.0130799
           8    0.474572    0.477668   0.0114524
           9    0.426524    0.471986   0.0115038
          10    0.546668    0.479454   0.0125455
          11    0.474652    0.479017   0.0114126
          12    0.480832    0.479169   0.0104625
          13    0.476408    0.478956  0.00965988
          14    0.461648     0.47772  0.00904866
          15    0.427092    0.474345  0.00905304
          16     0.45454    0.473107  0.00857143
          17    0.377348    0.467474  0.00974387
          18    0.422928    0.464999  0.00951163
          19    0.369572    0.459977   0.0102516
          20    0.484096    0.461183  0.00980974
           1    0.493604    0.493604           0
           2    0.480756     0.48718  0.00454245
           3    0.487876    0.487412  0.00303422
           4      0.4051    0.466834   0.0179658
           5    0.528672    0.479202   0.0181367
           6    0.475608    0.478603   0.0151238
           7    0.472124    0.477677   0.0129915
           8    0.474964    0.477338    0.011372
           9    0.426792    0.471722   0.0114113
          10    0.545816    0.479131   0.0124453
          11    0.475072    0.478762   0.0113194
          12    0.481276    0.478972   0.0103781
          13    0.475992    0.478742  0.00958228
          14    0.461436    0.477506  0.00897721
          15    0.426948    0.474136  0.00898924
          16    0.454376    0.472901  0.00851182
          17     0.37748    0.467288  0.00968661
          18     0.42184    0.464763  0.00947182
          19    0.370404    0.459797   0.0101924
          20     0.48352    0.460983  0.00975159
           1     0.28696     0.28696           0
           2     0.32006     0.30351   0.0117026
           3    0.290552    0.299191  0.00856183
           4    0.251904    0.287369    0.012085
           5    0.256276     0.28115   0.0111538
           6    0.321012    0.287794   0.0110984
           7    0.281552    0.286902   0.0095487
           8    0.358492    0.295851    0.011827
           9      0.3008    0.296401   0.0105256
          10    0.333168    0.300078   0.0100948
          11    0.341456    0.303839  0.00985309
          12    0.262436    0.300389  0.00961714
          13    0.321896    0.302043  0.00901853
          14     0.18272     0.29352   0.0117296
          15    0.177304    0.285773   0.0132619
          16    0.273204    0.284987   0.0124562
          17    0.341552    0.288314   0.0121598
          18     0.30756    0.289384   0.0115312
          19    0.250248    0.287324   0.0111067
          20    0.249424    0.285429   0.0107118
           1    0.286636    0.286636           0
           2    0.320392    0.303514   0.0119345
           3    0.291896    0.299641  0.00856167
           4     0.25212    0.287761    0.012128
           5    0.256336    0.281476   0.0112133
           6    0.319684    0.287844    0.011005
           7    0.282992    0.287151   0.0094547
           8    0.358076    0.296017   0.0117139
           9    0.301472    0.296623    0.010428
          10    0.333344    0.300295   0.0100109
          11    0.341692    0.304058  0.00978266
          12    0.261668    0.300526  0.00958403
          13    0.321752    0.302158  0.00898481
          14    0.182884    0.293639   0.0117049
          15    0.176956     0.28586   0.0132598
          16    0.273536     0.28509   0.0124535
          17    0.341472    0.288406   0.0121545
          18    0.307116    0.289446   0.0115236
          19    0.251524     0.28745   0.0110886
          20    0.249384    0.285547   0.0106963
           1    0.193156    0.193156           0
           2      0.1936    0.193378 0.000156978
           3    0.157484    0.181413  0.00976967
           4    0.233652    0.194473   0.0134761
           5    0.165196    0.188618   0.0119856
           6     0.21894    0.193671    0.011002
           7    0.171904    0.190562  0.00985996
           8    0.205944    0.192485  0.00881296
           9    0.217128    0.195223  0.00824815
          10    0.223988    0.198099  0.00790904
          11    0.175536    0.196048  0.00745128
          12    0.233128    0.199138  0.00744352
          13    0.224488    0.201088  0.00712178
          14     0.21692    0.202219  0.00670227
          15    0.141372    0.198162  0.00738163
          16    0.200076    0.198282  0.00692125
          17    0.220864     0.19961  0.00664036
          18    0.206008    0.199966  0.00628096
          19    0.134632    0.196527  0.00682707
          20    0.207536    0.197078  0.00650787
           1    0.194224    0.194224           0
           2    0.194244    0.194234 7.07107e-06
           3    0.157716    0.182061  0.00993894
           4    0.233168    0.194838   0.0133416
           5    0.165256    0.188922   0.0119131
           6    0.218356    0.193827   0.0108909
           7    0.171504    0.190638  0.00979084
           8    0.206356    0.192603  0.00876189
           9    0.217608    0.195381  0.00821705
          10     0.22402    0.198245  0.00787862
          11    0.175392    0.196168  0.00743126
          12    0.232092    0.199161  0.00739043
          13     0.22348    0.201032  0.00705472
          14    0.216504    0.202137  0.00663681
          15    0.141612    0.198102  0.00731887
          16     0.19974    0.198205  0.00686216
          17    0.220852    0.199537  0.00658655
          18    0.206292    0.199912  0.00623131
          19    0.136352    0.196567  0.00674176
          20     0.20764     0.19712  0.00642737
           1    0.132208    0.132208           0
           2    0.136628    0.134418  0.00156271
           3     0.13458    0.134472  0.00104274
           4    0.150632    0.138512  0.00358508
           5     0.12452    0.135714  0.00380666
           6    0.127356    0.134321  0.00341758
           7    0.146644    0.136081  0.00335226
           8    0.156664    0.138654   0.0037942
           9    0.140944    0.138908  0.00338114
          10     0.14112     0.13913  0.00305025
          11       0.158    0.140845  0.00321942
          12    0.138984     0.14069  0.00295487
          13    0.160264    0.142196  0.00308745
          14      0.1696    0.144153  0.00343179
          15    0.119344    0.142499  0.00357944
          16    0.127488    0.141561   0.0034765
          17     0.15012    0.142064  0.00330826
          18    0.137224    0.141796  0.00313538
          19    0.114188    0.140343  0.00328986
          20    0.143736    0.140512  0.00312974
           1    0.133428    0.133428           0
           2    0.136244    0.134836 0.000995606
           3    0.135632    0.135101 0.000698199
           4     0.15066    0.138991  0.00340901
           5    0.123688     0.13593  0.00386413
           6    0.128496    0.134691  0.00341299
           7    0.147132    0.136469   0.0033564
           8      0.1568     0.13901  0.00377844
           9    0.141044    0.139236  0.00336536
          10    0.141432    0.139456  0.00303598
          11    0.158372    0.141175  0.00321029
          12     0.13834    0.140939  0.00295145
          13    0.159856    0.142394  0.00306219
          14     0.17056    0.144406  0.00344147
          15    0.119532    0.142748  0.00358939
          16    0.126944     0.14176  0.00349831
          17    0.150104    0.142251  0.00332678
          18    0.136096    0.141909  0.00315949
          19    0.114536    0.140468  0.00330538
          20    0.144196    0.140655  0.00314536
           1     0.10594     0.10594           0
           2    0.111556    0.108748  0.00198556
           3      0.1125    0.109999  0.00167182
           4    0.098136    0.107033  0.00285807
           5     0.11342     0.10831  0.00255603
           6      0.1274    0.111492  0.00360173
           7    0.106484    0.110777  0.00315745
           8    0.125468    0.112613  0.00325328
           9     0.11244    0.112594  0.00289186
          10    0.138988    0.115233  0.00361162
          11     0.07194    0.111297  0.00498617
          12    0.088856    0.109427  0.00490885
          13    0.157452    0.113122  0.00575583
          14    0.106212    0.112628  0.00536582
          15    0.092472    0.111284  0.00517361
          16    0.129016    0.112393  0.00496754
          17    0.071952    0.110014   0.0052139
          18    0.147236    0.112082  0.00531854
          19    0.097892    0.111335  0.00509078
          20    0.116216    0.111579  0.00484209
           1    0.108548    0.108548           0
           2    0.111508    0.110028  0.00104652
           3    0.112564    0.110873 0.000981401
           4    0.098792    0.107853  0.00271727
           5    0.113788     0.10904  0.00241923
           6    0.127652    0.112142  0.00347606
           7    0.106908    0.111394  0.00305884
           8    0.127404    0.113395  0.00326617
           9    0.112236    0.113267   0.0029058
          10    0.138292    0.115769  0.00353211
          11    0.072272    0.111815  0.00495232
          12    0.088168    0.109844  0.00491607
          13    0.156208    0.113411  0.00568627
          14    0.106464    0.112915  0.00530172
          15    0.093728    0.111635  0.00510024
          16     0.12862    0.112697  0.00489069
          17    0.071152    0.110253  0.00517771
          18    0.146304    0.112256  0.00526318
          19    0.098656     0.11154  0.00503461
          20     0.11598    0.111762  0.00478777
           1    0.080872    0.080872           0
           2    0.075528      0.0782  0.00188939
           3    0.081752    0.079384  0.00158781
           4    0.091756    0.082477   0.0029314
           5    0.061416   0.0782648  0.00443776
           6    0.071144    0.077078  0.00385356
           7    0.099908   0.0803394  0.00447521
           8    0.086568    0.081118  0.00398296
           9    0.091932   0.0823196  0.00371723
          10    0.088464    0.082934  0.00339591
          11    0.088048   0.0833989  0.00311885
          12    0.093992   0.0842817  0.00298126
          13    0.100796    0.085552  0.00301044
          14    0.092656   0.0860594  0.00283785
          15    0.062956   0.0845192  0.00303802
          16    0.092052     0.08499  0.00288439
          17    0.079052   0.0846407  0.00273579
          18    0.067616   0.0836949  0.00274243
          19     0.06954   0.0829499  0.00269738
          20    0.076272    0.082616  0.00258309
           1    0.078772    0.078772           0
           2    0.074256    0.076514  0.00159665
           3    0.080812   0.0779467  0.00158157
           4     0.09146    0.081325  0.00315704
           5    0.061652   0.0773904   0.0043317
           6    0.070892   0.0763073  0.00374271
           7    0.099628   0.0796389  0.00445028
           8    0.087724   0.0806495   0.0040071
           9    0.091568   0.0818627  0.00374101
          10    0.087828   0.0824592  0.00341414
          11    0.087876   0.0829516  0.00313908
          12     0.09334   0.0838173  0.00299448
          13    0.099776   0.0850449  0.00300524
          14      0.0918   0.0855274  0.00282905
          15    0.063176   0.0840373  0.00300738
          16    0.091552    0.084507  0.00285586
          17    0.078432   0.0841496  0.00271013
          18    0.067724   0.0832371  0.00270885
          19     0.06926   0.0825015  0.00266429
          20     0.07734   0.0822434  0.00254355
           1    0.060216    0.060216           0
           2    0.089272    0.074744   0.0102728
           3    0.074128   0.0745387  0.00685062
           4    0.074996    0.074653  0.00513892
           5    0.047932   0.0693088  0.00630474
           6    0.063296   0.0683067    0.005333
           7    0.069756   0.0685137  0.00457516
           8    0.062348    0.067743  0.00406767
           9    0.084396   0.0695933  0.00401455
          10     0.06138    0.068772  0.00369616
          11      0.0782   0.0696291  0.00345809
          12    0.083168   0.0707573  0.00334891
          13    0.084884    0.071844  0.00326285
          14     0.05586   0.0707023  0.00322336
          15    0.050216   0.0693365  0.00328509
          16    0.077588   0.0698523  0.00311999
          17     0.06966   0.0698409  0.00293648
          18    0.079256    0.070364  0.00281954
          19    0.066036   0.0701362  0.00268033
          20    0.082056   0.0707322  0.00261173
           1    0.059732    0.059732           0
           2     0.08816    0.073946   0.0100508
           3    0.073616    0.073836  0.00670115
           4    0.075548    0.074264  0.00503951
           5    0.049152   0.0692416  0.00603601
           6    0.063592      0.0683  0.00510293
           7    0.070536   0.0686194  0.00438392
           8    0.062192    0.067816  0.00390886
           9    0.084436   0.0696627  0.00388635
          10    0.062204   0.0689168  0.00356857
          11    0.078684   0.0698047   0.0033528
          12    0.081932   0.0708153  0.00322211
          13    0.084664   0.0718806  0.00314543
          14    0.056392   0.0707743  0.00310924
          15     0.05106     0.06946  0.00316758
          16    0.077224   0.0699452  0.00300654
          17     0.07028   0.0699649  0.00282975
          18    0.080448   0.0705473  0.00273182
          19    0.066828   0.0703516  0.00259504
          20    0.082324   0.0709502  0.00253339
           1    0.055608    0.055608           0
           2    0.063676    0.059642  0.00285247
           3    0.055664    0.058316  0.00218825
           4    0.047796    0.055686  0.00280734
           5    0.046368   0.0538224  0.00279685
           6     0.05146   0.0534287  0.00235826
           7     0.05848   0.0541503  0.00212891
           8    0.072244    0.056412  0.00281885
           9    0.078124   0.0588244  0.00338401
          10     0.05594    0.058536  0.00305788
          11      0.0513   0.0578782  0.00284976
          12    0.070972   0.0589693  0.00281344
          13    0.054304   0.0586105  0.00261981
          14     0.04164   0.0573983  0.00269858
          15    0.051936   0.0570341  0.00254313
          16     0.06986   0.0578358  0.00250734
          17    0.059468   0.0579318  0.00236168
          18     0.06408   0.0582733  0.00225505
          19      0.0524   0.0579642  0.00215744
          20    0.064496   0.0582908  0.00207414
           1    0.056488    0.056488           0
           2    0.062584    0.059536  0.00215526
           3      0.0551   0.0580573  0.00187674
           4    0.047028      0.0553  0.00277189
           5    0.045276   0.0532952   0.0028518
           6     0.05184   0.0530527  0.00238679
           7    0.058448   0.0538234   0.0021667
           8    0.073368   0.0562665  0.00296931
           9     0.07786   0.0586658   0.0034761
          10    0.055784   0.0583776  0.00314041
          11    0.050672   0.0576771  0.00293201
          12    0.071576   0.0588353  0.00290746
          13    0.052796   0.0583708  0.00272067
          14     0.04192   0.0571957  0.00276849
          15     0.05228    0.056868  0.00260324
          16     0.06936   0.0576487  0.00255494
          17     0.05878   0.0577153  0.00240552
          18    0.063256   0.0580231  0.00229149
          19    0.053316   0.0577754  0.00218423
          20    0.064772   0.0581252  0.00210285
           1     0.05198     0.05198           0
           2     0.04622      0.0491  0.00203647
           3     0.04666   0.0482867  0.00151136
           4     0.04884    0.048425  0.00113983
           5      0.0468      0.0481 0.000957079
           6    0.037908   0.0464013  0.00174375
           7    0.054012   0.0474886  0.00180199
           8     0.04984   0.0477825  0.00160054
           9    0.055804   0.0486738  0.00165233
          10    0.060312   0.0498376  0.00185216
          11    0.047608   0.0496349  0.00169483
          12    0.050804   0.0497323  0.00155639
          13      0.0495   0.0497145  0.00143677
          14    0.055052   0.0500957  0.00138381
          15     0.04932    0.050044  0.00129252
          16    0.047364   0.0498765  0.00122254
          17    0.039264   0.0492522  0.00130028
          18    0.058432   0.0497622  0.00132428
          19    0.052252   0.0498933  0.00126105
          20    0.048844   0.0498408  0.00119909
           1    0.053876    0.053876           0
           2    0.047036    0.050456  0.00241831
           3    0.046132   0.0490147  0.00199604
           4    0.048316     0.04884  0.00150465
           5    0.046964   0.0484648  0.00124962
           6    0.037444    0.046628  0.00197382
           7    0.053944   0.0476731    0.001949
           8    0.049908   0.0479525  0.00172528
           9    0.056384   0.0488893  0.00176975
          10    0.060376    0.050038  0.00192988
          11    0.047776   0.0498324  0.00176535
          12    0.049416   0.0497977  0.00161858
          13    0.050516   0.0498529  0.00149502
          14    0.056912   0.0503571   0.0014708
          15    0.049936   0.0503291  0.00137302
          16     0.04616   0.0500685   0.0013117
          17    0.040228   0.0494896  0.00135626
          18    0.058164   0.0499716  0.00136385
          19    0.052464   0.0501027  0.00129836
          20     0.04948   0.0500716  0.00123381
           1    0.049384    0.049384           0
           2    0.052376     0.05088  0.00105783
           3    0.036748   0.0461693  0.00391036
           4    0.041676    0.045046  0.00308991
           5    0.041376    0.044312  0.00255762
           6    0.050008   0.0452613   0.0023008
           7    0.042308   0.0448394  0.00201043
           8    0.058468    0.046543  0.00237358
           9    0.046152   0.0464996  0.00211025
          10    0.044988   0.0463484  0.00190463
          11     0.02996   0.0448585  0.00223962
          12    0.038516     0.04433  0.00211444
          13    0.042296   0.0441735  0.00195757
          14    0.054196   0.0448894  0.00194424
          15    0.049584   0.0452024  0.00183964
          16    0.033084    0.044445  0.00187411
          17    0.029036   0.0435386  0.00197091
          18    0.045368   0.0436402  0.00186403
          19    0.048212   0.0438808  0.00178139
          20    0.037736   0.0435736  0.00171861
           1     0.05084     0.05084           0
           2    0.051456    0.051148 0.000217789
           3    0.036788   0.0463613  0.00391099
           4    0.042728    0.045453  0.00303689
           5    0.042016   0.0447656   0.0025061
           6     0.05228    0.046018  0.00238088
           7    0.042772   0.0455543  0.00208542
           8     0.05934   0.0472775  0.00243474
           9     0.04736   0.0472867  0.00216423
          10    0.046272   0.0471852  0.00195019
          11     0.03008   0.0456302  0.00231115
          12    0.038884    0.045068  0.00218586
          13     0.04358   0.0449535  0.00202071
          14    0.054376   0.0456266   0.0019853
          15    0.049376   0.0458765  0.00186861
          16    0.032272   0.0450262  0.00193564
          17    0.030352   0.0441631  0.00200503
          18    0.044992   0.0442091  0.00189417
          19    0.049028   0.0444627  0.00181137
          20    0.039112   0.0441952  0.00174045
           1    0.034072    0.034072           0
           2     0.04486    0.039466  0.00381413
           3    0.037828     0.03892  0.00258154
           4    0.033284    0.037511  0.00228859
           5    0.047492   0.0395072  0.00255733
           6    0.038968   0.0394173  0.00213269
           7     0.03334   0.0385491  0.00199693
           8    0.053936   0.0404725  0.00250799
           9    0.037492   0.0401413  0.00225108
          10      0.0396   0.0400872  0.00202662
          11    0.047972    0.040804  0.00196506
          12    0.037124   0.0404973  0.00182508
          13    0.039728   0.0404382  0.00168565
          14    0.037356    0.040218  0.00157956
          15    0.040772   0.0402549  0.00147468
          16    0.046232   0.0406285  0.00142905
          17     0.03372   0.0402221  0.00140158
          18    0.047488   0.0406258  0.00138062
          19    0.027948   0.0399585  0.00146032
          20    0.032148    0.039568  0.00143858
           1     0.03612     0.03612           0
           2    0.045004    0.040562  0.00314097
           3    0.038308   0.0398107  0.00218199
           4    0.034996    0.038607  0.00194029
           5    0.046776   0.0402408  0.00213187
           6    0.038836   0.0400067  0.00178937
           7    0.033924   0.0391377  0.00173193
           8    0.054976   0.0411175  0.00239294
           9    0.037592   0.0407258  0.00215888
          10    0.039536   0.0406068  0.00194627
          11    0.048396   0.0413149  0.00189378
          12    0.035972   0.0408697  0.00178753
          13    0.040048   0.0408065  0.00165115
          14    0.037496     0.04057  0.00155005
          15    0.042144   0.0406749  0.00145026
          16      0.0466   0.0410452   0.0014061
          17    0.034944   0.0406864  0.00136843
          18    0.046084   0.0409862  0.00132485
          19    0.029844   0.0403998  0.00137882
          20    0.033976   0.0400786  0.00134677
           1    0.039852    0.039852           0
           2    0.049344    0.044598  0.00335593
           3    0.032588   0.0405947  0.00396105
           4    0.031996    0.038445   0.0035059
           5    0.040672   0.0388904  0.00283288
           6    0.034608   0.0381767  0.00244899
           7    0.030976    0.037148  0.00230507
           8    0.043656   0.0379615  0.00215571
           9    0.033652   0.0374827  0.00196865
          10    0.037168   0.0374512  0.00177204
          11     0.04526   0.0381611  0.00174736
          12     0.02668   0.0372043  0.00184518
          13    0.040588   0.0374646  0.00172151
          14    0.043932   0.0379266  0.00165936
          15    0.041672   0.0381763  0.00156741
          16    0.042224   0.0384292  0.00148973
          17    0.028856   0.0378661  0.00150477
          18     0.03058   0.0374613  0.00147461
          19    0.029984   0.0370678  0.00144856
          20    0.022672    0.036348  0.00154465
           1     0.03994     0.03994           0
           2     0.04946      0.0447  0.00336583
           3    0.033132    0.040844   0.0038662
           4    0.034084    0.039154  0.00324808
           5    0.041184     0.03956  0.00262372
           6    0.034844    0.038774  0.00230116
           7    0.031008   0.0376646  0.00222383
           8    0.044284    0.038492  0.00209414
           9     0.03466   0.0380662  0.00190425
          10    0.037384    0.037998  0.00171504
          11    0.046792   0.0387975  0.00173549
          12    0.025052    0.037652  0.00193225
          13     0.04092   0.0379034  0.00179989
          14    0.043964   0.0383363   0.0017226
          15       0.042   0.0385805  0.00162498
          16    0.039916    0.038664  0.00152556
          17    0.029548   0.0381278  0.00152716
          18    0.030296   0.0376927  0.00150302
          19    0.030328   0.0373051  0.00147305
          20    0.023216   0.0366006  0.00155877
           1    0.034276    0.034276           0
           2    0.027564     0.03092  0.00237305
           3      0.0306   0.0308133  0.00158443
           4    0.038424    0.032716  0.00203155
           5    0.023776    0.030928  0.00228013
           6    0.023036   0.0296127   0.0022477
           7    0.029204   0.0295543  0.00192736
           8    0.028104    0.029373  0.00169494
           9    0.036136   0.0301244  0.00166488
          10    0.038432   0.0309552  0.00169302
          11    0.036104   0.0314233  0.00160251
          12    0.027764   0.0311183   0.0014977
          13    0.037972   0.0316455  0.00147236
          14    0.026188   0.0312557  0.00141786
          15    0.022564   0.0306763  0.00143687
          16    0.039356   0.0312188  0.00144585
          17    0.028312   0.0310478  0.00137087
          18      0.0243   0.0306729  0.00134499
          19      0.0197   0.0300954  0.00139268
          20    0.018204   0.0295008   0.0014444
           1    0.033604    0.033604           0
           2    0.028544    0.031074  0.00178898
           3     0.03176   0.0313027  0.00120718
           4    0.038884    0.033198  0.00187455
           5     0.02592   0.0317424  0.00198593
           6    0.021196   0.0299847  0.00230511
           7     0.02754   0.0296354  0.00200209
           8    0.027848    0.029412  0.00176425
           9     0.03716   0.0302729  0.00176582
          10     0.03934   0.0311796  0.00180709
          11    0.036592   0.0316716  0.00170848
          12    0.027448   0.0313197  0.00160196
          13     0.03936   0.0319382  0.00159366
          14    0.026308    0.031536  0.00152972
          15    0.023304   0.0309872  0.00152301
          16     0.03868    0.031468  0.00150179
          17     0.02832   0.0312828  0.00142482
          18    0.024188   0.0308887  0.00139912
          19     0.02078   0.0303566  0.00142305
          20     0.01738   0.0297078   0.0014925
           1    0.031276    0.031276           0
           2    0.024508    0.027892  0.00239285
           3    0.024488   0.0267573  0.00184474
           4    0.030376    0.027662  0.00158998
           5    0.021092    0.026348  0.00173183
           6    0.016316    0.024676  0.00210058
           7    0.028484     0.02522  0.00186961
           8     0.03146       0.026  0.00179125
           9    0.038032   0.0273369  0.00203073
          10    0.029224   0.0275256   0.0018364
          11    0.040644   0.0287182  0.00201991
          12    0.027908   0.0286507  0.00185271
          13      0.0345   0.0291006  0.00176399
          14    0.029296   0.0291146  0.00163804
          15    0.017744   0.0283565  0.00169519
          16    0.033244    0.028662  0.00161653
          17      0.0298   0.0287289  0.00152282
          18    0.034032   0.0290236  0.00146644
          19    0.021784   0.0286425  0.00143791
          20    0.025116   0.0284662  0.00137679
           1    0.032252    0.032252           0
           2    0.024936    0.028594   0.0025866
           3    0.025388   0.0275253  0.00193259
           4    0.029652    0.028057  0.00152082
           5    0.019408   0.0263272  0.00196825
           6    0.014768   0.0244007  0.00240484
           7    0.029248   0.0250931  0.00215869
           8    0.032328   0.0259975  0.00206963
           9     0.03924   0.0274689  0.00230409
          10    0.030288   0.0277508  0.00209086
          11    0.042052   0.0290509  0.00226927
          12    0.027244   0.0289003  0.00208515
          13    0.035508   0.0294086  0.00198574
          14    0.030136   0.0294606  0.00184458
          15    0.017184   0.0286421   0.0018945
          16    0.033256   0.0289305   0.0017979
          17    0.031044   0.0290548  0.00169644
          18    0.033728   0.0293144  0.00162194
          19     0.02006   0.0288274  0.00160804
          20    0.024924   0.0286322  0.00153944
