           1    0.266993    0.266993           0
           2    0.243186     0.25509  0.00841728
           3    0.281847    0.264009  0.00919362
           4    0.314678    0.276676   0.0129573
           5    0.248284    0.270998   0.0115432
           6    0.283919    0.273151  0.00981819
           7    0.183089    0.260285   0.0145845
           8    0.281368    0.262921   0.0129974
           9    0.175213    0.253175   0.0147613
          10    0.215475    0.249405   0.0137582
          11    0.209449    0.245773   0.0129781
          12     0.29576    0.249938   0.0125473
          13    0.269909    0.251475   0.0116758
          14    0.310113    0.255663   0.0115687
          15    0.291403    0.258046   0.0110401
          16     0.18588    0.253535   0.0112337
          17    0.210016    0.250975   0.0108607
          18    0.253906    0.251138   0.0102585
          19    0.305556    0.254002   0.0101105
          20    0.291457    0.255875  0.00977688
           1    0.237316    0.237316           0
           2    0.243954    0.240635  0.00234665
           3    0.282666    0.254645   0.0115459
           4     0.31491    0.269711   0.0156598
           5    0.247648    0.265299   0.0131348
           6    0.283735    0.268372   0.0112994
           7    0.183585    0.256259   0.0148173
           8    0.281214    0.259379   0.0132894
           9    0.173438     0.24983   0.0148524
          10    0.215293    0.246376   0.0137629
          11    0.209846    0.243055   0.0129061
          12    0.296555    0.247513   0.0125771
          13    0.269446      0.2492   0.0117222
          14    0.310721    0.253595   0.0116796
          15    0.290654    0.256065   0.0111592
          16    0.186423    0.251713   0.0112787
          17    0.209332     0.24922   0.0108873
          18    0.253091    0.249435   0.0102846
          19    0.304783    0.252348   0.0101475
          20    0.291513    0.254306  0.00982724
           1    0.474041    0.474041           0
           2    0.519853    0.496947   0.0161967
           3    0.473901    0.489265   0.0124874
           4    0.478817    0.486653   0.0096349
           5    0.507811    0.490884  0.00858708
           6    0.497854    0.492046  0.00723403
           7    0.444612     0.48527  0.00882075
           8    0.509552    0.488305  0.00822383
           9    0.447703    0.483794  0.00845742
          10    0.470578    0.482472  0.00771425
          11    0.473169    0.481626  0.00705916
          12     0.52225    0.485012  0.00723724
          13    0.517535    0.487513  0.00709978
          14    0.454152     0.48513  0.00698112
          15    0.517522     0.48729  0.00684156
          16    0.470865    0.486263  0.00649053
          17    0.523394    0.488447  0.00646579
          18    0.471914    0.487529  0.00617147
          19     0.47661    0.486954  0.00587336
          20    0.478252    0.486519  0.00559578
           1    0.465164    0.465164           0
           2     0.52123    0.493197   0.0198223
           3    0.476433    0.487609   0.0139804
           4     0.47832    0.485287   0.0106764
           5    0.506591    0.489547  0.00935281
           6    0.498437    0.491029  0.00791047
           7    0.447574    0.484821  0.00888851
           8    0.509152    0.487862  0.00828146
           9    0.447139    0.483338  0.00850812
          10    0.471977    0.482202  0.00773279
          11    0.473352    0.481397  0.00707153
          12     0.52208    0.484787  0.00724953
          13    0.520236    0.487514  0.00718644
          14    0.456516      0.4853   0.0070059
          15    0.514337    0.487236  0.00680102
          16    0.472196    0.486296  0.00644059
          17    0.523466    0.488482  0.00642216
          18    0.473743    0.487663  0.00611735
          19    0.477351    0.487121  0.00581941
          20    0.476235    0.486576  0.00555384
           1    0.490693    0.490693           0
           2    0.531372    0.511032   0.0143822
           3    0.504543    0.508869  0.00974943
           4    0.510787    0.509348  0.00732385
           5    0.512765    0.510032  0.00589087
           6    0.522005    0.512027  0.00523618
           7    0.517845    0.512858  0.00455362
           8     0.56546    0.519434  0.00732831
           9    0.540433    0.521767  0.00687548
          10    0.536272    0.523217  0.00633908
          11    0.531482    0.523969  0.00580716
          12    0.545518    0.525764  0.00559401
          13    0.499418    0.523738  0.00551862
          14    0.526345    0.523924  0.00512757
          15    0.503022    0.522531  0.00497148
          16    0.531264    0.523076  0.00469063
          17    0.513654    0.522522  0.00444734
          18    0.528319    0.522844  0.00421191
          19    0.547577    0.524146  0.00418655
          20    0.524928    0.524185   0.0039774
           1    0.485618    0.485618           0
           2    0.529946    0.507782    0.015672
           3    0.507022    0.507529     0.01045
           4    0.506997    0.507396  0.00783836
           5    0.513088    0.508534  0.00635282
           6    0.523298    0.510995  0.00575084
           7    0.517301    0.511896  0.00499937
           8    0.564757    0.518503  0.00757229
           9    0.537931    0.520662  0.00703187
          10    0.535093    0.522105  0.00647507
          11    0.532578    0.523057  0.00595601
          12     0.54262    0.524687  0.00567841
          13    0.500085    0.522795  0.00554802
          14    0.525315    0.522975  0.00515465
          15    0.501775    0.521562  0.00500101
          16    0.532184    0.522225  0.00473231
          17    0.511809    0.521613  0.00449343
          18    0.528762     0.52201  0.00426131
          19    0.547762    0.523365   0.0042471
          20    0.526931    0.523544  0.00403849
           1    0.477021    0.477021           0
           2    0.498778    0.487899  0.00769212
           3    0.512109    0.495969  0.00834938
           4    0.510691     0.49965  0.00702657
           5    0.511741    0.502068  0.00602305
           6    0.478088    0.498071  0.00620514
           7    0.510436    0.499838  0.00556442
           8    0.526026    0.503111  0.00575172
           9    0.501362    0.502917  0.00511592
          10    0.494334    0.502059  0.00467577
          11    0.503433    0.502183  0.00425237
          12    0.491573    0.501299  0.00398887
          13    0.485979    0.500121  0.00385219
          14    0.484013     0.49897  0.00374491
          15    0.477234    0.497521  0.00376518
          16    0.509176     0.49825  0.00359962
          17    0.479963    0.497174  0.00354495
          18    0.543344    0.499739  0.00417409
          19    0.494285    0.499452  0.00396426
          20    0.502578    0.499608  0.00376913
           1    0.477826    0.477826           0
           2    0.498364    0.488095  0.00726115
           3     0.51178     0.49599  0.00806142
           4    0.510205    0.499544  0.00678424
           5     0.51063    0.501761  0.00577835
           6    0.475733    0.497423  0.00623446
           7    0.515007    0.499935  0.00582795
           8    0.523507    0.502882  0.00579666
           9    0.501411    0.502718  0.00515489
          10    0.493049    0.501751  0.00472921
          11    0.502521    0.501821   0.0042998
          12    0.492456    0.501041  0.00401169
          13    0.487658    0.500011  0.00383291
          14     0.48255    0.498764  0.00375659
          15    0.475063    0.497184  0.00382403
          16    0.510329    0.498006  0.00367222
          17    0.483026    0.497124  0.00356035
          18    0.537654    0.499376  0.00401187
          19    0.493443    0.499064  0.00381286
          20    0.506896    0.499455  0.00364227
           1    0.470072    0.470072           0
           2    0.475256    0.472664  0.00183284
           3    0.461519    0.468949  0.00327034
           4    0.465321    0.468042  0.00257547
           5    0.470636    0.468561  0.00211197
           6      0.4698    0.468767  0.00177005
           7    0.471183    0.469112  0.00155045
           8    0.478425    0.470276  0.00173956
           9    0.489584    0.472422  0.00254597
          10    0.462341    0.471414  0.00248295
          11    0.479507    0.472149  0.00236372
          12    0.490985    0.473719  0.00263691
          13    0.448783    0.471801  0.00305304
          14     0.45419    0.470543  0.00308323
          15    0.436581    0.468279  0.00361462
          16    0.455884    0.467504  0.00347073
          17    0.466392    0.467439  0.00326719
          18     0.48593    0.468466  0.00324317
          19    0.474996     0.46881  0.00309063
          20    0.456682    0.468203    0.002995
           1    0.477136    0.477136           0
           2    0.476665      0.4769 0.000166436
           3    0.461846    0.471882  0.00409872
           4    0.463791     0.46986  0.00353815
           5    0.471452    0.470178  0.00284481
           6    0.470884    0.470296  0.00237311
           7     0.47905    0.471546  0.00234052
           8    0.474738    0.471945  0.00208167
           9    0.487032    0.473621  0.00243344
          10    0.458685    0.472128  0.00260852
          11    0.481162    0.472949  0.00249732
          12    0.488204     0.47422  0.00259264
          13     0.45399    0.472664  0.00282186
          14    0.455742    0.471455   0.0028675
          15    0.437119    0.469166  0.00347182
          16    0.452359    0.468116  0.00341004
          17    0.467249    0.468065  0.00320983
          18     0.47928    0.468688  0.00309138
          19    0.478663    0.469213  0.00297292
          20    0.463457    0.468925  0.00283817
           1    0.442408    0.442408           0
           2    0.457365    0.449886  0.00528813
           3    0.441201    0.446991  0.00424457
           4    0.435366    0.444085  0.00405818
           5    0.434618    0.442191  0.00366165
           6    0.430707    0.440277  0.00351623
           7    0.438717    0.440054  0.00302097
           8    0.444689    0.440634  0.00269832
           9    0.457763    0.442537  0.00299543
          10    0.425131    0.440796  0.00316144
          11    0.445673     0.44124  0.00290495
          12     0.44935    0.441916  0.00274036
          13     0.43318    0.441244  0.00261065
          14    0.442149    0.441308  0.00242498
          15    0.431601    0.440661  0.00234808
          16    0.431378    0.440081  0.00227187
          17    0.429829    0.439478  0.00221682
          18     0.44268    0.439656  0.00210079
          19    0.452552    0.440335  0.00209701
          20    0.421455    0.439391  0.00219436
           1    0.446671    0.446671           0
           2    0.457207    0.451939  0.00372519
           3    0.437458    0.447112  0.00465831
           4    0.431572    0.443227  0.00485041
           5    0.431802    0.440942  0.00438567
           6    0.427789     0.43875  0.00416674
           7     0.43903     0.43879  0.00357168
           8    0.444679    0.439526  0.00320018
           9    0.458693    0.441656  0.00348189
          10    0.425171    0.440007  0.00350225
          11    0.450147    0.440929  0.00330294
          12    0.449285    0.441625  0.00310023
          13    0.433906    0.441031  0.00291806
          14    0.441397    0.441058  0.00270975
          15    0.429838     0.44031  0.00263031
          16    0.434807    0.439966  0.00248829
          17    0.427274    0.439219  0.00245136
          18    0.437038    0.439098  0.00231816
          19    0.454093    0.439887  0.00232662
          20     0.42492    0.439139  0.00232752
           1    0.409499    0.409499           0
           2    0.419624    0.414561  0.00357957
           3    0.404668    0.411264  0.00359803
           4    0.411686    0.411369  0.00270007
           5    0.399655    0.409026  0.00300947
           6    0.396488    0.406937  0.00315099
           7    0.411254    0.407553  0.00276054
           8    0.417669    0.408818  0.00268951
           9    0.423381    0.410436  0.00283597
          10    0.403178     0.40971  0.00264361
          11    0.416671    0.410343  0.00247786
          12       0.411    0.410398  0.00227198
          13    0.403806    0.409891  0.00215304
          14    0.414902    0.410249  0.00202879
          15    0.410668    0.410276  0.00189373
          16    0.412216    0.410398  0.00177925
          17    0.414881    0.410661  0.00169401
          18     0.41368    0.410829  0.00160818
          19    0.417872      0.4112  0.00156568
          20    0.398532    0.410566  0.00161041
           1    0.414351    0.414351           0
           2    0.417597    0.415974  0.00114779
           3    0.404278    0.412075  0.00327398
           4    0.407789    0.411003  0.00262502
           5    0.397375    0.408278  0.00321773
           6    0.394566    0.405992  0.00339739
           7    0.408348    0.406329  0.00292867
           8    0.421282    0.408198  0.00310223
           9    0.422375    0.409773  0.00313204
          10    0.402906    0.409087  0.00289315
          11    0.415871    0.409703  0.00269509
          12    0.402452    0.409099  0.00253733
          13    0.401949    0.408549  0.00240102
          14    0.411121    0.408733  0.00223654
          15    0.407329    0.408639  0.00208939
          16    0.416703    0.409143  0.00201867
          17    0.408275    0.409092  0.00190057
          18    0.409109    0.409093  0.00179499
          19     0.41672    0.409494  0.00174482
          20    0.401093    0.409074   0.0017074
           1    0.381597    0.381597           0
           2    0.388173    0.384885  0.00232508
           3    0.386512    0.385428  0.00161209
           4    0.383413    0.384924  0.00128535
           5    0.377516    0.383442  0.00167731
           6    0.369827    0.381173  0.00249899
           7    0.374558    0.380228  0.00231377
           8    0.378415    0.380001  0.00203561
           9    0.378291    0.379811  0.00181829
          10    0.377972    0.379627  0.00164574
          11    0.381369    0.379786  0.00150373
          12    0.374878    0.379377  0.00143296
          13    0.385841    0.379874  0.00140636
          14    0.400197    0.381326  0.00191369
          15    0.372204    0.380718  0.00188026
          16    0.371563    0.380145  0.00184775
          17    0.379756    0.380122   0.0017392
          18    0.380651    0.380152  0.00164283
          19     0.39712    0.381045  0.00178265
          20    0.372165    0.380601  0.00174793
           1    0.387996    0.387996           0
           2     0.38487    0.386433  0.00110493
           3     0.38514    0.386002  0.00081638
           4    0.379395     0.38435  0.00155598
           5    0.376799     0.38284  0.00183688
           6    0.370491    0.380782  0.00242342
           7    0.374991    0.379954  0.00221393
           8    0.381052    0.380092  0.00194144
           9    0.377979    0.379857  0.00173986
          10    0.378952    0.379766  0.00156823
          11    0.379124    0.379708  0.00142675
          12    0.371134    0.378993  0.00147596
          13    0.386402    0.379563  0.00146833
          14    0.400315    0.381046  0.00197461
          15    0.367432    0.380138  0.00204091
          16    0.373552    0.379726  0.00195442
          17    0.377233     0.37958  0.00184495
          18    0.378249    0.379506  0.00174393
          19    0.392038    0.380165  0.00177249
          20    0.373034    0.379809  0.00171936
           1    0.355157    0.355157           0
           2    0.353127    0.354142 0.000717496
           3    0.351464    0.353249 0.000871837
           4    0.353062    0.353203 0.000655133
           5    0.348537     0.35227 0.000985483
           6    0.345532    0.351147  0.00131353
           7     0.35293    0.351401  0.00115033
           8    0.356224    0.352004  0.00115374
           9    0.351843    0.351986  0.00102568
          10     0.34952     0.35174 0.000952303
          11    0.354043    0.351949 0.000888458
          12    0.345782    0.351435 0.000951496
          13    0.351677    0.351454 0.000878487
          14    0.360156    0.352075  0.00101202
          15    0.353882    0.352196 0.000951685
          16    0.338523    0.351341   0.0012168
          17    0.356552    0.351648  0.00118319
          18    0.359145    0.352064  0.00118852
          19      0.3559    0.352266  0.00114298
          20    0.352342     0.35227  0.00108584
           1    0.358748    0.358748           0
           2    0.353964    0.356356  0.00169131
           3    0.352354    0.355022  0.00156782
           4    0.347777    0.353211   0.0019604
           5    0.345444    0.351657  0.00209528
           6    0.349137    0.351237  0.00178768
           7    0.350706    0.351162   0.0015339
           8    0.358864    0.352124   0.0016163
           9    0.351819     0.35209  0.00143707
          10    0.347423    0.351624  0.00136705
          11     0.35129    0.351593  0.00124311
          12     0.34095    0.350706  0.00142114
          13    0.352362    0.350834  0.00131751
          14    0.356788    0.351259  0.00129023
          15    0.346256    0.350926  0.00124659
          16     0.33809    0.350123  0.00140325
          17    0.351656    0.350213   0.0013236
          18    0.355527    0.350509  0.00128257
          19     0.35595    0.350795  0.00124662
          20    0.351157    0.350813  0.00118442
           1    0.326283    0.326283           0
           2    0.326443    0.326363 5.63502e-05
           3    0.323936    0.325554 0.000661496
           4    0.321116    0.324445  0.00108146
           5    0.320872     0.32373  0.00107556
           6    0.313407     0.32201  0.00180831
           7    0.323568    0.322232  0.00156363
           8    0.325097     0.32259  0.00140859
           9    0.326789    0.323057  0.00132707
          10    0.324276    0.323179  0.00119995
          11    0.324971    0.323342  0.00110187
          12    0.321562    0.323193  0.00101998
          13    0.325158    0.323345 0.000952648
          14    0.332218    0.323978  0.00107498
          15     0.32035    0.323736  0.00103017
          16    0.313063    0.323069  0.00116186
          17    0.327826    0.323349   0.0011267
          18    0.326952    0.323549  0.00108174
          19    0.327018    0.323732   0.0010401
          20    0.323679    0.323729 0.000988094
           1    0.329445    0.329445           0
           2    0.326198    0.327821  0.00114792
           3     0.32455    0.326731  0.00117406
           4    0.317362    0.324388  0.00221133
           5    0.319386    0.323388   0.0019825
           6    0.315816    0.322126   0.0020141
           7    0.320391    0.321878  0.00174155
           8    0.327118    0.322533   0.0016424
           9    0.326416    0.322964   0.0015155
          10    0.326081    0.323276  0.00139563
          11    0.320691    0.323041  0.00128839
          12    0.317866     0.32261  0.00125113
          13    0.324636    0.322766  0.00116455
          14    0.331411    0.323383   0.0012343
          15    0.311955    0.322621  0.00136707
          16    0.314305    0.322102   0.0013769
          17    0.325855    0.322322  0.00131349
          18    0.326698    0.322565  0.00126282
          19    0.324291    0.322656  0.00119961
          20    0.322334     0.32264  0.00113974
           1    0.295706    0.295706           0
           2     0.29629    0.295998 0.000206355
           3    0.298307    0.296768 0.000643244
           4    0.296047    0.296588 0.000507068
           5     0.29409    0.296088 0.000603493
           6     0.29193    0.295395 0.000808125
           7     0.29912    0.295927 0.000850048
           8    0.305088    0.297072  0.00130409
           9    0.291906    0.296498  0.00127931
          10    0.297918     0.29664  0.00115923
          11    0.298678    0.296826  0.00106855
          12    0.294514    0.296633 0.000996715
          13    0.297552    0.296704 0.000922548
          14    0.307061    0.297443   0.0011145
          15    0.296605    0.297388   0.0010416
          16    0.291083    0.296994  0.00104838
          17    0.297328    0.297013 0.000986892
          18     0.29606     0.29696 0.000933484
          19    0.304424    0.297353 0.000963467
          20      0.2928    0.297125 0.000941807
           1    0.293974    0.293974           0
           2    0.298061    0.296018  0.00144514
           3     0.30112    0.297719   0.0016902
           4    0.294376    0.296883  0.00145967
           5    0.293318     0.29617  0.00133052
           6    0.294383    0.295872  0.00114163
           7    0.298909    0.296306  0.00105777
           8    0.305094    0.297404  0.00138291
           9    0.294586    0.297091  0.00126422
          10    0.297544    0.297136   0.0011386
          11    0.295923    0.297026  0.00104043
          12    0.291353    0.296553  0.00105568
          13    0.299703    0.296796  0.00100189
          14    0.302145    0.297178  0.00100055
          15    0.289654    0.296676   0.0010521
          16    0.294025     0.29651 0.000999303
          17    0.296534    0.296512 0.000940522
          18     0.29292    0.296312 0.000909194
          19    0.300445     0.29653 0.000886973
          20    0.293667    0.296387 0.000854092
           1    0.275032    0.275032           0
           2     0.27043    0.272731   0.0016268
           3    0.271823    0.272428  0.00111231
           4    0.269222    0.271627  0.00108534
           5    0.276289    0.272559  0.00120398
           6    0.267869    0.271778   0.0012312
           7    0.278868     0.27279  0.00141176
           8    0.277428     0.27337  0.00134905
           9    0.269291    0.272917  0.00127302
          10    0.272689    0.272894  0.00114592
          11    0.272416    0.272851  0.00104257
          12    0.272684    0.272837 0.000955784
          13    0.271163    0.272708 0.000890889
          14    0.271103    0.272593 0.000834594
          15    0.272346    0.272577 0.000779118
          16    0.266582    0.272202 0.000815542
          17    0.273436    0.272275  0.00077079
          18    0.264841    0.271862 0.000831273
          19    0.280784    0.272331 0.000910553
          20    0.268043    0.272117 0.000889915
           1     0.27179     0.27179           0
           2    0.273359    0.272574 0.000554564
           3    0.275183    0.273444 0.000800452
           4    0.268534    0.272216  0.00122075
           5    0.276207    0.273015  0.00120971
           6    0.269711    0.272464  0.00112645
           7    0.277538    0.273189  0.00117582
           8    0.279509    0.273979  0.00126672
           9    0.274073    0.273989  0.00112601
          10    0.270242    0.273615  0.00107396
          11    0.269355    0.273227   0.0010438
          12    0.272293    0.273149 0.000959715
          13    0.273315    0.273162 0.000885975
          14    0.267222    0.272738  0.00091868
          15    0.268477    0.272454 0.000900284
          16    0.271098    0.272369 0.000847994
          17    0.274702    0.272506 0.000809144
          18    0.265723     0.27213  0.00084741
          19    0.278645    0.272472  0.00086943
          20    0.270833     0.27239 0.000829812
           1    0.254351    0.254351           0
           2    0.251271    0.252811  0.00108877
           3      0.2498    0.251807   0.0010948
           4    0.250292    0.251429 0.000884208
           5    0.256704    0.252484  0.00117934
           6    0.249281     0.25195  0.00109692
           7    0.256218     0.25256  0.00109669
           8    0.250783    0.252338 0.000981838
           9    0.243308    0.251334  0.00128703
          10    0.247127    0.250914  0.00122516
          11     0.25115    0.250935  0.00111397
          12       0.249    0.250774  0.00103275
          13    0.248186    0.250575 0.000972299
          14    0.251267    0.250624 0.000904107
          15    0.249213     0.25053 0.000848713
          16    0.246296    0.250265 0.000835911
          17    0.250335     0.25027 0.000786749
          18     0.24573    0.250017 0.000782423
          19    0.257016    0.250386 0.000823407
          20    0.248083    0.250271 0.000790242
           1    0.251123    0.251123           0
           2    0.252351    0.251737 0.000434437
           3    0.250179    0.251218  0.00051345
           4    0.249918    0.250893 0.000476915
           5    0.254318    0.251578 0.000721718
           6    0.252088    0.251663 0.000606424
           7    0.252065     0.25172 0.000522503
           8    0.253568    0.251951 0.000505671
           9    0.250948     0.25184 0.000461612
          10    0.244031    0.251059 0.000849325
          11    0.251209    0.251073 0.000772223
          12    0.247846    0.250804 0.000753236
          13    0.250696    0.250795  0.00069534
          14    0.246502    0.250489 0.000710077
          15    0.244447    0.250086 0.000768546
          16    0.248338    0.249977  0.00072824
          17    0.251651    0.250075  0.00069203
          18    0.246151    0.249857 0.000687063
          19    0.254239    0.250088 0.000688524
          20    0.249141    0.250041 0.000655721
           1    0.231665    0.231665           0
           2    0.232013    0.231839 0.000123112
           3    0.229141    0.230939 0.000738949
           4    0.232361    0.231295  0.00063391
           5    0.237339    0.232504   0.0011943
           6    0.229624    0.232024  0.00108743
           7    0.233443    0.232226 0.000950786
           8    0.234166    0.232469  0.00086231
           9    0.226251    0.231778  0.00100587
          10    0.223251    0.230925  0.00121406
          11    0.229219     0.23077  0.00111356
          12    0.234372     0.23107  0.00106044
          13    0.229136    0.230922 0.000989246
          14    0.229314    0.230807 0.000925228
          15    0.230138    0.230762 0.000864621
          16    0.226978    0.230526 0.000842308
          17    0.230088      0.2305 0.000793154
          18    0.228692    0.230399 0.000755423
          19    0.233579    0.230567  0.00073397
          20    0.232867    0.230682 0.000706227
           1    0.230326    0.230326           0
           2    0.231177    0.230751 0.000300818
           3    0.229842    0.230448 0.000318571
           4    0.233734     0.23127 0.000750434
           5    0.235387    0.232093 0.000950142
           6    0.231564    0.232005 0.000795868
           7    0.233633    0.232237 0.000715336
           8    0.235516    0.232647 0.000734003
           9    0.230551    0.232414 0.000688399
          10    0.221395    0.231312  0.00121516
          11    0.230093    0.231202  0.00110974
          12    0.233257    0.231373   0.0010304
          13    0.230345    0.231294 0.000954164
          14    0.226084    0.230922 0.000955817
          15    0.226625    0.230635 0.000934029
          16    0.229385    0.230557 0.000878916
          17    0.230242    0.230539  0.00082741
          18    0.230792    0.230553 0.000781562
          19     0.23059    0.230555  0.00074043
          20     0.23214    0.230634 0.000707638
           1    0.211617    0.211617           0
           2    0.209736    0.210676 0.000664863
           3    0.211909    0.211087  0.00055591
           4    0.212166    0.211357 0.000477887
           5    0.216592    0.212404  0.00101154
           6    0.211556    0.212263 0.000852777
           7    0.218206    0.213112  0.00107335
           8    0.217683    0.213683  0.00108065
           9    0.210632    0.213344  0.00101237
          10    0.204671    0.212477  0.00122769
          11    0.211734    0.212409  0.00111794
          12    0.216226    0.212727  0.00106907
          13    0.214347    0.212852 0.000994063
          14     0.21077    0.212703 0.000934113
          15     0.21354    0.212759 0.000873502
          16    0.209444    0.212552 0.000843125
          17    0.212745    0.212563 0.000793605
          18    0.211541    0.212506 0.000751543
          19    0.219408     0.21287 0.000794931
          20    0.214958    0.212974 0.000762012
           1    0.210382    0.210382           0
           2     0.21019    0.210286 6.77968e-05
           3    0.211871    0.210814 0.000433522
           4    0.216468    0.212228  0.00126648
           5    0.214358    0.212654  0.00108249
           6    0.214174    0.212907 0.000931249
           7    0.218446    0.213699  0.00108344
           8    0.218411    0.214288  0.00109652
           9    0.213543    0.214205   0.0009778
          10    0.204541    0.213239  0.00127078
          11    0.212974    0.213214  0.00115548
          12    0.213921    0.213273  0.00106069
          13    0.213227     0.21327 0.000979104
          14     0.21062    0.213081 0.000927277
          15    0.211138    0.212951 0.000874452
          16    0.209851    0.212757 0.000840984
          17    0.212156    0.212722 0.000792259
          18     0.21108    0.212631  0.00075348
          19    0.215553    0.212785 0.000729357
          20    0.214256    0.212858  0.00069659
           1    0.198181    0.198181           0
           2     0.19318     0.19568  0.00176808
           3    0.195981    0.195781  0.00118156
           4    0.194978     0.19558 0.000903054
           5    0.197749    0.196014  0.00082003
           6    0.199823    0.196649 0.000896076
           7    0.203392    0.197612  0.00117706
           8    0.200089    0.197922  0.00106988
           9     0.19491    0.197587  0.00100197
          10    0.193796    0.197208 0.000970835
          11    0.195625    0.197064 0.000893182
          12    0.200467    0.197348 0.000862587
          13    0.201616    0.197676 0.000856438
          14    0.191938    0.197266 0.000887929
          15    0.195029    0.197117 0.000841168
          16    0.196911    0.197104 0.000788693
          17    0.196216    0.197052 0.000744026
          18    0.195473    0.196964 0.000707839
          19    0.203287    0.197297 0.000744709
          20    0.198588    0.197361 0.000710265
           1    0.195518    0.195518           0
           2    0.195225    0.195372 0.000103404
           3    0.197156    0.195966 0.000490436
           4    0.197779    0.196419 0.000537852
           5    0.196914    0.196518 0.000439295
           6    0.200733    0.197221 0.000738363
           7     0.20228    0.197944 0.000921019
           8    0.201346    0.198369  0.00089875
           9    0.196953    0.198212 0.000812547
          10    0.193723    0.197763 0.000846218
          11    0.194768     0.19749 0.000811902
          12    0.198169    0.197547 0.000746208
          13    0.198821    0.197645  0.00069521
          14    0.194622    0.197429 0.000678266
          15    0.193353    0.197157 0.000685334
          16    0.196886     0.19714 0.000642711
          17    0.196853    0.197123 0.000605126
          18     0.19519    0.197016 0.000580958
          19    0.198464    0.197092 0.000555357
          20    0.197938    0.197135 0.000529198
           1    0.227635    0.227635           0
           2     0.29549    0.261563   0.0239905
           3    0.252859    0.258661   0.0161681
           4    0.254407    0.257598    0.012161
           5    0.358304    0.277739    0.020474
           6    0.311049    0.283291   0.0177984
           7    0.300476    0.285746   0.0154242
           8    0.226262     0.27831   0.0151829
           9    0.338498    0.284998   0.0148961
          10    0.307706    0.287269   0.0135785
          11    0.179627    0.277483   0.0154735
          12    0.345149    0.283122   0.0151768
          13    0.305213    0.284821   0.0141041
          14    0.290838    0.285251   0.0131032
          15    0.407835    0.293423   0.0145568
          16    0.186729    0.286755   0.0150973
          17    0.199256    0.281608    0.015061
          18     0.25905    0.280355   0.0142763
          19    0.275619    0.280105   0.0135271
          20    0.303269    0.281264   0.0129003
           1    0.203837    0.203837           0
           2    0.293134    0.248486   0.0315714
           3    0.255146    0.250706   0.0211255
           4    0.254291    0.251602   0.0158631
           5    0.356413    0.272564   0.0226402
           6     0.31038    0.278867   0.0197246
           7    0.299826    0.281861   0.0171325
           8    0.225475    0.274813   0.0163768
           9    0.337715    0.281802    0.015979
          10    0.306149    0.284237   0.0145654
          11    0.179976    0.274758   0.0160313
          12    0.344204    0.280546   0.0157052
          13    0.305972    0.282501   0.0146184
          14    0.290849    0.283098   0.0135864
          15    0.408312    0.291445   0.0150278
          16    0.188172    0.284991   0.0154125
          17    0.198609     0.27991   0.0153206
          18    0.258353    0.278712   0.0145162
          19    0.278267    0.278689   0.0137522
          20    0.303118     0.27991   0.0131187
           1    0.530564    0.530564           0
           2    0.495727    0.513145   0.0123167
           3    0.476607    0.500966   0.0128963
           4    0.512025    0.503731  0.00996413
           5     0.46929    0.496843   0.0100747
           6    0.500093    0.497384   0.0084101
           7    0.505067    0.498482  0.00727991
           8    0.466152     0.49444  0.00740718
           9    0.488559    0.493787  0.00661292
          10    0.509128    0.495321  0.00612698
          11    0.459179    0.492035  0.00639051
          12    0.465291    0.489807  0.00623449
          13    0.488014    0.489669  0.00575644
          14    0.461974    0.487691    0.005675
          15    0.503789    0.488764   0.0053972
          16     0.46235    0.487113  0.00530636
          17    0.467773    0.485975  0.00511471
          18    0.422671    0.482458   0.0059174
          19     0.46844    0.481721  0.00565177
          20    0.434926    0.479381  0.00583341
           1    0.519892    0.519892           0
           2     0.49397    0.506931  0.00916478
           3    0.474732    0.496198    0.010683
           4    0.515265    0.500965  0.00901314
           5    0.463762    0.493524  0.00981224
           6    0.500338     0.49466  0.00824232
           7    0.501388    0.495621  0.00712066
           8    0.465031    0.491797  0.00718426
           9    0.489477    0.491539  0.00639063
          10    0.509535    0.493339  0.00599958
          11    0.455843     0.48993  0.00634909
          12    0.462582    0.487651  0.00621559
          13    0.488977    0.487753   0.0057383
          14    0.465228    0.486144   0.0055494
          15    0.504504    0.487368   0.0053127
          16    0.460519     0.48569  0.00523898
          17    0.464212    0.484427  0.00508086
          18    0.425066    0.481129  0.00577044
          19    0.470143    0.480551  0.00549562
          20    0.434831    0.478265  0.00567641
           1    0.502545    0.502545           0
           2    0.541192    0.521869   0.0136638
           3    0.559682    0.534473   0.0137438
           4    0.534771    0.534548   0.0103081
           5     0.52007    0.531652  0.00864355
           6     0.52969    0.531325  0.00720914
           7    0.601467    0.541346   0.0111465
           8     0.53818     0.54095  0.00976023
           9     0.58614    0.545971  0.00988331
          10     0.52072    0.543446  0.00921189
          11    0.525615    0.541825  0.00851588
          12    0.494503    0.537881  0.00867134
          13    0.514055    0.536049  0.00819572
          14     0.49436    0.533071   0.0081333
          15    0.531125    0.532941  0.00759211
          16    0.540449     0.53341  0.00713209
          17    0.525455    0.532942  0.00672789
          18    0.552913    0.534052  0.00644496
          19     0.48596    0.531521  0.00658405
          20    0.532162    0.531553  0.00625493
           1    0.501376    0.501376           0
           2    0.536428    0.518902   0.0123928
           3    0.563121    0.533642   0.0145977
           4    0.535581    0.534126   0.0109564
           5    0.516989    0.530699  0.00928573
           6    0.531012    0.530751  0.00773826
           7     0.60245    0.540994   0.0115723
           8    0.533591    0.540068   0.0101627
           9    0.591066    0.545735    0.010495
          10    0.520643    0.543226  0.00974083
          11     0.52482    0.541552  0.00899786
          12    0.488518    0.537133   0.0092701
          13    0.512575    0.535244  0.00874738
          14    0.502011     0.53287  0.00843851
          15    0.530144    0.532688   0.0078779
          16    0.539815    0.533134  0.00739811
          17     0.51753    0.532216  0.00701964
          18     0.55495    0.533479  0.00674233
          19    0.485084    0.530932  0.00685172
          20    0.532807    0.531025  0.00650978
           1     0.50001     0.50001           0
           2    0.495079    0.497545  0.00174314
           3    0.476439    0.490509  0.00586056
           4     0.50694    0.494617  0.00565454
           5    0.493433     0.49438  0.00452859
           6    0.574364    0.507711   0.0127409
           7    0.525329    0.510228   0.0111666
           8    0.492485     0.50801   0.0099886
           9    0.524452    0.509837  0.00904428
          10    0.498767     0.50873  0.00820731
          11    0.559543    0.513349  0.00866417
          12    0.511534    0.513198  0.00794348
          13    0.472863    0.510095  0.00791524
          14    0.480012    0.507946  0.00763596
          15    0.469604     0.50539  0.00754261
          16    0.481741    0.503912  0.00721457
          17    0.516001    0.504623  0.00682514
          18    0.509859    0.504914  0.00645216
          19    0.491023    0.504183  0.00615385
          20    0.498719     0.50391  0.00585222
           1    0.504113    0.504113           0
           2    0.498564    0.501338  0.00196183
           3    0.484722    0.495799   0.0047077
           4    0.507106    0.498626  0.00429633
           5    0.495708    0.498042  0.00347647
           6    0.571581    0.510299   0.0115575
           7    0.517619    0.511344  0.00995361
           8    0.489766    0.508647  0.00906752
           9     0.52823    0.510823    0.008317
          10    0.503608    0.510102  0.00751653
          11     0.55202    0.513912  0.00773914
          12    0.509465    0.513542  0.00710308
          13    0.475323    0.510602  0.00713922
          14    0.484658    0.508749  0.00686558
          15    0.468302    0.506052  0.00691715
          16    0.486005    0.504799  0.00659732
          17    0.518857    0.505626  0.00626086
          18    0.511597    0.505958  0.00592181
          19    0.488138     0.50502  0.00568392
          20    0.504192    0.504979  0.00539988
           1    0.483357    0.483357           0
           2    0.488002     0.48568  0.00164229
           3    0.446257    0.472539   0.0107853
           4    0.467835    0.471363  0.00815286
           5    0.451133    0.467317  0.00745897
           6    0.474294     0.46848  0.00630581
           7    0.462512    0.467627   0.0054623
           8    0.473073    0.468308  0.00482175
           9    0.477015    0.469276  0.00438199
          10    0.476555    0.470003   0.0040038
          11    0.457296    0.468848  0.00380282
          12    0.479709    0.469753  0.00359201
          13    0.462515    0.469197  0.00335858
          14    0.450913    0.467891  0.00336302
          15    0.486686    0.469144  0.00336417
          16    0.471881    0.469315  0.00315826
          17    0.484661    0.470217  0.00309881
          18    0.446938    0.468924  0.00318512
          19       0.442    0.467507  0.00331776
          20    0.466878    0.467476  0.00315202
           1    0.486677    0.486677           0
           2    0.481132    0.483904   0.0019606
           3     0.44824    0.472016  0.00979418
           4    0.470822    0.471718  0.00735018
           5    0.453273    0.468029  0.00674258
           6    0.469047    0.468199  0.00562095
           7    0.463072    0.467466  0.00486543
           8    0.466018    0.467285  0.00426062
           9    0.479242    0.468614  0.00398896
          10    0.483726    0.470125  0.00386574
          11    0.460746    0.469272  0.00360711
          12    0.471923    0.469493  0.00331327
          13    0.460848    0.468828  0.00312444
          14    0.448531    0.467378   0.0032201
          15    0.489028    0.468822  0.00331314
          16    0.480711    0.469565  0.00318832
          17    0.485034    0.470475  0.00312792
          18    0.455139    0.469623  0.00306799
          19    0.442987    0.468221  0.00321087
          20    0.473968    0.468508  0.00306315
           1    0.431249    0.431249           0
           2    0.450289    0.440769  0.00673159
           3    0.418605    0.433381  0.00751864
           4    0.446283    0.436607  0.00629289
           5     0.43749    0.436783  0.00503679
           6    0.431599    0.435919  0.00427078
           7    0.464072    0.439941  0.00522156
           8    0.427709    0.438412  0.00478751
           9    0.440568    0.438651  0.00426155
          10    0.441717    0.438958  0.00384641
          11    0.440108    0.439063  0.00349815
          12    0.425966    0.437971  0.00337259
          13    0.439411    0.438082  0.00311497
          14     0.44483    0.438564  0.00292953
          15    0.440525    0.438695  0.00273714
          16    0.428029    0.438028    0.002646
          17    0.451655     0.43883  0.00260895
          18    0.436326    0.438691  0.00246772
          19    0.412574    0.437316  0.00269359
          20    0.422916    0.436596   0.0026534
           1    0.432043    0.432043           0
           2    0.442472    0.437257  0.00368736
           3    0.413363    0.429293  0.00695223
           4    0.451574    0.434863  0.00710348
           5    0.445973    0.437085  0.00602031
           6    0.428806    0.435705  0.00517263
           7    0.467571    0.440258  0.00611714
           8     0.42022    0.437753  0.00584282
           9    0.436434    0.437606  0.00519546
          10    0.444234    0.438269  0.00471799
          11    0.447265    0.439087  0.00435939
          12    0.420996    0.437579   0.0042488
          13    0.441318    0.437867  0.00393169
          14    0.448018    0.438592  0.00371711
          15    0.440532    0.438721  0.00347156
          16    0.432607    0.438339  0.00327555
          17    0.453665    0.439241  0.00320453
          18    0.436988    0.439115  0.00302894
          19    0.414778    0.437835  0.00312867
          20    0.422306    0.437058  0.00306706
           1    0.413401    0.413401           0
           2     0.40719    0.410295  0.00219591
           3    0.391292    0.403961  0.00537532
           4    0.428302    0.410046  0.00663514
           5    0.412682    0.410573  0.00532901
           6    0.411422    0.410715  0.00444272
           7    0.392535    0.408118  0.00450365
           8    0.407355    0.408022   0.0039417
           9    0.407506    0.407965  0.00350415
          10     0.40974    0.408142  0.00315823
          11    0.418862    0.409117  0.00301772
          12    0.397502    0.408149  0.00291734
          13     0.42878    0.409736  0.00309463
          14    0.402764    0.409238  0.00291338
          15    0.417626    0.409797   0.0027723
          16    0.410226    0.409824  0.00259916
          17    0.417259    0.410261  0.00248279
          18    0.408664    0.410173  0.00234644
          19    0.403678    0.409831   0.0022477
          20    0.401045    0.409392  0.00217782
           1     0.42371     0.42371           0
           2    0.406251    0.414981  0.00617279
           3    0.396163    0.408708  0.00657008
           4     0.41823    0.411088   0.0053414
           5    0.414803    0.411831  0.00432446
           6    0.409907     0.41151   0.0036156
           7    0.388409     0.40821  0.00435195
           8    0.399614    0.407136  0.00393837
           9    0.403407    0.406722  0.00352249
          10      0.4098    0.407029  0.00318367
          11    0.411991     0.40748  0.00292602
          12    0.396527    0.406568  0.00282097
          13    0.436141    0.408843  0.00339965
          14    0.400868    0.408273  0.00320417
          15    0.419218    0.409003  0.00307252
          16    0.409622    0.409041  0.00288074
          17    0.416307    0.409469   0.0027428
          18    0.409343    0.409462  0.00259043
          19    0.410604    0.409522  0.00245479
          20    0.401039    0.409098  0.00236841
           1     0.37467     0.37467           0
           2    0.380805    0.377737  0.00216894
           3    0.379562    0.378345  0.00152885
           4    0.386941    0.380494  0.00218583
           5    0.374385    0.379272  0.00206205
           6    0.382489    0.379808   0.0017867
           7    0.383207    0.380294  0.00159606
           8    0.385241    0.380912  0.00151161
           9    0.377687    0.380554  0.00138549
          10    0.365356    0.379034  0.00190625
          11    0.388977    0.379938  0.00193543
          12     0.35729    0.378051  0.00253237
          13    0.392699    0.379177  0.00257609
          14    0.369423    0.378481  0.00248453
          15    0.378948    0.378512  0.00231909
          16    0.380717     0.37865  0.00217824
          17    0.389648    0.379297  0.00214404
          18    0.379253    0.379294  0.00202492
          19    0.366941    0.378644  0.00202003
          20    0.363788    0.377901  0.00205106
           1    0.381518    0.381518           0
           2    0.381247    0.381383 9.58231e-05
           3    0.376651    0.379806  0.00128938
           4    0.380266    0.379921 0.000972167
           5    0.376226    0.379182   0.0010207
           6    0.379254    0.379194 0.000850651
           7    0.381377    0.379506 0.000784213
           8    0.388423     0.38062  0.00124821
           9    0.371045    0.379556  0.00149576
          10      0.3703    0.378631  0.00160729
          11    0.381296    0.378873  0.00147932
          12    0.353226    0.376736  0.00245479
          13    0.383063    0.377222  0.00231371
          14    0.369835    0.376695   0.0022078
          15    0.373579    0.376487  0.00207036
          16    0.377725    0.376564   0.0019424
          17    0.393346    0.377552  0.00206379
          18    0.384028    0.377911  0.00198025
          19    0.370892    0.377542  0.00191017
          20    0.362467    0.376788  0.00195774
           1     0.34107     0.34107           0
           2    0.350189     0.34563   0.0032241
           3    0.348922    0.346727  0.00232867
           4    0.342618      0.3457  0.00196007
           5    0.340218    0.344603  0.00184942
           6    0.345717    0.344789  0.00155048
           7    0.341908    0.344377  0.00138252
           8    0.351808    0.345306   0.0014894
           9    0.357702    0.346683  0.00185442
          10    0.342016    0.346217  0.00172673
          11    0.361029    0.347563  0.00202794
          12    0.349253    0.347704  0.00186383
          13    0.357925     0.34849  0.00187898
          14    0.350838    0.348658  0.00175223
          15     0.35439     0.34904  0.00167656
          16    0.351821    0.349214  0.00158076
          17    0.349197    0.349213  0.00148778
          18    0.346937    0.349087  0.00141048
          19    0.344946    0.348869  0.00135298
          20    0.344475    0.348649  0.00130304
           1    0.345971    0.345971           0
           2    0.349115    0.347543  0.00111168
           3    0.348179    0.347755 0.000761031
           4    0.346214     0.34737 0.000661162
           5    0.341045    0.346105  0.00124893
           6    0.351107    0.346938  0.00128934
           7    0.344207    0.346548  0.00116271
           8    0.357877    0.347964  0.00167027
           9    0.355811    0.348836  0.00169707
          10    0.346614    0.348614  0.00154184
          11    0.358268    0.349492  0.00163244
          12    0.346415    0.349235   0.0015164
          13    0.346745    0.349044   0.0014118
          14    0.344571    0.348724  0.00134662
          15    0.352499    0.348976  0.00128014
          16    0.352801    0.349215  0.00122225
          17     0.35269    0.349419  0.00116733
          18     0.35823    0.349909  0.00120071
          19    0.347814    0.349799  0.00114257
          20    0.342697    0.349443  0.00113928
           1     0.30766     0.30766           0
           2    0.325342    0.316501  0.00625153
           3     0.32404    0.319014  0.00464536
           4     0.31896    0.319001  0.00348404
           5    0.327161    0.320633  0.00314631
           6    0.322909    0.321012  0.00264471
           7    0.314013    0.320012  0.00244864
           8     0.32612    0.320776  0.00225844
           9    0.322109    0.320924  0.00201236
          10    0.313495    0.320181  0.00194343
          11    0.320205    0.320183  0.00176676
          12    0.317194    0.319934  0.00163699
          13    0.323045    0.320173  0.00152847
          14    0.323117    0.320384  0.00143368
          15    0.318496    0.320258  0.00134362
          16    0.337248     0.32132  0.00162597
          17    0.325031    0.321538  0.00154492
          18    0.317976     0.32134   0.0014717
          19    0.321525     0.32135  0.00139428
          20    0.320638    0.321314  0.00132502
           1    0.316805    0.316805           0
           2    0.328276     0.32254  0.00405531
           3    0.320728    0.321936  0.00274818
           4    0.326708    0.323129  0.00230554
           5    0.328366    0.324177  0.00206871
           6    0.322806    0.323948  0.00173649
           7    0.311528    0.322174  0.00221668
           8     0.32575    0.322621  0.00198416
           9    0.318299    0.322141  0.00182088
          10    0.316161    0.321543  0.00173419
          11    0.318082    0.321228  0.00160483
          12     0.31379    0.320608  0.00158628
          13    0.320736    0.320618  0.00146428
          14     0.32304    0.320791  0.00136987
          15    0.319184    0.320684  0.00128273
          16    0.333901     0.32151  0.00144427
          17    0.329966    0.322007  0.00144243
          18    0.327852    0.322332  0.00139836
          19    0.320633    0.322243  0.00132762
          20    0.320121    0.322137  0.00126547
           1    0.294325    0.294325           0
           2    0.299372    0.296849  0.00178442
           3    0.293052    0.295583   0.0015758
           4    0.291964    0.294678  0.00141804
           5    0.306327    0.297008  0.00237252
           6    0.296511    0.296925  0.00197855
           7    0.299025    0.297225   0.0017185
           8    0.301251    0.297728  0.00157565
           9     0.29134    0.297019  0.00155224
          10    0.295098    0.296826  0.00140885
          11    0.298261    0.296957  0.00128679
          12    0.300565    0.297258  0.00121417
          13    0.298795    0.297376  0.00112652
          14    0.301307    0.297657  0.00108049
          15    0.293332    0.297368  0.00104622
          16    0.307567    0.298006  0.00115887
          17    0.297878    0.297998  0.00109072
          18    0.293683    0.297758  0.00105614
          19    0.304102    0.298092    0.001052
          20    0.293149    0.297845  0.00102803
           1    0.296141    0.296141           0
           2    0.299957    0.298049  0.00134941
           3    0.288415    0.294838  0.00277197
           4    0.295298    0.294953  0.00208137
           5    0.300592    0.296081  0.00194686
           6    0.299846    0.296708  0.00172057
           7     0.29482    0.296439  0.00149577
           8    0.296832    0.296488  0.00130961
           9    0.291213    0.295902  0.00128858
          10    0.295971    0.295909  0.00115974
          11    0.294889    0.295816  0.00105801
          12    0.296804    0.295898 0.000973035
          13    0.295687    0.295882 0.000898322
          14    0.303411     0.29642 0.000982022
          15    0.292751    0.296175 0.000946527
          16    0.303273    0.296619 0.000985853
          17    0.301022    0.296878 0.000961281
          18    0.298545     0.29697  0.00091233
          19    0.307077    0.297502  0.00100752
          20    0.297888    0.297522 0.000957331
           1    0.271584    0.271584           0
           2    0.271485    0.271535 3.51451e-05
           3    0.273387    0.272152 0.000504689
           4    0.268617    0.271268 0.000853775
           5     0.27736    0.272487  0.00128605
           6    0.275779    0.273035  0.00118299
           7    0.272487    0.272957  0.00101658
           8    0.277017    0.273465  0.00100827
           9    0.276741    0.273829 0.000959723
          10    0.274175    0.273863 0.000864377
          11    0.272421    0.273732 0.000795679
          12    0.272635    0.273641 0.000734606
          13    0.264495    0.272937 0.000957433
          14    0.272349    0.272895 0.000889966
          15    0.272439    0.272865 0.000831154
          16    0.277698    0.273167 0.000832298
          17    0.278587    0.273486   0.0008422
          18    0.275334    0.273588 0.000801647
          19    0.269657    0.273382 0.000785702
          20    0.271959     0.27331 0.000749631
           1    0.271359    0.271359           0
           2    0.271955    0.271657 0.000210734
           3    0.273505    0.272273 0.000522147
           4    0.270262     0.27177 0.000585711
           5    0.279577    0.273332  0.00147303
           6    0.274802    0.273577  0.00124775
           7    0.271915    0.273339  0.00109185
           8    0.271098    0.273059 0.000990666
           9     0.27516    0.273293 0.000907673
          10     0.27591    0.273554 0.000853822
          11    0.273281     0.27353 0.000776563
          12    0.268826    0.273138 0.000804694
          13     0.26699    0.272665  0.00087071
          14      0.2741    0.272767 0.000814528
          15    0.273142    0.272792 0.000760609
          16    0.278185    0.273129 0.000784192
          17    0.279383    0.273497  0.00081981
          18    0.279186    0.273813 0.000832955
          19    0.272324    0.273735 0.000792795
          20    0.270758    0.273586 0.000767002
           1    0.250331    0.250331           0
           2     0.25022    0.250276 3.92395e-05
           3    0.248053    0.249535 0.000605454
           4    0.250797     0.24985 0.000529963
           5    0.258148     0.25151  0.00154374
           6    0.253703    0.251876  0.00132901
           7    0.248168    0.251346  0.00124019
           8    0.247905    0.250916  0.00115736
           9    0.252974    0.251144  0.00105113
          10    0.250594    0.251089 0.000947452
          11    0.250108       0.251 0.000865512
          12    0.255419    0.251368 0.000868193
          13    0.246124    0.250965 0.000890215
          14    0.244898    0.250532 0.000926109
          15    0.251968    0.250627 0.000869301
          16    0.255322    0.250921 0.000863076
          17    0.251709    0.250967 0.000813551
          18     0.24354    0.250555 0.000866704
          19    0.248391    0.250441 0.000828535
          20    0.254866    0.250662 0.000816116
           1    0.245513    0.245513           0
           2    0.251288    0.248401   0.0020418
           3    0.244408     0.24707  0.00174186
           4    0.250172    0.247845  0.00146897
           5    0.253642    0.249005  0.00156725
           6    0.256709    0.250289  0.00175488
           7    0.246158    0.249699  0.00160032
           8    0.250274    0.249771  0.00140189
           9    0.250538    0.249856  0.00124872
          10    0.250964    0.249967  0.00112875
          11    0.246207    0.249625  0.00107664
          12    0.254931    0.250067   0.0010739
          13    0.246116    0.249763  0.00103341
          14    0.245289    0.249444   0.0010078
          15    0.251626    0.249589 0.000951058
          16     0.25226    0.249756 0.000906152
          17    0.254592     0.25004 0.000896387
          18     0.24885    0.249974 0.000849022
          19    0.247976    0.249869 0.000810823
          20    0.253556    0.250054 0.000790956
           1    0.230821    0.230821           0
           2    0.235853    0.233337  0.00177894
           3    0.229555    0.232077  0.00157036
           4     0.22926    0.231372   0.0013263
           5    0.238668    0.232831  0.00168196
           6    0.232628    0.232798  0.00140198
           7    0.228669    0.232208  0.00131996
           8    0.229306    0.231845  0.00120376
           9    0.231706     0.23183  0.00107011
          10    0.225471    0.231194  0.00113643
          11      0.2375    0.231767   0.0011688
          12    0.229369    0.231567  0.00108836
          13    0.236481    0.231945  0.00106827
          14    0.230637    0.231852 0.000996046
          15    0.237704    0.232242  0.00100316
          16    0.228533     0.23201  0.00096688
          17    0.233231    0.232082  0.00091267
          18    0.227253    0.231814 0.000900532
          19    0.232472    0.231848 0.000853802
          20    0.231547    0.231833 0.000811245
           1    0.232179    0.232179           0
           2    0.234185    0.233182  0.00070922
           3    0.227953    0.231439  0.00149954
           4    0.230155    0.231118  0.00115847
           5    0.234094    0.231713  0.00106882
           6    0.236346    0.232485   0.0011359
           7    0.230031    0.232135  0.00102633
           8    0.229782    0.231841 0.000939216
           9    0.231034    0.231751 0.000839124
          10     0.23468    0.232044 0.000804701
          11    0.231644    0.232008 0.000732366
          12     0.23012     0.23185 0.000688028
          13    0.237531    0.232287 0.000761315
          14    0.233656    0.232385 0.000713186
          15    0.234992    0.232559 0.000686488
          16    0.230487    0.232429 0.000655678
          17    0.235512    0.232611 0.000641691
          18    0.230135    0.232473 0.000620606
          19    0.237585    0.232742  0.00064363
          20     0.22874    0.232542 0.000641798
           1     0.21971     0.21971           0
           2    0.214483    0.217097  0.00184791
           3    0.221173    0.218455  0.00165781
           4    0.211046    0.216603  0.00202964
           5    0.215719    0.216426  0.00163139
           6    0.209129     0.21521  0.00175522
           7    0.214385    0.215092  0.00150843
           8    0.210416    0.214508  0.00142862
           9    0.213934    0.214444  0.00127131
          10    0.212345    0.214234  0.00116138
          11    0.214474    0.214256  0.00105601
          12    0.211329    0.214012  0.00099578
          13    0.220152    0.214484  0.00102508
          14     0.20933    0.214116  0.00101583
          15     0.21426    0.214126 0.000948148
          16    0.213826    0.214107 0.000889075
          17     0.21393    0.214096 0.000836837
          18    0.213905    0.214086 0.000790413
          19     0.21608    0.214191  0.00075575
          20    0.217159    0.214339 0.000732392
           1    0.215373    0.215373           0
           2    0.214264    0.214819 0.000392007
           3    0.217376    0.215671 0.000743372
           4    0.211563    0.214644  0.00104976
           5    0.212014    0.214118 0.000962608
           6    0.213787    0.214063 0.000803752
           7    0.214384    0.214109 0.000690242
           8    0.208009    0.213346 0.000934576
           9    0.215003     0.21353 0.000848672
          10    0.216628     0.21384 0.000818371
          11    0.207715    0.213283 0.000914011
          12    0.209712    0.212986 0.000884963
          13     0.21919    0.213463 0.000936771
          14    0.213469    0.213463 0.000869859
          15    0.210997    0.213299 0.000827259
          16    0.212543    0.213252 0.000776902
          17    0.215509    0.213385 0.000742465
          18    0.215189    0.213485 0.000707949
          19    0.215573    0.213595  0.00067917
          20    0.219558    0.213893 0.000707635
           1    0.202517    0.202517           0
           2    0.195847    0.199182  0.00235834
           3    0.207455     0.20194   0.0027461
           4    0.194038    0.199964  0.00267747
           5    0.203364    0.200644  0.00222666
           6    0.202373    0.200932  0.00187409
           7    0.198373    0.200567  0.00164164
           8    0.198652    0.200327  0.00145379
           9    0.196323    0.199882  0.00135863
          10    0.199202    0.199814  0.00122447
          11    0.198121     0.19966  0.00112279
          12    0.199554    0.199651  0.00102926
          13    0.196834    0.199435 0.000972633
          14     0.19579    0.199174 0.000937362
          15    0.198959     0.19916 0.000874981
          16    0.203867    0.199454  0.00086835
          17    0.194875    0.199185 0.000858029
          18     0.19692    0.199059 0.000819534
          19    0.199194    0.199066 0.000776431
          20    0.198458    0.199036 0.000738205
           1    0.199759    0.199759           0
           2    0.198685    0.199222 0.000379856
           3    0.200706    0.199717 0.000476773
           4    0.195775    0.198731 0.000925265
           5    0.197829    0.198551 0.000757589
           6    0.200567    0.198887 0.000701871
           7    0.193956    0.198182 0.000887294
           8    0.197759    0.198129 0.000777962
           9    0.195478    0.197835 0.000745209
          10    0.200882     0.19814 0.000730332
          11    0.194186     0.19778 0.000747178
          12    0.197899     0.19779 0.000684979
          13    0.198444     0.19784 0.000634133
          14    0.196238    0.197726 0.000599077
          15    0.197828    0.197733 0.000559177
          16    0.198543    0.197783 0.000526514
          17    0.199332    0.197874 0.000503359
          18    0.194705    0.197698 0.000505252
          19    0.197993    0.197714 0.000478897
          20    0.197975    0.197727  0.00045513
