0
0
0.0113696
0.0234927
0.0312384
0.0407216
0.0486924
0.0603886
0.0740166
0.0776687
0.0715507
0.0841944
0.0943209
0.104352
0.114916
0.127085
0.133891
0.130123
0.131697
0.147541
0.174558
0.19423
0.170854
0.231194
0.204136
0.204859
0.224802
0.199331
0.225343
0.23487
0.255581
0.260356
0.277644
0.260116
0.269912
0.31599
0.306493
0.311491
0.326328
0.335659
0.320744
0.331432
0.331246
0.342498
0.376938
0.381492
0.341678
0.365946
0.394816
0.367066
0.451373
0.455797
0.4251
0.498979
0.484181
0.479894
0.547487
0.484723
0.539382
0.502315
0.495683
0.57619
0.529803
0.555903
0.504325
0.617752
0.617936
0.594341
0.615156
0.525196
0.529743
0.616594
0.60086
0.693153
0.685428
0.581441
0.579453
0.621855
0.657428
0.650753
0.691573
0.698269
0.678051
0.583982
0.691975
0.770512
0.743113
0.702259
0.818936
0.80182
0.806787
0.757589
0.830686
0.733934
0.780185
0.928464
0.844779
0.85465
0.864087
0.770027
0.845143
