0
0
0.0109674
0.0198591
0.0283816
0.0388547
0.0440554
0.0529329
0.0599699
0.0710614
0.08594
0.103634
0.0985302
0.102821
0.115831
0.107973
0.12206
0.127198
0.155182
0.141151
0.16612
0.159677
0.199415
0.19984
0.201093
0.202047
0.209295
0.239793
0.215358
0.210641
0.22831
0.285582
0.237884
0.264305
0.273344
0.283201
0.313635
0.338722
0.31269
0.297913
0.318667
0.347806
0.340398
0.363451
0.345337
0.333645
0.370571
0.401222
0.408781
0.383266
0.384714
0.399839
0.421834
0.467538
0.408094
0.444033
0.46565
0.455682
0.479175
0.458484
0.507585
0.473714
0.475157
0.522402
0.476921
0.525852
0.507433
0.525248
0.551493
0.562074
0.607039
0.562836
0.556386
0.62347
0.629642
0.620714
0.628256
0.500815
0.639066
0.628774
0.554412
0.691597
0.665379
0.667923
0.727323
0.761089
0.648897
0.731243
0.632586
0.704574
0.666742
0.698544
0.802575
0.822474
0.752403
0.619118
0.691625
0.827429
0.765257
0.749879
0.838247
