0
1
1.998
3.006
4.0086
5.067
5.987
7.051
7.9886
9.0036
9.9078
11.0482
11.856
13.0774
14.0154
14.7464
16.1776
17.0244
18.1006
18.932
20.2206
21.1096
21.9762
22.888
24.1624
25.0954
25.9828
27.0852
27.8284
29.1386
29.9194
31.1526
31.8236
33.0698
34.0434
34.5776
35.8034
37.2484
37.6876
38.7528
40.3658
40.8948
41.9776
43.045
44.109
44.5366
46.6126
46.7874
47.732
49.2966
50.088
51.1426
51.374
53.4838
53.9572
54.681
55.2266
56.5534
57.0182
59.2174
60.2512
61.6804
61.624
62.7646
64.4608
65.1796
65.8394
67.491
68.0334
69.6158
70.1992
71.6478
71.7272
72.1026
74.4146
74.8762
76.705
75.8888
77.6952
79.3526
79.6152
81.7972
82.964
82.8106
84.8252
85.121
86.6406
86.9302
87.937
89.002
89.9412
90.6876
91.5012
93.6854
93.5014
94.8662
96.2818
97.9326
98.3922
99.0862
99.7906
