1.89856
1.89344
1.88417
1.86991
1.84949
1.82124
1.78312
1.73283
1.66819
1.58775
1.49178
1.3834
1.2692
1.15847
1.061
0.984586
0.933334
0.907191
0.902477
0.9132
0.932796
0.955527
0.977307
0.995996
1.01123
1.02384
1.03506
1.04586
1.05643
1.06609
1.07363
1.07801
1.07888
1.07688
1.07342
1.07017
1.06871
1.07027
1.07538
1.0835
1.09302
1.10181
1.10803
1.11083
1.11075
1.10936
1.10839
1.10889
1.11089
1.11364
1.11622
1.11804
1.11883
1.11844
1.11659
1.11281
1.10658
1.09786
1.08764
1.07818
1.07214
1.07068
1.07239
1.07412
1.07313
1.06834
1.06055
1.05189
1.04512
1.04257
1.04526
1.05249
1.06215
1.07169
1.07919
1.08392
1.08625
1.08698
1.0868
1.08613
1.08531
1.08465
1.08427
1.08402
1.08365
1.08293
1.0818
1.08023
1.078
1.0747
1.07008
1.06441
1.05855
1.05369
1.05078
1.05014
1.05148
1.05442
1.05858
1.06364
1.06936
1.07581
1.08344
1.09273
1.10378
1.11618
1.12904
1.14117
1.15122
1.15787
1.16014
1.15758
1.15041
1.13939
1.12573
1.11091
1.09659
1.08434
1.07537
1.07016
1.06818
1.06805
1.06794
1.06617
1.06155
1.05352
1.04213
1.02794
1.01198
0.995915
0.982066
0.973239
0.972006
0.979754
0.996054
1.01877
1.04474
1.07068
1.09397
1.11315
1.12779
1.13779
1.1429
1.14277
1.13743
1.12748
1.11384
1.0974
1.07887
1.05897
1.03873
1.01973
1.00396
0.99329
0.988831
0.990402
0.996592
1.00529
1.01439
1.0222
1.02756
1.02969
1.0281
1.02261
1.0136
1.00213
0.989716
0.977802
0.967232
0.958257
0.950884
0.945252
0.941641
0.940289
0.941255
0.944412
0.949707
0.957382
0.967967
0.982039
0.999813
1.02079
1.04356
1.06591
1.08517
1.09885
1.1053
1.10421
1.0967
1.08512
1.07259
1.06216
1.056
1.05469
1.05716
1.06129
1.06484
1.06612
1.06407
1.05827
1.04878
1.03613
1.02141
1.00628
0.992776
0.983014
0.978847
0.981424
0.990826
1.00562
1.02302
1.03957
1.05233
1.05946
1.06023
1.05471
1.0435
1.02777
1.00952
0.99176
0.977966
0.971193
0.97308
0.983251
0.999419
1.01835
1.03695
1.05292
1.06484
1.07205
1.07453
1.07288
1.06824
1.06213
1.05616
1.05167
1.04928
1.04876
1.04905
1.04863
1.0463
1.0417
1.03559
1.02966
1.02598
1.02609
1.0302
1.037
1.04422
1.04957
1.05154
1.04957
1.04395
1.03561
1.02573
1.01554
1.00614
0.998447
0.993151
0.990646
0.990915
0.993496
0.997758
1.00319
1.00953
1.01653
1.02383
1.03088
1.03711
1.04216
1.04598
1.04881
1.05121
1.05406
1.05829
1.06447
1.07242
1.08136
1.09017
1.09784
1.10367
1.10726
1.1086
1.10803
1.10611
1.10342
1.10035
1.09696
1.09311
1.08858
1.08323
1.07732
1.07162
1.06741
1.06614
1.0687
1.0747
1.08244
1.08991
1.09583
1.09955
1.10047
1.09785
1.09109
1.08022
1.06619
1.0508
1.03647
1.02545
1.01901
1.01696
1.01821
1.02165
1.02665
1.03283
1.03984
1.04729
1.05486
1.06211
1.06825
1.07216
1.07271
1.0692
1.06169
1.05099
1.03866
1.02669
1.01714
1.01168
1.01109
1.01508
1.02243
1.03137
1.04006
1.04692
1.05094
1.05163
1.04908
1.04383
1.03673
1.02874
1.02079
1.01372
1.00837
1.00562
1.0063
1.01083
1.01889
1.0294
1.04088
1.05193
1.06148
1.06887
1.07376
1.07633
1.07741
1.07822
1.07958
1.08135
1.08252
1.08191
1.07876
1.07302
1.06537
1.05705
1.04956
1.04416
1.04135
1.04061
1.04055
1.0394
1.03554
1.02801
1.01694
1.00359
0.990077
0.978826
0.972161
0.972057
0.979856
0.9959
1.01896
1.04603
1.07311
1.09651
1.11383
1.12422
1.12802
1.12618
1.11986
1.11026
1.09859
1.08609
1.0739
1.06314
1.05524
1.05206
1.05517
1.06415
1.07601
1.08677
1.09365
1.096
1.09488
1.09207
1.08916
1.08709
1.08603
1.0856
1.08525
1.08476
1.08437
1.08479
1.08687
1.09114
1.09735
1.10428
1.11014
1.11319
1.11247
1.10803
1.10081
1.09211
1.08305
1.07457
1.06767
1.0637
1.06402
1.06917
1.07806
1.08845
1.09789
1.10458
1.10741
1.10574
1.09924
1.08779
1.07169
1.05175
1.02959
1.00765
0.988756
0.975228
0.968101
0.966986
0.970592
0.977485
0.986464
0.996487
1.00635
1.01472
1.02053
1.02366
1.02514
1.0268
1.03033
1.03644
1.04445
1.05275
1.05967
1.0644
1.06731
1.06959
1.07222
1.07527
1.07792
1.07896
1.07734
1.0724
1.0641
1.0531
1.04078
1.02894
1.01936
1.01316
1.01037
1.00994
1.01025
1.00979
1.00773
1.00415
0.999929
0.996446
0.995017
0.99649
1.00108
1.00848
1.01822
1.02988
1.04304
1.05715
1.07124
1.08414
1.0946
1.10168
1.10501
1.10492
1.10235
1.09864
1.09526
1.09338
1.09365
1.09597
1.09963
1.10352
1.10641
1.10706
1.10431
1.09709
1.08436
1.06546
1.04084
1.01328
0.988774
0.974588
0.9743
0.985188
1.00144
1.01843
1.0338
1.04657
1.05625
1.0625
1.06495
1.0633
1.05749
1.04798
1.0361
1.02403
1.01438
1.00929
1.00967
1.0148
1.02264
1.03062
1.03643
1.03849
1.03608
1.02951
1.02012
1.01022
1.0024
0.998679
0.999553
1.00382
1.00917
1.01323
1.01455
1.01302
1.00972
1.00641
1.00473
1.0057
1.00933
1.0148
1.02096
1.02682
1.03199
1.03681
1.04195
1.04794
1.05497
1.06309
1.0724
1.08311
1.09508
1.10774
1.1202
1.13149
1.1407
1.14707
1.15025
1.15055
1.14891
1.14666
1.145
1.1445
1.1449
1.14511
1.14362
1.13922
1.13154
1.12151
1.11137
1.10377
1.10043
1.10118
1.10413
1.10662
1.10633
1.10207
1.09404
1.08394
1.07441
1.06791
1.06578
1.06785
1.07286
1.0792
1.08564
1.0915
1.09655
1.10083
1.10443
1.10744
1.10985
1.11175
1.11347
1.11561
1.11871
1.12307
1.12876
1.13583
1.14414
1.15331
1.16247
1.17026
1.17514
1.17581
1.17181
1.16366
1.15292
1.1417
1.13186
1.12428
1.1185
1.11319
1.10699
1.09935
1.0908
1.08234
1.07473
1.068
1.06185
1.05621
1.05139
1.04789
1.04604
1.0459
1.04746
1.05072
1.05566
1.06198
1.06892
1.07532
1.08001
1.08232
1.08225
1.08021
1.07641
1.0707
1.06301
1.05383
1.0442
1.03524
1.02776
1.02188
1.01695
1.01173
1.00555
1.00047
1.00133
1.01106
1.02653
1.0414
1.05151
1.05623
1.05704
1.05598
1.0548
1.05428
1.05408
1.05296
1.04935
1.04199
1.0304
1.01535
0.998884
0.983802
0.972871
0.968
0.969877
0.977937
0.990631
1.00582
1.02116
1.03457
1.04466
1.05107
1.05457
1.05677
1.0594
1.0635
1.06901
1.07496
1.08004
1.08319
1.08381
1.08176
1.07717
1.0703
1.06142
1.05092
1.03917
1.02642
1.01264
0.997703
0.98165
0.964921
0.948385
0.933208
0.920632
0.911707
0.907112
0.907162
0.911894
0.921162
0.934637
0.95159
0.970695
0.989986
1.00717
1.02011
1.02736
1.02843
1.02409
1.01643
1.00852
1.00341
1.00298
1.00725
1.01475
1.02338
1.03127
1.03722
1.04075
1.04198
1.04139
1.03951
1.03649
1.03212
1.02596
1.01775
1.00776
0.996793
0.985869
0.975756
0.966843
0.959324
0.953425
0.949496
0.947827
0.948502
0.951515
0.956933
0.964923
0.975579
0.988729
1.00376
1.01961
1.03486
1.04803
1.05783
1.06347
1.06475
1.06219
1.05688
1.05028
1.04382
1.03853
1.03485
1.03282
1.03235
1.03351
1.03645
1.04116
1.04715
1.05331
1.0582
1.06056
1.06011
1.05803
1.05686
1.0593
1.06669
1.07815
1.09082
1.10128
1.1069
1.10667
1.10118
1.09219
1.08187
1.07214
1.06435
1.05907
1.05604
1.05422
1.0522
1.04867
1.04294
1.03514
1.02588
1.01597
1.00607
0.996713
0.988335
0.981381
0.97647
0.974539
0.97662
0.98325
0.99389
1.00698
1.02056
1.03301
1.04323
1.05056
1.05458
1.05502
1.0519
1.04582
1.03824
1.0315
1.02817
1.03001
1.03715
1.04811
1.06052
1.07205
1.08116
1.08759
1.09246
1.09784
1.10536
1.11479
1.12391
1.13006
1.13165
1.12854
1.12163
1.11214
1.10128
1.09004
1.07934
1.07006
1.06309
1.05923
1.05882
1.0611
1.06403
1.06502
1.06212
1.05466
1.04329
1.02939
1.01463
1.00042
0.987708
0.976925
0.968265
0.962101
0.959174
0.960377
0.966145
0.976138
0.989296
1.00427
1.01984
1.03513
1.04944
1.06218
1.07275
1.08074
1.08618
1.08953
1.09154
1.09313
1.0953
1.09918
1.10556
1.1145
1.12515
1.13624
1.14654
1.15514
1.1614
1.16489
1.16549
1.16337
1.15892
1.1527
1.14523
1.13702
1.12856
1.1203
1.11263
1.10583
1.10007
1.09547
1.0921
1.09007
1.08946
1.09005
1.09127
1.09213
1.09117
1.08662
1.07668
1.06027
1.03821
1.01455
0.996039
0.988348
0.991879
1.00233
1.01486
1.02678
1.03749
1.04735
1.05687
1.06639
1.076
1.08555
1.09458
1.10217
1.10691
1.1073
1.10239
1.09229
1.0784
1.06312
1.04917
1.03856
1.03194
1.02864
1.02742
1.02716
1.02707
1.02641
1.02426
1.01973
1.01275
1.0046
0.997794
0.99486
0.997149
1.00446
1.0157
1.02975
1.04558
1.06189
1.07661
1.08741
1.09255
1.0915
1.08513
1.07519
1.06371
1.05258
1.04337
1.03715
1.03435
1.03478
1.03781
1.0425
1.0477
1.05209
1.0546
1.05473
1.05279
1.04988
1.04768
1.04806
1.0523
1.06002
1.06913
1.0768
1.0807
1.07975
1.07421
1.06562
1.05638
1.04912
1.04577
1.04702
1.05226
1.06003
1.06847
1.07554
1.07934
1.07861
1.07363
1.06682
1.06236
1.06404
1.0728
1.08645
1.10137
1.11425
1.90559
1.89622
1.87351
1.84004
1.79802
1.74949
1.69685
1.64332
1.59254
1.54792
1.51198
1.48614
1.47076
1.46539
1.46873
1.47864
1.49284
1.50981
1.52894
1.54908
1.56738
1.5801
1.58435
1.57916
1.56572
1.54753
1.5302
1.51985
1.52009
1.52963
1.543
1.55424
1.56046
1.5627
1.56394
1.56599
1.56839
1.57018
1.57162
1.5734
1.57484
1.57384
1.56824
1.55692
1.54072
1.52306
1.5088
1.50135
1.50054
1.50402
1.50989
1.51755
1.52643
1.53527
1.5431
1.55103
1.56191
1.57713
1.59369
1.60507
1.60495
1.59053
1.56325
1.52716
1.4869
1.44645
1.40895
1.3773
1.35481
1.34502
1.35029
1.37039
1.40213
1.44045
1.48006
1.51674
1.54776
1.57182
1.58862
1.59811
1.59975
1.59249
1.57581
1.5512
1.52297
1.49717
1.47909
1.4718
1.47685
1.49503
1.52557
1.56487
1.60688
1.64515
1.67496
1.69404
1.70184
1.69865
1.68532
1.66368
1.63724
1.61148
1.5932
1.5884
1.59927
1.62253
1.65099
1.67685
1.69428
1.70017
1.69373
1.67576
1.64789
1.61248
1.57324
1.53602
1.5079
1.4942
1.49528
1.50637
1.52053
1.53189
1.53717
1.53595
1.5304
1.52433
1.5214
1.52295
1.52782
1.53425
1.5417
1.55097
1.56314
1.57832
1.59447
1.60733
1.61188
1.60467
1.58592
1.56062
1.53729
1.52362
1.52159
1.52721
1.53473
1.54019
1.54206
1.5403
1.53523
1.52701
1.51603
1.50402
1.49399
1.48846
1.48806
1.49189
1.4991
1.50947
1.52242
1.53594
1.54694
1.55231
1.5494
1.53619
1.51208
1.47973
1.44663
1.42363
1.41929
1.43449
1.46278
1.49516
1.52416
1.54553
1.55833
1.5644
1.56771
1.57347
1.58639
1.60808
1.63492
1.65938
1.67464
1.67846
1.67409
1.66846
1.66837
1.67664
1.69131
1.70775
1.72071
1.72545
1.71832
1.69749
1.66339
1.61887
1.56874
1.51894
1.47517
1.44125
1.41829
1.40559
1.40226
1.4079
1.42126
1.43891
1.45597
1.46847
1.4754
1.4793
1.48494
1.49641
1.51476
1.53761
1.56062
1.57925
1.59003
1.59102
1.58221
1.56632
1.54989
1.54207
1.54762
1.56207
1.577
1.58738
1.59233
1.59237
1.58757
1.57773
1.56368
1.54827
1.53573
1.5296
1.53078
1.5376
1.54772
1.56019
1.57585
1.59622
1.62151
1.64925
1.67413
1.68982
1.69132
1.6771
1.64993
1.61633
1.58448
1.56104
1.5484
1.54467
1.5466
1.55267
1.56346
1.57914
1.59772
1.61583
1.63062
1.64067
1.64572
1.64619
1.64295
1.6374
1.63145
1.62708
1.62531
1.62529
1.62439
1.61937
1.6078
1.58888
1.56368
1.53487
1.50623
1.48198
1.46581
1.45964
1.46282
1.47236
1.48403
1.49353
1.49755
1.49479
1.48744
1.48192
1.48633
1.50444
1.53209
1.5605
1.58192
1.59209
1.59
1.57661
1.55379
1.5239
1.48963
1.45396
1.4203
1.39241
1.37386
1.36709
1.37308
1.39161
1.42107
1.45735
1.49377
1.52377
1.54395
1.55454
1.55799
1.55793
1.55855
1.56284
1.56964
1.57353
1.56885
1.55385
1.53159
1.50809
1.4893
1.47868
1.47674
1.48226
1.49366
1.50963
1.52915
1.55078
1.57208
1.58994
1.60164
1.60581
1.60325
1.59755
1.59386
1.59586
1.60341
1.61351
1.62385
1.63493
1.64809
1.6623
1.67397
1.67936
1.67643
1.66488
1.64551
1.61967
1.58914
1.55626
1.52425
1.49678
1.47627
1.4624
1.45242
1.44295
1.43129
1.41589
1.39741
1.37983
1.36981
1.37346
1.39254
1.42265
1.45524
1.48198
1.49852
1.50534
1.50588
1.50385
1.50208
1.50304
1.50889
1.52004
1.5336
1.54432
1.54755
1.54149
1.52742
1.50855
1.48861
1.4706
1.45623
1.44593
1.43989
1.43915
1.44564
1.46141
1.48725
1.52139
1.55932
1.59528
1.62405
1.64237
1.64955
1.64708
1.63702
1.62032
1.59659
1.56592
1.53054
1.49461
1.46323
1.44105
1.42941
1.42548
1.42528
1.42607
1.42647
1.42615
1.42543
1.42469
1.42379
1.4225
1.4212
1.42094
1.42271
1.42686
1.43335
1.44235
1.45418
1.46843
1.48321
1.49546
1.50231
1.50291
1.49992
1.49908
1.50465
1.51456
1.52239
1.52346
1.51793
1.50942
1.50193
1.49808
1.49953
1.50763
1.52318
1.54562
1.57268
1.6007
1.62542
1.64299
1.65078
1.6476
1.63389
1.61184
1.58568
1.56119
1.54294
1.53076
1.5197
1.50423
1.48224
1.45591
1.43044
1.41178
1.40436
1.40969
1.4269
1.45394
1.48821
1.52623
1.56387
1.59741
1.62452
1.64476
1.65881
1.66721
1.66992
1.66696
1.65893
1.64662
1.63
1.60799
1.57954
1.54544
1.50941
1.47769
1.45726
1.45309
1.46593
1.49226
1.52627
1.56162
1.59204
1.61156
1.61562
1.60296
1.57688
1.54441
1.5134
1.48917
1.47305
1.46352
1.45782
1.45306
1.44723
1.43988
1.4314
1.42201
1.4118
1.40211
1.39653
1.39973
1.41399
1.4366
1.46133
1.48257
1.49846
1.51088
1.52192
1.52972
1.52977
1.52016
1.50413
1.48729
1.47234
1.45769
1.44264
1.4319
1.43246
1.44681
1.47132
1.49999
1.52768
1.55143
1.57039
1.5851
1.59626
1.60356
1.60561
1.60099
1.5893
1.57159
1.54995
1.52678
1.50434
1.48484
1.47054
1.46317
1.46292
1.46808
1.47594
1.48407
1.49136
1.49793
1.50408
1.50929
1.51192
1.51015
1.50328
1.49229
1.47959
1.46837
1.46151
1.46044
1.46431
1.47019
1.47442
1.47462
1.47112
1.46685
1.46525
1.46798
1.47416
1.48165
1.48843
1.49296
1.49395
1.4898
1.47839
1.45792
1.42887
1.39561
1.36582
1.34776
1.34664
1.36271
1.3921
1.42946
1.4703
1.51191
1.55229
1.58853
1.61663
1.63288
1.6353
1.62425
1.6027
1.57592
1.54999
1.52901
1.5133
1.50069
1.48907
1.47786
1.46772
1.45997
1.45616
1.45779
1.4656
1.4789
1.49594
1.51498
1.5353
1.55715
1.58095
1.60594
1.62966
1.64859
1.65957
1.66093
1.65285
1.63751
1.61896
1.60237
1.59137
1.58518
1.57907
1.56808
1.55013
1.52674
1.50223
1.48163
1.46849
1.4639
1.46721
1.4778
1.4959
1.52188
1.55463
1.59069
1.62503
1.65257
1.66918
1.67218
1.66072
1.63639
1.60353
1.5688
1.53874
1.51608
1.49855
1.48222
1.46567
1.45097
1.44188
1.44105
1.44824
1.46111
1.47787
1.49893
1.52495
1.55379
1.58035
1.59911
1.60644
1.60131
1.58534
1.56226
1.53686
1.51364
1.49546
1.48304
1.47549
1.47126
1.46842
1.46456
1.45701
1.44423
1.42728
1.41034
1.39909
1.39824
1.4103
1.43487
1.46783
1.50247
1.53291
1.55613
1.57151
1.57964
1.58194
1.58062
1.57792
1.5748
1.57102
1.56722
1.56513
1.56457
1.56225
1.55469
1.54119
1.52374
1.50541
1.48903
1.47689
1.47172
1.47745
1.49708
1.52929
1.56897
1.61091
1.65135
1.68739
1.71639
1.73599
1.74433
1.74018
1.72302
1.6932
1.65201
1.6019
1.54653
1.49118
1.44286
1.40878
1.39342
1.39691
1.41633
1.44773
1.48675
1.52839
1.56729
1.59874
1.61987
1.63033
1.63254
1.63147
1.63362
1.64463
1.66608
1.69389
1.72019
1.73697
1.73909
1.72577
1.70097
1.67239
1.64855
1.63471
1.63081
1.63277
1.63471
1.6306
1.6154
1.58642
1.54443
1.4945
1.44547
1.40737
1.38759
1.38833
1.40697
1.43861
1.47874
1.52354
1.56846
1.60773
1.63574
1.64887
1.64639
1.63046
1.60586
1.57912
1.55724
1.54552
1.54576
1.55629
1.57371
1.59475
1.61692
1.63781
1.65466
1.66461
1.66554
1.65646
1.63764
1.61085
1.58085
1.55654
1.54788
1.55778
1.57824
1.59699
1.60597
1.60348
1.59176
1.57419
1.55373
1.53265
1.51345
1.49992
1.49583
1.50143
1.51255
1.52432
1.53467
1.54476
1.55757
1.57594
1.60054
1.6286
1.65469
1.67286
1.67883
1.67121
1.65206
1.62649
1.6013
1.5828
1.57463
1.57671
1.58539
1.59495
1.60002
1.59716
1.58527
1.56525
1.5395
1.51127
1.48344
1.45778
1.43518
1.41689
1.40583
1.40617
1.42058
1.44689
1.47853
1.50842
1.53201
1.54765
1.55539
1.5561
1.55162
1.54506
1.53996
1.53822
1.53918
1.54119
1.54356
1.54708
1.55321
1.56285
1.57539
1.58869
1.5997
1.60557
1.60467
1.59716
1.58462
1.56912
1.55201
1.53345
1.51288
1.49027
1.46714
1.44639
1.43144
1.42507
1.42867
1.44189
1.46251
1.48718
1.51249
1.5361
1.55711
1.57532
1.58995
1.59899
1.60017
1.59274
1.57861
1.56152
1.54497
1.53065
1.51862
1.5086
1.50081
1.49582
1.49397
1.49485
1.49748
1.50085
1.50439
1.50766
1.51013
1.51179
1.51412
1.51946
1.5285
1.53891
1.54754
1.55349
1.55891
1.56646
1.57605
1.58493
1.59043
1.59159
1.58867
1.58237
1.57357
1.56381
1.55569
1.55259
1.55729
1.57
1.58744
1.60447
1.61689
1.62316
1.62431
1.62295
1.62186
1.62295
1.62686
1.63305
1.64021
1.64673
1.65078
1.65071
1.64543
1.63515
1.62174
1.60845
1.59868
1.5942
1.59434
1.59666
1.59811
1.59608
1.5887
1.57529
1.55724
1.53855
1.52468
1.51964
1.52359
1.53294
1.54292
1.55039
1.55528
1.55993
1.56684
1.57595
1.58398
1.58684
1.58204
1.56892
1.54731
1.51715
1.4799
1.44004
1.40538
1.38498
1.38497
1.40545
1.44161
1.48732
1.53673
1.58385
1.62263
1.64839
1.65899
1.65505
1.63935
1.61596
1.5894
1.56362
1.54129
1.5235
1.51019
1.50082
1.49485
1.4918
1.49108
1.49168
1.4917
1.48877
1.4826
1.478
1.48367
1.50454
1.5366
1.57176
1.60397
1.63009
1.64834
1.65784
1.6588
1.65244
1.64041
1.6241
1.6046
1.58318
1.56185
1.87895
1.85924
1.84751
1.84771
1.85906
1.87596
1.89061
1.89524
1.88418
1.85818
1.8288
1.81249
1.81453
1.82664
1.83963
1.84928
1.85457
1.85614
1.85539
1.85336
1.84963
1.84246
1.8305
1.81602
1.80772
1.81642
1.84271
1.87477
1.90058
1.91553
1.9204
1.91725
1.90749
1.89254
1.87563
1.86192
1.85587
1.85822
1.86548
1.87163
1.87051
1.85776
1.83223
1.79668
1.7574
1.72256
1.69944
1.69168
1.698
1.71345
1.73223
1.75004
1.76554
1.78074
1.79969
1.82448
1.85153
1.87225
1.87799
1.86477
1.83581
1.80135
1.77533
1.76875
1.78367
1.81288
1.84478
1.86918
1.88022
1.87658
1.86063
1.83734
1.8126
1.7912
1.77561
1.76608
1.7613
1.75843
1.75367
1.74456
1.73204
1.72041
1.71466
1.71722
1.72606
1.73561
1.73973
1.73502
1.72242
1.70693
1.6954
1.69351
1.70319
1.72239
1.74699
1.77232
1.79332
1.80477
1.80282
1.78674
1.75931
1.72603
1.69337
1.66703
1.65089
1.64633
1.65187
1.66359
1.67652
1.6864
1.69123
1.69144
1.68886
1.68534
1.68215
1.67992
1.67914
1.68041
1.68447
1.69171
1.70125
1.71044
1.71546
1.7136
1.70544
1.69497
1.68732
1.68578
1.68985
1.69552
1.69788
1.69446
1.68708
1.68054
1.6788
1.68236
1.69014
1.70278
1.7224
1.74869
1.77724
1.80261
1.82189
1.83512
1.84389
1.85026
1.85617
1.86288
1.87038
1.87688
1.87902
1.87328
1.85769
1.83298
1.80329
1.77533
1.75642
1.75169
1.7621
1.78407
1.8114
1.83838
1.86204
1.88195
1.89821
1.90971
1.91431
1.91105
1.9021
1.8918
1.88285
1.87449
1.86464
1.85251
1.83935
1.82781
1.82082
1.82047
1.82721
1.83933
1.85298
1.86282
1.86367
1.85312
1.83377
1.81392
1.8044
1.81155
1.83215
1.85622
1.874
1.88031
1.87487
1.86034
1.84053
1.82054
1.80601
1.79842
1.79244
1.78127
1.76284
1.73978
1.71602
1.69471
1.67829
1.66902
1.66803
1.6731
1.67819
1.67664
1.66659
1.65392
1.64816
1.65448
1.67031
1.68949
1.70711
1.72054
1.72859
1.73119
1.72958
1.72629
1.72402
1.7234
1.72152
1.71325
1.69538
1.66994
1.64347
1.62318
1.61331
1.61424
1.62382
1.6391
1.65792
1.67895
1.70064
1.72059
1.73599
1.74455
1.7452
1.73822
1.72512
1.70872
1.69311
1.6832
1.68342
1.69639
1.72177
1.75633
1.7946
1.83062
1.85985
1.88052
1.89332
1.89985
1.90121
1.89755
1.88846
1.87339
1.85196
1.82446
1.79295
1.76175
1.73583
1.71814
1.70928
1.7083
1.7127
1.71982
1.72895
1.74089
1.75575
1.7718
1.78645
1.79781
1.80511
1.80765
1.80457
1.79607
1.78392
1.77002
1.75507
1.73854
1.71968
1.69889
1.67878
1.66394
1.65826
1.66223
1.67327
1.68801
1.7032
1.71625
1.72631
1.73556
1.74872
1.76932
1.7956
1.82209
1.84495
1.86371
1.8784
1.88783
1.89072
1.88668
1.87601
1.85956
1.83924
1.81901
1.80442
1.79995
1.80644
1.82118
1.83998
1.85863
1.87326
1.88038
1.87761
1.86487
1.84579
1.82748
1.81722
1.81781
1.82698
1.84076
1.85599
1.87026
1.88149
1.88762
1.88635
1.87536
1.85323
1.82141
1.78599
1.75723
1.74427
1.74807
1.76104
1.77375
1.78063
1.78099
1.77731
1.7728
1.76959
1.76812
1.76736
1.76558
1.76172
1.75652
1.75201
1.74934
1.74727
1.74279
1.73319
1.71755
1.69687
1.67307
1.64819
1.62392
1.60179
1.58366
1.57216
1.57049
1.58102
1.60377
1.63562
1.67108
1.70391
1.72862
1.74168
1.74273
1.73529
1.7257
1.72045
1.72338
1.73465
1.75063
1.76499
1.77147
1.76753
1.75635
1.74575
1.74423
1.75616
1.77965
1.80855
1.83596
1.85639
1.86613
1.86304
1.84651
1.81846
1.78461
1.75378
1.73383
1.72735
1.73145
1.74115
1.75291
1.76506
1.77562
1.78225
1.78413
1.78207
1.77685
1.76827
1.75604
1.7408
1.72455
1.7101
1.70034
1.69772
1.7039
1.71938
1.74313
1.77211
1.80119
1.82422
1.83631
1.83604
1.82568
1.80956
1.79183
1.77523
1.76126
1.75067
1.74441
1.74374
1.74847
1.75578
1.76348
1.77225
1.78285
1.79325
1.79942
1.79916
1.79436
1.78966
1.78896
1.79333
1.80155
1.8117
1.82262
1.83441
1.84752
1.8612
1.8729
1.87939
1.8785
1.87017
1.85661
1.84121
1.82656
1.8129
1.79919
1.78546
1.77383
1.76712
1.76658
1.76999
1.77179
1.76598
1.7512
1.73367
1.72248
1.7212
1.72731
1.73624
1.74285
1.74324
1.73788
1.73411
1.74394
1.77305
1.81404
1.85488
1.88737
1.90841
1.91965
1.92557
1.93051
1.93649
1.94268
1.94598
1.94241
1.92889
1.90448
1.87106
1.8328
1.7947
1.76085
1.73347
1.71309
1.70021
1.69684
1.70516
1.72349
1.74632
1.76975
1.7936
1.81818
1.84161
1.86103
1.87524
1.88519
1.89241
1.89727
1.89868
1.89542
1.88762
1.87727
1.86767
1.86189
1.86123
1.86416
1.86695
1.86623
1.86098
1.85221
1.84148
1.82992
1.81861
1.80892
1.8019
1.79762
1.79519
1.79342
1.79184
1.79134
1.79312
1.79672
1.79966
1.79963
1.7972
1.79654
1.80334
1.82087
1.84717
1.87625
1.90164
1.91903
1.92706
1.92697
1.92161
1.91378
1.90499
1.89527
1.88455
1.87403
1.86606
1.86219
1.86161
1.86138
1.85863
1.85267
1.84566
1.841
1.84068
1.84396
1.84825
1.85081
1.84985
1.84505
1.83733
1.82708
1.81272
1.79383
1.776
1.76795
1.77227
1.78429
1.79775
1.80786
1.81221
1.8118
1.81066
1.81333
1.82172
1.83441
1.84839
1.86147
1.87298
1.8831
1.8918
1.89797
1.89952
1.89413
1.88021
1.85793
1.82965
1.79978
1.77303
1.75109
1.73162
1.71175
1.69243
1.67938
1.68047
1.7004
1.7365
1.78003
1.82086
1.85051
1.86321
1.85722
1.83678
1.81233
1.79592
1.79544
1.81131
1.83644
1.8615
1.87858
1.88184
1.86892
1.84172
1.80617
1.7708
1.7438
1.73022
1.73082
1.74219
1.75834
1.77324
1.78274
1.78496
1.77979
1.76797
1.75034
1.7282
1.70584
1.69296
1.69864
1.71966
1.74273
1.75775
1.7633
1.76393
1.76568
1.77251
1.7842
1.79681
1.8061
1.811
1.81352
1.81553
1.817
1.81688
1.81401
1.80714
1.79508
1.77741
1.75501
1.72935
1.7014
1.67255
1.64731
1.63363
1.63815
1.66021
1.69175
1.72367
1.75134
1.77436
1.79306
1.80608
1.81093
1.80604
1.79183
1.77094
1.74738
1.72535
1.70808
1.69719
1.69274
1.69333
1.69657
1.70002
1.70297
1.7072
1.7154
1.72841
1.74431
1.76001
1.7734
1.78505
1.79841
1.81667
1.83833
1.85793
1.87074
1.87524
1.87205
1.86237
1.84685
1.82549
1.79839
1.76668
1.73264
1.69866
1.66596
1.63487
1.60845
1.59643
1.60875
1.64168
1.68054
1.71465
1.74223
1.76658
1.79126
1.81679
1.84069
1.86019
1.87455
1.88531
1.89528
1.90672
1.92016
1.93389
1.94462
1.9489
1.94429
1.92988
1.90609
1.87459
1.83882
1.80443
1.77743
1.75959
1.74671
1.73293
1.71586
1.69819
1.68573
1.68178
1.6834
1.68394
1.67755
1.66183
1.63951
1.61902
1.61079
1.62001
1.64431
1.67844
1.71692
1.75279
1.77838
1.78885
1.78443
1.76951
1.7505
1.73416
1.7265
1.73078
1.74532
1.76413
1.78075
1.7919
1.79846
1.80324
1.80737
1.81035
1.81467
1.827
1.85097
1.88153
1.90978
1.92978
1.93908
1.9361
1.91851
1.88417
1.8342
1.77633
1.72452
1.69283
1.68649
1.69792
1.7127
1.72016
1.71873
1.71436
1.71602
1.73026
1.75667
1.78818
1.81607
1.8343
1.84097
1.83765
1.82829
1.81771
1.81027
1.80949
1.81777
1.83512
1.8574
1.87719
1.88649
1.87939
1.85512
1.82096
1.79083
1.77647
1.77927
1.79196
1.80586
1.8152
1.81748
1.81281
1.80286
1.79008
1.77741
1.76799
1.76385
1.76412
1.76546
1.76509
1.76376
1.7649
1.77058
1.77979
1.79059
1.80075
1.8063
1.80177
1.78371
1.75506
1.72844
1.71965
1.73061
1.74723
1.75598
1.75278
1.74064
1.72528
1.71206
1.70431
1.70299
1.70751
1.71693
1.73102
1.75025
1.77432
1.80107
1.82683
1.84792
1.86173
1.86689
1.8633
1.85235
1.83709
1.82166
1.81008
1.80463
1.80443
1.80533
1.80206
1.79083
1.77023
1.74098
1.70637
1.67289
1.64833
1.63796
1.64233
1.65872
1.68371
1.71417
1.74682
1.77812
1.80494
1.82524
1.83781
1.84198
1.8377
1.82603
1.80931
1.7905
1.77251
1.75788
1.74886
1.74666
1.7503
1.75663
1.76199
1.76412
1.76293
1.75993
1.75698
1.75503
1.75334
1.74986
1.74253
1.73071
1.71594
1.70103
1.68795
1.67662
1.66621
1.65735
1.65331
1.65916
1.67911
1.71348
1.75821
1.80719
1.85482
1.89635
1.92673
1.9406
1.93516
1.9147
1.89028
1.86964
1.85042
1.82873
1.80737
1.79342
1.79202
1.80231
1.81757
1.82865
1.82811
1.81288
1.78471
1.74905
1.7134
1.68592
1.67398
1.68211
1.71017
1.75276
1.80072
1.84406
1.87481
1.8884
1.88394
1.864
1.83404
1.80126
1.77289
1.75493
1.75111
1.76141
1.78165
1.80587
1.82884
1.84633
1.85466
1.8512
1.8356
1.81018
1.77919
1.74693
1.71696
1.69348
1.68217
1.6861
1.70211
1.72405
1.74763
1.77096
1.7926
1.80985
1.81883
1.81666
1.80504
1.79232
1.78969
1.80256
1.82559
1.84754
1.8599
1.86007
1.84876
1.82741
1.79855
1.76657
1.73653
1.71132
1.69109
1.67625
1.66905
1.67131
1.68174
1.69564
1.7071
1.71146
1.70665
1.69303
1.67208
1.64624
1.62088
1.60606
1.61223
1.64148
1.94418
1.99159
2.03758
2.08162
2.12077
2.14946
2.16173
2.15308
2.12152
2.06866
2.0008
1.92936
1.86891
1.83181
1.82168
1.832
1.85173
1.87193
1.8884
1.90104
1.91219
1.92428
1.93743
1.94847
1.95256
1.94594
1.92844
1.90452
1.88098
1.86198
1.84672
1.83332
1.82345
1.82298
1.83901
1.87431
1.92372
1.97698
2.02486
2.06227
2.08753
2.10028
2.10028
2.08748
2.06337
2.03223
2.00058
1.97502
1.96062
1.9596
1.96952
1.98403
1.99615
2.00002
1.99152
1.96973
1.93925
1.90965
1.89001
1.88374
1.88885
1.9007
1.91406
1.92501
1.93273
1.93947
1.94806
1.96018
1.97613
1.99441
2.01123
2.02251
2.02693
2.02662
2.02522
2.0254
2.02788
2.03209
2.03729
2.0431
2.04897
2.05349
2.05479
2.05226
2.04756
2.04366
2.04274
2.04522
2.05006
2.05513
2.05761
2.05461
2.04414
2.02586
2.00207
1.97932
1.96874
1.98024
2.01274
2.05341
2.08811
2.10956
2.11748
2.11516
2.10661
2.09481
2.08094
2.06431
2.04318
2.01559
1.97989
1.93589
1.88914
1.85705
1.86061
1.9002
1.95649
2.01323
2.06223
2.09812
2.11762
2.12112
2.11252
2.09674
2.07658
2.05096
2.01676
1.9729
1.92279
1.87299
1.82969
1.79706
1.77848
1.77702
1.79301
1.82172
1.85442
1.88205
1.89844
1.9019
1.89543
1.88529
1.87811
1.8781
1.88654
1.90237
1.92151
1.93715
1.9452
1.94906
1.95598
1.96917
1.98498
1.99722
2.00184
1.99774
1.98512
1.96455
1.93809
1.91136
1.89178
1.88138
1.87361
1.86023
1.83942
1.81696
1.80209
1.80216
1.8193
1.84826
1.87852
1.90234
1.91798
1.92473
1.92225
1.9144
1.90677
1.90173
1.89829
1.89412
1.8884
1.88603
1.89818
1.93328
1.98701
2.04467
2.0907
2.11563
2.11838
2.10498
2.08361
2.05811
2.02777
1.99325
1.96053
1.93799
1.92988
1.93223
1.93547
1.93126
1.91777
1.89933
1.88165
1.86909
1.86554
1.87331
1.89019
1.91031
1.92932
1.94808
1.96989
1.99366
2.01216
2.01971
2.01907
2.0171
2.01664
2.01678
2.0175
2.02059
2.02765
2.0383
2.0494
2.05528
2.04949
2.02761
1.98967
1.94139
1.89262
1.85261
1.82555
1.8103
1.80398
1.80519
1.81325
1.82592
1.84174
1.8621
1.88767
1.91603
1.94291
1.9628
1.96984
1.96135
1.9418
1.92286
1.91537
1.91993
1.9295
1.93921
1.94827
1.95473
1.95513
1.94885
1.939
1.92973
1.92363
1.9211
1.92198
1.92683
1.93534
1.94319
1.94245
1.92744
1.90153
1.87628
1.86166
1.85908
1.86513
1.87781
1.89673
1.92006
1.94322
1.96071
1.96873
1.96665
1.95688
1.94372
1.93176
1.92448
1.9234
1.92773
1.935
1.94287
1.95063
1.95883
1.96731
1.97393
1.97558
1.97052
1.96037
1.95029
1.94576
1.94792
1.9545
1.96448
1.97901
1.99754
2.01478
2.02354
2.01997
2.00517
1.9824
1.95318
1.91746
1.88035
1.85679
1.85889
1.88234
1.91468
1.94418
1.9619
1.96524
1.95835
1.94828
1.94219
1.94538
1.95893
1.97942
2.00165
2.02147
2.03692
2.04735
2.05232
2.05122
2.04346
2.028
2.00198
1.96147
1.90761
1.85515
1.82558
1.82473
1.84261
1.87078
1.90593
1.94434
1.97925
2.00305
2.01092
2.00199
1.97901
1.94829
1.91907
1.90012
1.89513
1.90193
1.91592
1.93284
1.94855
1.95881
1.96141
1.95927
1.96009
1.97001
1.98786
2.00773
2.02386
2.03188
2.02924
2.01658
1.99771
1.9779
1.96187
1.95228
1.9489
1.94886
1.94817
1.94331
1.93276
1.91777
1.90243
1.89236
1.8922
1.90309
1.92201
1.94341
1.96205
1.97498
1.98216
1.98563
1.98755
1.98862
1.98848
1.98676
1.98278
1.97493
1.96137
1.94159
1.91721
1.89209
1.87142
1.85959
1.85785
1.86428
1.87646
1.89416
1.91916
1.95255
1.99204
2.03168
2.06428
2.08442
2.09012
2.0823
2.06358
2.03698
2.00513
1.96994
1.93322
1.89804
1.86994
1.85609
1.86163
1.88584
1.92148
1.95823
1.98794
2.00761
2.01784
2.01934
2.01153
1.99452
1.9711
1.94647
1.92562
1.91121
1.90484
1.90912
1.92365
1.94208
1.95912
1.97522
1.99288
2.01298
2.03378
2.05143
2.06192
2.0634
2.05683
2.04474
2.02931
2.0113
1.99196
1.97579
1.96859
1.97156
1.98019
1.98913
1.99562
1.99831
1.99506
1.98405
1.96738
1.95306
1.95132
1.96689
1.99445
2.02177
2.03643
2.03125
2.00727
1.9736
1.94357
1.92773
1.92822
1.9392
1.9531
1.96563
1.97585
1.98371
1.98899
1.99229
1.99597
2.00304
2.01437
2.02712
2.03655
2.03889
2.03264
2.01866
2.00026
1.9836
1.97576
1.98024
1.99399
2.00916
2.01731
2.01371
1.99983
1.98159
1.96388
1.94748
1.93141
1.9161
1.90512
1.90419
1.91473
1.92971
1.94273
1.95651
1.97575
1.99884
2.02177
2.04276
2.06091
2.07438
2.0818
2.08331
2.08002
2.0727
2.0608
2.04223
2.01447
1.97694
1.93349
1.89342
1.86827
1.86545
1.88442
1.91821
1.95724
1.9928
2.01936
2.03574
2.04472
2.0506
2.05505
2.05459
2.04336
2.01807
1.9806
1.93812
1.90146
1.88154
1.8845
1.90883
1.9469
1.98916
2.02732
2.05509
2.06827
2.06468
2.04379
2.00608
1.95402
1.89444
1.83969
1.80365
1.79366
1.80675
1.83372
1.86453
1.89117
1.90859
1.91411
1.90643
1.88682
1.86176
1.84353
1.843
1.86067
1.88848
1.9174
1.94039
1.95317
1.95425
1.94373
1.92247
1.89269
1.86004
1.83512
1.82887
1.84383
1.87258
1.90483
1.9328
1.95145
1.9579
1.95218
1.93776
1.92063
1.9068
1.89901
1.89535
1.89173
1.88547
1.87612
1.86364
1.84709
1.82532
1.79979
1.7774
1.76957
1.78465
1.82045
1.86672
1.91274
1.95172
1.98177
2.005
2.0247
2.04159
2.05275
2.05446
2.04485
2.02449
1.99623
1.96536
1.93863
1.92122
1.91359
1.91146
1.90903
1.9023
1.89
1.87228
1.84999
1.82581
1.8052
1.79524
1.80142
1.82475
1.86163
1.90659
1.95456
2.00103
2.0428
2.07881
2.10843
2.12882
2.13498
2.12318
2.09417
2.05365
2.00955
1.96792
1.93131
1.90091
1.87805
1.86175
1.84622
1.82483
1.79659
1.76819
1.75079
1.75419
1.78219
1.83226
1.89548
1.95659
2.00079
2.02179
2.02211
2.00817
1.98619
1.96038
1.93301
1.9057
1.88051
1.85999
1.84558
1.83632
1.82934
1.82209
1.81521
1.81399
1.82364
1.84151
1.86
1.87753
1.89684
1.91483
1.92433
1.92312
1.91602
1.90992
1.90745
1.90469
1.89536
1.87682
1.85327
1.83338
1.82267
1.81913
1.8181
1.81816
1.82091
1.82798
1.83898
1.85059
1.85734
1.85426
1.8398
1.81816
1.80015
1.79884
1.81985
1.8569
1.89786
1.93245
1.955
1.96435
1.96242
1.95226
1.9364
1.91649
1.89461
1.87551
1.86598
1.87018
1.88569
1.90506
1.91989
1.92486
1.92011
1.91034
1.90073
1.89351
1.88883
1.88756
1.89136
1.90016
1.9104
1.91603
1.91144
1.89455
1.86828
1.83992
1.81826
1.81029
1.81939
1.84475
1.88062
1.91673
1.94128
1.94535
1.92704
1.89496
1.86804
1.86304
1.87839
1.89913
1.91374
1.92035
1.92284
1.92535
1.92952
1.93489
1.94054
1.94653
1.95477
1.96789
1.98659
2.00805
2.02782
2.04284
2.05161
2.05197
2.04109
2.01793
1.98525
1.94908
1.91685
1.89469
1.88555
1.88796
1.8961
1.90166
1.89741
1.88033
1.85281
1.8219
1.79741
1.78926
1.80373
1.84012
1.89091
1.94574
1.99622
2.03775
2.06804
2.08463
2.08463
2.06704
2.03556
1.99942
1.97215
1.96714
1.98867
2.02661
2.06392
2.08772
2.09344
2.08419
2.06887
2.05836
2.05963
2.07217
2.09023
2.10697
2.11688
2.11618
2.10281
2.0769
2.04114
2.00064
1.9618
1.93056
1.91102
1.90495
1.91167
1.92809
1.94926
1.97002
1.98669
1.99737
2.0012
1.99843
1.99177
1.98621
1.98531
1.98746
1.98764
1.98299
1.97433
1.96376
1.95314
1.94553
1.9451
1.953
1.9663
1.9822
1.99945
2.01626
2.02998
2.03837
2.04085
2.03874
2.03442
2.02953
2.02323
2.01321
1.99953
1.98697
1.98039
1.97822
1.97483
1.96941
1.96921
1.98093
2.0007
2.01857
2.02811
2.0287
2.02329
2.01524
2.00587
1.99433
1.98077
1.9705
1.97182
1.98525
1.99858
1.9967
1.97387
1.93711
1.90148
1.88027
1.87613
1.88081
1.88293
1.87584
1.86066
1.84524
1.8392
1.84746
1.86809
1.89529
1.92324
1.94757
1.96493
1.9729
1.97167
1.96476
1.95688
1.95029
1.9437
1.93471
1.92297
1.91077
1.90127
1.89658
1.89698
1.90072
1.90386
1.90147
1.89062
1.87331
1.85657
1.84875
1.85508
1.87575
1.90628
1.93924
1.9666
1.98173
1.98048
1.96211
1.93043
1.89396
1.86285
1.84334
1.835
1.83347
1.8348
1.83739
1.84225
1.85234
1.87106
1.90037
1.93891
1.98165
2.02103
2.04915
2.0601
2.05215
2.02954
2.00185
1.97912
1.96568
1.95881
1.95283
1.94362
1.931
1.9186
1.91161
1.91295
1.9215
1.93375
1.94623
1.95619
1.96109
1.95839
1.94654
1.92681
1.90421
1.88612
1.87836
1.8814
1.89028
1.89846
1.90251
1.90378
1.90654
1.91454
1.92835
1.945
1.95977
1.96864
1.96994
1.96483
1.95685
1.95076
1.95055
1.95714
1.96709
1.97407
1.97276
1.96229
1.94707
1.93413
1.92844
1.92936
1.93166
1.93102
1.92987
1.93684
1.95717
1.98743
2.02173
2.05666
2.08885
2.11299
2.12508
2.12558
2.11836
2.10735
2.09416
2.0777
2.05543
2.02569
1.9898
1.95257
1.92053
1.89907
1.8899
1.88991
1.89278
1.89289
1.89602
1.89353
1.89995
1.91765
1.9411
1.96133
1.97196
1.97137
1.96233
1.94996
1.93912
1.93231
1.92949
1.93008
1.93532
1.94811
1.97023
1.99939
2.02942
2.05328
2.06637
2.06786
2.0603
2.04801
2.03538
2.02529
2.01799
2.01131
2.00288
1.99277
1.98335
1.97604
1.96944
1.96139
1.95153
1.94165
1.93402
1.92952
1.92677
1.92277
1.9145
1.90071
1.883
1.86571
1.85408
1.85221
1.86246
1.88549
1.91949
1.96
2.00175
2.04018
2.07148
2.09278
2.10286
2.10241
2.09339
2.07809
2.05879
2.03786
2.01743
1.99859
1.98128
1.96507
1.95039
1.93861
1.93175
1.93185
1.94044
1.9577
1.98181
2.00972
2.03889
2.06765
2.09395
2.11507
2.12908
2.13577
2.1359
2.13008
2.11829
2.10003
2.07508
2.04441
2.01078
1.97851
1.95191
1.93291
1.92054
1.91301
1.90899
1.90741
1.90703
1.90593
1.90158
1.89305
1.88288
1.87612
1.87808
1.89221
1.91786
1.95001
1.98142
2.0049
2.01488
2.00863
1.98646
1.95126
1.90893
1.86942
1.84489
1.84246
1.85892
1.8837
1.90542
1.91707
1.91838
1.91404
1.90938
1.90776
1.91064
1.9183
1.92975
1.94268
1.95378
1.95958
1.95754
1.94696
1.92936
1.90785
1.88609
1.86813
1.85871
1.86206
1.87927
1.90724
1.94064
1.97444
2.00528
2.03133
2.05118
2.06317
2.06505
2.05428
2.02959
1.99414
1.95661
1.92736
1.91416
1.92181
1.94888
1.98447
2.01378
2.02657
2.02088
2.00217
1.98028
1.9653
1.96331
1.97392
1.99168
2.01047
2.0271
2.04092
2.05053
2.05151
2.03843
2.00939
1.96945
1.93008
1.90257
1.8903
1.89027
1.90078
1.92103
1.9446
1.96081
1.96127
1.94269
1.90662
1.8604
1.81826
1.79778
1.80997
1.85138
1.90656
1.95774
1.99289
2.00895
2.01233
2.01483
2.0239
2.03647
2.04476
2.04433
2.03546
2.02027
2.00024
1.97591
1.94837
1.92091
1.8993
1.88937
1.89326
1.90766
1.92611
1.94299
1.9555
1.9628
1.96463
1.96119
1.95372
1.94423
1.93404
1.92321
1.91233
1.90347
1.89814
1.8952
1.89222
1.88876
1.88799
1.89403
1.90745
1.92397
1.93834
1.94934
1.96082
1.97788
2.00161
2.02771
2.04947
2.06143
2.06106
2.04881
2.02743
2.00061
1.9714
1.94162
1.91328
1.8919
1.88727
1.90554
1.94051
1.97853
2.00926
2.02871
2.03616
2.03255
2.02123
2.00847
1.99983
1.99567
1.99176
1.98526
1.97768
1.97132
1.96499
1.95608
1.94538
1.93725
1.93611
1.94524
1.96732
2.00103
2.03682
2.06245
2.07147
2.06359
2.04229
2.01709
2.00281
2.00502
2.01377
2.01893
2.01847
2.01314
2.00223
1.98404
1.95796
1.92627
1.89467
1.87068
1.85958
1.86065
1.86768
1.87435
1.87845
1.88114
1.88425
1.88887
1.89571
1.90539
1.91818
1.9339
1.952
1.97108
1.98784
1.99695
1.99308
1.97469
1.94784
1.92511
1.91572
1.91654
1.9191
1.92138
1.92719
1.93795
1.94873
1.95138
1.94114
1.92178
1.90509
1.90032
1.90407
1.90691
1.90525
1.90227
1.90243
1.90831
1.92115
1.94239
1.97292
2.00982
2.0457
2.07274
2.08709
2.08963
2.08406
2.07444
2.06304
2.04925
2.03131
2.01016
1.99264
1.98775
1.99505
2.00194
1.99646
1.97645
1.9467
1.91394
1.88516
1.86583
1.85705
1.8561
1.86057
1.87072
1.88795
1.91127
1.93626
1.95771
1.97202
1.97695
1.97105
1.95467
1.93115
1.90689
1.88996
1.88776
1.90467
1.93968
1.98531
2.03051
2.06625
2.08857
2.09759
2.09551
2.08519
2.06942
2.05032
2.02906
2.00626
1.98281
1.96028
1.9405
1.92495
1.91441
1.90948
1.91117
1.92087
1.93918
1.96425
1.99045
2.01027
2.01866
2.01525
2.0028
1.98464
1.964
1.94509
1.93332
1.93345
1.94669
1.96875
1.99116
2.0053
2.00577
1.99121
1.96321
1.92554
1.88409
1.84623
1.81927
1.80872
1.81691
1.841
1.87336
1.9052
1.93036
1.94632
1.9525
1.94882
1.93659
1.92079
1.90923
1.90687
1.91234
1.92171
1.93309
1.94642
1.96146
1.97621
1.98645
1.98624
1.97003
1.93557
1.88726
1.84016
1.81596
1.82625
1.86467
1.91593
1.96407
1.99773
2.01336
2.01463
2.00868
2.00214
1.99873
1.99934
2.00318
2.00837
2.01146
2.00785
1.99388
1.96876
1.93559
1.90194
1.87842
1.87288
1.88469
1.90687
1.93269
1.95856
1.98316
2.00668
2.0299
2.05153
2.06715
2.07141
2.06104
2.03592
1.99866
1.95453
1.91122
1.87702
1.85815
1.85729
1.87321
1.90095
1.93327
1.96244
1.98145
1.98589
1.97571
1.95554
1.93294
1.9163
1.91228
1.92207
1.94077
1.96159
1.98005
1.99462
2.00509
2.01114
2.01287
2.0125
2.01406
2.02037
2.03054
2.04131
2.04973
2.05445
2.05553
2.05404
2.05201
2.05208
2.05654
2.06568
2.07668
2.08501
2.08723
2.0823
2.07121
2.05626
2.04053
2.0272
2.01841
2.01433
2.0132
2.01223
2.00863
2.00052
1.98784
1.9727
1.95793
1.94446
1.93
1.91085
1.88553
1.85647
1.82859
1.80716
1.79758
1.8052
1.83275
1.87715
1.92963
1.97923
2.01714
2.03904
2.04515
2.03882
2.02463
2.00628
1.98461
1.95801
1.92585
1.89113
1.85955
1.83748
1.8301
1.83833
1.85715
1.87855
1.8955
1.90316
1.89889
1.88345
1.86196
1.84224
1.83083
1.82953
1.83576
1.84579
1.85802
1.8726
1.88861
1.90192
1.90669
1.89945
1.88214
1.86152
1.84598
1.8414
1.84801
1.85998
1.86824
1.86455
1.8445
1.8097
1.76849
1.73329
1.71508
1.71902
1.74366
1.78343
1.83185
1.88282
1.93008
1.96723
1.98913
1.99385
1.98353
1.96311
1.93766
1.91015
1.88168
1.8533
1.82732
1.80692
1.79477
1.79178
1.79694
1.80844
1.82523
1.84764
1.87661
1.91228
1.95252
1.99231
2.02502
2.04498
2.04996
2.04196
2.02596
2.00813
1.99494
1.99268
2.00527
2.03131
2.06386
2.09482
2.11971
2.13839
2.1521
2.16062
2.16275
2.15869
2.15101
2.14289
2.13569
2.12859
2.12004
2.10873
2.09407
2.07667
2.05896
2.04486
2.03817
2.04007
2.04722
2.05255
2.0489
2.0334
2.00929
1.98306
1.95932
1.93935
1.92405
1.91617
1.91848
1.93044
1.94658
1.95892
1.96138
1.95284
1.93707
1.92112
1.91311
1.91841
1.93566
1.95844
1.98114
2.001
2.0153
2.02001
2.01234
1.99389
1.9708
1.95036
1.93651
1.92803
1.92036
1.90881
1.89055
1.86517
1.83458
1.80301
1.77662
1.76233
1.76536
1.78731
1.82548
1.87355
1.92333
1.96755
2.00192
2.02486
2.03567
2.03388
2.02048
1.99907
1.97534
1.95454
1.93854
1.92597
1.91603
1.91003
1.90847
1.90991
1.91262
1.91456
1.91301
1.90791
1.90714
1.92329
1.95846
1.99971
2.03343
2.05422
2.06212
2.05797
2.04131
2.01182
1.9728
1.93299
1.90329
1.89021
1.8939
1.91148
1.93892
1.96957
1.99449
2.00602
1.99985
1.97463
1.93139
1.87454
1.81369
1.76405
1.74224
1.75711
1.80281
1.86231
1.91771
1.95752
1.97818
1.98191
1.97357
1.95825
1.94084
1.92611
1.91803
1.91859
1.92755
1.94253
1.95881
1.96978
1.96949
1.95613
1.93442
1.91525
1.91111
1.92907
1.96629
2.01106
2.04866
2.06836
2.06642
2.04486
2.00877
1.96427
1.91765
1.87511
1.84196
1.82112
1.81304
1.81732
1.8333
1.85842
1.8872
1.9129
1.93087
1.94104
1.94793
1.95789
1.97516
1.9993
2.02569
2.04861
2.06428
2.07192
2.07274
2.06833
2.05944
2.04555
2.02512
1.99636
1.95819
1.9114
1.86042
1.81422
1.7835
1.7734
1.77935
1.79128
1.80157
1.80934
1.8192
1.83635
1.8617
1.8906
1.91557
1.93073
1.93578
1.93687
1.94118
1.94937
1.95524
1.95241
1.93854
1.91486
1.88425
1.85042
1.81832
1.79347
1.77913
1.77567
1.78355
1.80289
1.83009
1.85892
1.8856
1.91134
1.93873
1.96708
1.99286
2.01286
2.02403
2.02238
2.0061
1.98001
1.95488
1.94029
1.93786
1.94293
1.95031
1.95669
1.96031
1.96078
1.95925
1.95734
1.95475
1.94829
1.93478
1.91454
1.89123
1.86872
1.84884
1.83225
1.82046
1.8166
1.82435
1.84576
1.8777
1.91084
1.93417
1.94094
1.93101
1.91001
1.88674
1.86993
1.86497
1.87254
1.88901
1.90864
1.92596
1.93767
1.9428
1.94132
1.93387
1.92337
1.91623
1.91993
1.93786
1.96681
1.99947
2.02922
2.05316
2.07205
2.0879
2.10117
2.11028
2.11363
2.11102
2.10263
2.08797
2.06674
2.03972
2.00843
1.97449
1.93978
1.90637
1.87608
1.85062
1.83205
1.82303
1.82656
1.84488
1.8787
1.92651
1.9825
2.03744
2.08286
2.11402
2.12993
2.13185
2.12181
2.10144
2.07221
2.03685
2.00066
1.97103
1.95475
1.95402
1.96444
1.9776
1.98612
1.98733
1.98413
1.98245
1.98617
1.99378
2.00169
2.00868
2.01593
2.02437
2.03378
2.04366
2.05433
2.06606
2.07608
2.07817
2.06701
2.04244
2.00881
1.97253
1.94192
1.92678
1.9331
1.95707
1.9874
2.01347
2.03014
2.03688
2.03473
2.02457
2.00867
1.99522
1.99645
2.01422
2.0339
2.0399
2.0282
2.00474
1.97904
1.95917
1.94948
1.9512
1.9631
1.98117
1.99927
2.01131
2.01347
2.00618
1.99399
1.98278
1.97694
1.97773
1.98274
1.9875
1.98853
1.98569
1.98181
1.98028
1.98276
1.98879
1.99673
2.00493
2.01194
2.01622
2.01598
2.01001
1.99864
1.98442
1.9716
1.9643
1.96439
1.97054
1.9794
1.98762
1.99345
1.99693
1.99949
2.00277
2.00747
2.01236
2.01476
2.01264
2.00647
1.99874
1.99283
1.9928
2.00183
2.01854
2.03607
1.90885
1.90833
1.89853
1.88557
1.87885
1.88565
1.90461
1.92671
1.94438
1.95529
1.95852
1.95267
1.93734
1.91457
1.88977
1.87095
1.86392
1.86702
1.87303
1.87622
1.87546
1.87275
1.8706
1.87003
1.86997
1.86847
1.86541
1.86477
1.87375
1.89828
1.93784
1.9839
2.02403
2.04834
2.05321
2.04096
2.0177
1.99118
1.96835
1.95262
1.94285
1.9348
1.92378
1.90717
1.88564
1.86225
1.84057
1.82388
1.81507
1.81532
1.82299
1.83443
1.84602
1.85611
1.86553
1.87601
1.8878
1.89973
1.91188
1.92638
1.94496
1.96634
1.98684
2.00281
2.01198
2.01365
2.00877
1.99943
1.9871
1.97093
1.94893
1.92162
1.89417
1.87432
1.86786
1.87549
1.89311
1.91487
1.93588
1.95301
1.96438
1.96893
1.96667
1.95896
1.94809
1.93681
1.92779
1.92319
1.92363
1.92832
1.9366
1.94864
1.96372
1.97887
1.98961
1.99224
1.98533
1.96994
1.94874
1.92479
1.90099
1.88104
1.87049
1.87509
1.89622
1.9284
1.96194
1.98746
1.99826
1.99158
1.97126
1.94999
1.94321
1.95599
1.98087
2.00714
2.02569
2.02942
2.01522
1.98694
1.95544
1.93256
1.92371
1.92715
1.93772
1.9492
1.95532
1.95261
1.94471
1.94101
1.94493
1.94839
1.9416
1.92127
1.89013
1.85462
1.82399
1.80903
1.81751
1.84793
1.88825
1.92317
1.94305
1.94729
1.94218
1.9358
1.93287
1.93307
1.93353
1.93199
1.92785
1.92096
1.91004
1.89238
1.86501
1.82692
1.78089
1.73331
1.69181
1.66327
1.65327
1.66337
1.68822
1.71859
1.74873
1.78017
1.81773
1.86215
1.90776
1.94619
1.97123
1.98076
1.97668
1.96369
1.94745
1.93259
1.92104
1.91222
1.90458
1.89706
1.88907
1.87966
1.86709
1.84976
1.82713
1.80061
1.77412
1.75427
1.74856
1.76091
1.78821
1.82265
1.85685
1.8861
1.90764
1.91992
1.9227
1.91676
1.90323
1.88393
1.86197
1.84027
1.82048
1.80578
1.80201
1.81323
1.83867
1.87522
1.91924
1.96588
2.00891
2.04248
2.06307
2.07021
2.06595
2.05359
2.03615
2.01518
1.99077
1.96301
1.93342
1.90447
1.8769
1.84806
1.81498
1.78049
1.75483
1.74703
1.75607
1.77414
1.7942
1.81167
1.82378
1.83037
1.83521
1.8448
1.86423
1.89336
1.92584
1.95217
1.96478
1.96185
1.94876
1.93664
1.93579
1.94714
1.96083
1.96405
1.94916
1.91654
1.87455
1.83734
1.81719
1.81499
1.81984
1.8187
1.80522
1.78274
1.76127
1.75059
1.75486
1.77243
1.79873
1.82873
1.85875
1.88696
1.91193
1.93079
1.93918
1.93387
1.9165
1.89459
1.87683
1.86677
1.86142
1.85611
1.84908
1.84139
1.83394
1.82678
1.82082
1.81786
1.81919
1.82473
1.83318
1.84268
1.85241
1.86334
1.87682
1.89247
1.90827
1.92224
1.93326
1.94048
1.94279
1.93899
1.92876
1.91507
1.90811
1.92163
1.95525
1.98959
2.00612
1.99824
1.96693
1.9165
1.8549
1.7938
1.74432
1.71266
1.70253
1.71631
1.74803
1.78301
1.80909
1.82364
1.83083
1.83608
1.84278
1.85179
1.86216
1.87175
1.87813
1.87941
1.87456
1.86313
1.84537
1.82376
1.80418
1.79425
1.79884
1.81624
1.83884
1.85737
1.86519
1.86038
1.84552
1.82619
1.80906
1.80026
1.8038
1.82065
1.84862
1.88219
1.91345
1.93476
1.94198
1.93585
1.92076
1.90241
1.88626
1.87687
1.87607
1.88123
1.88653
1.88548
1.87328
1.84917
1.81863
1.79234
1.78004
1.78361
1.79732
1.81378
1.82814
1.83867
1.84636
1.85392
1.86377
1.87634
1.89005
1.90284
1.91293
1.91877
1.9192
1.91361
1.90239
1.88687
1.86909
1.8513
1.83522
1.82182
1.8121
1.808
1.81218
1.82566
1.84529
1.86533
1.88194
1.89462
1.90369
1.90757
1.90184
1.88116
1.84534
1.80814
1.7943
1.81311
1.84759
1.87914
1.90093
1.91206
1.9119
1.89996
1.87792
1.85117
1.82836
1.81804
1.82326
1.83906
1.85607
1.86612
1.86542
1.8553
1.8413
1.83055
1.82762
1.83285
1.84413
1.85784
1.86933
1.87584
1.87741
1.87313
1.85898
1.83201
1.79533
1.75898
1.73495
1.7287
1.7367
1.75234
1.77069
1.78839
1.80291
1.81242
1.81664
1.8187
1.82647
1.84765
1.88018
1.91259
1.93339
1.9355
1.9161
1.87707
1.82561
1.7726
1.72924
1.70409
1.7016
1.72124
1.7573
1.80052
1.84149
1.87314
1.89133
1.89469
1.88501
1.86725
1.84802
1.83284
1.8244
1.82282
1.82687
1.83498
1.84604
1.85973
1.87615
1.8951
1.9159
1.93691
1.95509
1.96679
1.97027
1.96719
1.96178
1.95812
1.95754
1.95848
1.95909
1.9594
1.95978
1.95812
1.95106
1.93771
1.92099
1.90576
1.89566
1.89113
1.89023
1.89085
1.89201
1.89364
1.89598
1.89921
1.90363
1.90964
1.91782
1.92831
1.9403
1.95156
1.95895
1.95979
1.95431
1.94726
1.94588
1.95478
1.97193
1.98888
1.99613
1.99002
1.9755
1.96311
1.96166
1.97228
1.98847
2.00058
2.00047
1.98482
1.95662
1.9236
1.89409
1.87408
1.86651
1.87132
1.88566
1.90491
1.92336
1.9348
1.93369
1.91711
1.88662
1.84809
1.80902
1.77478
1.7476
1.72867
1.71945
1.7206
1.7323
1.7553
1.78831
1.82538
1.85831
1.8809
1.89101
1.89231
1.89577
1.91146
1.93435
1.94811
1.94119
1.9133
1.87283
1.83203
1.80094
1.78395
1.781
1.79076
1.81133
1.83863
1.86634
1.88848
1.90217
1.90794
1.9082
1.90502
1.89811
1.8842
1.86006
1.82749
1.79595
1.7785
1.78369
1.81172
1.85738
1.9125
1.96631
2.00751
2.02788
2.02483
2.00153
1.96506
1.92368
1.88419
1.85083
1.82579
1.80999
1.80316
1.80354
1.80788
1.81245
1.81473
1.8138
1.80931
1.80004
1.78488
1.76525
1.74589
1.73245
1.72845
1.73388
1.74572
1.75945
1.7711
1.77882
1.78403
1.79101
1.80369
1.82211
1.8431
1.86364
1.88234
1.89834
1.91031
1.91711
1.91866
1.91569
1.90914
1.90059
1.89299
1.88966
1.89186
1.89712
1.90027
1.8966
1.88418
1.86416
1.83928
1.81241
1.78653
1.76575
1.75489
1.75668
1.76962
1.78892
1.80984
1.82962
1.84721
1.86232
1.87534
1.88752
1.90019
1.91384
1.92769
1.94045
1.95132
1.95978
1.9641
1.96169
1.95129
1.93453
1.91503
1.89618
1.87992
1.86707
1.85845
1.85497
1.85668
1.86235
1.86976
1.87655
1.88093
1.88221
1.8807
1.87707
1.87165
1.86443
1.85573
1.84651
1.83771
1.82992
1.82447
1.82433
1.83234
1.84817
1.86806
1.88747
1.90329
1.91459
1.92235
1.92839
1.93459
1.94204
1.94976
1.95435
1.95141
1.93831
1.91693
1.89478
1.88247
1.88748
1.90906
1.93927
1.96799
1.98698
1.99188
1.98317
1.96535
1.94373
1.92059
1.89412
1.86166
1.82374
1.78517
1.75299
1.73401
1.73305
1.75002
1.77811
1.80733
1.82995
1.84345
1.85073
1.85798
1.87071
1.89027
1.91374
1.93651
1.95427
1.96349
1.96242
1.95215
1.93669
1.92129
1.90826
1.89365
1.87156
1.84154
1.80952
1.78278
1.76537
1.75753
1.75807
1.76652
1.78287
1.80583
1.83211
1.85863
1.88557
1.91642
1.95349
1.99311
2.02553
2.03927
2.02585
1.98294
1.91709
1.84718
1.80081
1.79503
1.82096
1.85521
1.87931
1.88633
1.87849
1.86351
1.85079
1.84712
1.85495
1.87413
1.90286
1.93645
1.96773
1.99039
2.00176
2.00176
1.98958
1.96329
1.9242
1.88231
1.8544
1.85017
1.86269
1.87903
1.89339
1.90801
1.92715
1.95138
1.97642
1.99578
2.00381
1.99694
1.97405
1.93797
1.89642
1.85849
1.82843
1.80524
1.78733
1.775
1.76954
1.77135
1.7794
1.79219
1.80836
1.82603
1.84235
1.85462
1.86144
1.86265
1.85901
1.8522
1.84469
1.83875
1.83488
1.83145
1.82651
1.81991
1.81377
1.81023
1.80938
1.80929
1.80795
1.80561
1.80549
1.81199
1.82759
1.85124
1.87917
1.9058
1.92488
1.93207
1.92762
1.91645
1.90566
1.90097
1.90419
1.91314
1.92342
1.93027
1.92992
1.92052
1.90337
1.88333
1.86823
1.8661
1.8794
1.90143
1.92101
1.93023
1.92711
1.914
1.89523
1.87572
1.86016
1.85216
1.85333
1.86266
1.87683
1.8912
1.90101
1.90244
1.89406
1.87907
1.86583
1.86164
1.8645
1.86601
1.86064
1.84904
1.83568
1.82521
1.81898
1.81406
1.80567
1.79118
1.77344
1.76059
1.76095
1.77675
1.803
1.83184
1.85755
1.87937
1.90106
1.92573
1.94995
1.96483
1.96298
1.94331
1.91106
1.8754
1.8469
1.8342
1.84011
1.85936
1.88051
1.89146
1.88508
1.86267
1.83416
1.81255
1.80569
1.81265
1.8272
1.84334
1.85821
1.87093
1.88006
1.88333
1.87954
1.86993
1.85741
1.84464
1.83219
1.81843
1.80089
1.77818
1.75073
1.72051
1.69066
1.66538
1.64922
1.64625
1.65979
1.69188
1.74066
1.79904
1.85706
1.90538
1.93761
1.95087
1.94537
1.92345
1.88893
1.84732
1.80639
1.7759
1.76517
1.77914
1.81541
1.86472
1.91475
1.95448
1.97668
1.97878
1.96323
1.9376
1.9132
1.90118
1.90686
1.92721
1.95356
1.97643
1.9887
1.98656
1.96959
1.94101
1.90756
1.87797
1.85919
1.85233
1.8527
1.85337
1.84924
1.83986
1.83117
1.83188
1.84343
1.85772
1.86725
1.87113
1.87146
1.86911
1.86387
1.8559
1.84519
1.83116
1.81441
1.79804
1.78542
1.77611
1.76586
1.75168
1.73563
1.72335
1.71979
1.72626
1.7399
1.7555
1.76789
1.7738
1.7723
1.76465
1.75428
1.74671
1.74836
1.76383
1.79317
1.83131
1.87025
1.90178
1.91939
1.92016
1.90794
1.89471
1.89109
1.89421
1.898
1.88555
1.86274
1.83194
1.79827
1.77238
1.76681
1.78532
1.82003
1.85975
1.89616
1.92417
1.94144
1.94844
1.94847
1.94653
1.94724
1.95272
1.96167
1.97023
1.97414
1.97063
1.95898
1.94013
1.91597
1.8883
1.85885
1.83074
1.80973
1.80234
1.81156
1.83389
1.86122
1.88562
1.90234
1.90995
1.90937
1.90298
1.89344
1.88225
1.86939
1.85405
1.83612
1.81767
1.80253
1.79392
1.79261
1.79798
1.80986
1.82891
1.85528
1.88715
1.92056
1.95078
1.97423
1.98925
1.99555
1.99304
1.98123
1.95995
1.93079
1.89742
1.86335
1.82962
1.79691
1.76978
1.7558
1.75838
1.77292
1.79041
1.80297
1.80807
1.81115
1.82198
1.84401
1.87079
1.89432
1.9107
1.91886
1.91875
1.91156
1.90035
1.88942
1.88272
1.88231
1.88741
1.89484
1.9008
1.90311
1.90163
1.89658
1.88672
1.87029
1.84738
1.82092
1.79567
1.77604
1.76463
1.76185
1.76639
1.77615
1.78942
1.80549
1.82377
1.84127
1.85147
1.8471
1.82504
1.78999
1.75442
1.73277
1.73225
1.74948
1.77597
1.8046
1.83094
1.85188
1.86506
1.86977
1.86763
1.86179
1.85501
1.84813
1.84079
1.83295
1.82596
1.82141
1.81961
1.81899
1.81722
1.81272
1.80574
1.79841
1.79375
1.79361
1.79727
1.80286
1.81038
1.82114
1.83358
1.8433
1.84767
1.84645
1.83992
1.82985
1.82247
1.8275
1.84972
1.88258
1.91671
1.94994
1.98208
2.00616
2.01311
2.00122
1.97613
1.9454
1.91562
1.89254
1.87942
1.87536
1.87697
1.8814
1.88701
1.89198
1.89391
1.89162
1.88796
1.88909
1.8981
1.91088
1.92024
1.92132
1.91309
1.89765
1.87866
1.8593
1.84121
1.82606
1.81759
1.82043
1.83592
1.85982
1.88468
1.90388
1.91378
1.91354
1.90439
1.88947
1.87345
1.86088
1.85358
1.84946
1.84384
1.83225
1.8128
1.78709
1.75919
1.73407
1.71594
1.70678
1.70526
1.70749
1.70961
1.71042
1.71137
1.71483
1.7223
1.73339
1.74547
1.75455
1.75677
1.74999
1.73449
1.71285
1.68889
1.66685
1.65149
1.6478
1.65789
1.67796
1.70012
1.71796
1.72994
1.73881
1.74925
1.76522
1.78743
1.81289
1.83752
1.85905
1.87756
1.89462
1.91312
1.93663
1.96645
1.99867
2.02588
2.04178
2.04388
2.03336
2.01354
1.98796
1.9588
1.92682
1.89223
1.85582
1.8191
1.78422
1.75353
1.72878
1.71157
1.70508
1.71382
1.73887
1.77329
1.80558
1.82714
1.8361
1.83684
1.83666
1.84012
1.846
1.8511
1.85445
1.85701
1.85915
1.85942
1.85528
1.84449
1.8255
1.79757
1.76138
1.7203
1.68087
1.65092
1.63581
1.63649
1.65154
1.67956
1.71947
1.76884
1.82213
1.87043
1.90414
1.91716
1.91012
1.89096
1.87165
1.86174
1.86399
1.87691
1.89902
1.92781
1.95689
1.97783
1.98414
1.97317
1.94591
1.90674
1.86402
1.82913
1.81066
1.80802
1.8134
1.81941
1.82239
1.82088
1.81377
1.80015
1.78084
1.75948
1.74204
1.73522
1.74459
1.77124
1.80879
1.84671
1.87667
1.89446
1.89821
1.88782
1.8667
1.84266
1.82494
1.81827
1.82027
1.82596
1.83404
1.84704
1.86542
1.88462
1.89893
1.90494
1.90208
1.89237
1.87987
1.86893
1.86215
1.8601
1.8634
1.8739
1.89251
1.91596
1.93727
1.9495
1.94907
1.93712
1.91881
1.90059
1.88733
1.88134
1.88294
1.89068
1.90183
1.9135
1.92363
1.93126
1.936
1.93759
1.93606
1.93205
1.92683
1.92192
1.91865
1.91755
1.91788
1.91779
1.91495
1.90709
1.89208
1.86814
1.83424
1.79102
1.74221
1.69505
1.6579
1.6368
1.63465
1.65226
1.68704
1.73129
1.77491
1.81053
1.83652
1.85753
1.88106
1.9108
1.94299
1.97021
1.98645
1.9885
1.97562
1.95058
1.9207
1.89651
1.88671
1.89263
1.90808
1.9242
1.93353
1.93103
1.91422
1.88461
1.84919
1.81845
1.79962
1.79099
1.78455
1.77362
1.7582
1.74377
1.73476
1.73022
1.72682
1.72448
1.72783
1.74263
1.77039
1.80587
1.83919
1.86069
1.86537
1.85472
1.83607
1.8189
1.80965
1.8094
1.81627
1.82804
1.84239
1.8558
1.86369
1.86231
1.85134
1.83518
1.82179
1.81893
1.82846
1.84314
1.8505
1.84052
1.81263
1.77931
1.75826
1.75674
1.77153
1.79975
1.84082
1.8927
1.95043
2.00749
2.05787
2.09728
2.12323
2.1347
2.13192
2.11616
2.08932
2.05331
2.00969
1.96032
1.90895
1.8624
1.82903
1.8144
1.81699
1.82832
1.83785
1.83851
1.82953
1.81577
1.80458
1.80101
1.80455
1.81076
1.81628
1.82124
1.82679
1.8323
1.83567
1.83468
1.82813
1.8162
1.80077
1.78529
1.7736
1.76786
1.76766
1.77119
1.77651
1.78235
1.78857
1.79651
1.808
1.82335
1.84035
1.8556
1.86715
1.87514
1.8798
1.87955
1.87198
1.85645
1.83507
1.81283
1.79653
1.79138
1.79726
1.80875
1.81822
1.82005
1.81434
1.80778
1.80975
1.82541
1.85139
1.87745
1.89264
1.89055
1.87095
1.83888
1.80254
1.77091
1.75098
1.74514
1.75003
1.75824
1.76132
1.7534
1.73545
1.71851
1.7183
1.74051
1.77444
1.80541
1.82678
1.84051
1.8518
1.86472
1.88058
1.89834
1.91564
1.93009
1.94034
1.94644
1.94925
1.94954
1.94807
1.94617
1.94601
1.94983
1.95864
1.97127
1.98425
1.99279
1.99281
1.98322
1.9673
1.95135
1.94097
1.93726
1.93678
1.93495
1.92914
1.91932
1.90648
1.8913
1.87373
1.85311
1.82875
1.80095
1.77237
1.74824
1.73444
1.73467
1.74861
1.7725
1.80137
1.83129
1.85991
1.88573
1.90777
1.92572
1.9394
1.9478
1.94879
1.94016
1.92157
1.8966
1.87317
1.86068
1.86462
1.88376
1.91252
1.94426
1.97271
1.99278
2.00156
1.99852
1.9846
1.96199
1.93593
1.91643
1.91241
1.92129
1.93092
1.93122
1.91938
1.89914
1.87837
1.86526
1.86374
1.87158
1.88272
1.89093
1.89191
1.8844
1.87051
1.85368
1.83569
1.81598
1.79395
1.77065
1.74833
1.7295
1.71645
1.71062
1.71155
1.71631
1.72069
1.72125
1.71714
1.71078
1.70708
1.71168
1.72897
1.75983
1.80009
1.84138
1.87415
1.89009
1.88296
1.85032
1.79741
1.74019
1.70046
1.6902
1.70329
1.72644
1.75054
1.77125
1.78481
1.78744
1.7797
1.76883
1.7631
1.7624
1.75718
1.74196
1.72666
1.7224
1.72479
1.72769
1.73469
1.75155
1.77996
1.81789
1.86099
1.90399
1.94185
1.97035
1.98694
1.99215
1.9894
1.98163
1.96835
1.94767
1.9209
1.89359
1.87089
1.85317
1.83717
1.82009
1.80229
1.78716
1.77771
1.7735
1.77228
1.77398
1.78153
1.79779
1.82258
1.85218
1.88084
1.90279
1.91364
1.91123
1.89619
1.87221
1.84542
1.82248
1.8074
1.79939
1.79469
1.79093
1.78873
1.78987
1.79476
1.80186
1.80898
1.81469
1.81883
1.82197
1.825
1.82889
1.83415
1.84026
1.84584
1.84957
1.85084
1.84964
1.8465
1.84288
1.84066
1.84038
1.84018
1.83659
1.82654
1.80944
1.78811
1.76742
1.7521
1.74635
1.75423
1.77763
1.81392
1.85733
1.90127
1.94
1.97108
1.99756
2.02485
2.05202
2.07085
2.07588
2.06873
2.05303
2.02994
1.99892
1.96023
1.91609
1.87067
1.83028
1.80316
1.79707
1.815
1.85233
1.89814
1.94014
1.96943
1.98304
1.9838
1.97716
1.96679
1.95258
1.93246
1.90576
1.87574
1.84994
1.83655
1.83918
1.85448
1.8747
1.89232
1.90301
1.90578
1.90149
1.89163
1.87785
1.86177
1.84523
1.83046
1.81958
1.81344
1.81074
1.80876
1.80474
1.79705
1.78597
1.77353
1.76292
1.75711
1.75737
1.76319
1.77359
1.78805
1.80592
1.82559
1.8441
1.85765
1.8627
1.85777
1.84527
1.83183
1.82533
1.82998
1.84514
1.86848
1.89732
1.92778
1.95517
1.97544
1.9861
1.98664
1.97862
1.96591
1.95407
1.94878
1.95375
1.96851
1.98798
2.00477
2.01247
2.00792
1.9919
1.9688
1.94502
1.92638
1.9155
1.91112
1.9089
1.90208
1.88312
1.84755
1.79869
1.74861
1.71194
1.69548
1.69515
1.70226
1.70928
1.71252
1.71423
1.72083
1.73722
1.76332
1.79454
1.82432
1.84763
1.86336
1.87406
1.88366
1.89518
1.90905
1.92238
1.92967
1.92689
1.91784
1.91617
1.93554
1.97487
2.0179
2.04741
2.05604
2.04575
2.02351
1.99703
1.97075
1.94453
1.91684
1.88879
1.86439
1.8479
1.8411
1.84242
1.84793
1.8546
1.86282
1.87457
1.8893
1.90351
1.91385
1.91859
1.91693
1.90782
1.88996
1.86341
1.83193
1.80339
1.7872
1.79056
1.81459
1.85263
1.89313
1.92567
1.94521
1.95232
1.94978
1.93944
1.92325
1.90531
1.89084
1.88406
1.88694
1.89572
1.89978
1.88972
1.86453
1.83083
1.79872
1.77752
1.77264
1.78401
1.80674
1.83384
1.85986
1.88299
1.90371
1.92129
1.93212
1.93186
1.91837
1.89353
1.86338
1.83675
1.82266
1.82635
1.84597
1.87281
1.89545
1.90476
1.89695
1.87526
1.84962
1.83165
1.82811
1.83811
1.85531
1.87301
1.8883
1.90209
1.91587
1.92883
1.9378
1.93954
1.93237
1.91635
1.89298
1.86555
1.83891
1.81763
1.80356
1.79516
1.7897
1.78705
1.79051
1.80075
1.81165
1.81669
1.81573
1.81378
1.81607
1.82438
1.83647
1.84838
1.85796
1.86623
1.87564
1.88751
1.9009
1.913
1.91968
1.9159
1.89637
1.85807
1.80616
1.7594
1.74099
1.7549
1.78337
1.80966
1.82926
1.8452
1.86138
1.87879
1.895
1.90605
1.90886
1.90269
1.88965
1.87536
1.86787
1.87229
1.88658
1.90494
1.92316
1.93922
1.95154
1.95785
1.89717
1.88646
1.87115
1.8567
1.84568
1.83506
1.81889
1.79312
1.75884
1.72238
1.69236
1.67464
1.66892
1.67133
1.67959
1.69401
1.71428
1.73717
1.75771
1.77217
1.77993
1.78313
1.78518
1.78915
1.79664
1.80681
1.81673
1.82334
1.82548
1.82369
1.81859
1.81021
1.79848
1.78384
1.76775
1.75359
1.74728
1.75569
1.78137
1.81829
1.85601
1.88695
1.90813
1.91884
1.919
1.90907
1.89106
1.86871
1.84609
1.82651
1.8127
1.80592
1.8057
1.81165
1.8243
1.84249
1.8615
1.87484
1.8779
1.87114
1.86087
1.8571
1.86764
1.89211
1.92189
1.9468
1.96127
1.96531
1.96152
1.95124
1.93305
1.90566
1.87231
1.84182
1.82369
1.82151
1.83143
1.84619
1.85923
1.86606
1.864
1.85196
1.83103
1.80572
1.78587
1.78504
1.80859
1.84431
1.8746
1.89067
1.89271
1.88509
1.87378
1.86474
1.86201
1.86652
1.8766
1.88928
1.90125
1.90948
1.91204
1.90882
1.90144
1.89203
1.8817
1.87009
1.85645
1.84139
1.82743
1.81707
1.81045
1.80536
1.79992
1.79489
1.79367
1.79941
1.81174
1.82638
1.8372
1.83825
1.82561
1.80046
1.77217
1.75438
1.75234
1.75893
1.76588
1.77143
1.77738
1.78363
1.78718
1.78616
1.7842
1.78847
1.80323
1.82695
1.85388
1.87611
1.88656
1.88152
1.86144
1.83029
1.79421
1.7598
1.73265
1.71638
1.71217
1.71865
1.73213
1.74753
1.76012
1.76739
1.77025
1.77218
1.77651
1.78318
1.78849
1.78829
1.7821
1.77453
1.77323
1.78487
1.81134
1.84815
1.88582
1.91376
1.92416
1.91427
1.88657
1.84778
1.80745
1.77669
1.76576
1.78011
1.8171
1.86669
1.91497
1.94951
1.96427
1.96027
1.94115
1.90902
1.86632
1.81993
1.77911
1.74956
1.73238
1.72775
1.73581
1.75373
1.77408
1.78812
1.79179
1.78907
1.78746
1.79036
1.79556
1.79853
1.79522
1.78422
1.76809
1.75246
1.74372
1.74607
1.75942
1.77977
1.8019
1.82192
1.83845
1.85242
1.8658
1.87979
1.89322
1.90316
1.90719
1.90466
1.89619
1.88298
1.86734
1.85308
1.84402
1.84099
1.84047
1.83661
1.82522
1.80722
1.7901
1.785
1.79859
1.82749
1.86249
1.896
1.92464
1.948
1.96615
1.97862
1.98529
1.98769
1.98837
1.98835
1.98552
1.97631
1.95938
1.93711
1.91333
1.89051
1.86983
1.8521
1.8375
1.82517
1.81344
1.80048
1.78517
1.76847
1.75448
1.74938
1.75758
1.77788
1.80331
1.82515
1.83739
1.83928
1.83564
1.83362
1.8365
1.84115
1.84236
1.83759
1.82779
1.81626
1.80675
1.80129
1.7988
1.79543
1.78654
1.76894
1.74264
1.71187
1.68417
1.6675
1.66574
1.67648
1.69283
1.70749
1.71577
1.71641
1.71103
1.70267
1.69421
1.68775
1.68543
1.6906
1.70682
1.73393
1.76501
1.78945
1.79918
1.79157
1.76866
1.73602
1.70287
1.6811
1.67975
1.69719
1.72138
1.73937
1.74571
1.74411
1.74309
1.74891
1.76269
1.78236
1.80496
1.82763
1.848
1.86404
1.87349
1.87452
1.86766
1.85667
1.84615
1.83834
1.83288
1.8295
1.82988
1.83617
1.84803
1.8621
1.87516
1.88629
1.8953
1.9003
1.8984
1.88793
1.86967
1.8467
1.8236
1.80538
1.79626
1.79817
1.80867
1.82022
1.82355
1.81351
1.79178
1.76485
1.74039
1.72545
1.72558
1.74232
1.77142
1.80394
1.82961
1.84007
1.83187
1.80809
1.77739
1.75034
1.73509
1.73487
1.74818
1.77063
1.79723
1.82391
1.84778
1.86708
1.88081
1.88835
1.88894
1.88153
1.86535
1.84137
1.81343
1.7871
1.76647
1.75322
1.74838
1.75271
1.76494
1.78134
1.79756
1.81092
1.82197
1.83417
1.85086
1.87157
1.89127
1.90334
1.9028
1.88788
1.86035
1.82488
1.78764
1.75492
1.73254
1.7252
1.73489
1.75884
1.78952
1.81789
1.83771
1.84744
1.8492
1.84638
1.84195
1.83877
1.84034
1.85019
1.86981
1.89744
1.92853
1.95671
1.97491
1.97682
1.9586
1.9198
1.86384
1.79826
1.73501
1.68807
1.66647
1.66836
1.68389
1.70464
1.72887
1.75816
1.7921
1.82759
1.86062
1.88834
1.91064
1.92942
1.94548
1.95652
1.95881
1.95057
1.93354
1.91209
1.89099
1.87304
1.85836
1.84515
1.83115
1.81474
1.7964
1.77987
1.76958
1.76515
1.76148
1.75514
1.74726
1.74133
1.74035
1.74591
1.75797
1.77423
1.78982
1.79874
1.79671
1.78409
1.76698
1.75398
1.74968
1.75292
1.76174
1.77687
1.80024
1.83205
1.86951
1.90767
1.94098
1.96442
1.97401
1.96728
1.94387
1.90626
1.86004
1.81295
1.77287
1.74609
1.7363
1.7446
1.7697
1.8081
1.85404
1.90035
1.94004
1.96804
1.98202
1.98223
1.97048
1.94897
1.91992
1.88674
1.85575
1.83615
1.83557
1.85338
1.87976
1.90171
1.90927
1.89864
1.87303
1.84132
1.81411
1.79842
1.79547
1.80255
1.81562
1.82988
1.84031
1.84318
1.83793
1.8276
1.81738
1.81178
1.81312
1.82521
1.85573
1.90576
1.96185
2.00704
2.03121
2.0313
2.00916
1.97092
1.92627
1.8863
1.85954
1.84897
1.85251
1.86539
1.88249
1.89986
1.91537
1.92829
1.93856
1.94629
1.95119
1.95241
1.94906
1.94071
1.92733
1.90901
1.88678
1.86371
1.84462
1.83349
1.83056
1.83186
1.83192
1.82744
1.81887
1.80928
1.8017
1.79745
1.79642
1.79827
1.80338
1.81265
1.82576
1.83944
1.84822
1.84713
1.83387
1.8096
1.77849
1.74688
1.72241
1.71238
1.72074
1.74525
1.77755
1.8066
1.82261
1.81946
1.79591
1.75581
1.70715
1.65966
1.6223
1.60181
1.60173
1.6206
1.65176
1.68675
1.72008
1.75027
1.77753
1.80141
1.82109
1.83689
1.85081
1.86528
1.88119
1.89688
1.90874
1.91325
1.90969
1.90243
1.89967
1.90633
1.91752
1.92252
1.91359
1.88931
1.85335
1.81199
1.77104
1.7336
1.70074
1.67377
1.65571
1.64976
1.65628
1.67161
1.68993
1.70602
1.71678
1.72195
1.72401
1.72705
1.73446
1.74675
1.76134
1.77482
1.78551
1.79406
1.8013
1.80581
1.80491
1.79802
1.78816
1.77988
1.77589
1.77589
1.77762
1.7786
1.77795
1.7769
1.77723
1.77976
1.78375
1.78725
1.7876
1.78278
1.77396
1.76764
1.77308
1.79443
1.82555
1.85416
1.86904
1.86336
1.83538
1.7887
1.73178
1.67676
1.63788
1.62729
1.64756
1.68901
1.73762
1.78483
1.83081
1.87826
1.92356
1.95715
1.97151
1.96609
1.94631
1.91888
1.88789
1.85524
1.8234
1.79585
1.7746
1.75831
1.74359
1.72862
1.71637
1.71501
1.73269
1.76903
1.81322
1.85104
1.87194
1.87126
1.84981
1.81318
1.77064
1.73281
1.70767
1.69701
1.69716
1.70253
1.70763
1.7073
1.69792
1.67988
1.65884
1.64335
1.63998
1.64958
1.66722
1.68594
1.70148
1.71471
1.73031
1.75304
1.78506
1.8254
1.87022
1.91367
1.94964
1.97382
1.98467
1.9831
1.97187
1.95468
1.93487
1.91432
1.89375
1.87442
1.85862
1.84765
1.83918
1.82735
1.80621
1.77374
1.73375
1.69472
1.66626
1.65482
1.66113
1.68082
1.70729
1.73418
1.75669
1.77157
1.77679
1.7712
1.75472
1.72873
1.69689
1.66638
1.64781
1.65076
1.67609
1.71395
1.75094
1.77816
1.79389
1.80246
1.81115
1.82492
1.84181
1.85418
1.85484
1.84182
1.81927
1.79516
1.77644
1.76486
1.75828
1.75492
1.75516
1.76147
1.77737
1.80466
1.84054
1.87734
1.90556
1.91745
1.90923
1.88207
1.84254
1.80235
1.77629
1.77601
1.80214
1.84361
1.88512
1.91467
1.92634
1.9192
1.89484
1.8556
1.80373
1.74217
1.67893
1.63261
1.62485
1.65657
1.70439
1.74477
1.76655
1.76838
1.75655
1.74435
1.74579
1.7641
1.78978
1.81225
1.82863
1.84225
1.85671
1.87256
1.88836
1.90274
1.91466
1.92323
1.92878
1.93341
1.93915
1.94549
1.9495
1.94857
1.9427
1.93391
1.92455
1.91624
1.90997
1.90618
1.90417
1.9019
1.89724
1.88961
1.88008
1.86929
1.85616
1.83879
1.81605
1.78804
1.75638
1.7253
1.70168
1.6923
1.69969
1.72132
1.75208
1.78655
1.81993
1.84847
1.87018
1.88529
1.89576
1.90357
1.90933
1.91298
1.91535
1.91814
1.92277
1.92916
1.93515
1.93731
1.93261
1.91969
1.89905
1.87279
1.84436
1.81765
1.79558
1.77924
1.76783
1.75937
1.75151
1.74249
1.73175
1.7197
1.70711
1.69494
1.68459
1.6779
1.67571
1.67646
1.67707
1.67552
1.67335
1.67613
1.69112
1.72192
1.76419
1.80783
1.84341
1.86629
1.87632
1.87519
1.86416
1.84399
1.81648
1.78585
1.75818
1.73941
1.73275
1.73743
1.74958
1.7645
1.77821
1.78803
1.79273
1.79299
1.79194
1.79425
1.80294
1.81687
1.83202
1.8449
1.85578
1.86926
1.88914
1.91187
1.929
1.93475
1.92808
1.91038
1.88404
1.85415
1.83008
1.82211
1.83309
1.85442
1.87251
1.87767
1.86734
1.84471
1.81616
1.78888
1.76855
1.75771
1.75579
1.76088
1.77112
1.78414
1.79623
1.80438
1.80947
1.81512
1.82285
1.82954
1.82986
1.82055
1.80294
1.78245
1.76578
1.75685
1.75263
1.74516
1.72998
1.71088
1.69731
1.69805
1.71447
1.73727
1.75219
1.74875
1.72479
1.68715
1.64917
1.62397
1.61741
1.62731
1.64855
1.67692
1.70888
1.74027
1.76644
1.78395
1.79204
1.79226
1.78642
1.77558
1.76069
1.74362
1.72715
1.71405
1.70573
1.70195
1.70201
1.70704
1.71986
1.74223
1.77213
1.80378
1.83001
1.84545
1.84872
1.84255
1.83228
1.82332
1.81867
1.8181
1.81952
1.82083
1.82071
1.81893
1.81692
1.81658
1.81727
1.81579
1.89335
1.88334
1.87575
1.87543
1.88397
1.90008
1.92097
1.94305
1.96175
1.97172
1.96759
1.9455
1.90514
1.85189
1.79756
1.75795
1.7452
1.75795
1.78238
1.804
1.81386
1.80759
1.78475
1.74957
1.71073
1.6785
1.66062
1.65996
1.67544
1.70398
1.74056
1.77791
1.80884
1.8301
1.84494
1.86099
1.88307
1.90671
1.92095
1.9173
1.89601
1.86542
1.83623
1.81468
1.80022
1.78835
1.7743
1.75522
1.73127
1.70527
1.68098
1.66158
1.64981
1.64856
1.65988
1.68225
1.7093
1.73162
1.74113
1.73487
1.71605
1.69204
1.67068
1.65735
1.65476
1.66476
1.68887
1.72581
1.7698
1.81229
1.84467
1.86094
1.85965
1.84456
1.82333
1.80485
1.79574
1.79776
1.80781
1.82037
1.83045
1.83479
1.83199
1.82255
1.80917
1.79598
1.78593
1.77864
1.77123
1.76173
1.75123
1.74323
1.74136
1.74761
1.76144
1.78029
1.80089
1.82069
1.83838
1.85381
1.86719
1.8783
1.8867
1.8923
1.89605
1.89956
1.90386
1.90817
1.90987
1.90626
1.89643
1.88168
1.86415
1.84541
1.82592
1.806
1.78741
1.77336
1.76561
1.76198
1.75836
1.75358
1.75082
1.75428
1.76426
1.77761
1.79274
1.81182
1.83851
1.87391
1.9136
1.94855
1.96941
1.97112
1.95508
1.92819
1.89858
1.8706
1.84435
1.81975
1.79948
1.78745
1.78548
1.79195
1.80283
1.81339
1.82079
1.82821
1.84655
1.88353
1.93067
1.97181
1.99813
2.00913
2.00779
1.99844
1.98646
1.97745
1.97482
1.97723
1.97889
1.97337
1.95812
1.9361
1.91325
1.89469
1.88428
1.88575
1.89992
1.92252
1.94745
1.96957
1.9842
1.98733
1.97745
1.95793
1.93702
1.92262
1.91673
1.91583
1.91493
1.91022
1.89971
1.88314
1.86211
1.84055
1.82492
1.82208
1.83487
1.85974
1.88948
1.91742
1.93894
1.95071
1.9504
1.93836
1.91982
1.90421
1.89976
1.90906
1.93028
1.96007
1.9941
2.02694
2.05347
2.07037
2.07677
2.0734
2.06141
2.04179
2.01579
1.98555
1.95426
1.92562
1.90271
1.88659
1.87564
1.86699
1.85908
1.85251
1.84787
1.84366
1.83754
1.82929
1.82153
1.81731
1.81723
1.81913
1.82135
1.82626
1.83979
1.86576
1.90068
1.93511
1.95932
1.96801
1.96164
1.94523
1.92534
1.90692
1.89215
1.88128
1.87312
1.86497
1.85393
1.83915
1.8226
1.80788
1.79813
1.79505
1.79921
1.81069
1.82899
1.85172
1.87442
1.89219
1.90252
1.90778
1.91499
1.9285
1.94366
1.95228
1.9509
1.94129
1.92756
1.91439
1.90621
1.90606
1.91485
1.93236
1.95807
1.99044
2.02553
2.05722
2.07945
2.08843
2.08311
2.06422
2.033
1.99041
1.93719
1.87512
1.8088
1.7461
1.69566
1.66346
1.65242
1.66283
1.69098
1.72864
1.76647
1.79844
1.82268
1.8392
1.84811
1.85084
1.85125
1.85434
1.86368
1.87987
1.9006
1.92216
1.94033
1.94956
1.94382
1.92047
1.88414
1.84567
1.81527
1.797
1.78954
1.78933
1.79233
1.79459
1.7929
1.78545
1.77293
1.75893
1.7485
1.74552
1.75177
1.76733
1.79088
1.82036
1.85323
1.88627
1.91577
1.93816
1.95089
1.9524
1.94272
1.92465
1.90373
1.88558
1.87139
1.8557
1.82942
1.78629
1.72871
1.67016
1.63186
1.63061
1.66513
1.71946
1.77851
1.83413
1.88202
1.91906
1.94372
1.95696
1.96168
1.961
1.95708
1.95125
1.94492
1.94049
1.94142
1.95074
1.96861
1.99117
2.01237
2.02676
2.03093
2.02266
1.99995
1.96188
1.91195
1.86036
1.82015
1.79906
1.79614
1.8072
1.82944
1.85781
1.88281
1.89616
1.89635
1.8886
1.88082
1.87899
1.8848
1.8966
1.91179
1.92831
1.94407
1.95521
1.95678
1.94609
1.92577
1.9031
1.88519
1.87536
1.87453
1.88281
1.89851
1.91763
1.93532
1.94732
1.95084
1.94531
1.93311
1.91895
1.90758
1.90139
1.89982
1.90124
1.90524
1.9126
1.92305
1.93397
1.94182
1.94468
1.94311
1.93797
1.92789
1.91099
1.88983
1.87185
1.86341
1.86489
1.87279
1.88411
1.89749
1.91203
1.92687
1.94117
1.95369
1.96281
1.96697
1.96522
1.95749
1.94455
1.92755
1.90743
1.88472
1.85929
1.83048
1.79823
1.76412
1.7314
1.70454
1.68899
1.6899
1.70914
1.74287
1.78235
1.81689
1.83623
1.83532
1.82215
1.81602
1.8251
1.83651
1.83643
1.82304
1.80352
1.78768
1.78208
1.78693
1.79726
1.80609
1.80789
1.8011
1.78814
1.77275
1.75774
1.74525
1.73707
1.73404
1.7358
1.74177
1.75217
1.7681
1.78942
1.8128
1.8328
1.84531
1.8495
1.84693
1.83887
1.82503
1.80505
1.78096
1.75835
1.74562
1.75078
1.7768
1.81916
1.86788
1.91225
1.94474
1.9625
1.96653
1.96031
1.94861
1.93589
1.9246
1.9144
1.90336
1.89096
1.87995
1.87489
1.87829
1.88805
1.89818
1.90251
1.89874
1.89043
1.88487
1.8872
1.89702
1.91094
1.9259
1.93932
1.94877
1.9533
1.95416
1.95352
1.95428
1.96189
1.98202
2.01191
2.03833
2.04746
2.03428
2.00366
1.96548
1.92823
1.89641
1.87212
1.85605
1.84647
1.84028
1.83555
1.83178
1.82876
1.82588
1.82202
1.81596
1.80799
1.80163
1.8034
1.81803
1.84205
1.86385
1.87177
1.86223
1.84286
1.82819
1.82762
1.83814
1.85139
1.86311
1.8736
1.8831
1.89057
1.89653
1.90353
1.91199
1.91891
1.9216
1.9207
1.91949
1.92159
1.92895
1.94116
1.95577
1.96936
1.97854
1.98068
1.97465
1.96161
1.94506
1.9297
1.91917
1.91512
1.91824
1.92945
1.94881
1.97373
1.99906
2.01926
2.03095
2.03408
2.03097
2.02419
2.01507
2.00385
1.99093
1.97816
1.96847
1.96334
1.96123
1.95926
1.95605
1.95232
1.94908
1.9458
1.93938
1.92584
1.90411
1.87799
1.85417
1.83753
1.82812
1.82306
1.8197
1.81711
1.81517
1.81325
1.80982
1.80352
1.79398
1.78173
1.76752
1.75196
1.73581
1.72029
1.70671
1.69606
1.68904
1.68719
1.69337
1.71156
1.74561
1.79581
1.85596
1.91539
1.96426
1.99601
2.00707
1.99608
1.96425
1.91653
1.86302
1.81783
1.79377
1.79464
1.81245
1.83281
1.84336
1.83905
1.82372
1.80762
1.79952
1.79903
1.79831
1.79048
1.77507
1.75741
1.74433
1.74034
1.74798
1.76947
1.80492
1.84935
1.89439
1.93269
1.96057
1.97794
1.98638
1.98738
1.98198
1.97142
1.95755
1.94195
1.92574
1.91
1.89588
1.88426
1.87603
1.87185
1.87038
1.86739
1.85819
1.84113
1.81927
1.7993
1.78821
1.78892
1.79947
1.81691
1.84103
1.87309
1.91174
1.95159
1.98587
2.00929
2.01862
2.01242
1.99167
1.96083
1.92764
1.90082
1.88586
1.8818
1.88301
1.88474
1.8866
1.8913
1.90116
1.9156
1.93069
1.94114
1.94334
1.9368
1.92315
1.90419
1.88097
1.8546
1.82716
1.80152
1.78055
1.76698
1.76334
1.77101
1.78914
1.81449
1.84233
1.86808
1.88893
1.90486
1.91783
1.92929
1.93795
1.94046
1.93476
1.923
1.90999
1.89848
1.88782
1.87753
1.86911
1.86462
1.86592
1.87379
1.88547
1.89392
1.89155
1.87559
1.85019
1.82429
1.80617
1.79811
1.79593
1.79372
1.78837
1.7806
1.7735
1.77081
1.77538
1.78796
1.80674
1.82839
1.84991
1.86916
1.88404
1.89223
1.89261
1.8867
1.87862
1.87374
1.87676
1.89
1.91246
1.93944
1.96334
1.97577
1.97034
1.94502
1.90376
1.8568
1.81836
1.80071
1.80665
1.82837
1.85548
1.88226
1.90726
1.92991
1.94833
1.95887
1.95792
1.94474
1.92285
1.89918
1.88147
1.87481
1.87989
1.8941
1.91366
1.9339
1.94875
1.95228
1.94361
1.93134
1.92755
1.93365
1.93945
1.93523
1.91784
1.88978
1.85713
1.82721
1.80603
1.79691
1.80206
1.82444
1.86463
1.91534
1.96353
1.99744
2.00994
1.9988
1.9677
1.92832
1.89832
1.89157
1.90812
1.93598
1.9612
1.97467
1.97277
1.95622
1.92926
1.89926
1.87511
1.86393
1.86722
1.88053
1.89816
1.91748
1.93817
1.95889
1.97583
1.98466
1.98339
1.97315
1.95636
1.93485
1.91074
1.88776
1.87042
1.86171
1.86199
1.87008
1.88495
1.90563
1.92925
1.95054
1.96344
1.96371
1.95121
1.92983
1.90563
1.88469
1.87147
1.86737
1.8709
1.87917
1.88937
1.89962
1.90932
1.91831
1.92564
1.92854
1.92343
1.90807
1.88379
1.85546
1.82867
1.80774
1.79695
1.80128
1.8222
1.85303
1.88267
1.90366
1.91487
1.91862
1.9174
1.91285
1.90638
1.89986
1.89537
1.89401
1.89502
1.89594
1.89379
1.88664
1.87497
1.86182
1.85162
1.84848
1.85525
1.87263
1.89776
1.9241
1.94475
1.95718
1.96498
1.97412
1.9866
1.99826
2.00305
1.99807
1.98536
1.97057
1.96025
1.95923
1.96915
1.98784
2.0094
2.02631
2.03306
2.02878
2.01662
2.00092
1.98512
1.97122
1.95993
1.95088
1.9429
1.93429
1.92308
1.90772
1.88787
1.86525
1.84443
1.83045
1.82371
1.8179
1.80581
1.78781
1.77447
1.77914
1.80721
1.85294
1.90546
1.95521
1.99597
2.02424
2.03885
2.04065
2.03197
2.01599
1.99594
1.9746
1.95406
1.93577
1.92048
1.9083
1.89911
1.89305
1.89044
1.89094
1.89411
1.90078
1.91162
1.92433
1.93389
1.93582
1.92827
1.91179
1.88875
1.86324
1.84043
1.82417
1.81474
1.809
1.80305
1.79531
1.7884
1.78827
1.80113
1.83008
1.8732
1.92412
1.97423
2.01538
2.04169
2.05015
2.04038
2.01441
1.97655
1.93285
1.88983
1.85348
1.82854
1.81715
1.81769
1.82572
1.83737
1.85136
1.86662
1.87924
1.88389
1.87789
1.86319
1.84551
1.88812
1.84576
1.78567
1.88911
2.09646
2.19278
2.13122
1.9587
1.89323
1.95879
1.99429
2.04748
2.12573
2.19017
2.22599
2.21873
2.16441
2.08398
2.02129
2.0035
2.01811
2.04584
2.07746
2.10335
2.11343
2.1009
2.06209
2.00254
1.9408
1.89977
1.89167
1.91112
1.94227
1.97069
1.98879
1.99482
1.9908
1.98145
1.97178
1.96301
1.95189
1.93389
1.90652
1.87112
1.83487
1.81104
1.81218
1.83758
1.8726
1.90733
1.94166
1.96855
1.97899
1.978
1.98
1.99545
2.02437
2.05814
2.08555
2.09809
2.09228
2.06975
2.0366
2.0012
1.96984
1.94362
1.91995
1.89625
1.87183
1.84783
1.82714
1.81379
1.81105
1.81921
1.83545
1.85562
1.87662
1.89782
1.92036
1.94536
1.97286
2.00175
2.03026
2.05607
2.07589
2.08517
2.07872
2.05373
2.01442
1.97252
1.93643
1.90238
1.86379
1.82219
1.78442
1.75782
1.74988
1.76719
1.81055
1.87075
1.93186
1.9797
2.0069
2.01265
2.00026
1.97443
1.93964
1.90029
1.86206
1.83225
1.81708
1.81666
1.82386
1.83003
1.83096
1.82756
1.82299
1.81971
1.81829
1.81754
1.81562
1.81159
1.80629
1.80202
1.80125
1.80581
1.81655
1.83278
1.85218
1.87167
1.88857
1.90122
1.90851
1.9093
1.90234
1.88704
1.86458
1.83848
1.81423
1.79808
1.79511
1.80762
1.83486
1.87343
1.91761
1.96044
1.99575
2.01953
2.03001
2.02704
2.01181
1.9867
1.95492
1.91997
1.88536
1.85455
1.83143
1.82043
1.8253
1.84741
1.88526
1.9349
1.99064
2.0459
2.09435
2.13139
2.15535
2.16779
2.17176
2.16906
2.15913
2.14103
2.11617
2.08825
2.06037
2.03325
2.00732
1.98422
1.96532
1.95029
1.93762
1.92641
1.91734
1.91211
1.91262
1.9206
1.93633
1.95717
1.97906
1.9988
2.01423
2.02332
2.02412
2.01632
2.00192
1.98384
1.96376
1.94298
1.92504
1.91491
1.91511
1.92375
1.93637
1.94805
1.95442
1.95221
1.93974
1.9178
1.89051
1.86418
1.84336
1.82788
1.81507
1.80317
1.79193
1.78185
1.77419
1.77161
1.7782
1.79801
1.83303
1.88176
1.93857
1.99437
2.03974
2.06884
2.08121
2.08062
2.07225
2.05977
2.04374
2.02213
1.99284
1.95742
1.92343
1.90149
1.89757
1.90905
1.92847
1.94877
1.96604
1.97965
1.99083
2.00044
2.00754
2.00937
2.00263
1.98553
1.95982
1.93163
1.90927
1.89765
1.89371
1.88937
1.88049
1.87226
1.87525
1.89555
1.92846
1.96143
1.98225
1.98523
1.97229
1.94986
1.92405
1.8983
1.8751
1.85796
1.85097
1.85752
1.87814
1.90752
1.93691
1.95978
1.97321
1.97685
1.97338
1.96846
1.96596
1.96359
1.95626
1.9422
1.92402
1.90547
1.88817
1.87198
1.85779
1.84811
1.84441
1.84446
1.8433
1.83768
1.82883
1.82072
1.81763
1.8239
1.84109
1.86502
1.88929
1.91039
1.92746
1.93933
1.94355
1.93778
1.9221
1.90063
1.88107
1.87108
1.87328
1.88325
1.89264
1.89533
1.89154
1.88679
1.88675
1.89209
1.89905
1.90413
1.90694
1.90972
1.91556
1.92638
1.9421
1.96201
1.98549
2.01097
2.03561
2.05667
2.07254
2.08164
2.08107
2.06735
2.03881
1.99835
1.95469
1.92026
1.90506
1.91162
1.93537
1.96807
2.00109
2.0278
2.04489
2.05287
2.05486
2.05331
2.04816
2.03832
2.02425
2.00844
1.99367
1.98115
1.97072
1.96198
1.95454
1.94765
1.94052
1.93279
1.92476
1.91738
1.9121
1.91045
1.9132
1.92
1.93002
1.94258
1.95711
1.97251
1.98654
1.99552
1.99488
1.98074
1.95213
1.91215
1.86734
1.82605
1.79676
1.785
1.79094
1.81043
1.83788
1.86721
1.89284
1.91145
1.9221
1.92403
1.91635
1.90052
1.8818
1.86725
1.86292
1.87377
1.90239
1.94247
1.97739
1.99105
1.97658
1.93595
1.87754
1.81442
1.76136
1.72909
1.71992
1.7286
1.74703
1.76802
1.78628
1.79814
1.803
1.8053
1.8123
1.82822
1.85145
1.87748
1.90274
1.92609
1.94808
1.96885
1.98641
1.99716
1.998
1.98845
1.97155
1.95328
1.94039
1.93725
1.9434
1.95403
1.96312
1.96742
1.96716
1.96297
1.95303
1.9353
1.91052
1.88175
1.85294
1.82914
1.81617
1.81802
1.83374
1.85798
1.88431
1.90835
1.9288
1.94616
1.96106
1.97384
1.98525
1.99678
2.00989
2.02445
2.03798
2.04668
2.04824
2.044
2.03802
2.03351
2.03018
2.02468
2.01309
1.99324
1.96559
1.9329
1.8988
1.8671
1.84196
1.82732
1.82492
1.83363
1.85123
1.87566
1.9049
1.93657
1.96815
1.99744
2.02345
2.04684
2.06962
2.09396
2.12007
2.14455
2.16107
2.16326
2.14788
2.1169
2.0774
2.03741
2.00082
1.96795
1.93975
1.91835
1.90483
1.8986
1.89885
1.90492
1.91538
1.92754
1.93789
1.94214
1.93659
1.92132
1.90293
1.8901
1.88443
1.87949
1.86908
1.85203
1.83146
1.81171
1.79506
1.78097
1.76944
1.76438
1.77258
1.7984
1.83997
1.89004
1.94003
1.98308
2.01477
2.03277
2.03683
2.02869
2.01157
1.98889
1.96327
1.93696
1.91287
1.89453
1.88497
1.88582
1.89763
1.91979
1.94892
1.97765
1.99715
2.00176
1.99132
1.96967
1.94216
1.91479
1.89438
1.88734
1.89631
1.91788
1.94433
1.9677
1.98282
1.98753
1.98188
1.96742
1.94726
1.92578
1.90793
1.89746
1.89466
1.89555
1.89495
1.89161
1.88958
1.89324
1.90229
1.91332
1.92468
1.93729
1.95051
1.9593
1.95622
1.93463
1.89155
1.83231
1.77488
1.74346
1.74975
1.78563
1.83507
1.88559
1.93043
1.96684
1.9947
2.01535
2.02992
2.03846
2.04038
2.0351
2.02237
2.00354
1.9828
1.96578
1.95577
1.95188
1.94981
1.94335
1.92719
1.90206
1.87835
1.87048
1.88372
1.9103
1.93878
1.96182
1.97722
1.98678
1.99574
2.00948
2.02731
2.04144
2.04407
2.03317
2.01197
1.98487
1.95446
1.92213
1.89072
1.86457
1.84643
1.8357
1.82967
1.82581
1.82284
1.82099
1.82025
1.81791
1.80941
1.79372
1.77642
1.7641
1.75696
1.75151
1.74721
1.74659
1.75145
1.76157
1.7756
1.79044
1.80158
1.80645
1.80585
1.80243
1.799
1.79763
1.79989
1.80795
1.82497
1.85297
1.89031
1.9325
1.97489
2.01318
2.04267
2.05829
2.05627
2.03591
2.0003
1.95592
1.91159
1.87646
1.85634
1.85067
1.85282
1.85429
1.85022
1.84316
1.84336
1.86381
1.90973
1.97141
2.03126
2.07631
2.10203
2.10974
2.10397
2.09123
2.07865
2.07127
2.06949
2.06893
2.06317
2.04712
2.0188
1.97969
1.93421
1.88937
1.85498
1.84081
1.84779
1.86474
1.87891
1.88497
1.88465
1.88269
1.88349
1.88898
1.89829
1.90912
1.9191
1.92634
1.92936
1.92736
1.92069
1.91072
1.89903
1.887
1.87662
1.87099
1.87295
1.88203
1.89383
1.90263
1.90424
1.89766
1.8853
1.87077
1.85748
1.84892
1.84824
1.85612
1.86993
1.88528
1.89848
1.90836
1.91665
1.9269
1.94202
1.96168
1.98204
1.99808
2.0058
2.00316
1.99006
1.96805
1.93971
1.9086
1.87949
1.85807
1.84984
1.8589
1.88566
1.92363
1.96126
1.98886
2.00325
2.00754
2.00798
2.01094
2.0216
2.04347
2.07615
2.1142
2.15009
2.17819
2.19579
2.20199
2.19701
2.18197
2.15818
2.12715
2.09179
2.0562
2.02272
1.98989
1.95457
1.91594
1.87747
1.84569
1.82664
1.8227
1.83153
1.8477
1.86728
1.8914
1.92026
1.94504
1.95403
1.94382
1.92104
1.89766
1.8856
1.89228
1.91848
1.95981
2.0104
2.06417
2.11212
2.14275
2.14779
2.12824
2.09615
2.06822
2.05266
2.04415
2.03404
2.02079
2.00831
1.99759
1.98345
1.96019
1.92907
1.89962
1.88323
1.88504
1.90147
1.92366
1.94254
1.95229
1.952
1.94558
1.94005
1.94243
1.95646
1.98109
2.01098
2.03848
2.05576
2.05701
2.03968
2.00466
1.95553
1.89798
1.83997
1.79163
1.76231
1.75686
1.77437
1.80937
1.8533
1.89553
1.92591
1.93883
1.9361
1.92611
1.91997
1.92611
1.94601
1.97389
2.00064
2.01897
2.02635
2.0243
2.01567
2.00327
1.99037
1.9802
1.97406
1.97027
1.96523
1.95552
1.93951
1.91798
1.89438
1.8739
1.86149
1.86007
1.8692
1.88471
1.90037
1.91116
1.91564
1.9157
1.91461
1.91466
1.91595
1.91643
1.91307
1.90331
1.88608
1.86242
1.83551
1.80989
1.79014
1.77982
1.78048
1.79055
1.80531
1.81906
1.82817
1.83277
1.8361
1.84218
1.8542
1.87379
1.90055
1.93159
1.96184
1.98531
1.99701
1.99434
1.97768
1.95024
1.91665
1.88107
1.84638
1.81586
1.79582
1.79317
1.80725
1.82929
1.85144
1.8715
1.8899
1.90619
1.91871
1.92619
1.92895
1.92861
1.92699
1.92495
1.92243
1.91867
1.91265
1.90365
1.89289
1.88492
1.8862
1.89939
1.92036
1.94247
1.96164
1.97777
1.99406
2.0146
2.0393
2.06174
2.07392
2.07224
2.05889
2.0388
2.01552
1.98983
1.96139
1.9304
1.89785
1.86496
1.83263
1.80155
1.77273
1.74785
1.72878
1.71682
1.71275
1.71772
1.73348
1.76156
1.80196
1.85259
1.90984
1.96883
2.02307
2.06498
2.0883
2.09068
2.0746
2.04627
2.01362
1.98419
1.96334
1.95292
1.95089
1.95273
1.9544
1.95453
1.95417
1.95482
1.95718
1.96119
1.96694
1.97478
1.98489
1.99628
2.00622
2.01033
2.00384
1.98366
1.95049
1.91001
1.87197
1.8464
1.83949
1.85156
1.87795
1.91123
1.94354
1.96777
1.97801
1.97002
1.94326
1.90443
1.86871
1.85196
1.85742
1.87239
1.87992
1.87101
1.84836
1.8235
1.80997
1.81525
1.83712
1.86756
1.93067
1.96248
1.99413
2.02396
2.04749
2.05929
2.05562
2.03613
2.00584
1.97627
1.96075
1.96476
1.98059
1.99319
1.99137
1.97355
1.94633
1.91991
1.90238
1.89567
1.89575
1.89601
1.89215
1.88652
1.88701
1.89871
1.9179
1.93772
1.9552
1.97027
1.98246
1.99106
1.99653
2.00028
2.00343
2.00641
2.00968
2.01448
2.02201
2.03138
2.03964
2.04387
2.04261
2.0357
2.024
2.00943
1.99431
1.97936
1.96334
1.9457
1.92949
1.91962
1.9176
1.91975
1.92092
1.91885
1.91487
1.91232
1.91382
1.91898
1.92443
1.92662
1.92419
1.91839
1.91197
1.90736
1.90525
1.90382
1.8993
1.88807
1.86879
1.84358
1.81877
1.80468
1.81114
1.839
1.87795
1.91518
1.94397
1.96421
1.97821
1.98722
1.99063
1.98718
1.97677
1.96162
1.94589
1.93358
1.92615
1.92259
1.92146
1.92204
1.92399
1.92712
1.93107
1.93481
1.93574
1.92984
1.91388
1.88901
1.86318
1.84775
1.84842
1.86095
1.8783
1.89732
1.91628
1.93135
1.93847
1.93598
1.9264
1.91638
1.91362
1.92192
1.94036
1.96743
2.00227
2.04083
2.07556
2.10031
2.11216
2.10951
2.09188
2.06124
2.02215
1.98029
1.94113
1.90948
1.88892
1.88047
1.882
1.88982
1.90148
1.91721
1.93821
1.96363
1.98913
2.00873
2.01784
2.0149
2.0012
1.97963
1.95364
1.92701
1.90396
1.88832
1.88197
1.8845
1.89416
1.90847
1.92437
1.93896
1.94995
1.95574
1.95503
1.94682
1.93116
1.91023
1.88836
1.8704
1.85939
1.85553
1.85717
1.86285
1.87249
1.88699
1.90642
1.92791
1.94583
1.95409
1.94884
1.92956
1.8987
1.86083
1.82197
1.78889
1.7681
1.76408
1.7776
1.80505
1.83959
1.87388
1.90214
1.9205
1.92675
1.92084
1.90606
1.88914
1.87775
1.87708
1.88839
1.90966
1.93674
1.96411
1.98605
1.9984
1.99993
1.99241
1.97988
1.96672
1.95549
1.94574
1.93516
1.92146
1.90307
1.87921
1.85132
1.82562
1.81302
1.82292
1.85597
1.90385
1.95508
2.00028
2.03337
2.05077
2.05154
2.03874
2.01925
2.00077
1.98753
1.97834
1.96833
1.95299
1.93198
1.91145
1.90097
1.90406
1.91465
1.92485
1.93148
1.93533
1.93814
1.94134
1.94589
1.95188
1.95858
1.9648
1.96871
1.96652
1.95276
1.92335
1.87918
1.82698
1.77738
1.74176
1.72856
1.74023
1.77265
1.81752
1.86519
1.9067
1.9358
1.95035
1.95199
1.94484
1.93459
1.92789
1.93024
1.94319
1.96439
1.98968
2.01379
2.03092
2.03695
2.03147
2.01759
1.99958
1.98038
1.96114
1.94216
1.92337
1.90403
1.88299
1.86001
1.83751
1.82167
1.82074
1.83871
1.87112
1.9095
1.94714
1.97997
2.00585
2.02451
2.03612
2.03932
2.03185
2.01398
1.99123
1.97373
1.9711
1.98561
2.01024
2.03395
2.04819
2.04941
2.0383
2.01807
1.99313
1.96802
1.94672
1.93197
1.92465
1.92345
1.92497
1.92478
1.91893
1.90508
1.88347
1.85848
1.83939
1.83693
1.85573
1.89095
1.93221
1.96947
1.99674
2.01273
2.01952
2.02177
2.02618
2.03852
2.05898
2.08213
2.10161
2.1129
2.11306
2.10049
2.07623
2.04516
2.01461
1.99036
1.97364
1.96247
1.9554
1.95273
1.95399
1.95552
1.95244
1.944
1.93606
1.93612
1.94577
1.96115
1.97884
1.99696
2.01309
2.02433
2.02877
2.02646
2.02073
2.01729
2.01891
2.02161
2.01867
2.00706
1.98957
1.9725
1.96149
1.95867
1.96259
1.97019
1.97848
1.98545
1.98932
1.98749
1.97761
1.9595
1.93556
1.90937
1.88504
1.86833
1.867
1.88601
1.92052
1.95695
1.98301
1.99522
1.99754
1.99485
1.98824
1.97604
1.95755
1.93504
1.91289
1.89568
1.88655
1.88646
1.8938
1.90519
1.91669
1.92513
1.92921
1.93004
1.93012
1.93095
1.93161
1.92972
1.9237
1.91424
1.90491
1.90126
1.90752
1.92258
1.94005
1.95267
1.95643
1.95138
1.93992
1.92455
1.90662
1.88666
1.86554
1.84476
1.82643
1.81375
1.81152
1.82443
1.85221
1.88812
1.92413
1.95599
1.98338
2.00757
2.02956
2.04973
2.06818
2.08478
2.09871
2.10827
2.11192
2.10956
2.10308
2.09539
2.08866
2.08293
2.07594
2.06457
2.04707
2.02449
1.99988
1.97624
1.95464
1.93385
1.9116
1.88664
1.86029
1.83626
1.81818
1.80633
1.7965
1.78409
1.77081
1.76643
1.78065
1.8136
1.85651
1.89887
1.9332
1.95654
1.96977
1.97552
1.97565
1.97025
1.95906
1.94543
1.93917
1.94912
1.97002
1.9857
1.98413
1.96369
1.9315
1.89932
1.87624
1.86078
1.84235
1.8144
1.78832
1.78544
1.80789
1.83698
1.85856
1.87333
1.8897
1.91212
1.93536
1.95021
1.9517
1.94069
1.9211
1.89758
1.87464
1.85632
1.84527
1.84201
1.84509
1.85177
1.85837
1.86169
1.86123
1.85891
1.85731
1.86017
1.87096
1.88869
1.90716
1.91836
1.91651
1.90097
1.87771
1.8568
1.84539
1.84208
1.84009
1.83419
1.82471
1.81882
1.82726
1.85406
1.89069
1.92445
1.94818
1.96107
1.96611
1.96825
1.97234
1.9808
1.99255
2.00407
2.01198
2.01509
2.0148
2.01442
2.01806
2.02863
2.04609
2.06699
2.08577
2.09649
2.09442
2.07749
2.04735
2.00932
1.97084
1.93902
1.91882
1.91213
1.91751
1.93088
1.94701
1.96147
1.97196
1.97833
1.98123
1.98066
1.97594
1.96679
1.9542
1.94027
1.92732
1.91714
1.91113
1.91033
1.91513
1.92433
1.93594
1.94927
1.96396
1.97594
1.97833
1.96845
1.95167
1.93709
1.93069
1.93293
1.94124
1.95306
1.96679
1.98083
1.99344
2.00437
2.016
2.03167
2.0527
2.0769
2.09941
2.11503
2.11983
2.11155
2.09014
2.05823
2.02059
1.98274
1.94965
1.92482
1.9095
1.90219
1.89882
1.89398
1.88317
1.86569
1.84601
1.83234
1.8324
1.8488
1.87711
1.90787
1.93043
1.93673
1.92396
1.89595
1.86189
1.83056
1.80459
1.78278
1.76682
1.76211
1.77276
1.79734
1.82915
1.85986
1.8831
1.89633
1.90011
1.89659
1.88841
1.87947
1.87546
1.8814
1.89728
1.91803
1.9382
1.95499
1.96801
1.97748
1.98306
1.98444
1.98275
1.98043
1.97893
1.97692
1.97118
1.95882
1.93898
1.91357
1.88713
1.86562
1.85448
1.85827
1.88109
1.92294
1.97518
2.02441
2.06077
2.08054
2.08374
2.07268
2.05264
2.03293
2.02403
2.02936
2.04093
2.0481
2.04674
2.03881
2.02878
2.02134
2.02018
2.02703
2.04084
2.05769
2.07194
2.07794
2.0722
2.05485
2.03036
2.00598
1.98779
1.97836
1.97832
1.98837
2.00743
2.03075
2.0516
2.06394
2.06423
2.05216
2.03068
2.00496
1.98112
1.96512
1.96114
1.96799
1.97848
1.98654
1.99222
1.99811
2.00426
2.00817
2.00757
2.00244
1.99497
1.98853
1.98571
1.98657
1.98835
1.9869
1.9795
1.96665
1.9514
1.93703
1.92492
1.91446
1.90489
1.89729
1.89436
1.89799
1.90707
1.91711
1.92177
1.91532
1.8958
1.8672
1.83811
1.81773
1.81218
1.82171
1.83979
1.85729
1.86868
1.87473
1.87971
1.88694
1.89738
1.91119
1.92767
1.94428
1.95767
1.96557
1.96685
1.96128
1.95032
1.9375
1.92637
1.91754
1.90814
1.89486
1.87828
1.86448
1.86207
1.87545
1.90057
1.92888
1.95441
1.97417
1.98319
1.97435
1.94379
1.89518
1.83998
1.79324
1.76628
1.76083
1.77014
1.785
1.80009
1.81636
1.83797
1.86621
1.89681
1.92307
1.94081
1.94981
1.9519
1.94829
1.93863
1.92099
1.89245
1.85119
1.8005
1.7511
1.71693
1.70655
1.71859
1.74438
1.77434
1.80222
1.82567
1.84498
1.86183
1.8789
1.89924
1.92453
1.95314
1.98041
2.00095
2.01054
2.00686
1.98914
1.95861
1.91959
1.88051
1.85191
1.84073
1.84605
1.86159
1.88098
1.89962
1.91375
1.92052
1.91981
1.91498
1.9113
1.91298
1.9214
1.93537
1.95262
1.97071
1.98691
1.99817
2.00194
1.9976
1.98707
1.97283
1.95556
1.93554
1.91607
1.90249
1.89755
1.89944
1.9044
1.90942
1.91325
1.91657
1.92189
1.93177
1.94661
1.96388
1.97995
1.99255
2.00183
2.00951
2.01624
2.0196
2.01547
2.00188
1.98173
1.96235
1.9521
1.95438
1.96362
1.96825
1.95705
1.92435
1.87426
1.82341
1.79445
1.79881
1.82949
1.87186
1.91416
1.94914
1.97228
1.98077
1.97389
1.95405
1.92746
1.90293
1.88776
1.88316
1.88372
1.88221
1.87568
1.86779
1.86719
1.88446
1.92557
1.98518
2.04922
2.10293
2.13668
2.14719
2.13546
2.1048
2.06067
2.01181
1.96849
1.93603
1.91072
1.88548
1.85809
1.83291
1.81632
1.81157
1.81654
1.82503
1.82941
1.82388
1.80748
1.78495
1.76509
1.75733
1.7672
1.79226
1.82223
1.84463
1.85292
1.85223
1.85706
1.87999
1.92063
1.96566
1.99917
2.012
2.00281
1.97502
1.93481
1.89108
1.85412
1.83087
1.82015
1.81403
1.80331
1.78149
1.74697
1.70472
1.66525
1.64106
1.64231
1.67185
1.7222
1.78025
1.83472
1.87861
1.90723
1.9176
1.91032
1.89136
1.87068
1.85802
1.85873
1.87189
1.89209
1.91375
1.93423
1.95335
1.97181
1.98986
2.00612
2.01743
2.02079
2.01552
2.00377
1.98911
1.97518
1.96558
1.96345
1.97031
1.9857
2.0075
2.0318
2.05321
2.06739
2.07392
2.07513
2.07116
2.05872
2.03519
2.00152
1.96163
1.92083
1.88482
1.85828
1.84319
1.83897
1.84386
1.85448
1.86393
1.86383
1.84939
1.82199
1.78835
1.75754
1.73677
1.72812
1.72861
1.73337
1.73909
1.74545
1.75465
1.76988
1.79371
1.8269
1.86763
1.91114
1.95062
1.9803
1.9988
1.91082
1.9227
1.93476
1.94133
1.9369
1.92142
1.90081
1.88305
1.8739
1.87522
1.88582
1.90233
1.91848
1.92631
1.92058
1.90222
1.87721
1.85239
1.83209
1.81796
1.80987
1.8054
1.80035
1.79258
1.78545
1.78621
1.80057
1.8285
1.86465
1.90166
1.93335
1.95637
1.97074
1.97911
1.98496
1.99024
1.9935
1.99023
1.97587
1.94908
1.91302
1.87447
1.84108
1.81863
1.80998
1.81531
1.83248
1.85759
1.88576
1.91197
1.93178
1.94209
1.94203
1.93322
1.91947
1.90554
1.89541
1.89106
1.89206
1.89573
1.89784
1.89441
1.88381
1.86795
1.85176
1.84075
1.83791
1.84204
1.84864
1.85413
1.85916
1.8651
1.8686
1.86336
1.8469
1.82364
1.80307
1.79524
1.80541
1.83096
1.86372
1.89556
1.92146
1.93897
1.94721
1.94666
1.93888
1.92589
1.90988
1.89343
1.87942
1.87016
1.86623
1.866
1.8659
1.86185
1.85321
1.84666
1.85274
1.87504
1.90602
1.93452
1.95342
1.96091
1.9584
1.94828
1.93314
1.91642
1.90243
1.89431
1.8928
1.89732
1.90549
1.91168
1.90922
1.89492
1.8712
1.84486
1.82354
1.81103
1.8045
1.79666
1.78152
1.7582
1.73144
1.70885
1.6957
1.69262
1.69894
1.71501
1.73985
1.76923
1.79756
1.82017
1.83373
1.83593
1.82603
1.80636
1.78372
1.7684
1.76959
1.78997
1.82441
1.86397
1.90072
1.93007
1.95032
1.96108
1.96198
1.95239
1.93239
1.90432
1.87409
1.8507
1.84251
1.85224
1.87559
1.90502
1.93412
1.95911
1.97825
1.99085
1.99681
1.99657
1.99119
1.98265
1.97367
1.96642
1.96059
1.95278
1.93894
1.91816
1.89411
1.87201
1.8548
1.84223
1.83292
1.82632
1.82321
1.82516
1.83298
1.84475
1.85598
1.86256
1.86351
1.86127
1.86017
1.86475
1.87824
1.90099
1.92901
1.95509
1.97248
1.97806
1.97259
1.95918
1.94092
1.91923
1.89491
1.87148
1.85611
1.85488
1.86817
1.89137
1.91873
1.94577
1.96936
1.98708
1.99698
1.99784
1.98935
1.97216
1.94802
1.91979
1.89067
1.86303
1.83831
1.81766
1.80186
1.79047
1.78193
1.77544
1.77199
1.77306
1.77897
1.78916
1.80338
1.82128
1.84113
1.85989
1.87487
1.88527
1.89217
1.89688
1.89925
1.89802
1.89301
1.8867
1.88326
1.88571
1.89421
1.90645
1.9191
1.92865
1.93162
1.92538
1.90951
1.88751
1.86685
1.856
1.85893
1.87315
1.89296
1.91348
1.93129
1.94375
1.94913
1.94717
1.93856
1.92369
1.90242
1.87567
1.84673
1.81984
1.79752
1.78013
1.76829
1.76429
1.77144
1.79189
1.82382
1.86018
1.89113
1.90889
1.91153
1.90392
1.89509
1.8934
1.90236
1.91974
1.93996
1.95664
1.96486
1.96316
1.95356
1.93922
1.9221
1.90379
1.88837
1.88077
1.87989
1.87991
1.8788
1.87815
1.87795
1.87581
1.87029
1.8624
1.85428
1.84712
1.84101
1.83779
1.84272
1.85965
1.8852
1.91102
1.93066
1.94254
1.9486
1.95142
1.95235
1.95251
1.95463
1.9631
1.98159
2.01043
2.045
2.0768
2.09655
2.09741
2.07658
2.0359
1.98258
1.9293
1.89
1.87189
1.87233
1.88416
1.90135
1.92003
1.93766
1.95229
1.96183
1.96375
1.95584
1.93791
1.9126
1.88453
1.85877
1.83974
1.83051
1.83214
1.8435
1.86164
1.88238
1.90116
1.91423
1.91988
1.9186
1.91199
1.9025
1.89389
1.89039
1.89423
1.90414
1.91682
1.92932
1.94046
1.95056
1.96011
1.96829
1.973
1.97283
1.96952
1.96806
1.97314
1.98455
1.99611
1.99909
1.98721
1.95918
1.91844
1.87219
1.8304
1.80307
1.79506
1.80168
1.81139
1.81409
1.80653
1.79158
1.77451
1.7596
1.74959
1.74743
1.75634
1.77711
1.80578
1.83383
1.85138
1.85091
1.82974
1.79161
1.74772
1.71432
1.70458
1.72244
1.76278
1.81459
1.86653
1.91147
1.94645
1.97098
1.98592
1.99327
1.99592
1.99651
1.99614
1.99405
1.98874
1.97923
1.96529
1.94703
1.92461
1.89874
1.87224
1.85132
1.84448
1.85732
1.88723
1.92325
1.95193
1.96409
1.95834
1.93937
1.91357
1.88599
1.86016
1.83843
1.82078
1.8044
1.78682
1.76986
1.75879
1.75657
1.76066
1.76688
1.77358
1.78088
1.78796
1.79256
1.79218
1.78451
1.76704
1.73919
1.70748
1.68631
1.68549
1.70094
1.72363
1.74801
1.77109
1.79084
1.80688
1.82067
1.83407
1.84788
1.86142
1.87267
1.87873
1.87659
1.86486
1.84606
1.82764
1.81867
1.82276
1.83346
1.83793
1.82508
1.79175
1.74489
1.70094
1.68045
1.69585
1.74197
1.80081
1.85444
1.89322
1.91655
1.92981
1.93974
1.95018
1.96077
1.96897
1.97293
1.97291
1.9708
1.96873
1.96779
1.96772
1.96768
1.96723
1.96665
1.96654
1.96792
1.97288
1.98361
1.99959
2.01668
2.0297
2.03515
2.03146
2.01811
1.99478
1.96169
1.92073
1.87653
1.83611
1.80577
1.78777
1.77995
1.7784
1.78042
1.78588
1.79589
1.80987
1.82472
1.83775
1.84952
1.86314
1.88122
1.90336
1.92632
1.94647
1.96193
1.97266
1.9792
1.98151
1.97895
1.97082
1.95716
1.93903
1.91811
1.89585
1.87346
1.85292
1.8373
1.8292
1.829
1.83519
1.84541
1.85648
1.8649
1.86879
1.86918
1.86907
1.8716
1.87878
1.89043
1.9032
1.91069
1.90582
1.88462
1.84969
1.80994
1.77495
1.74815
1.72704
1.70891
1.69475
1.68913
1.6965
1.71649
1.74252
1.76595
1.7808
1.78554
1.78228
1.77541
1.76978
1.76799
1.76851
1.7673
1.76168
1.75239
1.74248
1.73498
1.73247
1.73827
1.75554
1.78319
1.81376
1.83765
1.84926
1.84923
1.84177
1.83138
1.823
1.82286
1.83583
1.86156
1.89473
1.92761
1.95244
1.9631
1.95635
1.93251
1.89519
1.84997
1.80332
1.76276
1.73652
1.7309
1.7471
1.78029
1.82182
1.86321
1.8993
1.92878
1.95239
1.97085
1.98337
1.98778
1.9822
1.96727
1.94677
1.92646
1.9119
1.90622
1.90843
1.91343
1.91482
1.90896
1.89623
1.8788
1.85855
1.83783
1.82056
1.81094
1.81089
1.8195
1.834
1.85051
1.86629
1.88195
1.90019
1.92173
1.9432
1.95926
1.96631
1.96393
1.95345
1.93622
1.91311
1.88473
1.85174
1.81587
1.78008
1.74572
1.71016
1.67133
1.63534
1.61619
1.62564
1.66323
1.71802
1.77855
1.83814
1.89316
1.94078
1.97908
2.00755
2.0267
2.03767
2.04194
2.04093
2.03533
2.02461
2.00752
1.98345
1.95337
1.91956
1.88473
1.85211
1.82588
1.80966
1.804
1.80656
1.81486
1.8281
1.84605
1.86659
1.8851
1.8967
1.89896
1.89269
1.88134
1.87003
1.86436
1.86897
1.88603
1.91444
1.95023
1.98761
2.01988
2.04059
2.04515
2.03228
2.00517
1.97157
1.94153
1.92259
1.91663
1.92079
1.93069
1.94162
1.94797
1.94386
1.92597
1.89615
1.8607
1.8265
1.79825
1.77882
1.77034
1.77376
1.78739
1.80555
1.82015
1.82593
1.8241
1.82164
1.82666
1.84213
1.86423
1.88726
1.90819
1.92706
1.94509
1.96259
1.97762
1.98656
1.98578
1.97328
1.94965
1.9187
1.88661
1.85891
1.83738
1.82003
1.80379
1.78671
1.76837
1.74954
1.73234
1.72012
1.71584
1.71989
1.73039
1.74573
1.76582
1.78986
1.81369
1.83162
1.84102
1.84464
1.84867
1.85853
1.8751
1.89345
1.90547
1.90424
1.88785
1.86088
1.83187
1.80769
1.79022
1.77794
1.76827
1.75844
1.74751
1.73796
1.73456
1.74165
1.76057
1.78849
1.81976
1.8499
1.87813
1.9052
1.92958
1.94754
1.9562
1.95537
1.94673
1.93216
1.91331
1.89317
1.87672
1.86772
1.86446
1.86119
1.85337
1.84035
1.82494
1.81303
1.81204
1.82741
1.85899
1.90096
1.94465
1.98166
2.00584
2.01412
2.00671
1.9868
1.96015
1.9341
1.91583
1.90971
1.9157
1.92951
1.9447
1.95487
1.95523
1.94424
1.92709
1.91767
1.9282
1.95382
1.97883
1.99316
1.99543
1.98804
1.97363
1.95355
1.9273
1.89335
1.85162
1.80715
1.77122
1.75406
1.75434
1.76166
1.76849
1.77461
1.78306
1.79534
1.81015
1.82456
1.83574
1.8427
1.8469
1.85101
1.85665
1.8637
1.87099
1.87696
1.88059
1.88239
1.88447
1.89084
1.9061
1.93072
1.95779
1.97789
1.9852
1.97846
1.96026
1.93836
1.924
1.92345
1.93171
1.93758
1.93282
1.91574
1.88943
1.85888
1.82869
1.80186
1.7799
1.7638
1.75545
1.75805
1.77361
1.79925
1.82776
1.85318
1.87453
1.89492
1.91758
1.94253
1.9667
1.98668
2.00035
2.0062
2.00268
1.98901
1.96659
1.93893
1.91074
1.88704
1.87295
1.8727
1.88664
1.90987
1.93464
1.95431
1.96534
1.96675
1.95903
1.94336
1.9212
1.8939
1.86307
1.8321
1.80684
1.7933
1.79316
1.80278
1.81755
1.83566
1.85719
1.8814
1.90603
1.92832
1.94591
1.95656
1.95737
1.94552
1.92115
1.89027
1.86351
1.8487
1.8445
1.84257
1.83454
1.81672
1.79098
1.76229
1.73502
1.71344
1.70541
1.71859
1.75038
1.78859
1.82354
1.85414
1.88277
1.90839
1.92603
1.93135
1.92374
1.906
1.88252
1.85794
1.83715
1.82486
1.82379
1.83346
1.85124
1.87409
1.89872
1.92083
1.93598
1.94184
1.93997
1.9356
1.93468
1.93989
1.94909
1.95719
1.95929
1.95237
1.93599
1.91206
1.88492
1.86094
1.84616
1.84216
1.84492
1.84854
1.84959
1.8482
1.84622
1.84507
1.8454
1.84797
1.85359
1.86233
1.87282
1.88222
1.88673
1.88326
1.87211
1.85912
1.85391
1.86234
1.88036
1.89758
1.9059
1.90284
1.88933
1.867
1.83723
1.8025
1.768
1.74154
1.7302
1.73585
