-4.71475
-4.71475
-4.71475
-4.71475
-4.71369
-4.71112
-4.70825
-4.70538
-4.70342
-4.70176
-4.69979
-4.69738
-4.69707
-4.69722
-4.69571
-4.69631
-4.69646
-4.69797
-4.69827
-4.69888
-4.69888
-4.69979
-4.69994
-4.70024
-4.70055
-4.70025
-4.7007
-4.70115
-4.7013
-4.70161
-4.70115
-4.70175
-4.70175
-4.70191
-4.7016
-4.70221
-4.70281
-4.70266
-4.70266
-4.70236
-4.701
-4.70085
-4.70054
-4.7007
-4.70054
-4.70145
-4.7019
-4.70236
-4.70145
-4.70236
-4.70175
-4.70221
-4.70266
-4.70251
-4.70205
-4.70266
-4.70281
-4.70266
-4.70296
-4.70251
-4.70221
-4.70175
-4.7013
-4.7016
-4.70236
-4.70251
-4.70266
-4.70311
-4.70266
-4.7022
-4.7013
-4.7019
-4.70221
-4.70251
-4.70296
-4.70251
-4.70206
-4.701
-4.70145
-4.70205
-4.7013
-4.70115
-4.7013
-4.7019
-4.70251
-4.70341
-4.70281
-4.70296
-4.70387
-4.70402
-4.70417
-4.70432
-4.70432
-4.70432
-4.70417
-4.70432
-4.70462
-4.70553
-4.70538
-4.70508
-4.70508
-4.70583
-4.70568
-4.70583
-4.70628
-4.70598
-4.70583
-4.70568
-4.70583
-4.70568
-4.70598
-4.70644
-4.70659
-4.70674
-4.70674
-4.70613
-4.70644
-4.70568
-4.70493
-4.70493
-4.70568
-4.70629
-4.70599
-4.70644
-4.70599
-4.70629
-4.7069
-4.7072
-4.70674
-4.70704
-4.7075
-4.7075
-4.70795
-4.70795
-4.70795
-4.7075
-4.70629
-4.70614
-4.70644
-4.70689
-4.70719
-4.70719
-4.70719
-4.7075
-4.70659
-4.70614
-4.70705
-4.70735
-4.70705
-4.70659
-4.70599
-4.70599
-4.70614
-4.70705
-4.70705
-4.70704
-4.70704
-4.70674
-4.70704
-4.70674
-4.70629
-4.70659
-4.70614
-4.70598
-4.70583
-4.70568
-4.70583
-4.70523
-4.70478
-4.70508
-4.70448
-4.70448
-4.70493
-4.70448
-4.70417
-4.70417
-4.70402
-4.70372
-4.70357
-4.70281
-4.70387
-4.70341
-4.70402
-4.70417
-4.70417
-4.70447
-4.70432
-4.70387
-4.70236
-4.70327
-4.70281
-4.70266
-4.70266
-4.70312
-4.70417
-4.70417
-4.70417
-4.70357
-4.70357
-4.70311
-4.70296
-4.70251
-4.70251
-4.70236
-4.70221
-4.70236
-4.70251
-4.70281
-4.70342
-4.70327
-4.70312
-4.70281
-4.70266
-4.70236
-4.70266
-4.70296
-4.70251
-4.70236
-4.70236
-4.70191
-4.70145
-4.70115
-4.70221
-4.70115
-4.7013
-4.70145
-4.701
-4.70161
-4.7013
-4.70085
-4.70085
-4.70009
-4.70055
-4.701
-4.70085
-4.701
-4.70085
-4.70115
-4.70191
-4.70251
-4.70236
-4.70206
-4.70145
-4.701
-4.701
-4.70085
-4.701
-4.70115
-4.70085
-4.70115
-4.70115
-4.70145
-4.70176
-4.70221
-4.70206
-4.70176
-4.70161
-4.70085
-4.701
-4.70145
-4.70115
-4.70115
-4.70206
-4.70145
-4.70191
-4.70145
-4.7013
-4.70175
-4.70176
-4.701
-4.70085
-4.70115
-4.70145
-4.70191
-4.70221
-4.70297
-4.70221
-4.70221
-4.70191
-4.70297
-4.70282
-4.70342
-4.70372
-4.70251
-4.70236
-4.70372
-4.70342
-4.70311
-4.70402
-4.70508
-4.70508
-4.70432
-4.70357
-4.70372
-4.70281
-4.70206
-4.70206
-4.70312
-4.70266
-4.70266
-4.70266
-4.70281
-4.70312
-4.70417
-4.70463
-4.70493
-4.70372
-4.70372
-4.70372
-4.70433
-4.70433
-4.70402
-4.70448
-4.70448
-4.70448
-4.70478
-4.70508
-4.70508
-4.70448
-4.70463
-4.70327
-4.70312
-4.70266
-4.70312
-4.70342
-4.70342
-4.70372
-4.70417
-4.70372
-4.70372
-4.70432
-4.70417
-4.70342
-4.70387
-4.70402
-4.70387
-4.70357
-4.70296
-4.70342
-4.70281
-4.70296
-4.70311
-4.70251
-4.70266
-4.70251
-4.70206
-4.70236
-4.70327
-4.70282
-4.70251
-4.70297
-4.70221
-4.70191
-4.70312
-4.70266
-4.70266
-4.70282
-4.70327
-4.70327
-4.70342
-4.70327
-4.70251
-4.70206
-4.70145
-4.7013
-4.70145
-4.70145
-4.70115
-4.70055
-4.70115
-4.7016
-4.70145
-4.70161
-4.70146
-4.70221
-4.70206
-4.70297
-4.70297
-4.70266
-4.70191
-4.70282
-4.70357
-4.70327
-4.70327
-4.70372
-4.70296
-4.70266
-4.70176
-4.70281
-4.70281
-4.70281
-4.70251
-4.70221
-4.70266
-4.70327
-4.70297
-4.70372
-4.70387
-4.70372
-4.70357
-4.70418
-4.70387
-4.70493
-4.70508
-4.70568
-4.70508
-4.70493
-4.70448
-4.70508
-4.70493
-4.70553
-4.70523
-4.70599
-4.70644
-4.70568
-4.70599
-4.70553
-4.70553
-4.70538
-4.70568
-4.70523
-4.70508
-4.70614
-4.70493
-4.70508
-4.70584
-4.70553
-4.70568
-4.70614
-4.70659
-4.70629
-4.70584
-4.70568
-4.70538
-4.70553
-4.70432
-4.70402
-4.70387
-4.70342
-4.70342
-4.70251
-4.70281
-4.70251
-4.70281
-4.70266
-4.70221
-4.70206
-4.70221
-4.70145
-4.70145
-4.7007
-4.7013
-4.7016
-4.70175
-4.701
-4.70024
-4.7013
-4.701
-4.70115
-4.70055
-4.70024
-4.70085
-4.7007
-4.70176
-4.70191
-4.70206
-4.70311
-4.70417
-4.70463
-4.70387
-4.70417
-4.70448
-4.70463
-4.70448
-4.70417
-4.70448
-4.70432
-4.70463
-4.70538
-4.70523
-4.70508
-4.70553
-4.70553
-4.70493
-4.70478
-4.70463
-4.70432
-4.70387
-4.70372
-4.70387
-4.70447
-4.70417
-4.70432
-4.70478
-4.70417
-4.70402
-4.70387
-4.70372
-4.70342
-4.70417
-4.70357
-4.70251
-4.70206
-4.70176
-4.70191
-4.70191
-4.70115
-4.70131
-4.701
-4.70191
-4.70312
-4.70312
-4.70342
-4.70312
-4.70281
-4.70221
-4.70251
-4.70251
-4.70236
-4.70176
-4.70221
-4.70146
-4.70206
-4.70161
-4.7013
-4.7013
-4.70206
-4.70221
-4.70221
-4.70221
-4.70221
-4.70236
-4.70236
-4.70266
-4.70327
-4.70387
-4.70387
-4.70493
-4.70523
-4.70448
-4.70372
-4.70327
-4.70312
-4.70327
-4.70206
-4.70236
-4.70206
-4.70221
-4.70342
-4.70296
-4.70266
-4.70236
-4.70296
-4.70387
-4.70417
-4.70402
-4.70463
-4.70447
-4.70463
-4.70432
-4.70463
-4.70448
-4.70417
-4.70312
-4.70312
-4.70357
-4.70432
-4.70447
-4.70447
-4.70402
-4.70372
-4.70281
-4.70221
-4.70206
-4.70145
-4.70221
-4.70266
-4.70221
-4.70312
-4.70342
-4.70236
-4.70236
-4.70251
-4.70206
-4.70145
-4.70206
-4.70221
-4.70251
-4.70251
-4.70191
-4.70206
-4.70251
-4.70251
-4.70281
-4.70266
-4.70281
-4.70251
-4.70221
-4.70206
-4.70342
-4.70312
-4.70297
-4.70251
-4.70387
-4.70433
-4.70433
-4.70493
-4.70523
-4.70568
-4.70614
-4.70689
-4.7081
-4.70765
-4.7078
-4.70749
-4.70765
-4.70749
-4.70704
-4.70689
-4.70704
-4.70689
-4.70689
-4.70704
-4.70735
-4.7084
-4.7078
-4.70765
-4.7078
-4.70734
-4.7078
-4.70765
-4.70719
-4.70659
-4.70674
-4.70749
-4.70644
-4.70598
-4.70523
-4.70508
-4.70417
-4.70432
-4.70402
-4.70508
-4.70508
-4.70387
-4.70327
-4.70251
-4.70191
-4.70191
-4.70206
-4.70206
-4.70236
-4.70296
-4.70296
-4.70372
-4.70327
-4.70417
-4.70432
-4.70402
-4.70342
-4.70266
-4.70236
-4.70251
-4.70206
-4.70176
-4.70115
-4.70085
-4.70221
-4.701
-4.69964
-4.69919
-4.69888
-4.69964
-4.69979
-4.69979
-4.69949
-4.69858
-4.69858
-4.69888
-4.69828
-4.69843
-4.69798
-4.69873
-4.69888
-4.69889
-4.69858
-4.69783
-4.69813
-4.69737
-4.69722
-4.69632
-4.69677
-4.69631
-4.69647
-4.69677
-4.69692
-4.69798
-4.69828
-4.69767
-4.69828
-4.69782
-4.69843
-4.69813
-4.69798
-4.69843
-4.69934
-4.69903
-4.69934
-4.69919
-4.69904
-4.69979
-4.69934
-4.69994
-4.70039
-4.70024
-4.69994
-4.70024
-4.69949
-4.69949
-4.69949
-4.69994
-4.69918
-4.69858
-4.69858
-4.69979
-4.69933
-4.70009
-4.69964
-4.69964
-4.70024
-4.69979
-4.69949
-4.69949
-4.69964
-4.69934
-4.69964
-4.70009
-4.7004
-4.70085
-4.69979
-4.69994
-4.70009
-4.70039
-4.7007
-4.70009
-4.70039
-4.7016
-4.70145
-4.70175
-4.7019
-4.70175
-4.70145
-4.70145
-4.70206
-4.70221
-4.7007
-4.70146
-4.70146
-4.70236
-4.70266
-4.70357
-4.70387
-4.70357
-4.70342
-4.70266
-4.70236
-4.70266
-4.70251
-4.7019
-4.70296
-4.70281
-4.70357
-4.70357
-4.70372
-4.70311
-4.70357
-4.70342
-4.70523
-4.70523
-4.70478
-4.70463
-4.70432
-4.70417
-4.70417
-4.70508
-4.70508
-4.70493
-4.70508
-4.70447
-4.70372
-4.70447
-4.70432
-4.70372
-4.70311
-4.70221
-4.70221
-4.70221
-4.70236
-4.70221
-4.70236
-4.70206
-4.70115
-4.7007
-4.70024
-4.70085
-4.70115
-4.7013
-4.70085
-4.70115
-4.70069
-4.701
-4.7013
-4.70145
-4.70206
-4.70206
-4.7016
-4.7013
-4.701
-4.7013
-4.70085
-4.70039
-4.70039
-4.70039
-4.70039
-4.701
-4.701
-4.70054
-4.70069
-4.70024
-4.70039
-4.70024
-4.70024
-4.69964
-4.69949
-4.69949
-4.69919
-4.69903
-4.69919
-4.69903
-4.69798
-4.69828
-4.69828
-4.69828
-4.69903
-4.69903
-4.69813
-4.69873
-4.69873
-4.69918
-4.69919
-4.69949
-4.69994
-4.70024
-4.70039
-4.70115
-4.70115
-4.70145
-4.70039
-4.70055
-4.70055
-4.70024
-4.70055
-4.69994
-4.69964
-4.70024
-4.69979
-4.69934
-4.69994
-4.70039
-4.70024
-4.69994
-4.70039
-4.69994
-4.70039
-4.70009
-4.69994
-4.69919
-4.69904
-4.69919
-4.69934
-4.69994
-4.69994
-4.70055
-4.69994
-4.70009
-4.70054
-4.70039
-4.69994
-4.69873
-4.69873
-4.69888
-4.69888
-4.69873
-4.69873
-4.69813
-4.69813
-4.69813
-4.69843
-4.69888
-4.69888
-4.69918
-4.69949
-4.69964
-4.70039
-4.7007
-4.701
-4.7016
-4.7016
-4.7016
-4.70115
-4.701
-4.7013
-4.7016
-4.7019
-4.7019
-4.70221
-4.70145
-4.70175
-4.7016
-4.70251
-4.70175
-4.701
-4.70145
-4.7013
-4.70175
-4.70145
-4.7013
-4.70175
-4.7016
-4.70145
-4.70085
-4.70085
-4.70024
-4.7007
-4.69994
-4.69979
-4.69918
-4.69919
-4.69903
-4.69964
-4.70009
-4.69979
-4.70024
-4.69964
-4.69979
-4.7004
-4.7004
-4.7007
-4.7013
-4.7016
-4.7016
-4.7007
-4.70024
-4.70009
-4.69994
-4.69964
-4.69934
-4.69904
-4.69904
-4.69903
-4.69994
-4.69949
-4.70054
-4.70085
-4.701
-4.69964
-4.70024
-4.7007
-4.70115
-4.70055
-4.7013
-4.7016
-4.70191
-4.70191
-4.70176
-4.70297
-4.70281
-4.70236
-4.70251
-4.70236
-4.70176
-4.70191
-4.70191
-4.7004
-4.70055
-4.70085
-4.70085
-4.70085
-4.70055
-4.69995
-4.69979
-4.69979
-4.69904
-4.69995
-4.69964
-4.69979
-4.69843
-4.69723
-4.69738
-4.69708
-3.88279
-3.88369
-3.88369
-3.88354
-3.88399
-3.8846
-3.88444
-3.88429
-3.88475
-3.88414
-3.88444
-3.88475
-3.88505
-3.88414
-3.88414
-3.884
-3.8843
-3.88475
-3.88566
-3.88551
-3.88521
-3.88385
-3.88369
-3.88339
-3.88248
-3.88263
-3.88309
-3.88354
-3.88324
-3.88249
-3.88264
-3.88339
-3.884
-3.88324
-3.88415
-3.88385
-3.88324
-3.8837
-3.884
-3.8843
-3.8843
-3.88414
-3.8846
-3.88475
-3.88491
-3.88476
-3.88445
-3.8837
-3.8831
-3.884
-3.8837
-3.8843
-3.884
-3.88339
-3.8846
-3.88324
-3.88354
-3.88475
-3.88566
-3.8852
-3.88535
-3.88475
-3.88505
-3.88536
-3.88521
-3.88581
-3.8852
-3.88566
-3.88566
-3.88581
-3.88611
-3.88566
-3.88611
-3.88611
-3.88581
-3.88626
-3.88671
-3.88732
-3.88656
-3.88611
-3.88505
-3.88535
-3.8852
-3.8855
-3.88596
-3.88671
-3.88641
-3.88581
-3.88475
-3.88309
-3.88339
-3.88249
-3.88475
-3.8846
-3.88475
-3.88475
-3.88475
-3.88536
-3.88536
-3.88626
-3.88626
-3.88762
-3.88807
-3.88641
-3.88641
-3.88702
-3.88717
-3.88687
-3.88671
-3.88792
-3.88687
-3.88702
-3.88762
-3.88747
-3.88777
-3.88792
-3.88822
-3.88822
-3.88928
-3.88883
-3.88883
-3.88959
-3.88883
-3.88974
-3.89019
-3.89034
-3.89064
-3.89019
-3.8914
-3.892
-3.89155
-3.89064
-3.89155
-3.89125
-3.89155
-3.892
-3.89215
-3.892
-3.892
-3.89125
-3.89231
-3.89216
-3.8917
-3.8911
-3.8914
-3.8908
-3.8911
-3.8917
-3.89215
-3.892
-3.89049
-3.88973
-3.88928
-3.88973
-3.88973
-3.89019
-3.88974
-3.88974
-3.89079
-3.89064
-3.89155
-3.8917
-3.8917
-3.89155
-3.89125
-3.89125
-3.89125
-3.89109
-3.88958
-3.88958
-3.88943
-3.89004
-3.88974
-3.88928
-3.88913
-3.88747
-3.88732
-3.88717
-3.88626
-3.88566
-3.8849
-3.88581
-3.88641
-3.88687
-3.88641
-3.88626
-3.88581
-3.88551
-3.88581
-3.88611
-3.88732
-3.88747
-3.88687
-3.88717
-3.88717
-3.88808
-3.88687
-3.88657
-3.88596
-3.88596
-3.88581
-3.88535
-3.88551
-3.8852
-3.8849
-3.88445
-3.8852
-3.88475
-3.88536
-3.88536
-3.88566
-3.88536
-3.8849
-3.88505
-3.88551
-3.8852
-3.8849
-3.88475
-3.8846
-3.88611
-3.88475
-3.88415
-3.88385
-3.88415
-3.88581
-3.88777
-3.88777
-3.88883
-3.88822
-3.88868
-3.88868
-3.88898
-3.88868
-3.88807
-3.88868
-3.88822
-3.88853
-3.88853
-3.88853
-3.88974
-3.88959
-3.88989
-3.89019
-3.88989
-3.89019
-3.89034
-3.89125
-3.8917
-3.89155
-3.8923
-3.89351
-3.89276
-3.89185
-3.89275
-3.8923
-3.8923
-3.89185
-3.89185
-3.89094
-3.89079
-3.89064
-3.89004
-3.89065
-3.8908
-3.8902
-3.89095
-3.89034
-3.88974
-3.88928
-3.88898
-3.88928
-3.88928
-3.89019
-3.88988
-3.89064
-3.89004
-3.89019
-3.88974
-3.88928
-3.88943
-3.88943
-3.89019
-3.89019
-3.88913
-3.88913
-3.88989
-3.89049
-3.89019
-3.88989
-3.88943
-3.88837
-3.88807
-3.88807
-3.88822
-3.88732
-3.88732
-3.88777
-3.88823
-3.88732
-3.88687
-3.88868
-3.88747
-3.88732
-3.88747
-3.88777
-3.88732
-3.88792
-3.88823
-3.88687
-3.88777
-3.88777
-3.88747
-3.88702
-3.88792
-3.88702
-3.88732
-3.88792
-3.88807
-3.88777
-3.88822
-3.88853
-3.88792
-3.88853
-3.88913
-3.88898
-3.88913
-3.88928
-3.88944
-3.88928
-3.89004
-3.89064
-3.89019
-3.88913
-3.88944
-3.88883
-3.88914
-3.88944
-3.88974
-3.88959
-3.88883
-3.88808
-3.88793
-3.88853
-3.88883
-3.88883
-3.88913
-3.88883
-3.88853
-3.88823
-3.88913
-3.88913
-3.89019
-3.88959
-3.88853
-3.88747
-3.88702
-3.88717
-3.88657
-3.88672
-3.88702
-3.88626
-3.88581
-3.88565
-3.8858
-3.8858
-3.8855
-3.8843
-3.88415
-3.88385
-3.88385
-3.88309
-3.88355
-3.88264
-3.88264
-3.88279
-3.88294
-3.88249
-3.88294
-3.88264
-3.88369
-3.88369
-3.88309
-3.88399
-3.88339
-3.88445
-3.88415
-3.8843
-3.88355
-3.88279
-3.88339
-3.88128
-3.88143
-3.88113
-3.88143
-3.88097
-3.88218
-3.88233
-3.88158
-3.88158
-3.88218
-3.88279
-3.88249
-3.88188
-3.88128
-3.88188
-3.88249
-3.88279
-3.88369
-3.88278
-3.88324
-3.88323
-3.88293
-3.88248
-3.88354
-3.88324
-3.8837
-3.88355
-3.88324
-3.88324
-3.88234
-3.88188
-3.88219
-3.884
-3.88369
-3.88384
-3.88384
-3.88354
-3.88369
-3.8846
-3.8849
-3.88505
-3.8849
-3.8843
-3.88445
-3.88415
-3.8846
-3.88415
-3.88324
-3.88339
-3.88264
-3.88128
-3.88158
-3.88143
-3.88158
-3.88113
-3.88233
-3.88173
-3.88173
-3.88173
-3.88188
-3.88128
-3.88143
-3.88128
-3.88112
-3.88037
-3.88067
-3.88037
-3.87991
-3.87886
-3.87735
-3.87825
-3.87916
-3.87931
-3.87992
-3.88113
-3.88083
-3.88128
-3.88234
-3.88203
-3.88309
-3.88188
-3.88097
-3.88112
-3.88188
-3.88233
-3.88248
-3.88324
-3.88384
-3.8843
-3.88505
-3.88535
-3.88475
-3.8846
-3.88566
-3.8843
-3.88445
-3.8846
-3.88536
-3.88611
-3.88611
-3.88611
-3.88626
-3.88611
-3.88656
-3.88626
-3.88566
-3.88581
-3.8849
-3.8843
-3.88369
-3.8843
-3.88309
-3.88309
-3.88339
-3.88279
-3.88309
-3.8843
-3.8843
-3.88491
-3.88506
-3.88551
-3.88611
-3.88641
-3.88657
-3.88642
-3.88687
-3.88642
-3.88702
-3.88717
-3.88747
-3.88656
-3.88672
-3.88611
-3.88475
-3.8846
-3.88475
-3.88414
-3.8843
-3.8846
-3.88415
-3.88415
-3.88385
-3.884
-3.8843
-3.88475
-3.88445
-3.88339
-3.88249
-3.88234
-3.88249
-3.88173
-3.88052
-3.88082
-3.88113
-3.88082
-3.88037
-3.88127
-3.88188
-3.88142
-3.88158
-3.88203
-3.88203
-3.88203
-3.88234
-3.88173
-3.88294
-3.88355
-3.8837
-3.88339
-3.884
-3.88445
-3.88385
-3.8846
-3.88445
-3.8846
-3.88385
-3.88445
-3.8846
-3.88475
-3.88536
-3.88566
-3.88611
-3.88536
-3.88445
-3.88475
-3.88445
-3.884
-3.88521
-3.88536
-3.88551
-3.88551
-3.88491
-3.88445
-3.88385
-3.88385
-3.88294
-3.88339
-3.88324
-3.88354
-3.88324
-3.88264
-3.88385
-3.88355
-3.8843
-3.8837
-3.88294
-3.88385
-3.88279
-3.88309
-3.88264
-3.8843
-3.88399
-3.8852
-3.8849
-3.88581
-3.88521
-3.88596
-3.88566
-3.88551
-3.88475
-3.88551
-3.88581
-3.88642
-3.88597
-3.88506
-3.88506
-3.88506
-3.88506
-3.88536
-3.88551
-3.88505
-3.88445
-3.884
-3.88385
-3.88325
-3.8831
-3.88264
-3.88219
-3.88204
-3.88294
-3.88249
-3.88249
-3.88249
-3.88234
-3.88249
-3.8834
-3.8837
-3.8846
-3.88491
-3.88521
-3.88551
-3.88596
-3.88657
-3.88672
-3.88642
-3.88627
-3.88672
-3.88551
-3.88657
-3.88536
-3.8846
-3.88415
-3.88505
-3.88551
-3.88581
-3.88657
-3.88627
-3.88597
-3.88521
-3.88506
-3.88536
-3.88491
-3.88597
-3.88642
-3.88642
-3.88748
-3.88748
-3.88823
-3.88929
-3.88808
-3.88793
-3.88808
-3.88717
-3.88717
-3.88763
-3.88717
-3.88687
-3.88672
-3.88597
-3.88566
-3.88627
-3.88521
-3.88521
-3.88582
-3.88672
-3.88672
-3.88672
-3.88762
-3.88747
-3.88672
-3.88627
-3.88687
-3.88657
-3.88536
-3.88551
-3.88506
-3.88536
-3.88596
-3.88551
-3.88597
-3.88491
-3.88416
-3.88537
-3.88642
-3.88672
-3.88566
-3.88551
-3.88566
-3.88475
-3.88581
-3.88626
-3.88581
-3.88581
-3.88626
-3.88536
-3.88536
-3.88611
-3.88672
-3.88612
-3.88672
-3.88642
-3.88733
-3.88687
-3.88718
-3.88627
-3.88627
-3.88612
-3.88476
-3.8843
-3.88415
-3.88415
-3.884
-3.88355
-3.88264
-3.88264
-3.88279
-3.88249
-3.88189
-3.88189
-3.88173
-3.88128
-3.88037
-3.88068
-3.88083
-3.88128
-3.88173
-3.88083
-3.88159
-3.88143
-3.88128
-3.88128
-3.88113
-3.88158
-3.88264
-3.88249
-3.88189
-3.88204
-3.88249
-3.8837
-3.88415
-3.88581
-3.88611
-3.88566
-3.88581
-3.88642
-3.88596
-3.88536
-3.88566
-3.88566
-3.88627
-3.88612
-3.88612
-3.88642
-3.88612
-3.88566
-3.88687
-3.88778
-3.88808
-3.88793
-3.88793
-3.88732
-3.88657
-3.88597
-3.88733
-3.88657
-3.88612
-3.88642
-3.88687
-3.88732
-3.88762
-3.88596
-3.88566
-3.88551
-3.88717
-3.88642
-3.88687
-3.88733
-3.88717
-3.88627
-3.88687
-3.88748
-3.88778
-3.88763
-3.88748
-3.88808
-3.88929
-3.89019
-3.8908
-3.8908
-3.8908
-3.8908
-3.8908
-3.8902
-3.88959
-3.88944
-3.88838
-3.88793
-3.88808
-3.88808
-3.88823
-3.88883
-3.88974
-3.88989
-3.88959
-3.88929
-3.88959
-3.88944
-3.88944
-3.88869
-3.88899
-3.88945
-3.88899
-3.88884
-3.8896
-3.89005
-3.88944
-3.88838
-3.88823
-3.88869
-3.88808
-3.88763
-3.88748
-3.88763
-3.88733
-3.88672
-3.88552
-3.88536
-3.88506
-3.88567
-3.88476
-3.88416
-3.88386
-3.88401
-3.88355
-3.884
-3.88355
-3.88446
-3.88461
-3.8837
-3.8837
-3.88355
-3.88325
-3.88235
-3.88356
-3.8831
-3.8828
-3.88249
-3.88295
-3.88461
-3.88491
-3.88506
-3.88506
-3.88521
-3.88597
-3.88597
-3.88612
-3.88552
-3.88627
-3.88672
-3.88672
-3.88612
-3.88567
-3.88657
-3.88732
-3.88732
-3.88687
-3.88702
-3.88702
-3.88748
-3.88687
-3.88718
-3.88687
-3.88748
-3.88733
-3.88718
-3.88763
-3.88703
-3.88672
-3.88672
-3.88717
-3.88763
-3.88793
-3.88778
-3.88778
-3.88793
-3.88823
-3.88914
-3.88778
-3.88853
-3.88869
-3.88899
-3.8902
-3.8908
-3.8905
-3.88974
-3.88959
-3.89065
-3.8911
-3.89019
-3.88944
-3.88868
-3.88914
-3.88883
-3.88868
-3.88959
-3.88778
-3.88808
-3.88763
-3.88672
-3.88672
-3.88687
-3.88687
-3.88672
-3.88763
-3.88778
-3.88778
-3.88763
-3.88687
-3.88597
-3.88521
-3.88612
-3.88687
-3.88733
-3.88702
-3.88748
-3.88702
-3.88869
-3.88959
-3.88959
-3.88959
-3.88959
-3.88884
-3.88838
-3.88838
-3.88733
-3.88823
-3.88838
-3.88778
-3.88823
-3.88823
-3.88763
-3.88778
-3.88854
-3.88899
-3.88884
-3.88868
-3.88808
-3.88808
-3.88793
-3.88913
-3.88868
-3.88929
-3.88989
-3.88914
-3.88914
-3.88824
-3.88839
-3.88869
-3.88853
-3.88808
-3.88778
-3.88868
-3.88838
-3.88808
-3.88793
-3.88838
-3.88838
-3.88808
-3.88823
-3.88748
-3.88733
-3.88748
-3.88733
-3.88597
-3.88536
-3.88597
-3.88687
-3.88627
-3.88582
-3.88702
-3.58036
-3.58036
-3.58036
-3.58005
-3.5793
-3.58005
-3.5802
-3.5805
-3.58081
-3.58096
-3.58036
-3.58111
-3.58021
-3.5799
-3.57945
-3.57869
-3.57778
-3.57793
-3.57763
-3.57673
-3.57673
-3.57703
-3.57643
-3.57567
-3.57612
-3.57642
-3.57673
-3.57703
-3.57748
-3.57763
-3.57794
-3.57763
-3.57809
-3.57794
-3.57779
-3.57688
-3.57718
-3.57688
-3.57748
-3.57672
-3.57733
-3.57687
-3.57627
-3.57506
-3.57506
-3.57476
-3.57446
-3.57416
-3.5731
-3.5725
-3.57356
-3.57431
-3.57431
-3.57371
-3.57325
-3.57371
-3.57446
-3.57476
-3.57476
-3.57476
-3.57521
-3.57506
-3.57567
-3.57582
-3.57658
-3.57582
-3.57567
-3.57597
-3.57627
-3.57612
-3.57733
-3.57914
-3.57899
-3.57854
-3.57854
-3.57809
-3.57778
-3.57793
-3.57763
-3.57687
-3.57642
-3.57688
-3.57793
-3.57809
-3.57884
-3.5799
-3.58035
-3.57899
-3.57824
-3.57824
-3.57809
-3.57824
-3.57914
-3.57884
-3.57929
-3.57884
-3.57989
-3.57808
-3.57899
-3.57975
-3.5805
-3.57929
-3.57914
-3.5805
-3.58126
-3.58126
-3.58141
-3.58201
-3.5808
-3.5793
-3.5793
-3.57915
-3.57854
-3.57808
-3.57793
-3.57762
-3.57853
-3.57884
-3.57884
-3.57945
-3.5793
-3.57854
-3.57794
-3.57733
-3.57778
-3.57778
-3.57809
-3.57809
-3.5793
-3.57945
-3.57945
-3.5793
-3.5802
-3.5796
-3.5799
-3.57869
-3.57959
-3.5799
-3.58005
-3.58035
-3.57884
-3.57869
-3.57899
-3.57899
-3.57854
-3.57809
-3.57794
-3.57809
-3.57778
-3.57824
-3.57809
-3.57778
-3.57854
-3.57793
-3.5808
-3.58126
-3.58277
-3.58111
-3.58065
-3.58035
-3.57914
-3.57839
-3.57778
-3.57839
-3.57854
-3.57914
-3.57945
-3.58005
-3.5793
-3.57839
-3.57718
-3.57627
-3.57763
-3.57778
-3.57657
-3.57521
-3.57491
-3.57642
-3.57658
-3.57627
-3.57688
-3.57703
-3.57764
-3.57824
-3.57748
-3.57733
-3.57748
-3.57748
-3.57778
-3.57884
-3.57899
-3.57884
-3.5796
-3.57975
-3.58036
-3.58066
-3.58051
-3.5799
-3.57944
-3.57959
-3.57884
-3.5796
-3.57975
-3.57899
-3.57915
-3.57779
-3.57718
-3.57749
-3.57658
-3.57628
-3.57567
-3.57522
-3.57552
-3.57567
-3.57597
-3.57657
-3.57627
-3.57702
-3.57763
-3.57733
-3.57733
-3.57657
-3.57612
-3.57552
-3.57597
-3.57643
-3.57763
-3.57854
-3.57869
-3.57824
-3.57869
-3.57945
-3.57839
-3.57763
-3.57794
-3.57809
-3.57778
-3.57718
-3.57748
-3.57763
-3.57793
-3.57869
-3.57823
-3.57869
-3.57884
-3.57929
-3.5799
-3.57929
-3.57884
-3.57778
-3.57929
-3.57884
-3.57824
-3.57703
-3.57703
-3.57778
-3.57823
-3.57747
-3.57778
-3.57793
-3.57717
-3.57718
-3.57703
-3.57643
-3.57552
-3.57567
-3.57627
-3.57567
-3.57688
-3.57672
-3.57642
-3.57688
-3.57627
-3.57657
-3.57612
-3.57688
-3.57613
-3.57658
-3.57719
-3.57749
-3.57748
-3.57718
-3.57703
-3.57733
-3.57703
-3.57703
-3.57718
-3.57672
-3.57687
-3.57582
-3.57551
-3.57612
-3.57658
-3.57643
-3.57748
-3.57778
-3.57748
-3.57794
-3.57824
-3.57794
-3.57839
-3.57733
-3.57688
-3.57778
-3.57642
-3.57672
-3.57793
-3.57914
-3.57899
-3.57899
-3.57869
-3.57854
-3.57809
-3.57794
-3.57718
-3.57824
-3.57914
-3.57929
-3.57869
-3.5793
-3.5793
-3.5796
-3.58066
-3.58021
-3.58035
-3.57945
-3.57884
-3.57854
-3.57869
-3.57899
-3.57869
-3.57869
-3.57838
-3.57884
-3.57809
-3.57794
-3.57824
-3.57884
-3.57824
-3.57839
-3.57824
-3.57763
-3.57824
-3.57778
-3.57778
-3.57718
-3.57778
-3.57794
-3.57779
-3.57794
-3.57794
-3.57824
-3.57763
-3.57839
-3.57778
-3.57551
-3.57536
-3.57566
-3.57552
-3.57582
-3.57567
-3.57567
-3.57628
-3.57703
-3.57643
-3.57597
-3.57522
-3.57492
-3.57597
-3.57552
-3.57552
-3.57567
-3.57612
-3.57552
-3.57537
-3.57477
-3.57492
-3.57658
-3.57718
-3.57869
-3.57899
-3.57899
-3.57929
-3.57975
-3.57975
-3.58005
-3.5799
-3.57915
-3.57899
-3.57915
-3.57915
-3.5799
-3.57929
-3.57974
-3.57899
-3.57869
-3.57914
-3.57808
-3.57854
-3.57914
-3.57793
-3.57793
-3.57779
-3.57703
-3.57763
-3.57793
-3.57884
-3.57808
-3.57763
-3.57793
-3.57778
-3.57899
-3.57914
-3.57975
-3.58005
-3.58035
-3.57959
-3.58005
-3.57884
-3.57869
-3.57944
-3.57929
-3.57854
-3.57944
-3.57824
-3.57899
-3.57884
-3.57914
-3.57974
-3.57944
-3.57944
-3.57929
-3.57975
-3.58005
-3.58005
-3.58065
-3.58126
-3.58201
-3.58096
-3.58081
-3.58111
-3.5808
-3.58095
-3.58126
-3.58095
-3.58095
-3.57975
-3.57899
-3.57839
-3.57779
-3.57839
-3.57794
-3.57869
-3.57975
-3.5808
-3.58126
-3.58065
-3.58156
-3.58081
-3.58035
-3.58066
-3.58141
-3.58172
-3.58247
-3.58157
-3.58006
-3.58006
-3.5793
-3.57885
-3.57854
-3.57779
-3.57703
-3.57718
-3.57673
-3.57733
-3.57763
-3.57703
-3.57703
-3.57673
-3.57779
-3.57854
-3.57885
-3.57945
-3.579
-3.57854
-3.57854
-3.57854
-3.57945
-3.5793
-3.57945
-3.58036
-3.57991
-3.5796
-3.58036
-3.5802
-3.58005
-3.58066
-3.58126
-3.58126
-3.58081
-3.57975
-3.5802
-3.57975
-3.5793
-3.5793
-3.57914
-3.57884
-3.57839
-3.57733
-3.57794
-3.5784
-3.57855
-3.57885
-3.57855
-3.57779
-3.57824
-3.57824
-3.57869
-3.57824
-3.57945
-3.57945
-3.57945
-3.5793
-3.5799
-3.58005
-3.58066
-3.5796
-3.5793
-3.57945
-3.57854
-3.57824
-3.57779
-3.57688
-3.57673
-3.57688
-3.57643
-3.57659
-3.57689
-3.57689
-3.57704
-3.57734
-3.57703
-3.57794
-3.57839
-3.57839
-3.57794
-3.57673
-3.57764
-3.57718
-3.57704
-3.57749
-3.57915
-3.5784
-3.57824
-3.57809
-3.57824
-3.57839
-3.57855
-3.57915
-3.58021
-3.58066
-3.57991
-3.58036
-3.5799
-3.5799
-3.5796
-3.5796
-3.57945
-3.57809
-3.57749
-3.57688
-3.57613
-3.57673
-3.57719
-3.57764
-3.5784
-3.57719
-3.57749
-3.57809
-3.57839
-3.57854
-3.579
-3.57854
-3.57718
-3.57794
-3.57719
-3.5778
-3.57765
-3.57764
-3.5784
-3.5784
-3.57885
-3.57824
-3.57748
-3.57733
-3.57657
-3.57658
-3.57703
-3.57794
-3.57734
-3.57794
-3.57779
-3.57794
-3.57779
-3.57779
-3.57733
-3.57718
-3.57673
-3.57627
-3.57688
-3.57673
-3.57627
-3.57552
-3.57537
-3.57492
-3.57507
-3.57507
-3.57522
-3.57492
-3.57431
-3.57386
-3.57401
-3.57416
-3.57447
-3.57416
-3.5734
-3.5734
-3.57385
-3.57295
-3.5734
-3.5731
-3.57295
-3.5737
-3.57431
-3.57476
-3.57386
-3.57416
-3.57597
-3.57643
-3.57643
-3.57522
-3.57567
-3.57507
-3.57507
-3.57476
-3.57552
-3.57552
-3.57583
-3.57567
-3.57492
-3.57416
-3.57326
-3.57265
-3.57386
-3.57386
-3.57386
-3.57477
-3.57416
-3.57386
-3.57265
-3.57295
-3.57325
-3.57371
-3.57386
-3.57416
-3.57446
-3.57476
-3.57507
-3.57522
-3.57492
-3.57523
-3.57432
-3.57462
-3.57553
-3.57658
-3.57719
-3.57779
-3.57749
-3.57719
-3.57703
-3.57658
-3.57597
-3.57567
-3.57627
-3.57582
-3.57613
-3.57507
-3.57507
-3.57552
-3.57552
-3.57537
-3.57537
-3.57552
-3.57537
-3.57417
-3.57341
-3.57356
-3.57356
-3.57387
-3.57432
-3.57477
-3.57416
-3.57476
-3.57491
-3.57582
-3.57612
-3.57688
-3.57704
-3.57795
-3.57856
-3.5781
-3.57764
-3.57839
-3.57839
-3.57824
-3.57854
-3.57809
-3.57794
-3.57779
-3.57628
-3.57659
-3.57689
-3.57644
-3.57719
-3.57719
-3.57688
-3.57688
-3.57657
-3.57703
-3.57672
-3.57703
-3.57628
-3.57552
-3.57598
-3.57613
-3.57628
-3.57719
-3.57718
-3.57643
-3.57658
-3.57734
-3.57703
-3.57582
-3.57658
-3.57688
-3.57658
-3.57552
-3.57688
-3.57764
-3.57764
-3.57734
-3.57643
-3.57552
-3.57476
-3.57597
-3.57597
-3.57598
-3.57674
-3.57643
-3.57674
-3.57704
-3.57658
-3.57658
-3.57643
-3.57597
-3.57597
-3.57673
-3.57673
-3.57583
-3.57598
-3.57704
-3.57673
-3.57734
-3.57764
-3.57718
-3.57899
-3.57884
-3.57869
-3.57899
-3.57869
-3.57854
-3.57975
-3.57975
-3.58035
-3.58035
-3.57975
-3.5796
-3.5793
-3.57884
-3.5793
-3.57885
-3.57779
-3.57764
-3.57628
-3.57658
-3.57627
-3.57627
-3.57627
-3.57778
-3.57809
-3.57869
-3.579
-3.57854
-3.57839
-3.57794
-3.5793
-3.5796
-3.57945
-3.5802
-3.5802
-3.58005
-3.57975
-3.5799
-3.57959
-3.57929
-3.57944
-3.57959
-3.5799
-3.57975
-3.5805
-3.58095
-3.58065
-3.5805
-3.57974
-3.57823
-3.57884
-3.57839
-3.57793
-3.57869
-3.57854
-3.57899
-3.57838
-3.57687
-3.57778
-3.57823
-3.57823
-3.57702
-3.57763
-3.57793
-3.57838
-3.57733
-3.57717
-3.57702
-3.57868
-3.57838
-3.57717
-3.57733
-3.57703
-3.57703
-3.57657
-3.57688
-3.57718
-3.57763
-3.57778
-3.57884
-3.57959
-3.57914
-3.57914
-3.57884
-3.57884
-3.57808
-3.57763
-3.57703
-3.57748
-3.57643
-3.57673
-3.57552
-3.57552
-3.57521
-3.57491
-3.57385
-3.5737
-3.5734
-3.57355
-3.57446
-3.57446
-3.57507
-3.57552
-3.57522
-3.57597
-3.57642
-3.57582
-3.57582
-3.57643
-3.57718
-3.57733
-3.57552
-3.57657
-3.57688
-3.57748
-3.57763
-3.57809
-3.57839
-3.57869
-3.57899
-3.5799
-3.58005
-3.57899
-3.57884
-3.57824
-3.57884
-3.57823
-3.57808
-3.57883
-3.57763
-3.57763
-3.57688
-3.57673
-3.57673
-3.57688
-3.57703
-3.57567
-3.57552
-3.57582
-3.57582
-3.57643
-3.57582
-3.57507
-3.57462
-3.57477
-3.57446
-3.57507
-3.57537
-3.57643
-3.57764
-3.57809
-3.57915
-3.57899
-3.57884
-3.57838
-3.57838
-3.57808
-3.57823
-3.57778
-3.57748
-3.57778
-3.57809
-3.57854
-3.57809
-3.57854
-3.57915
-3.57854
-3.57809
-3.57778
-3.57809
-3.57778
-3.57733
-3.57793
-3.57808
-3.57733
-3.57703
-3.57627
-3.57688
-3.57703
-3.57658
-3.57628
-3.57552
-3.57477
-3.57461
-3.57567
-3.57537
-3.57446
-3.57401
-3.57522
-3.57477
-3.57537
-3.57582
-3.57597
-3.57506
-3.57642
-3.57718
-3.57673
-3.57643
-3.57598
-3.57688
-3.57779
-3.57839
-3.57884
-3.57869
-3.57839
-3.57703
-3.57733
-3.57688
-3.57688
-3.57688
-3.57567
-3.57643
-3.57658
-3.57627
-3.57552
-3.57506
-3.57567
-3.57461
-3.57385
-3.57506
-3.57461
-3.57507
-3.57492
-3.57461
-3.57446
-3.50155
-3.502
-3.50215
-3.5023
-3.50321
-3.50381
-3.50472
-3.50427
-3.50412
-3.50351
-3.50275
-3.50245
-3.50275
-3.50365
-3.50245
-3.5017
-3.5017
-3.50261
-3.502
-3.502
-3.50246
-3.50261
-3.50125
-3.5017
-3.502
-3.50321
-3.50306
-3.50457
-3.50381
-3.50411
-3.50381
-3.50336
-3.50337
-3.50291
-3.502
-3.50215
-3.50155
-3.50245
-3.50155
-3.50155
-3.50095
-3.5008
-3.5014
-3.5008
-3.5014
-3.50306
-3.50397
-3.50412
-3.50487
-3.50502
-3.50442
-3.50351
-3.50382
-3.50261
-3.50306
-3.50336
-3.50366
-3.50366
-3.50412
-3.50382
-3.50427
-3.50366
-3.50366
-3.50396
-3.50381
-3.50336
-3.50336
-3.50488
-3.50442
-3.50412
-3.50367
-3.50367
-3.50397
-3.50397
-3.50291
-3.50291
-3.5023
-3.50261
-3.50276
-3.50291
-3.50291
-3.50276
-3.50321
-3.50291
-3.50397
-3.50306
-3.50245
-3.50321
-3.50336
-3.50397
-3.50442
-3.50427
-3.50457
-3.50442
-3.50457
-3.50427
-3.50351
-3.50291
-3.50276
-3.50397
-3.50457
-3.50412
-3.50382
-3.50442
-3.50457
-3.50427
-3.50457
-3.50351
-3.50412
-3.50442
-3.50518
-3.50563
-3.50593
-3.50608
-3.50487
-3.50412
-3.50382
-3.50563
-3.50563
-3.50654
-3.50609
-3.50458
-3.50412
-3.50412
-3.50472
-3.50442
-3.50381
-3.50472
-3.50427
-3.50261
-3.50276
-3.50261
-3.50215
-3.502
-3.50306
-3.50336
-3.50276
-3.50382
-3.50397
-3.50382
-3.50442
-3.50427
-3.50427
-3.50351
-3.50261
-3.5017
-3.50125
-3.5017
-3.5017
-3.502
-3.502
-3.50155
-3.50185
-3.5011
-3.50094
-3.5014
-3.50246
-3.50322
-3.50276
-3.50337
-3.50322
-3.50322
-3.50352
-3.50412
-3.50487
-3.50442
-3.50547
-3.50548
-3.50533
-3.50503
-3.50548
-3.50503
-3.50503
-3.50549
-3.50488
-3.50473
-3.50473
-3.50518
-3.50427
-3.50367
-3.50412
-3.50276
-3.50382
-3.50367
-3.50397
-3.50397
-3.50382
-3.50306
-3.50321
-3.50215
-3.50185
-3.50306
-3.50291
-3.50306
-3.50261
-3.50352
-3.50427
-3.50427
-3.50367
-3.50352
-3.50322
-3.50261
-3.50397
-3.50412
-3.50382
-3.50397
-3.50412
-3.50427
-3.50352
-3.50412
-3.50427
-3.50442
-3.50412
-3.50397
-3.50503
-3.50503
-3.50548
-3.50669
-3.50563
-3.50609
-3.50639
-3.50624
-3.50578
-3.50548
-3.50457
-3.50488
-3.50427
-3.50397
-3.50337
-3.50307
-3.50397
-3.50337
-3.50473
-3.50367
-3.50351
-3.50215
-3.50276
-3.50306
-3.50351
-3.50351
-3.50426
-3.50426
-3.50411
-3.50442
-3.50442
-3.50443
-3.50518
-3.50534
-3.50579
-3.50549
-3.50488
-3.50473
-3.50427
-3.50457
-3.50502
-3.50533
-3.50669
-3.50699
-3.50669
-3.50669
-3.50594
-3.50473
-3.50503
-3.50503
-3.50548
-3.50609
-3.50503
-3.50488
-3.50533
-3.50593
-3.50487
-3.50533
-3.50578
-3.50533
-3.50472
-3.50352
-3.50412
-3.50457
-3.50548
-3.50654
-3.50639
-3.50654
-3.50549
-3.50564
-3.50579
-3.50624
-3.50578
-3.50609
-3.50669
-3.50714
-3.50683
-3.50638
-3.50623
-3.50532
-3.50427
-3.50427
-3.50442
-3.50306
-3.5017
-3.50201
-3.50171
-3.50186
-3.50125
-3.50216
-3.5014
-3.50216
-3.50261
-3.50366
-3.50366
-3.50336
-3.50261
-3.50261
-3.50276
-3.50292
-3.50292
-3.50276
-3.50306
-3.50231
-3.502
-3.50246
-3.50261
-3.50291
-3.50336
-3.50291
-3.50291
-3.50291
-3.50261
-3.50397
-3.50443
-3.50428
-3.50397
-3.50518
-3.50594
-3.50594
-3.50579
-3.50473
-3.50397
-3.50428
-3.50473
-3.50443
-3.50427
-3.50458
-3.50352
-3.50216
-3.50277
-3.50322
-3.50261
-3.50186
-3.50095
-3.50094
-3.50109
-3.50124
-3.50185
-3.50125
-3.50155
-3.50156
-3.50201
-3.50338
-3.50428
-3.50428
-3.50428
-3.50428
-3.50427
-3.50427
-3.50412
-3.50503
-3.50503
-3.50503
-3.50412
-3.50382
-3.50397
-3.50427
-3.50412
-3.50458
-3.50503
-3.50534
-3.50428
-3.50382
-3.50397
-3.50412
-3.50442
-3.50397
-3.50382
-3.50322
-3.50352
-3.50428
-3.50534
-3.50428
-3.50457
-3.50517
-3.50442
-3.50442
-3.50473
-3.50579
-3.50624
-3.50579
-3.50519
-3.50503
-3.50473
-3.50427
-3.50412
-3.50533
-3.50623
-3.50624
-3.50594
-3.50624
-3.50639
-3.50669
-3.50685
-3.50715
-3.5073
-3.50775
-3.50775
-3.50805
-3.50865
-3.51031
-3.50956
-3.50926
-3.50896
-3.50866
-3.50805
-3.50775
-3.5079
-3.50775
-3.50669
-3.50654
-3.50745
-3.50714
-3.50669
-3.50669
-3.50729
-3.50654
-3.50609
-3.50564
-3.50518
-3.50488
-3.50427
-3.50412
-3.50412
-3.50412
-3.50366
-3.50245
-3.50321
-3.50276
-3.50231
-3.50291
-3.50307
-3.50352
-3.50292
-3.50307
-3.50352
-3.50427
-3.50397
-3.50427
-3.50397
-3.50381
-3.50412
-3.50351
-3.50442
-3.50548
-3.50488
-3.50563
-3.50503
-3.50488
-3.50533
-3.50578
-3.50442
-3.50276
-3.5017
-3.50261
-3.50276
-3.50216
-3.50125
-3.50095
-3.50216
-3.50216
-3.5017
-3.50125
-3.50201
-3.50261
-3.50428
-3.50413
-3.50307
-3.50322
-3.50322
-3.50261
-3.502
-3.50321
-3.50427
-3.50352
-3.50291
-3.50246
-3.50276
-3.50397
-3.50321
-3.50352
-3.50337
-3.50337
-3.50261
-3.50201
-3.50156
-3.50186
-3.50155
-3.50261
-3.50276
-3.50276
-3.50397
-3.50367
-3.50458
-3.50443
-3.50382
-3.50427
-3.50458
-3.50442
-3.50397
-3.50246
-3.50201
-3.50261
-3.50306
-3.50276
-3.50322
-3.50292
-3.50322
-3.50337
-3.50367
-3.50367
-3.50337
-3.50352
-3.50382
-3.50352
-3.50412
-3.50367
-3.50412
-3.50367
-3.50428
-3.50443
-3.50382
-3.50413
-3.50549
-3.50503
-3.50458
-3.50579
-3.50458
-3.50442
-3.50397
-3.50382
-3.50397
-3.50443
-3.50398
-3.50383
-3.50367
-3.50322
-3.50216
-3.50216
-3.50231
-3.50246
-3.50246
-3.50246
-3.50186
-3.50156
-3.5011
-3.50156
-3.50156
-3.50231
-3.50276
-3.50336
-3.50306
-3.50397
-3.50442
-3.50428
-3.50382
-3.50337
-3.50413
-3.50458
-3.50458
-3.50321
-3.50442
-3.50397
-3.50292
-3.50292
-3.50277
-3.50337
-3.50352
-3.50291
-3.50321
-3.50367
-3.50382
-3.50367
-3.50352
-3.50292
-3.50292
-3.50337
-3.50261
-3.50261
-3.50412
-3.50412
-3.50291
-3.50155
-3.5011
-3.5008
-3.50126
-3.50232
-3.50247
-3.50186
-3.50186
-3.50125
-3.50155
-3.5011
-3.5008
-3.4999
-3.4999
-3.49899
-3.50035
-3.50035
-3.49959
-3.50005
-3.50035
-3.50095
-3.50065
-3.50065
-3.5017
-3.50231
-3.5011
-3.50155
-3.50307
-3.50292
-3.50292
-3.50246
-3.50322
-3.50382
-3.50473
-3.50397
-3.50412
-3.50382
-3.50291
-3.50246
-3.50276
-3.50382
-3.50276
-3.50367
-3.50533
-3.50548
-3.50412
-3.50322
-3.50322
-3.50216
-3.50246
-3.50352
-3.50352
-3.50321
-3.50291
-3.50366
-3.50366
-3.50382
-3.50367
-3.50518
-3.50428
-3.50473
-3.50397
-3.50397
-3.50503
-3.50488
-3.50594
-3.50609
-3.507
-3.5079
-3.5076
-3.50745
-3.5076
-3.50896
-3.50745
-3.50669
-3.50624
-3.50578
-3.50593
-3.50609
-3.50458
-3.50352
-3.50337
-3.50458
-3.50579
-3.50564
-3.50685
-3.50655
-3.50655
-3.50806
-3.50866
-3.50896
-3.50911
-3.50865
-3.50729
-3.50729
-3.5076
-3.50791
-3.50836
-3.50776
-3.50806
-3.50806
-3.50821
-3.50821
-3.50715
-3.507
-3.507
-3.50609
-3.50534
-3.50549
-3.50549
-3.50518
-3.50518
-3.50548
-3.50533
-3.50624
-3.50594
-3.50518
-3.50624
-3.50655
-3.50624
-3.5064
-3.50549
-3.50504
-3.50473
-3.50382
-3.50352
-3.50367
-3.50383
-3.50352
-3.50292
-3.50428
-3.50383
-3.50337
-3.50352
-3.50383
-3.50489
-3.50534
-3.50474
-3.50444
-3.50444
-3.50489
-3.50428
-3.50337
-3.50306
-3.50381
-3.50382
-3.50382
-3.50398
-3.50489
-3.50534
-3.50565
-3.50534
-3.5067
-3.50519
-3.50534
-3.50443
-3.50413
-3.50383
-3.50413
-3.50337
-3.50352
-3.50322
-3.50216
-3.50201
-3.50276
-3.50231
-3.50352
-3.50276
-3.50216
-3.50322
-3.50307
-3.50292
-3.50292
-3.50262
-3.50322
-3.50398
-3.50322
-3.50322
-3.50277
-3.50186
-3.50185
-3.5014
-3.5017
-3.50216
-3.50246
-3.50201
-3.50292
-3.50231
-3.50201
-3.50186
-3.50216
-3.5008
-3.50019
-3.50004
-3.49884
-3.49899
-3.49929
-3.49869
-3.49914
-3.49959
-3.49929
-3.50034
-3.5008
-3.49944
-3.49989
-3.5005
-3.5005
-3.50065
-3.5005
-3.50035
-3.49989
-3.49974
-3.49929
-3.49868
-3.49959
-3.49944
-3.49868
-3.49913
-3.49928
-3.49898
-3.49868
-3.49838
-3.49868
-3.49929
-3.49913
-3.5011
-3.5008
-3.50034
-3.50049
-3.50065
-3.50049
-3.5014
-3.50125
-3.50186
-3.50216
-3.50231
-3.50276
-3.50307
-3.50291
-3.50171
-3.50185
-3.50246
-3.50276
-3.50336
-3.50261
-3.50276
-3.50291
-3.50306
-3.50382
-3.50427
-3.50488
-3.50503
-3.50533
-3.50533
-3.50624
-3.50578
-3.50593
-3.50654
-3.50654
-3.50684
-3.50639
-3.50609
-3.50655
-3.50594
-3.50624
-3.50609
-3.50563
-3.50563
-3.50563
-3.50472
-3.50397
-3.50336
-3.5023
-3.50291
-3.50276
-3.50351
-3.50321
-3.50397
-3.50473
-3.50548
-3.50579
-3.50549
-3.50473
-3.50397
-3.50321
-3.50321
-3.50261
-3.50261
-3.50215
-3.50185
-3.5011
-3.50185
-3.5017
-3.50231
-3.5011
-3.5017
-3.50291
-3.5014
-3.50216
-3.50171
-3.50171
-3.5005
-3.50004
-3.49974
-3.49959
-3.49989
-3.50065
-3.5017
-3.5014
-3.5023
-3.50351
-3.5023
-3.50336
-3.50321
-3.50291
-3.50397
-3.50352
-3.50337
-3.50428
-3.50488
-3.50503
-3.50367
-3.50442
-3.50351
-3.50366
-3.50306
-3.50351
-3.50336
-3.50366
-3.50382
-3.50382
-3.50337
-3.50307
-3.50201
-3.50231
-3.50186
-3.50261
-3.50155
-3.5017
-3.50185
-3.50291
-3.50276
-3.50352
-3.50216
-3.50186
-3.50201
-3.50125
-3.50095
-3.5014
-3.50155
-3.50171
-3.50246
-3.50382
-3.50458
-3.50443
-3.50533
-3.50473
-3.50382
-3.50261
-3.50397
-3.50518
-3.50457
-3.50488
-3.50458
-3.50428
-3.50413
-3.50473
-3.50458
-3.50382
-3.50367
-3.50231
-3.5014
-3.5011
-3.50186
-3.50201
-3.50276
-3.50291
-3.50367
-3.50352
-3.50427
-3.50473
-3.50503
-3.50503
-3.50473
-3.50398
-3.50337
-3.50292
-3.50186
-3.50201
-3.50216
-3.50185
-3.50231
-3.50276
-3.50155
-3.5014
-3.50186
-3.50246
-3.50261
-3.50352
-3.50443
-3.50473
-3.50397
-3.50291
