1.76816
1.76816
1.76816
1.76816
1.76816
1.76816
1.76816
1.76816
1.76816
1.76816
1.76816
1.76816
1.76816
1.76814
1.76813
1.76811
1.76809
1.76808
1.76805
1.76803
1.76801
1.76799
1.76796
1.76794
1.76791
1.76788
1.76786
1.76784
1.76781
1.76779
1.76777
1.76776
1.76773
1.7677
1.76768
1.76767
1.76766
1.76762
1.7676
1.76759
1.7676
1.76759
1.76758
1.76757
1.76756
1.76755
1.76755
1.76753
1.76752
1.76752
1.76751
1.7675
1.7675
1.7675
1.76749
1.76749
1.76749
1.76748
1.76749
1.76748
1.76748
1.76748
1.76748
1.76747
1.76746
1.76746
1.76745
1.76745
1.76745
1.76745
1.76744
1.76744
1.76744
1.76743
1.76742
1.76741
1.76741
1.76741
1.76741
1.76741
1.76741
1.76741
1.76741
1.7674
1.76739
1.76738
1.76738
1.76737
1.76737
1.76737
1.76736
1.76737
1.76737
1.76736
1.76736
1.76736
1.76735
1.76735
1.76735
1.76735
1.76736
1.76736
1.76736
1.76736
1.76736
1.76736
1.76736
1.76735
1.76735
1.76736
1.76735
1.76735
1.76734
1.76734
1.76734
1.76734
1.76734
1.76733
1.76734
1.76733
1.76733
1.76732
1.76731
1.76731
1.76731
1.7673
1.76729
1.76729
1.7673
1.7673
1.76731
1.76731
1.76732
1.76732
1.76732
1.76731
1.76731
1.76731
1.76731
1.7673
1.76731
1.7673
1.7673
1.76729
1.76729
1.7673
1.7673
1.76729
1.76729
1.7673
1.7673
1.7673
1.7673
1.76731
1.76731
1.7673
1.76729
1.76729
1.76729
1.76729
1.7673
1.7673
1.76731
1.7673
1.76729
1.76729
1.76729
1.76729
1.76728
1.76727
1.76727
1.76726
1.76727
1.76727
1.76727
1.76727
1.76727
1.76727
1.76727
1.76726
1.76726
1.76726
1.76727
1.76726
1.76725
1.76725
1.76726
1.76725
1.76725
1.76725
1.76725
1.76726
1.76725
1.76724
1.76724
1.76724
1.76724
1.76724
1.76724
1.76724
1.76725
1.76724
1.76724
1.76723
1.76724
1.76723
1.76724
1.76724
1.76723
1.76723
1.76724
1.76724
1.76724
1.76724
1.76723
1.76724
1.76723
1.76723
1.76722
1.76723
1.76723
1.76723
1.76723
1.76723
1.76725
1.76724
1.76724
1.76724
1.76724
1.76725
1.76725
1.76725
1.76724
1.76725
1.76726
1.76726
1.76726
1.76725
1.76725
1.76724
1.76723
1.76724
1.76724
1.76724
1.76724
1.76724
1.76724
1.76724
1.76725
1.76725
1.76724
1.76723
1.76722
1.76723
1.76724
1.76723
1.76724
1.76724
1.76724
1.76723
1.76723
1.76723
1.76723
1.76723
1.76723
1.76723
1.76723
1.76723
1.76724
1.76724
1.76724
1.76724
1.76724
1.76724
1.76723
1.76724
1.76723
1.76723
1.76722
1.76723
1.76723
1.76724
1.76723
1.76724
1.76724
1.76723
1.76725
1.76726
1.76726
1.76725
1.76726
1.76724
1.76724
1.76723
1.76722
1.76722
1.76723
1.76722
1.76722
1.76722
1.76722
1.76723
1.76723
1.76724
1.76723
1.76723
1.76722
1.76722
1.76722
1.76721
1.76721
1.76719
1.76719
1.76718
1.76718
1.76719
1.76718
1.76719
1.76719
1.76717
1.76717
1.76717
1.76717
1.76717
1.76718
1.76718
1.76719
1.76719
1.76718
1.76718
1.76718
1.76717
1.76717
1.76716
1.76717
1.76716
1.76716
1.76715
1.76714
1.76713
1.76712
1.76711
1.76711
1.76712
1.76712
1.76712
1.76712
1.76712
1.76712
1.76711
1.76711
1.76712
1.76713
1.76714
1.76715
1.76714
1.76713
1.76713
1.76715
1.76715
1.76714
1.76714
1.76714
1.76713
1.76713
1.76714
1.76713
1.76713
1.76712
1.76712
1.76713
1.76713
1.76713
1.76714
1.76714
1.76714
1.76714
1.76713
1.76713
1.76713
1.76713
1.76713
1.76713
1.76713
1.76712
1.76713
1.76712
1.76712
1.76711
1.76712
1.76712
1.76712
1.76712
1.76712
1.76711
1.76712
1.76712
1.76713
1.76713
1.76713
1.76713
1.76714
1.76714
1.76714
1.76714
1.76715
1.76715
1.76715
1.76714
1.76715
1.76714
1.76715
1.76715
1.76714
1.76714
1.76714
1.76716
1.76716
1.76715
1.76714
1.76715
1.76716
1.76715
1.76715
1.76716
1.76716
1.76716
1.76715
1.76714
1.76714
1.76712
1.76712
1.76713
1.76713
1.76712
1.76713
1.76714
1.76714
1.76714
1.76714
1.76714
1.76714
1.76715
1.76714
1.76714
1.76714
1.76714
1.76714
1.76715
1.76715
1.76715
1.76715
1.76716
1.76715
1.76715
1.76715
1.76715
1.76715
1.76715
1.76715
1.76715
1.76714
1.76715
1.76714
1.76715
1.76715
1.76715
1.76715
1.76714
1.76715
1.76714
1.76715
1.76715
1.76715
1.76715
1.76715
1.76716
1.76716
1.76715
1.76715
1.76714
1.76713
1.76713
1.76713
1.76713
1.76713
1.76712
1.76712
1.76713
1.76712
1.76712
1.7671
1.76711
1.76712
1.76712
1.76713
1.76713
1.76713
1.76713
1.76713
1.76713
1.76714
1.76714
1.76714
1.76714
1.76715
1.76715
1.76715
1.76715
1.76715
1.76714
1.76715
1.76715
1.76715
1.76716
1.76717
1.76716
1.76716
1.76716
1.76716
1.76715
1.76715
1.76715
1.76715
1.76715
1.76715
1.76715
1.76716
1.76715
1.76715
1.76716
1.76716
1.76716
1.76715
1.76716
1.76718
1.76717
1.76717
1.76717
1.76718
1.76718
1.76717
1.76717
1.76718
1.76719
1.76719
1.7672
1.76719
1.76719
1.76719
1.76719
1.76719
1.76719
1.7672
1.76719
1.76719
1.76719
1.76719
1.76719
1.76719
1.76721
1.76721
1.76721
1.76722
1.76722
1.76722
1.76721
1.76722
1.76722
1.76723
1.76723
1.76723
1.76723
1.76722
1.76722
1.76723
1.76724
1.76725
1.76726
1.76726
1.76726
1.76726
1.76726
1.76727
1.76727
1.76727
1.76727
1.76727
1.76727
1.76727
1.76727
1.76727
1.76727
1.76726
1.76727
1.76726
1.76727
1.76726
1.76726
1.76726
1.76726
1.76726
1.76726
1.76726
1.76726
1.76726
1.76727
1.76727
1.76727
1.76726
1.76726
1.76725
1.76726
1.76726
1.76725
1.76725
1.76725
1.76725
1.76726
1.76726
1.76726
1.76727
1.76727
1.76726
1.76726
1.76726
1.76726
1.76727
1.76727
1.76726
1.76727
1.76727
1.76728
1.76728
1.76728
1.76728
1.76727
1.76727
1.76726
1.76727
1.76727
1.76728
1.76728
1.76728
1.76729
1.76729
1.76729
1.76729
1.76729
1.76729
1.76728
1.76728
1.76727
1.76727
1.76727
1.76726
1.76726
1.76726
1.76727
1.76727
1.76728
1.76728
1.76728
1.76727
1.76727
1.76726
1.76727
1.76728
1.76728
1.76728
1.76727
1.76725
1.76726
1.76725
1.76725
1.76725
1.76725
1.76725
1.76725
1.76724
1.76724
1.76723
1.76723
1.76724
1.76723
1.76723
1.76722
1.76722
1.76722
1.76723
1.76723
1.76722
1.76723
1.76723
1.76723
1.76723
1.76722
1.76722
1.76721
1.7672
1.76719
1.7672
1.7672
1.76721
1.7672
1.76721
1.76722
1.76722
1.76722
1.76723
1.76723
1.76723
1.76723
1.76724
1.76724
1.76724
1.76724
1.76725
1.76724
1.76725
1.76725
1.76725
1.76725
1.76726
1.76726
1.76727
1.76727
1.76726
1.76727
1.76728
1.76728
1.76728
1.76728
1.76728
1.76727
1.76727
1.76727
1.76727
1.76726
1.76725
1.76726
1.76725
1.76725
1.76725
1.76724
1.76723
1.76723
1.76723
1.76724
1.76724
1.76724
1.76724
1.76725
1.76725
1.76725
1.76726
1.76726
1.76726
1.76727
1.76727
1.76727
1.76727
1.76726
1.76726
1.76725
1.76724
1.76724
1.76724
1.76724
1.76724
1.76724
1.76724
1.76724
1.76725
1.76724
1.76724
1.76724
1.76724
1.76724
1.76724
1.76723
1.76723
1.76723
1.76723
1.76723
1.76722
1.76722
1.76721
1.76722
1.76722
1.76721
1.76722
1.76721
1.76721
1.76721
1.76721
1.7672
1.7672
1.7672
1.7672
1.76721
1.76721
1.76721
1.76721
1.76721
1.76722
1.76721
1.7672
1.76721
1.7672
1.7672
1.76721
1.76721
1.76722
1.76721
1.76721
1.76721
1.76721
1.7672
1.76721
1.76721
1.76722
1.76722
1.76722
1.76722
1.76721
1.76722
1.76721
1.76722
1.76723
1.76723
1.76723
1.76723
1.76723
1.76723
1.76723
1.76723
1.76722
1.76721
1.76722
1.76722
1.76722
1.76722
1.76723
1.76723
1.76723
1.76723
1.76724
1.76724
1.76724
1.76724
1.76724
1.76724
1.76724
1.76724
1.76724
1.76724
1.76724
1.76722
1.76723
1.76723
1.76722
1.76722
1.76721
1.76721
1.76721
1.7672
1.76719
1.76719
1.76718
1.76717
1.76717
1.76717
1.76716
1.76716
1.76716
1.76716
1.76715
1.76716
1.76717
1.76716
1.76717
1.76717
1.76717
1.76718
1.76718
1.76718
1.76719
1.76719
1.7672
1.76719
1.7672
1.76719
1.76719
1.76719
1.76719
1.76719
1.76719
1.76718
1.76718
1.76719
1.7672
1.76719
1.7672
1.76721
1.76721
1.76722
1.76722
1.76721
1.76721
1.76721
1.76722
1.76722
1.76722
1.76722
1.76722
1.76722
1.76722
1.76721
1.76721
1.76722
1.76722
1.76723
1.76722
1.76722
1.76723
1.76724
1.76725
1.76724
1.76724
1.76726
1.76726
1.76728
1.76728
1.76728
1.76729
1.76728
1.76727
1.76728
1.76728
1.7673
1.76729
1.76729
1.76729
1.76729
1.76728
1.76728
1.76728
1.76727
1.76727
1.76726
1.76727
1.76727
1.76727
1.76726
1.76725
1.76726
1.76726
1.76726
1.76726
1.76725
1.76726
1.76726
1.76726
1.76727
1.76728
1.76728
1.76728
1.76728
1.76727
1.76728
1.76728
1.76728
1.76729
1.76729
1.76729
1.76729
1.76729
1.7673
1.76729
1.76729
1.76729
1.76728
1.76728
1.76728
1.76729
1.76729
1.7673
1.76729
1.76729
1.76727
1.76727
1.76726
1.76727
1.76727
1.76727
1.76728
1.76727
1.76727
1.76728
1.44177
1.44177
1.44177
1.44177
1.44178
1.44177
1.44178
1.44178
1.44178
1.44178
1.44179
1.44178
1.44178
1.44179
1.44179
1.44179
1.4418
1.4418
1.4418
1.4418
1.44179
1.44179
1.44178
1.44179
1.44179
1.44179
1.44178
1.44179
1.44179
1.44179
1.4418
1.4418
1.4418
1.4418
1.4418
1.4418
1.44181
1.44181
1.44181
1.44181
1.44181
1.44181
1.44181
1.44182
1.44182
1.44182
1.44182
1.44182
1.44182
1.44182
1.44182
1.44182
1.44182
1.44182
1.44181
1.44181
1.44182
1.44181
1.44181
1.4418
1.44181
1.44181
1.44181
1.44182
1.44182
1.44182
1.44181
1.44182
1.44182
1.44181
1.44181
1.4418
1.44179
1.4418
1.4418
1.4418
1.44181
1.44181
1.44181
1.44181
1.4418
1.4418
1.44181
1.4418
1.44181
1.44181
1.44181
1.44182
1.4418
1.4418
1.4418
1.4418
1.44179
1.44179
1.4418
1.4418
1.4418
1.44181
1.44181
1.44181
1.44181
1.44181
1.4418
1.4418
1.44179
1.4418
1.4418
1.44179
1.44181
1.44181
1.44181
1.44181
1.44181
1.44181
1.44181
1.44181
1.44181
1.44181
1.44181
1.44181
1.44181
1.44181
1.44182
1.44182
1.44182
1.44182
1.44182
1.44182
1.44182
1.44182
1.44181
1.44181
1.44181
1.44182
1.44182
1.44181
1.44181
1.44181
1.4418
1.44181
1.4418
1.4418
1.4418
1.4418
1.44179
1.44179
1.44179
1.44179
1.44179
1.44178
1.44179
1.44178
1.44179
1.4418
1.4418
1.44179
1.44179
1.4418
1.4418
1.4418
1.4418
1.4418
1.44179
1.4418
1.44179
1.4418
1.44179
1.4418
1.4418
1.44181
1.4418
1.4418
1.4418
1.44179
1.44179
1.44179
1.44178
1.44179
1.44179
1.44179
1.44178
1.44179
1.44178
1.44177
1.44176
1.44177
1.44176
1.44175
1.44175
1.44176
1.44176
1.44175
1.44174
1.44174
1.44174
1.44173
1.44173
1.44173
1.44174
1.44174
1.44175
1.44176
1.44175
1.44176
1.44176
1.44176
1.44177
1.44177
1.44177
1.44178
1.44179
1.44178
1.44178
1.44178
1.44179
1.44178
1.44178
1.44178
1.44177
1.44177
1.44177
1.44178
1.44179
1.44178
1.44178
1.44177
1.44177
1.44176
1.44176
1.44176
1.44176
1.44176
1.44175
1.44175
1.44176
1.44176
1.44175
1.44175
1.44176
1.44176
1.44176
1.44175
1.44176
1.44176
1.44175
1.44175
1.44174
1.44175
1.44175
1.44175
1.44175
1.44175
1.44174
1.44175
1.44174
1.44173
1.44174
1.44174
1.44174
1.44173
1.44173
1.44173
1.44174
1.44175
1.44176
1.44175
1.44174
1.44174
1.44176
1.44175
1.44174
1.44174
1.44174
1.44174
1.44173
1.44173
1.44173
1.44172
1.44172
1.44173
1.44172
1.44172
1.44172
1.4417
1.4417
1.44171
1.44172
1.44172
1.44171
1.44172
1.4417
1.44171
1.4417
1.4417
1.44171
1.44171
1.44171
1.44171
1.44171
1.44171
1.4417
1.4417
1.4417
1.4417
1.4417
1.44171
1.44171
1.44171
1.44171
1.44172
1.44171
1.44171
1.44172
1.44172
1.44172
1.44172
1.44171
1.44171
1.44171
1.44171
1.4417
1.4417
1.44171
1.44171
1.44171
1.44171
1.44171
1.44171
1.44169
1.44169
1.44171
1.44171
1.44171
1.44171
1.44171
1.44171
1.44171
1.44171
1.44171
1.44171
1.4417
1.4417
1.44171
1.4417
1.4417
1.4417
1.4417
1.4417
1.4417
1.44169
1.4417
1.4417
1.4417
1.44171
1.4417
1.44169
1.4417
1.4417
1.4417
1.4417
1.4417
1.4417
1.44169
1.4417
1.4417
1.4417
1.4417
1.4417
1.4417
1.4417
1.44172
1.44172
1.44172
1.44172
1.44172
1.44172
1.44172
1.44172
1.44172
1.44173
1.44172
1.44172
1.44171
1.44171
1.44172
1.44172
1.44172
1.44172
1.44172
1.44172
1.44173
1.44173
1.44173
1.44173
1.44174
1.44173
1.44173
1.44172
1.44172
1.44171
1.44171
1.4417
1.44171
1.4417
1.44171
1.44171
1.44171
1.4417
1.4417
1.4417
1.4417
1.44169
1.4417
1.4417
1.4417
1.44169
1.4417
1.4417
1.4417
1.4417
1.4417
1.4417
1.4417
1.44169
1.44169
1.4417
1.4417
1.44169
1.4417
1.4417
1.4417
1.4417
1.4417
1.44169
1.44169
1.44168
1.44168
1.44167
1.44167
1.44168
1.44168
1.44168
1.44167
1.44167
1.44167
1.44167
1.44167
1.44167
1.44167
1.44166
1.44166
1.44166
1.44165
1.44164
1.44164
1.44164
1.44165
1.44164
1.44164
1.44164
1.44166
1.44166
1.44166
1.44167
1.44167
1.44168
1.44168
1.44167
1.44167
1.44166
1.44167
1.44167
1.44168
1.44168
1.44168
1.44169
1.44168
1.44169
1.44168
1.44168
1.44168
1.44168
1.44168
1.44168
1.44168
1.44167
1.44167
1.44167
1.44166
1.44167
1.44169
1.44169
1.44168
1.44169
1.44169
1.44169
1.44168
1.44169
1.44169
1.44168
1.44167
1.44167
1.44167
1.44166
1.44166
1.44165
1.44165
1.44165
1.44164
1.44163
1.44164
1.44163
1.44163
1.44163
1.44162
1.44162
1.44162
1.44161
1.44161
1.44162
1.44161
1.44162
1.44161
1.44162
1.44162
1.44163
1.44163
1.44163
1.44163
1.44162
1.44162
1.44162
1.44162
1.44162
1.44162
1.44162
1.44162
1.44164
1.44163
1.44164
1.44164
1.44165
1.44164
1.44165
1.44163
1.44163
1.44162
1.44163
1.44163
1.44163
1.44164
1.44165
1.44165
1.44165
1.44165
1.44165
1.44165
1.44165
1.44166
1.44166
1.44167
1.44166
1.44166
1.44165
1.44165
1.44165
1.44165
1.44165
1.44165
1.44166
1.44165
1.44165
1.44164
1.44164
1.44164
1.44163
1.44162
1.44161
1.4416
1.4416
1.4416
1.4416
1.4416
1.44159
1.44159
1.44158
1.44159
1.44159
1.44157
1.44158
1.44158
1.44158
1.44158
1.44158
1.44158
1.44157
1.44157
1.44158
1.44158
1.44158
1.44159
1.44159
1.44159
1.44159
1.44158
1.44158
1.44159
1.44159
1.44157
1.44156
1.44156
1.44156
1.44156
1.44156
1.44156
1.44156
1.44156
1.44155
1.44154
1.44154
1.44154
1.44154
1.44155
1.44155
1.44154
1.44153
1.44153
1.44152
1.44151
1.4415
1.4415
1.4415
1.44149
1.4415
1.44149
1.44149
1.4415
1.4415
1.4415
1.44151
1.44151
1.44151
1.44151
1.44151
1.44151
1.44151
1.4415
1.4415
1.4415
1.4415
1.44149
1.44149
1.44149
1.44148
1.44149
1.44149
1.44149
1.44149
1.44148
1.44148
1.44148
1.44149
1.44147
1.44147
1.44147
1.44147
1.44147
1.44147
1.44147
1.44147
1.44148
1.44148
1.44147
1.44149
1.44148
1.44148
1.44149
1.44149
1.44149
1.44151
1.4415
1.4415
1.44151
1.44151
1.44151
1.44152
1.44151
1.4415
1.4415
1.4415
1.4415
1.4415
1.44149
1.44149
1.4415
1.4415
1.44148
1.44148
1.44148
1.44148
1.44148
1.44149
1.4415
1.44149
1.4415
1.4415
1.4415
1.4415
1.4415
1.4415
1.4415
1.4415
1.4415
1.4415
1.4415
1.44151
1.44152
1.44152
1.44151
1.44151
1.44151
1.44151
1.44151
1.4415
1.4415
1.4415
1.4415
1.44151
1.44151
1.44152
1.44151
1.4415
1.44151
1.44152
1.44151
1.44151
1.44151
1.44152
1.44152
1.44152
1.44152
1.44152
1.44152
1.44151
1.44152
1.44154
1.44153
1.44152
1.44152
1.44153
1.44152
1.44153
1.44153
1.44153
1.44152
1.44153
1.44153
1.44153
1.44154
1.44154
1.44154
1.44154
1.44154
1.44155
1.44155
1.44155
1.44154
1.44154
1.44155
1.44155
1.44156
1.44156
1.44156
1.44156
1.44157
1.44157
1.44157
1.44157
1.44157
1.44156
1.44157
1.44157
1.44156
1.44156
1.44156
1.44156
1.44156
1.44156
1.44155
1.44155
1.44155
1.44155
1.44155
1.44155
1.44155
1.44155
1.44155
1.44155
1.44155
1.44155
1.44155
1.44155
1.44155
1.44155
1.44155
1.44155
1.44155
1.44155
1.44155
1.44155
1.44155
1.44155
1.44156
1.44157
1.44157
1.44158
1.44158
1.44157
1.44156
1.44156
1.44157
1.44158
1.44159
1.44159
1.44159
1.44159
1.44158
1.44158
1.44157
1.44157
1.44156
1.44157
1.44157
1.44157
1.44157
1.44156
1.44155
1.44156
1.44156
1.44156
1.44156
1.44156
1.44156
1.44156
1.44156
1.44155
1.44156
1.44157
1.44156
1.44156
1.44155
1.44157
1.44157
1.44158
1.44158
1.44158
1.44159
1.44159
1.44159
1.44159
1.44159
1.44159
1.44159
1.44159
1.44159
1.44159
1.44159
1.44158
1.44159
1.44158
1.44158
1.44158
1.44157
1.44157
1.44157
1.44157
1.44157
1.44157
1.44157
1.44157
1.44156
1.44156
1.44155
1.44154
1.44154
1.44154
1.44154
1.44153
1.44154
1.44153
1.44154
1.44153
1.44154
1.44153
1.44154
1.44154
1.44154
1.44153
1.44154
1.44154
1.44154
1.44153
1.44154
1.44153
1.44155
1.44154
1.44154
1.44154
1.44155
1.44154
1.44155
1.44156
1.44157
1.44157
1.44157
1.44158
1.44157
1.44158
1.44159
1.4416
1.4416
1.4416
1.4416
1.44161
1.44161
1.44161
1.4416
1.4416
1.4416
1.44159
1.44158
1.44158
1.44158
1.44158
1.44158
1.44157
1.44157
1.44158
1.44158
1.44158
1.44158
1.44158
1.44158
1.44158
1.44159
1.44159
1.4416
1.4416
1.44159
1.4416
1.4416
1.44159
1.4416
1.4416
1.44161
1.4416
1.4416
1.4416
1.44161
1.44161
1.44161
1.44162
1.44163
1.44163
1.44163
1.44163
1.44163
1.44163
1.44163
1.44163
1.44163
1.44163
1.44163
1.44162
1.44161
1.44161
1.44161
1.44161
1.44161
1.44161
1.4416
1.4416
1.4416
1.4416
1.4416
1.4416
1.4416
1.4416
1.44159
1.4416
1.44159
1.44158
1.44159
1.44158
1.44158
1.44159
1.4416
1.44159
1.44159
1.44159
1.40446
1.40446
1.40445
1.40445
1.40445
1.40445
1.40445
1.40445
1.40445
1.40446
1.40446
1.40446
1.40445
1.40445
1.40444
1.40444
1.40444
1.40444
1.40444
1.40444
1.40444
1.40444
1.40445
1.40445
1.40444
1.40444
1.40445
1.40444
1.40445
1.40444
1.40445
1.40444
1.40444
1.40444
1.40444
1.40444
1.40444
1.40445
1.40443
1.40443
1.40442
1.40442
1.40442
1.40442
1.40443
1.40442
1.40442
1.40442
1.40443
1.40444
1.40443
1.40442
1.40443
1.40442
1.40442
1.40443
1.40444
1.40444
1.40443
1.40444
1.40444
1.40443
1.40444
1.40445
1.40445
1.40446
1.40445
1.40445
1.40445
1.40445
1.40446
1.40446
1.40445
1.40445
1.40445
1.40446
1.40446
1.40446
1.40447
1.40447
1.40446
1.40445
1.40445
1.40445
1.40445
1.40445
1.40445
1.40445
1.40445
1.40445
1.40445
1.40445
1.40444
1.40444
1.40445
1.40445
1.40444
1.40444
1.40443
1.40444
1.40444
1.40444
1.40443
1.40443
1.40443
1.40443
1.40444
1.40444
1.40443
1.40444
1.40445
1.40445
1.40443
1.40444
1.40444
1.40444
1.40444
1.40444
1.40444
1.40444
1.40445
1.40446
1.40446
1.40446
1.40446
1.40446
1.40445
1.40446
1.40446
1.40445
1.40443
1.40444
1.40444
1.40444
1.40445
1.40444
1.40444
1.40443
1.40444
1.40444
1.40444
1.40444
1.40444
1.40444
1.40444
1.40443
1.40443
1.40443
1.40444
1.40444
1.40443
1.40443
1.40443
1.40442
1.40442
1.40443
1.40442
1.40443
1.40443
1.40443
1.40443
1.40443
1.40443
1.40443
1.40443
1.40443
1.40443
1.40443
1.40443
1.40443
1.40443
1.40442
1.40443
1.40444
1.40443
1.40442
1.40443
1.40443
1.40443
1.40443
1.40444
1.40444
1.40443
1.40443
1.40443
1.40443
1.40443
1.40442
1.40442
1.40443
1.40444
1.40444
1.40445
1.40445
1.40446
1.40446
1.40446
1.40446
1.40445
1.40444
1.40445
1.40445
1.40445
1.40444
1.40444
1.40443
1.40443
1.40442
1.40442
1.40443
1.40443
1.40442
1.40441
1.40441
1.40441
1.40441
1.40441
1.40441
1.40441
1.40441
1.4044
1.4044
1.4044
1.4044
1.40441
1.40441
1.40441
1.40441
1.40442
1.40441
1.40441
1.40442
1.40441
1.40442
1.40441
1.40441
1.40441
1.40442
1.40442
1.40442
1.40442
1.40443
1.40443
1.40443
1.40443
1.40442
1.40443
1.40442
1.40443
1.40443
1.40444
1.40444
1.40443
1.40443
1.40443
1.40443
1.40443
1.40443
1.40443
1.40442
1.40442
1.40441
1.4044
1.40441
1.40441
1.40442
1.40442
1.40441
1.40441
1.40441
1.4044
1.40439
1.4044
1.40441
1.40441
1.40441
1.40442
1.40441
1.4044
1.40441
1.40441
1.40441
1.4044
1.4044
1.4044
1.4044
1.4044
1.40439
1.40439
1.40439
1.4044
1.40441
1.40441
1.40442
1.40441
1.40441
1.40441
1.40441
1.40441
1.40441
1.40442
1.40442
1.40444
1.40444
1.40444
1.40445
1.40445
1.40445
1.40445
1.40444
1.40444
1.40443
1.40442
1.40442
1.40443
1.40443
1.40443
1.40443
1.40443
1.40444
1.40444
1.40445
1.40445
1.40445
1.40446
1.40445
1.40444
1.40444
1.40443
1.40443
1.40443
1.40442
1.40442
1.40442
1.40443
1.40443
1.40444
1.40445
1.40445
1.40445
1.40445
1.40445
1.40445
1.40445
1.40446
1.40446
1.40446
1.40446
1.40445
1.40446
1.40445
1.40446
1.40445
1.40446
1.40446
1.40445
1.40446
1.40445
1.40446
1.40445
1.40443
1.40444
1.40444
1.40443
1.40443
1.40443
1.40442
1.40443
1.40444
1.40444
1.40444
1.40444
1.40444
1.40443
1.40443
1.40443
1.40443
1.40444
1.40444
1.40443
1.40444
1.40444
1.40445
1.40447
1.40447
1.40447
1.40447
1.40446
1.40446
1.40446
1.40446
1.40446
1.40446
1.40446
1.40447
1.40446
1.40447
1.40446
1.40446
1.40446
1.40445
1.40445
1.40445
1.40445
1.40445
1.40445
1.40445
1.40446
1.40445
1.40445
1.40445
1.40444
1.40444
1.40443
1.40444
1.40444
1.40443
1.40444
1.40444
1.40444
1.40444
1.40444
1.40444
1.40444
1.40444
1.40444
1.40443
1.40443
1.40443
1.40444
1.40443
1.40444
1.40444
1.40445
1.40445
1.40445
1.40445
1.40444
1.40444
1.40444
1.40444
1.40444
1.40443
1.40443
1.40443
1.40443
1.40443
1.40443
1.40442
1.40442
1.40442
1.40442
1.40442
1.40443
1.40443
1.40444
1.40444
1.40444
1.40444
1.40445
1.40446
1.40446
1.40446
1.40446
1.40445
1.40445
1.40445
1.40444
1.40444
1.40443
1.40444
1.40443
1.40444
1.40445
1.40445
1.40444
1.40444
1.40444
1.40444
1.40445
1.40445
1.40444
1.40445
1.40446
1.40446
1.40446
1.40447
1.40446
1.40446
1.40446
1.40446
1.40445
1.40446
1.40446
1.40446
1.40445
1.40445
1.40446
1.40445
1.40445
1.40444
1.40444
1.40444
1.40444
1.40443
1.40443
1.40443
1.40442
1.40443
1.40444
1.40444
1.40443
1.40444
1.40445
1.40445
1.40446
1.40446
1.40446
1.40446
1.40445
1.40446
1.40446
1.40446
1.40446
1.40447
1.40448
1.40448
1.40448
1.40448
1.40448
1.40448
1.40449
1.40449
1.40449
1.40449
1.40448
1.40448
1.40448
1.4045
1.40449
1.4045
1.40449
1.4045
1.4045
1.40451
1.40451
1.40451
1.4045
1.4045
1.4045
1.40449
1.4045
1.40451
1.40451
1.40452
1.40453
1.40453
1.40454
1.40453
1.40454
1.40453
1.40453
1.40452
1.40453
1.40453
1.40452
1.40452
1.40453
1.40453
1.40452
1.40452
1.40451
1.40451
1.40452
1.40452
1.40452
1.40452
1.40452
1.40452
1.40452
1.40452
1.40452
1.40452
1.40451
1.4045
1.40451
1.4045
1.4045
1.4045
1.4045
1.40449
1.40449
1.40448
1.40448
1.40449
1.40449
1.4045
1.40449
1.40449
1.40449
1.40449
1.40449
1.40449
1.40449
1.40448
1.40449
1.40449
1.40449
1.40449
1.40449
1.4045
1.40449
1.4045
1.40449
1.40448
1.40448
1.40449
1.40448
1.40447
1.40447
1.40446
1.40446
1.40445
1.40446
1.40447
1.40447
1.40446
1.40445
1.40445
1.40445
1.40444
1.40444
1.40443
1.40443
1.40443
1.40444
1.40444
1.40445
1.40444
1.40444
1.40443
1.40443
1.40444
1.40443
1.40443
1.40442
1.40443
1.40443
1.40443
1.40443
1.40442
1.40443
1.40442
1.40442
1.40442
1.40442
1.40442
1.40442
1.40443
1.40444
1.40444
1.40445
1.40445
1.40445
1.40445
1.40445
1.40444
1.40443
1.40444
1.40444
1.40443
1.40442
1.40442
1.40442
1.40443
1.40443
1.40442
1.40442
1.40442
1.40442
1.40443
1.40442
1.40442
1.40442
1.40441
1.40441
1.40441
1.40441
1.40441
1.40442
1.40442
1.40443
1.40442
1.40441
1.40442
1.40442
1.40442
1.40442
1.40442
1.40442
1.40441
1.40442
1.40442
1.40442
1.40442
1.40443
1.40443
1.40443
1.40444
1.40444
1.40445
1.40445
1.40446
1.40445
1.40444
1.40444
1.40443
1.40443
1.40444
1.40444
1.40443
1.40443
1.40444
1.40444
1.40444
1.40443
1.40442
1.40442
1.40442
1.40442
1.40442
1.40442
1.40443
1.40444
1.40444
1.40443
1.40443
1.40442
1.40442
1.40443
1.40443
1.40443
1.40443
1.40443
1.40443
1.40442
1.40442
1.40443
1.40443
1.40444
1.40443
1.40443
1.40443
1.40443
1.40443
1.40443
1.40444
1.40444
1.40444
1.40445
1.40445
1.40444
1.40445
1.40445
1.40445
1.40445
1.40444
1.40444
1.40445
1.40445
1.40445
1.40445
1.40445
1.40447
1.40446
1.40447
1.40447
1.40446
1.40447
1.40447
1.40446
1.40447
1.40447
1.40447
1.40447
1.40447
1.40447
1.40447
1.40447
1.40447
1.40447
1.40447
1.40446
1.40447
1.40447
1.40447
1.40446
1.40447
1.40448
1.40448
1.40448
1.40447
1.40447
1.40447
1.40448
1.40448
1.40448
1.40448
1.40448
1.40449
1.4045
1.4045
1.40451
1.40452
1.40452
1.40451
1.4045
1.40449
1.40449
1.4045
1.40449
1.40449
1.40449
1.40449
1.40448
1.40449
1.40448
1.40449
1.40449
1.40448
1.40448
1.40448
1.40447
1.40447
1.40447
1.40446
1.40446
1.40447
1.40447
1.40448
1.40449
1.40448
1.40447
1.40449
1.40449
1.40449
1.40449
1.40449
1.4045
1.4045
1.4045
1.4045
1.40449
1.40449
1.40449
1.40449
1.4045
1.40449
1.40449
1.40449
1.40449
1.4045
1.4045
1.40449
1.40449
1.40449
1.40449
1.40448
1.40448
1.40447
1.40448
1.40448
1.40448
1.40448
1.40447
1.40447
1.40448
1.40448
1.40448
1.40448
1.40449
1.40448
1.40446
1.40446
1.40447
1.40446
1.40447
1.40447
1.40447
1.40447
1.40446
1.40447
1.40446
1.40446
1.40446
1.40446
1.40445
1.40446
1.40445
1.40445
1.40445
1.40445
1.40445
1.40445
1.40446
1.40446
1.40447
1.40446
1.40446
1.40446
1.40446
1.40446
1.40447
1.40446
1.40447
1.40447
1.40447
1.40448
1.40448
1.40448
1.40449
1.40449
1.40448
1.40448
1.40448
1.40447
1.40447
1.40446
1.40447
1.40446
1.40446
1.40447
1.40447
1.40447
1.40447
1.40447
1.40449
1.40448
1.40448
1.40448
1.40446
1.40446
1.40446
1.40446
1.40447
1.40447
1.40447
1.40447
1.40448
1.40447
1.40447
1.40448
1.40448
1.40448
1.40448
1.40448
1.40447
1.40447
1.40447
1.40448
1.40449
1.4045
1.4045
1.4045
1.40449
1.4045
1.4045
1.4045
1.4045
1.4045
1.4045
1.40451
1.40451
1.40452
1.40452
1.40452
1.40452
1.40452
1.40452
1.40452
1.40452
1.40452
1.40451
1.40452
1.40452
1.40451
1.40452
1.40453
1.40453
1.40453
1.40453
1.40454
1.40453
1.40453
1.40454
1.40453
1.40453
1.40454
1.40454
1.40454
1.42887
1.42887
1.42886
1.42886
1.42887
1.42887
1.42886
1.42886
1.42885
1.42885
1.42886
1.42886
1.42886
1.42886
1.42885
1.42885
1.42884
1.42884
1.42885
1.42885
1.42886
1.42886
1.42885
1.42885
1.42885
1.42884
1.42884
1.42883
1.42883
1.42883
1.42883
1.42883
1.42884
1.42884
1.42884
1.42884
1.42884
1.42884
1.42883
1.42884
1.42884
1.42883
1.42883
1.42882
1.42882
1.42882
1.42881
1.42882
1.42882
1.42882
1.42882
1.42882
1.42882
1.42882
1.42882
1.42881
1.42882
1.42882
1.42881
1.42882
1.42881
1.42882
1.42883
1.42883
1.42883
1.42883
1.42882
1.42882
1.42882
1.42882
1.42881
1.42882
1.4288
1.42879
1.42879
1.42879
1.42879
1.42879
1.4288
1.42879
1.4288
1.4288
1.42881
1.42881
1.42881
1.42881
1.42882
1.42882
1.42882
1.42882
1.42883
1.42883
1.42883
1.42883
1.42883
1.42883
1.42884
1.42883
1.42883
1.42883
1.42882
1.42882
1.42883
1.42884
1.42884
1.42884
1.42884
1.42884
1.42884
1.42885
1.42885
1.42885
1.42885
1.42886
1.42885
1.42886
1.42885
1.42886
1.42886
1.42886
1.42886
1.42887
1.42887
1.42887
1.42887
1.42887
1.42887
1.42886
1.42886
1.42886
1.42886
1.42886
1.42886
1.42885
1.42886
1.42886
1.42886
1.42887
1.42888
1.42887
1.42887
1.42886
1.42886
1.42886
1.42886
1.42886
1.42887
1.42888
1.42888
1.42888
1.42887
1.42887
1.42887
1.42887
1.42888
1.42887
1.42887
1.42887
1.42887
1.42887
1.42887
1.42887
1.42888
1.4289
1.42889
1.4289
1.4289
1.4289
1.4289
1.42889
1.42889
1.42888
1.42889
1.42889
1.42888
1.42888
1.42887
1.42887
1.42888
1.42888
1.42888
1.42889
1.42888
1.42886
1.42886
1.42887
1.42888
1.42887
1.42886
1.42887
1.42886
1.42886
1.42887
1.42887
1.42886
1.42887
1.42887
1.42887
1.42887
1.42886
1.42887
1.42887
1.42887
1.42886
1.42886
1.42886
1.42886
1.42886
1.42886
1.42886
1.42886
1.42886
1.42886
1.42886
1.42886
1.42886
1.42886
1.42886
1.42887
1.42887
1.42888
1.42887
1.42887
1.42887
1.42887
1.42887
1.42886
1.42886
1.42885
1.42887
1.42886
1.42886
1.42886
1.42886
1.42886
1.42886
1.42886
1.42886
1.42885
1.42885
1.42884
1.42884
1.42884
1.42884
1.42884
1.42885
1.42885
1.42885
1.42886
1.42886
1.42886
1.42886
1.42886
1.42886
1.42887
1.42887
1.42887
1.42888
1.42888
1.42888
1.42889
1.42889
1.42889
1.42889
1.42888
1.42888
1.42888
1.42888
1.42888
1.42889
1.42888
1.42888
1.42888
1.42889
1.42889
1.42889
1.42889
1.4289
1.4289
1.42891
1.42891
1.42892
1.42892
1.42892
1.42892
1.42892
1.42893
1.42893
1.42893
1.42893
1.42892
1.42891
1.42891
1.42891
1.42891
1.42891
1.4289
1.4289
1.4289
1.4289
1.42891
1.42891
1.42891
1.4289
1.4289
1.4289
1.4289
1.4289
1.42889
1.4289
1.42889
1.4289
1.42891
1.4289
1.42889
1.4289
1.42889
1.42889
1.4289
1.42889
1.42889
1.42889
1.42889
1.42889
1.42889
1.4289
1.4289
1.4289
1.42891
1.4289
1.42891
1.42889
1.42889
1.4289
1.4289
1.4289
1.42889
1.4289
1.4289
1.42891
1.42891
1.42891
1.42892
1.42891
1.42891
1.42891
1.4289
1.4289
1.42889
1.42889
1.42888
1.42888
1.42888
1.42888
1.42887
1.42887
1.42887
1.42887
1.42887
1.42886
1.42887
1.42888
1.42888
1.42888
1.42887
1.42887
1.42887
1.42886
1.42886
1.42886
1.42886
1.42885
1.42886
1.42886
1.42886
1.42885
1.42885
1.42885
1.42885
1.42884
1.42885
1.42884
1.42884
1.42884
1.42884
1.42883
1.42883
1.42883
1.42884
1.42884
1.42884
1.42884
1.42884
1.42884
1.42885
1.42885
1.42884
1.42884
1.42885
1.42883
1.42883
1.42884
1.42884
1.42882
1.42882
1.42882
1.42882
1.42881
1.4288
1.42879
1.42878
1.42878
1.42878
1.42878
1.42878
1.42879
1.4288
1.42879
1.4288
1.4288
1.4288
1.42879
1.4288
1.4288
1.4288
1.4288
1.4288
1.42879
1.42878
1.42879
1.42878
1.42878
1.42879
1.42879
1.42878
1.42877
1.42877
1.42878
1.42878
1.42878
1.42878
1.42877
1.42878
1.42878
1.42877
1.42877
1.42878
1.42878
1.42877
1.42876
1.42877
1.42876
1.42876
1.42876
1.42876
1.42876
1.42877
1.42878
1.42878
1.42877
1.42878
1.42877
1.42876
1.42877
1.42878
1.42877
1.42877
1.42878
1.42878
1.42878
1.42878
1.4288
1.4288
1.42879
1.4288
1.4288
1.4288
1.42881
1.4288
1.4288
1.4288
1.4288
1.42881
1.42881
1.4288
1.4288
1.42879
1.4288
1.4288
1.4288
1.4288
1.4288
1.42881
1.42881
1.42881
1.42881
1.42881
1.42881
1.42881
1.42881
1.42881
1.42882
1.42882
1.42882
1.42883
1.42882
1.42882
1.42882
1.42882
1.42882
1.42882
1.42882
1.42882
1.42882
1.42882
1.42882
1.42881
1.42881
1.42881
1.4288
1.4288
1.42879
1.4288
1.4288
1.4288
1.42879
1.42879
1.4288
1.42879
1.42878
1.42879
1.42878
1.42879
1.42879
1.4288
1.4288
1.42881
1.42881
1.42881
1.42881
1.42882
1.42881
1.42881
1.42881
1.42881
1.42881
1.42882
1.42882
1.42882
1.42883
1.42883
1.42882
1.42884
1.42883
1.42883
1.42883
1.42882
1.42882
1.42881
1.42881
1.42881
1.4288
1.4288
1.4288
1.42881
1.42882
1.42882
1.42882
1.42881
1.4288
1.4288
1.4288
1.42881
1.42881
1.4288
1.42881
1.4288
1.4288
1.42879
1.4288
1.42879
1.42879
1.4288
1.42879
1.4288
1.4288
1.4288
1.4288
1.42881
1.42881
1.42881
1.42881
1.42881
1.42881
1.42881
1.4288
1.4288
1.4288
1.4288
1.42879
1.42878
1.42878
1.42878
1.42878
1.42878
1.42878
1.42879
1.42879
1.42879
1.42879
1.4288
1.4288
1.42879
1.42879
1.42879
1.4288
1.4288
1.42879
1.42879
1.42879
1.42878
1.42877
1.42876
1.42876
1.42876
1.42877
1.42877
1.42877
1.42877
1.42879
1.42879
1.42879
1.42878
1.42878
1.42878
1.42878
1.42879
1.42878
1.42878
1.42878
1.42878
1.42878
1.42877
1.42878
1.42877
1.42878
1.42879
1.42879
1.42879
1.42879
1.42879
1.42879
1.42878
1.42878
1.42878
1.42878
1.42878
1.42878
1.42879
1.42879
1.4288
1.42881
1.42881
1.4288
1.42881
1.42881
1.42881
1.42881
1.42881
1.4288
1.42879
1.42879
1.42879
1.4288
1.42881
1.42881
1.42881
1.42881
1.42882
1.42882
1.42882
1.42882
1.42882
1.42883
1.42883
1.42883
1.42883
1.42882
1.42881
1.42881
1.42881
1.42882
1.42881
1.42881
1.42881
1.42881
1.42882
1.42881
1.42881
1.4288
1.4288
1.42881
1.42881
1.4288
1.4288
1.42881
1.42881
1.42882
1.42882
1.42883
1.42883
1.42883
1.42883
1.42883
1.42884
1.42884
1.42883
1.42883
1.42884
1.42883
1.42883
1.42883
1.42884
1.42883
1.42884
1.42884
1.42885
1.42885
1.42884
1.42885
1.42884
1.42885
1.42885
1.42885
1.42885
1.42886
1.42887
1.42887
1.42886
1.42886
1.42886
1.42886
1.42886
1.42887
1.42887
1.42886
1.42887
1.42886
1.42887
1.42887
1.42887
1.42887
1.42887
1.42888
1.42888
1.42889
1.42888
1.42888
1.42889
1.42888
1.42888
1.42888
1.42887
1.42888
1.42888
1.42888
1.42888
1.42889
1.42889
1.42889
1.42889
1.42889
1.42889
1.42889
1.42889
1.42888
1.42888
1.42888
1.42889
1.42888
1.42888
1.42887
1.42887
1.42887
1.42888
1.42888
1.42889
1.42889
1.42889
1.42889
1.42889
1.4289
1.42892
1.42892
1.42892
1.42892
1.42892
1.42892
1.42892
1.42892
1.42892
1.42892
1.42891
1.42891
1.42891
1.42891
1.42891
1.42892
1.42891
1.42893
1.42892
1.42891
1.4289
1.4289
1.4289
1.4289
1.4289
1.4289
1.4289
1.4289
1.42891
1.42892
1.42891
1.42891
1.4289
1.42891
1.42891
1.4289
1.4289
1.4289
1.42889
1.42891
1.4289
1.4289
1.42889
1.42889
1.42888
1.42889
1.42889
1.42889
1.42889
1.42888
1.42889
1.42888
1.42888
1.42888
1.42888
1.42888
1.42888
1.42888
1.42888
1.42888
1.42888
1.42888
1.42889
1.4289
1.42889
1.42889
1.42889
1.4289
1.4289
1.4289
1.42889
1.42889
1.42889
1.4289
1.4289
1.42891
1.42892
1.42891
1.42892
1.42892
1.42892
1.42892
1.42892
1.42892
1.42893
1.42893
1.42893
1.42892
1.42892
1.42892
1.42893
1.42893
1.42893
1.42894
1.42893
1.42893
1.42893
1.42893
1.42893
1.42893
1.42892
1.42892
1.42892
1.42892
1.42892
1.42892
1.42891
1.42891
1.42891
1.42891
1.4289
1.4289
1.4289
1.42891
1.42891
1.42891
1.42891
1.42891
1.42891
1.42892
1.42892
1.42892
1.42892
1.42893
1.42892
1.42892
1.42892
1.42892
1.42893
1.42893
1.42894
1.42894
1.42893
1.42893
1.42892
1.42892
1.42891
1.42892
1.42892
1.42892
1.42893
1.42893
1.42892
1.42893
1.42893
1.42892
1.42892
1.42893
1.42893
1.42893
1.42893
1.42894
1.42894
1.42893
1.42893
1.42893
1.42892
1.42893
1.42894
1.42894
1.42893
1.42893
1.42894
1.42894
1.42894
1.42895
1.42894
1.42894
1.42893
1.42893
1.42893
1.42892
1.42893
1.42892
1.42892
1.42892
1.42892
1.42893
1.42892
1.42893
1.42894
1.42894
1.42895
1.42895
1.42895
1.42896
1.42896
1.42896
1.42896
1.42896
1.42896
1.42895
1.42896
1.42896
1.42896
1.42896
1.42895
1.42895
1.42895
1.42895
1.42894
1.42895
1.42895
1.42895
1.42896
1.42894
1.42895
1.42896
1.48844
1.48845
1.48845
1.48844
1.48844
1.48844
1.48843
1.48844
1.48844
1.48845
1.48845
1.48844
1.48845
1.48845
1.48845
1.48845
1.48845
1.48846
1.48846
1.48847
1.48847
1.48847
1.48847
1.48847
1.48846
1.48846
1.48846
1.48847
1.48847
1.48847
1.48847
1.48847
1.48847
1.48847
1.48846
1.48847
1.48847
1.48847
1.48847
1.48847
1.48846
1.48845
1.48845
1.48846
1.48846
1.48846
1.48845
1.48846
1.48845
1.48845
1.48845
1.48844
1.48845
1.48845
1.48845
1.48846
1.48846
1.48846
1.48845
1.48846
1.48847
1.48847
1.48847
1.48847
1.48846
1.48847
1.48847
1.48847
1.48847
1.48847
1.48847
1.48847
1.48847
1.48847
1.48847
1.48847
1.48846
1.48847
1.48847
1.48847
1.48846
1.48846
1.48846
1.48845
1.48846
1.48846
1.48845
1.48845
1.48844
1.48844
1.48844
1.48844
1.48844
1.48844
1.48843
1.48844
1.48844
1.48845
1.48844
1.48844
1.48843
1.48843
1.48843
1.48842
1.48842
1.48842
1.48842
1.48843
1.48843
1.48843
1.48843
1.48842
1.48844
1.48844
1.48844
1.48843
1.48843
1.48844
1.48845
1.48845
1.48846
1.48846
1.48846
1.48846
1.48846
1.48847
1.48848
1.48847
1.48847
1.48846
1.48845
1.48846
1.48846
1.48846
1.48846
1.48847
1.48847
1.48846
1.48846
1.48846
1.48846
1.48845
1.48845
1.48845
1.48844
1.48844
1.48844
1.48844
1.48844
1.48845
1.48846
1.48846
1.48846
1.48846
1.48846
1.48845
1.48845
1.48845
1.48845
1.48845
1.48845
1.48845
1.48845
1.48844
1.48844
1.48844
1.48844
1.48844
1.48844
1.48844
1.48845
1.48845
1.48846
1.48847
1.48847
1.48847
1.48846
1.48845
1.48846
1.48846
1.48846
1.48846
1.48846
1.48847
1.48847
1.48847
1.48847
1.48847
1.48846
1.48846
1.48845
1.48846
1.48846
1.48846
1.48846
1.48846
1.48846
1.48846
1.48845
1.48845
1.48846
1.48846
1.48846
1.48845
1.48844
1.48843
1.48843
1.48844
1.48844
1.48844
1.48843
1.48842
1.48843
1.48843
1.48843
1.48843
1.48843
1.48842
1.48841
1.4884
1.4884
1.48839
1.48839
1.48839
1.48839
1.48838
1.48838
1.48838
1.48838
1.48838
1.48838
1.48838
1.48837
1.48838
1.48838
1.48837
1.48838
1.48838
1.48838
1.48838
1.48838
1.48836
1.48837
1.48837
1.48837
1.48838
1.48838
1.48838
1.48838
1.48837
1.48837
1.48836
1.48836
1.48836
1.48836
1.48836
1.48838
1.48838
1.48839
1.48839
1.48839
1.48839
1.48838
1.48838
1.48838
1.48838
1.48838
1.48836
1.48836
1.48835
1.48835
1.48835
1.48835
1.48835
1.48834
1.48835
1.48835
1.48835
1.48834
1.48834
1.48834
1.48833
1.48833
1.48833
1.48833
1.48833
1.48833
1.48833
1.48833
1.48832
1.48833
1.48833
1.48833
1.48833
1.48833
1.48832
1.48832
1.48831
1.48831
1.48831
1.48831
1.48831
1.48832
1.48832
1.48831
1.48831
1.48831
1.4883
1.48829
1.48829
1.48828
1.48827
1.48828
1.48827
1.48827
1.48828
1.48827
1.48827
1.48827
1.48826
1.48826
1.48826
1.48825
1.48825
1.48826
1.48826
1.48827
1.48827
1.48826
1.48826
1.48827
1.48828
1.48827
1.48827
1.48827
1.48828
1.48828
1.48828
1.48829
1.48828
1.48829
1.48828
1.48829
1.48829
1.48829
1.48829
1.48828
1.48827
1.48826
1.48826
1.48826
1.48825
1.48825
1.48824
1.48824
1.48825
1.48824
1.48824
1.48825
1.48825
1.48824
1.48824
1.48825
1.48826
1.48826
1.48825
1.48825
1.48825
1.48825
1.48825
1.48825
1.48824
1.48823
1.48824
1.48824
1.48824
1.48824
1.48824
1.48824
1.48823
1.48824
1.48823
1.48824
1.48824
1.48824
1.48824
1.48825
1.48826
1.48826
1.48826
1.48827
1.48827
1.48827
1.48827
1.48826
1.48827
1.48827
1.48827
1.48827
1.48828
1.48828
1.48828
1.48828
1.48828
1.48827
1.48827
1.48827
1.48827
1.48826
1.48826
1.48825
1.48825
1.48824
1.48824
1.48825
1.48826
1.48824
1.48824
1.48824
1.48824
1.48826
1.48826
1.48826
1.48827
1.48827
1.48827
1.48826
1.48826
1.48827
1.48826
1.48827
1.48826
1.48827
1.48827
1.48827
1.48826
1.48827
1.48827
1.48828
1.48827
1.48827
1.48828
1.48829
1.48829
1.48828
1.48828
1.48827
1.48828
1.48828
1.48828
1.48828
1.48827
1.48828
1.48827
1.48828
1.48827
1.48826
1.48826
1.48826
1.48826
1.48825
1.48826
1.48826
1.48826
1.48826
1.48826
1.48826
1.48826
1.48826
1.48826
1.48827
1.48827
1.48826
1.48827
1.48827
1.48827
1.48827
1.48826
1.48825
1.48825
1.48825
1.48825
1.48826
1.48826
1.48826
1.48825
1.48826
1.48826
1.48827
1.48827
1.48827
1.48827
1.48828
1.48827
1.48826
1.48827
1.48827
1.48827
1.48827
1.48827
1.48827
1.48827
1.48828
1.48828
1.48827
1.48828
1.48828
1.48828
1.48829
1.48828
1.48827
1.48827
1.48827
1.48828
1.48827
1.48827
1.48827
1.48829
1.48829
1.4883
1.4883
1.4883
1.48831
1.48831
1.48831
1.48831
1.48831
1.48832
1.48831
1.48831
1.4883
1.48831
1.48831
1.48831
1.48831
1.48831
1.48832
1.48831
1.48831
1.48831
1.48831
1.48831
1.48832
1.48832
1.48832
1.48832
1.48832
1.48831
1.48832
1.48831
1.48832
1.48831
1.48831
1.4883
1.48831
1.48831
1.4883
1.48829
1.4883
1.48831
1.48832
1.4883
1.4883
1.48831
1.48832
1.48832
1.48833
1.48831
1.48831
1.48831
1.4883
1.4883
1.48829
1.48829
1.48829
1.48829
1.4883
1.4883
1.4883
1.48831
1.48832
1.48831
1.4883
1.48831
1.4883
1.4883
1.4883
1.48831
1.48831
1.48831
1.48832
1.48832
1.48832
1.48833
1.48833
1.48833
1.48833
1.48832
1.48832
1.48832
1.48832
1.48832
1.48832
1.48831
1.48831
1.4883
1.4883
1.4883
1.48831
1.48831
1.4883
1.48831
1.4883
1.4883
1.48831
1.4883
1.4883
1.48829
1.48829
1.48829
1.48831
1.48831
1.4883
1.48829
1.4883
1.4883
1.48829
1.48829
1.48828
1.48829
1.4883
1.4883
1.48829
1.48829
1.48828
1.48829
1.4883
1.4883
1.4883
1.4883
1.48831
1.4883
1.4883
1.48829
1.48829
1.48829
1.48829
1.48829
1.4883
1.4883
1.48831
1.4883
1.4883
1.48829
1.48829
1.48829
1.48829
1.48829
1.48829
1.48828
1.48828
1.48829
1.48829
1.4883
1.4883
1.4883
1.48831
1.4883
1.4883
1.48831
1.4883
1.4883
1.48829
1.48828
1.48828
1.48829
1.4883
1.4883
1.48831
1.48831
1.48831
1.48831
1.48832
1.48832
1.48832
1.48832
1.48832
1.48831
1.48831
1.48831
1.48831
1.48831
1.4883
1.48831
1.48831
1.48832
1.48831
1.48831
1.48831
1.48831
1.48831
1.48831
1.48831
1.4883
1.48831
1.48831
1.48832
1.48832
1.48832
1.48832
1.48832
1.48831
1.4883
1.4883
1.4883
1.4883
1.48831
1.48831
1.48831
1.48831
1.4883
1.48831
1.48831
1.48831
1.48832
1.48831
1.48832
1.48832
1.48832
1.48832
1.48831
1.4883
1.4883
1.48831
1.48831
1.48831
1.48831
1.48832
1.48833
1.48832
1.48833
1.48833
1.48833
1.48833
1.48833
1.48832
1.48832
1.48832
1.48832
1.48833
1.48833
1.48833
1.48833
1.48833
1.48833
1.48834
1.48833
1.48833
1.48833
1.48832
1.48832
1.48832
1.48832
1.48833
1.48833
1.48833
1.48833
1.48834
1.48834
1.48834
1.48835
1.48836
1.48836
1.48837
1.48837
1.48837
1.48837
1.48837
1.48837
1.48838
1.48839
1.48838
1.48839
1.48839
1.48838
1.48838
1.48839
1.48838
1.48838
1.48838
1.48839
1.48838
1.48837
1.48838
1.48837
1.48837
1.48837
1.48838
1.48838
1.48838
1.48838
1.48838
1.48838
1.48838
1.48838
1.48839
1.48838
1.48838
1.48838
1.48838
1.48838
1.48839
1.48838
1.48838
1.48839
1.48839
1.48839
1.4884
1.4884
1.4884
1.48842
1.48841
1.48841
1.4884
1.4884
1.4884
1.4884
1.4884
1.48841
1.4884
1.4884
1.4884
1.4884
1.48839
1.48839
1.48839
1.4884
1.48839
1.48839
1.48839
1.48839
1.48838
1.48837
1.48837
1.48837
1.48836
1.48837
1.48837
1.48837
1.48836
1.48835
1.48836
1.48836
1.48837
1.48837
1.48835
1.48835
1.48835
1.48835
1.48835
1.48835
1.48835
1.48835
1.48835
1.48836
1.48837
1.48837
1.48838
1.48837
1.48837
1.48837
1.48837
1.48837
1.48837
1.48838
1.48836
1.48836
1.48836
1.48836
1.48836
1.48837
1.48837
1.48837
1.48837
1.48838
1.48838
1.48838
1.48837
1.48838
1.48838
1.48838
1.48837
1.48837
1.48836
1.48837
1.48837
1.48836
1.48837
1.48836
1.48837
1.48837
1.48837
1.48836
1.48836
1.48836
1.48836
1.48835
1.48836
1.48837
1.48837
1.48837
1.48837
1.48837
1.48837
1.48837
1.48837
1.48836
1.48836
1.48836
1.48836
1.48837
1.48836
1.48836
1.48836
1.48836
1.48835
1.48835
1.48835
1.48834
1.48834
1.48834
1.48835
1.48834
1.48834
1.48834
1.48834
1.48836
1.48837
1.48836
1.48836
1.48835
1.48835
1.48835
1.48835
1.48836
1.48836
1.48836
1.48835
1.48835
1.48836
1.48836
1.48835
1.48836
1.48836
1.48836
1.48836
1.48837
1.48837
1.48838
1.48837
1.48836
1.48836
1.48837
1.48836
1.48836
1.48836
1.48835
1.48835
1.48835
1.48835
1.48835
1.48836
1.48836
1.48836
1.48837
1.48836
1.48836
1.48837
1.48837
1.48837
1.48836
1.48837
1.48837
1.48836
1.48836
1.48836
1.48837
1.48836
1.48835
1.48836
1.48835
1.48835
1.48834
1.48834
1.48834
1.48834
1.48834
1.48835
1.48834
1.48834
1.43751
1.43752
1.43752
1.43751
1.43751
1.43752
1.43752
1.43752
1.43752
1.43753
1.43752
1.43753
1.43753
1.43754
1.43753
1.43753
1.43754
1.43753
1.43754
1.43754
1.43754
1.43753
1.43753
1.43754
1.43752
1.43753
1.43753
1.43753
1.43752
1.43751
1.43752
1.43752
1.43751
1.43751
1.4375
1.43749
1.43749
1.43749
1.43749
1.4375
1.43749
1.43749
1.43749
1.43749
1.4375
1.43749
1.43749
1.43749
1.43749
1.43749
1.43748
1.43747
1.43747
1.43746
1.43746
1.43746
1.43745
1.43746
1.43747
1.43746
1.43746
1.43746
1.43748
1.43748
1.43748
1.43749
1.43749
1.4375
1.4375
1.43749
1.43749
1.43749
1.43749
1.43749
1.43749
1.43749
1.43749
1.43749
1.43749
1.43749
1.43748
1.43749
1.43749
1.4375
1.43749
1.43748
1.43749
1.43749
1.43748
1.43749
1.43749
1.43749
1.43749
1.43749
1.43748
1.43749
1.43749
1.43749
1.43749
1.43749
1.43749
1.43748
1.43748
1.43748
1.43748
1.43749
1.43749
1.4375
1.4375
1.43749
1.43749
1.43749
1.43749
1.43749
1.4375
1.4375
1.43749
1.43749
1.4375
1.43751
1.43752
1.43751
1.43752
1.43752
1.43751
1.4375
1.4375
1.43751
1.43751
1.43751
1.43751
1.43752
1.43752
1.43752
1.43752
1.43752
1.43751
1.43751
1.43751
1.43751
1.43751
1.4375
1.4375
1.43751
1.4375
1.43749
1.4375
1.4375
1.4375
1.43749
1.43749
1.43748
1.43748
1.43748
1.43748
1.43749
1.43749
1.4375
1.4375
1.43749
1.43748
1.43748
1.43747
1.43747
1.43747
1.43747
1.43747
1.43747
1.43747
1.43747
1.43747
1.43746
1.43746
1.43747
1.43746
1.43746
1.43746
1.43746
1.43745
1.43745
1.43745
1.43746
1.43747
1.43746
1.43747
1.43747
1.43748
1.43748
1.43747
1.43747
1.43747
1.43748
1.43747
1.43748
1.43749
1.43749
1.43748
1.43748
1.43748
1.43748
1.43748
1.43748
1.43747
1.43748
1.43749
1.43749
1.43748
1.43748
1.43747
1.43748
1.43747
1.43746
1.43745
1.43745
1.43745
1.43744
1.43744
1.43744
1.43743
1.43744
1.43743
1.43742
1.43742
1.43742
1.43742
1.43742
1.43741
1.43742
1.43742
1.43742
1.43742
1.43743
1.43743
1.43742
1.43743
1.43742
1.43742
1.43742
1.43742
1.43741
1.43741
1.43741
1.43741
1.43741
1.4374
1.43739
1.43739
1.43739
1.4374
1.4374
1.4374
1.4374
1.43741
1.43742
1.43743
1.43743
1.43743
1.43743
1.43744
1.43744
1.43744
1.43743
1.43743
1.43742
1.43742
1.43742
1.43742
1.43742
1.43743
1.43742
1.43743
1.43743
1.43742
1.43742
1.43742
1.43742
1.43742
1.43742
1.43742
1.43741
1.43741
1.4374
1.4374
1.4374
1.4374
1.43741
1.43741
1.43741
1.43741
1.43742
1.43742
1.43741
1.43742
1.43742
1.43742
1.43743
1.43741
1.43741
1.4374
1.4374
1.43741
1.43741
1.43739
1.43739
1.43739
1.43739
1.43739
1.43738
1.43739
1.43739
1.43739
1.43738
1.43737
1.43737
1.43737
1.43736
1.43734
1.43734
1.43734
1.43735
1.43734
1.43734
1.43734
1.43733
1.43734
1.43732
1.43732
1.43732
1.43732
1.43731
1.43731
1.4373
1.4373
1.4373
1.43731
1.4373
1.43731
1.43731
1.43731
1.4373
1.4373
1.4373
1.4373
1.4373
1.4373
1.4373
1.4373
1.43731
1.4373
1.43731
1.4373
1.4373
1.4373
1.4373
1.43729
1.43729
1.43729
1.43729
1.43729
1.43728
1.4373
1.43729
1.43729
1.4373
1.4373
1.43729
1.4373
1.4373
1.43729
1.43728
1.43727
1.43728
1.43728
1.43728
1.43727
1.43727
1.43727
1.43726
1.43726
1.43726
1.43726
1.43725
1.43725
1.43725
1.43724
1.43724
1.43723
1.43724
1.43723
1.43723
1.43723
1.43723
1.43722
1.43723
1.43724
1.43724
1.43724
1.43724
1.43723
1.43724
1.43724
1.43724
1.43724
1.43725
1.43725
1.43727
1.43727
1.43727
1.43727
1.43727
1.43726
1.43726
1.43726
1.43725
1.43725
1.43724
1.43725
1.43725
1.43725
1.43725
1.43725
1.43724
1.43725
1.43725
1.43724
1.43723
1.43722
1.43722
1.43722
1.43722
1.43723
1.43722
1.43723
1.43724
1.43723
1.43723
1.43724
1.43723
1.43723
1.43722
1.43722
1.43722
1.43722
1.43722
1.43722
1.43721
1.43721
1.4372
1.43719
1.43719
1.43719
1.43719
1.43719
1.43718
1.43718
1.43718
1.43718
1.43718
1.43719
1.43719
1.43719
1.4372
1.43719
1.4372
1.4372
1.43721
1.4372
1.4372
1.4372
1.4372
1.4372
1.4372
1.4372
1.4372
1.43721
1.43721
1.43722
1.43721
1.4372
1.4372
1.4372
1.43719
1.43719
1.43719
1.43719
1.43718
1.43718
1.43719
1.43719
1.4372
1.4372
1.4372
1.43719
1.43719
1.43718
1.43717
1.43717
1.43717
1.43716
1.43716
1.43715
1.43715
1.43716
1.43716
1.43716
1.43717
1.43718
1.43717
1.43718
1.43718
1.43718
1.43717
1.43718
1.43717
1.43717
1.43717
1.43717
1.43716
1.43716
1.43716
1.43716
1.43718
1.43717
1.43716
1.43716
1.43716
1.43716
1.43717
1.43716
1.43716
1.43716
1.43715
1.43715
1.43715
1.43714
1.43714
1.43713
1.43714
1.43714
1.43714
1.43714
1.43714
1.43714
1.43714
1.43713
1.43712
1.43713
1.43713
1.43713
1.43714
1.43713
1.43714
1.43713
1.43713
1.43713
1.43713
1.43714
1.43714
1.43714
1.43714
1.43713
1.43713
1.43713
1.43713
1.43713
1.43714
1.43715
1.43715
1.43715
1.43715
1.43717
1.43717
1.43718
1.43718
1.43718
1.43718
1.43718
1.43718
1.4372
1.4372
1.43721
1.43721
1.43721
1.43722
1.43722
1.43722
1.43723
1.43723
1.43723
1.43723
1.43724
1.43723
1.43723
1.43722
1.43722
1.43723
1.43723
1.43723
1.43724
1.43724
1.43723
1.43722
1.43722
1.43722
1.43723
1.43723
1.43722
1.43721
1.43722
1.43722
1.43722
1.43723
1.43723
1.43722
1.43722
1.43722
1.4372
1.4372
1.43719
1.43719
1.43719
1.4372
1.4372
1.4372
1.4372
1.43719
1.43721
1.43721
1.4372
1.43721
1.43721
1.43721
1.43721
1.43721
1.43721
1.43722
1.43721
1.43721
1.43721
1.4372
1.4372
1.43719
1.43719
1.43719
1.43719
1.43719
1.4372
1.43721
1.43721
1.43721
1.43722
1.43721
1.4372
1.4372
1.4372
1.4372
1.4372
1.43722
1.43722
1.43722
1.43722
1.43722
1.43722
1.43722
1.43724
1.43723
1.43723
1.43723
1.43724
1.43724
1.43724
1.43724
1.43723
1.43724
1.43724
1.43724
1.43724
1.43725
1.43725
1.43725
1.43725
1.43725
1.43726
1.43725
1.43725
1.43725
1.43725
1.43725
1.43725
1.43725
1.43725
1.43726
1.43726
1.43727
1.43728
1.43727
1.43727
1.43726
1.43726
1.43726
1.43727
1.43728
1.43728
1.43728
1.43728
1.43729
1.4373
1.43729
1.43729
1.43729
1.43729
1.43729
1.43729
1.43728
1.4373
1.43731
1.43731
1.43732
1.43732
1.43731
1.43732
1.43731
1.43731
1.43731
1.4373
1.43731
1.4373
1.43729
1.43729
1.43729
1.4373
1.4373
1.43731
1.43731
1.43732
1.43732
1.43732
1.43733
1.43732
1.43732
1.43732
1.43732
1.43733
1.43731
1.43732
1.43732
1.43732
1.43732
1.43731
1.4373
1.43731
1.4373
1.4373
1.4373
1.4373
1.4373
1.43731
1.4373
1.4373
1.43729
1.43729
1.4373
1.4373
1.43731
1.43731
1.43731
1.43731
1.43731
1.43732
1.43732
1.43731
1.43731
1.43731
1.4373
1.43729
1.43728
1.43728
1.43729
1.43729
1.43728
1.43729
1.43729
1.43729
1.4373
1.4373
1.4373
1.4373
1.4373
1.43731
1.43731
1.43731
1.43731
1.43731
1.43731
1.43731
1.43732
1.43733
1.43733
1.43733
1.43734
1.43733
1.43733
1.43732
1.43732
1.43731
1.43731
1.43732
1.43731
1.43732
1.43731
1.43732
1.43732
1.43732
1.43732
1.43732
1.43733
1.43732
1.43731
1.4373
1.4373
1.43731
1.4373
1.4373
1.4373
1.43731
1.4373
1.4373
1.43729
1.43729
1.43729
1.43728
1.43728
1.43729
1.43728
1.43728
1.43727
1.43727
1.43727
1.43729
1.43728
1.43728
1.43727
1.43728
1.43727
1.43727
1.43726
1.43725
1.43725
1.43725
1.43725
1.43725
1.43724
1.43723
1.43723
1.43724
1.43723
1.43724
1.43724
1.43723
1.43723
1.43724
1.43723
1.43723
1.43722
1.43722
1.43722
1.43722
1.43723
1.43723
1.43723
1.43724
1.43723
1.43722
1.43723
1.43723
1.43722
1.43722
1.43722
1.43723
1.43723
1.43723
1.43723
1.43723
1.43724
1.43724
1.43724
1.43724
1.43725
1.43725
1.43725
1.43725
1.43725
1.43725
1.43725
1.43725
1.43726
1.43726
1.43725
1.43726
1.43726
1.43726
1.43728
1.43727
1.43727
1.43727
1.43728
1.43728
1.43728
1.43728
1.43727
1.43727
1.43728
1.43728
1.43728
1.43728
1.43728
1.43728
1.43728
1.43727
1.43726
1.43727
1.43727
1.43727
1.43727
1.43728
1.43726
1.43726
1.43726
1.43726
1.43726
1.43726
1.43727
1.43727
1.43726
1.43727
1.43727
1.43726
1.43727
1.43727
1.43726
1.43727
1.43728
1.43728
1.43728
1.43729
1.4373
1.4373
1.4373
1.4373
1.4373
1.4373
1.4373
1.4373
1.43729
1.4373
1.43731
1.43732
1.43732
1.43731
1.43731
1.43732
1.43731
1.43731
1.43731
1.43731
1.43731
1.43732
1.43732
1.43733
1.43733
1.43734
1.43734
1.43733
1.43734
1.43733
1.43733
1.43734
1.43734
1.43735
1.43736
1.43736
1.43736
1.43736
1.43736
1.43736
1.43735
1.43735
1.43734
1.43734
1.43735
1.43735
1.43735
1.43733
1.43734
1.43735
1.43735
1.43735
1.43735
1.43735
1.43735
1.38105
1.38105
1.38104
1.38104
1.38105
1.38105
1.38105
1.38105
1.38104
1.38104
1.38104
1.38104
1.38104
1.38104
1.38103
1.38103
1.38103
1.38103
1.38102
1.38103
1.38103
1.38102
1.38102
1.38103
1.38103
1.38104
1.38104
1.38104
1.38104
1.38104
1.38104
1.38105
1.38104
1.38104
1.38105
1.38105
1.38105
1.38105
1.38103
1.38103
1.38104
1.38104
1.38104
1.38104
1.38104
1.38104
1.38104
1.38105
1.38104
1.38104
1.38104
1.38104
1.38105
1.38105
1.38104
1.38104
1.38105
1.38105
1.38105
1.38105
1.38104
1.38105
1.38105
1.38106
1.38105
1.38105
1.38106
1.38106
1.38106
1.38107
1.38107
1.38108
1.38107
1.38107
1.38107
1.38108
1.38108
1.38109
1.38109
1.38109
1.38108
1.38108
1.38108
1.3811
1.38111
1.38111
1.38111
1.38111
1.38111
1.38111
1.38112
1.38112
1.38111
1.38111
1.38111
1.3811
1.38111
1.38111
1.3811
1.3811
1.3811
1.38109
1.3811
1.38108
1.38109
1.38109
1.38109
1.38109
1.3811
1.38109
1.38109
1.3811
1.3811
1.38111
1.3811
1.38111
1.38112
1.38112
1.38112
1.38112
1.38112
1.38112
1.38114
1.38113
1.38113
1.38114
1.38113
1.38112
1.38112
1.38111
1.38111
1.38111
1.3811
1.38111
1.38111
1.3811
1.3811
1.38109
1.3811
1.3811
1.3811
1.38109
1.38109
1.38109
1.38109
1.38109
1.38109
1.3811
1.3811
1.3811
1.3811
1.38109
1.38109
1.38109
1.3811
1.3811
1.38111
1.3811
1.38111
1.38111
1.38112
1.38112
1.38111
1.38112
1.38113
1.38114
1.38114
1.38114
1.38113
1.38114
1.38114
1.38114
1.38114
1.38114
1.38114
1.38114
1.38115
1.38115
1.38115
1.38114
1.38114
1.38114
1.38115
1.38115
1.38116
1.38116
1.38116
1.38117
1.38116
1.38116
1.38115
1.38116
1.38116
1.38117
1.38117
1.38117
1.38117
1.38116
1.38116
1.38116
1.38116
1.38117
1.38117
1.38117
1.38117
1.38116
1.38116
1.38116
1.38116
1.38116
1.38115
1.38116
1.38116
1.38115
1.38114
1.38114
1.38115
1.38115
1.38115
1.38115
1.38115
1.38116
1.38116
1.38116
1.38116
1.38117
1.38117
1.38117
1.38116
1.38116
1.38118
1.38118
1.38119
1.38119
1.38119
1.38118
1.38118
1.38118
1.38118
1.38117
1.38116
1.38118
1.38118
1.38118
1.38117
1.38117
1.38117
1.38117
1.38117
1.38117
1.38117
1.38117
1.38117
1.38117
1.38117
1.38116
1.38116
1.38116
1.38116
1.38116
1.38116
1.38116
1.38116
1.38116
1.38116
1.38116
1.38116
1.38117
1.38117
1.38117
1.38117
1.38115
1.38115
1.38116
1.38116
1.38117
1.38116
1.38115
1.38115
1.38115
1.38116
1.38116
1.38116
1.38115
1.38116
1.38115
1.38115
1.38115
1.38115
1.38115
1.38115
1.38115
1.38116
1.38117
1.38118
1.38117
1.38117
1.38116
1.38117
1.38116
1.38116
1.38117
1.38117
1.38116
1.38116
1.38116
1.38115
1.38116
1.38116
1.38116
1.38116
1.38116
1.38117
1.38117
1.38116
1.38115
1.38115
1.38116
1.38117
1.38116
1.38116
1.38117
1.38117
1.38116
1.38115
1.38115
1.38115
1.38116
1.38115
1.38115
1.38115
1.38115
1.38117
1.38117
1.38117
1.38117
1.38116
1.38116
1.38115
1.38115
1.38115
1.38116
1.38116
1.38116
1.38116
1.38116
1.38115
1.38116
1.38117
1.38116
1.38117
1.38117
1.38117
1.38117
1.38116
1.38116
1.38116
1.38116
1.38115
1.38116
1.38116
1.38116
1.38116
1.38116
1.38118
1.38118
1.38118
1.38117
1.38117
1.38116
1.38116
1.38116
1.38116
1.38115
1.38115
1.38115
1.38114
1.38113
1.38113
1.38114
1.38113
1.38114
1.38113
1.38112
1.38113
1.38112
1.38113
1.38113
1.38113
1.38113
1.38113
1.38113
1.38114
1.38114
1.38114
1.38114
1.38114
1.38114
1.38114
1.38114
1.38114
1.38114
1.38114
1.38114
1.38115
1.38117
1.38116
1.38116
1.38116
1.38116
1.38117
1.38116
1.38116
1.38115
1.38114
1.38115
1.38115
1.38115
1.38114
1.38115
1.38114
1.38114
1.38115
1.38116
1.38116
1.38116
1.38116
1.38116
1.38117
1.38116
1.38117
1.38117
1.38117
1.38117
1.38117
1.38117
1.38117
1.38117
1.38117
1.38117
1.38117
1.38117
1.38117
1.38118
1.38118
1.38118
1.38118
1.38118
1.38118
1.38117
1.38117
1.38117
1.38117
1.38118
1.38119
1.38119
1.38119
1.38119
1.38118
1.3812
1.3812
1.3812
1.3812
1.3812
1.3812
1.3812
1.3812
1.3812
1.38121
1.38122
1.38122
1.38121
1.3812
1.3812
1.38119
1.3812
1.3812
1.38121
1.3812
1.3812
1.3812
1.3812
1.3812
1.38119
1.38118
1.38118
1.38119
1.3812
1.3812
1.38121
1.38121
1.38121
1.38121
1.38123
1.38123
1.38123
1.38123
1.38122
1.38122
1.38122
1.38122
1.38122
1.38122
1.38122
1.38122
1.38122
1.38121
1.38121
1.38121
1.38121
1.38121
1.38122
1.38121
1.38121
1.3812
1.38121
1.38122
1.38122
1.38122
1.38122
1.38122
1.38122
1.38122
1.38121
1.38121
1.38122
1.38122
1.38124
1.38124
1.38123
1.38122
1.3812
1.38121
1.38121
1.3812
1.38121
1.38121
1.3812
1.3812
1.3812
1.3812
1.3812
1.3812
1.3812
1.38121
1.38122
1.38122
1.38123
1.38122
1.38123
1.38124
1.38123
1.38124
1.38124
1.38124
1.38123
1.38123
1.38124
1.38124
1.38123
1.38122
1.38123
1.38122
1.38123
1.38123
1.38124
1.38125
1.38125
1.38124
1.38125
1.38126
1.38126
1.38125
1.38125
1.38123
1.38123
1.38123
1.38123
1.38123
1.38123
1.38123
1.38124
1.38124
1.38124
1.38124
1.38123
1.38124
1.38124
1.38124
1.38123
1.38124
1.38123
1.38123
1.38122
1.38122
1.3812
1.3812
1.38119
1.3812
1.3812
1.38119
1.38119
1.38119
1.38119
1.3812
1.38121
1.38121
1.38121
1.38121
1.3812
1.38119
1.3812
1.3812
1.3812
1.38119
1.3812
1.38119
1.38119
1.38119
1.38119
1.38118
1.38118
1.38118
1.38118
1.38117
1.38117
1.38117
1.38116
1.38117
1.38117
1.38116
1.38116
1.38116
1.38115
1.38115
1.38115
1.38115
1.38116
1.38115
1.38115
1.38114
1.38115
1.38115
1.38116
1.38116
1.38115
1.38115
1.38115
1.38115
1.38116
1.38116
1.38116
1.38116
1.38116
1.38117
1.38115
1.38115
1.38115
1.38115
1.38114
1.38114
1.38114
1.38114
1.38115
1.38114
1.38114
1.38114
1.38115
1.38114
1.38115
1.38115
1.38115
1.38116
1.38115
1.38116
1.38116
1.38116
1.38115
1.38115
1.38115
1.38115
1.38114
1.38114
1.38114
1.38114
1.38113
1.38113
1.38113
1.38113
1.38113
1.38114
1.38113
1.38113
1.38113
1.38112
1.38112
1.38113
1.38113
1.38113
1.38114
1.38113
1.38114
1.38115
1.38115
1.38115
1.38115
1.38114
1.38114
1.38114
1.38114
1.38114
1.38113
1.38114
1.38114
1.38114
1.38114
1.38115
1.38115
1.38115
1.38115
1.38115
1.38115
1.38115
1.38115
1.38115
1.38116
1.38116
1.38116
1.38115
1.38115
1.38114
1.38115
1.38114
1.38114
1.38114
1.38113
1.38113
1.38112
1.38112
1.38111
1.38112
1.38112
1.38112
1.38112
1.38112
1.38111
1.38111
1.38112
1.38112
1.38111
1.3811
1.38111
1.38112
1.38112
1.38112
1.38113
1.38112
1.38112
1.38112
1.38112
1.38112
1.3811
1.3811
1.38109
1.38109
1.38109
1.38109
1.38109
1.38108
1.38108
1.38108
1.38107
1.38106
1.38107
1.38107
1.38107
1.38106
1.38106
1.38106
1.38107
1.38106
1.38106
1.38106
1.38105
1.38105
1.38106
1.38107
1.38108
1.38107
1.38107
1.38106
1.38106
1.38106
1.38106
1.38105
1.38105
1.38104
1.38105
1.38105
1.38105
1.38105
1.38105
1.38105
1.38105
1.38104
1.38104
1.38104
1.38104
1.38104
1.38104
1.38105
1.38105
1.38105
1.38105
1.38105
1.38106
1.38105
1.38107
1.38107
1.38106
1.38105
1.38105
1.38105
1.38104
1.38106
1.38106
1.38106
1.38105
1.38105
1.38105
1.38105
1.38105
1.38105
1.38105
1.38105
1.38105
1.38104
1.38104
1.38104
1.38104
1.38103
1.38103
1.38103
1.38104
1.38106
1.38105
1.38106
1.38106
1.38105
1.38104
1.38105
1.38104
1.38104
1.38103
1.38103
1.38103
1.38103
1.38101
1.38102
1.38102
1.38103
1.38104
1.38103
1.38104
1.38104
1.38104
1.38104
1.38104
1.38104
1.38104
1.38104
1.38103
1.38104
1.38103
1.38103
1.38103
1.38103
1.38103
1.38102
1.38102
1.38102
1.38102
1.38102
1.38103
1.38103
1.38102
1.38102
1.38102
1.38103
1.38103
1.38103
1.38104
1.38104
1.38104
1.38104
1.38103
1.38102
1.38103
1.38103
1.38103
1.38103
1.38103
1.38104
1.38104
1.38103
1.38104
1.38105
1.38106
1.38105
1.38105
1.38106
1.38105
1.38106
1.38106
1.38106
1.38105
1.38106
1.38106
1.38107
1.38108
1.38109
1.38109
1.38109
1.38109
1.38109
1.38109
1.38108
1.38108
1.38109
1.38108
1.38109
1.38108
1.38108
1.38108
1.38108
1.38108
1.38108
1.38108
1.38108
1.38108
1.38108
1.38107
1.38108
1.38108
1.38108
1.38108
1.38109
1.38109
1.3811
1.3811
1.38111
1.38111
1.38111
1.38111
1.38111
1.38111
1.3811
1.3811
1.38111
1.38111
1.3811
1.3811
1.3811
1.38109
1.38109
1.38109
1.38109
1.38108
1.38109
1.38108
1.38108
1.38108
1.38107
1.38108
1.38108
1.38108
1.38108
1.38108
1.38109
1.38109
1.38108
1.38108
1.38108
1.38108
1.38109
1.38108
1.38109
1.3811
1.38109
1.38109
1.38109
1.3811
1.3811
1.3811
1.3811
1.3811
1.3811
1.3811
1.38111
1.38111
