1.8
1.80001
1.80003
1.80005
1.80007
1.8001
1.80014
1.80019
1.80024
1.80029
1.80036
1.80043
1.8005
1.80058
1.80067
1.80077
1.80087
1.80098
1.8011
1.80123
1.80136
1.8015
1.80165
1.80181
1.80197
1.80215
1.80233
1.80252
1.80272
1.80293
1.80315
1.80338
1.80363
1.80388
1.80414
1.80441
1.8047
1.80499
1.8053
1.80562
1.80596
1.80631
1.80667
1.80705
1.80744
1.80785
1.80828
1.80872
1.80918
1.80966
1.81016
1.81068
1.81123
1.81179
1.81238
1.813
1.81364
1.81431
1.815
1.81573
1.81649
1.81729
1.81812
1.81899
1.8199
1.82085
1.82185
1.8229
1.824
1.82515
1.82636
1.82763
1.82896
1.83036
1.83183
1.83338
1.835
1.8367
1.83849
1.84036
1.84231
1.84434
1.84645
1.84862
1.85083
1.85305
1.85525
1.85736
1.85931
1.86099
1.86228
1.86302
1.86307
1.8623
1.86072
1.8585
1.85614
1.8544
1.85423
1.85643
1.86129
1.86847
1.87714
1.8863
1.89508
1.90289
1.90941
1.91446
1.91794
1.91976
1.91982
1.91808
1.91461
1.90974
1.90409
1.89856
1.89411
1.89151
1.89113
1.89305
1.89721
1.90356
1.91195
1.92195
1.93279
1.94353
1.95324
1.96133
1.96753
1.97197
1.97502
1.97714
1.9787
1.97988
1.9806
1.98068
1.97994
1.97837
1.97621
1.97393
1.97202
1.97088
1.97067
1.97126
1.97238
1.97377
1.97525
1.97687
1.97883
1.98145
1.98501
1.98975
1.99574
2.00294
2.01116
2.02012
2.02947
2.03883
2.04782
2.05612
2.06342
2.06951
2.07426
2.0776
2.07954
2.08014
2.0795
2.07774
2.07494
2.07115
2.06629
2.06017
2.05257
2.04332
2.03247
2.02035
2.00746
1.99452
1.98269
1.97411
1.97177
1.97778
1.9915
2.00947
2.02765
2.04333
2.05558
2.06461
2.07114
2.07592
2.07956
2.08245
2.08485
2.08691
2.08872
2.09035
2.09188
2.09334
2.09475
2.09606
2.09714
2.0978
2.09783
2.097
2.09512
2.09216
2.08824
2.08373
2.0792
2.07529
2.07256
2.07131
2.07158
2.07317
2.07571
2.07882
2.08209
2.08517
2.08781
2.08989
2.09142
2.09255
2.09346
2.09433
2.09524
2.09617
2.09699
2.0975
2.09746
2.09665
2.09489
2.09206
2.08816
2.08332
2.07788
2.07233
2.06722
2.06299
2.05983
2.05764
2.05618
2.05528
2.05491
2.05515
2.05605
2.05745
2.05899
2.06021
2.06064
2.05999
2.05812
2.05503
2.05082
2.04563
2.03978
2.03388
2.02903
2.02674
2.02849
2.035
2.04568
2.0589
2.07267
2.08543
2.09633
2.10512
2.11193
2.11704
2.12077
2.12338
2.12508
2.126
2.12619
2.12565
2.12436
2.12222
2.11915
2.11503
2.10978
2.10331
2.09563
2.08679
2.07696
2.0664
2.05548
2.0447
2.03469
2.02623
2.0202
2.0174
2.01827
2.02263
2.02969
2.03825
2.04701
2.05481
2.06078
2.06426
2.0649
2.06271
2.05827
2.05293
2.04868
2.04754
2.05055
2.05726
2.06604
2.07501
2.08285
2.08894
2.09325
2.09603
2.09763
2.09839
2.09858
2.09838
2.0979
2.0972
2.09626
2.09501
2.09336
2.09114
2.0882
2.08436
2.07946
2.07345
2.06638
2.05855
2.05046
2.0428
2.03632
2.03161
2.02899
2.02849
2.02994
2.03315
2.03787
2.0438
2.05059
2.05779
2.06492
2.07158
2.07747
2.08243
2.0864
2.08939
2.09147
2.0927
2.09316
2.09293
2.09206
2.0906
2.08861
2.08616
2.0833
2.08007
2.07649
2.07253
2.0681
2.06314
2.05772
2.05218
2.04724
2.0439
2.04299
2.04475
2.04858
2.05324
2.05747
2.06042
2.06192
2.06238
2.06253
2.06305
2.06428
2.06609
2.06804
2.06959
2.07038
2.07035
2.06976
2.06908
2.06885
2.06952
2.07134
2.07429
2.07809
2.08228
2.08636
2.08982
2.0923
2.09355
2.09343
2.09197
2.08928
2.08557
2.08109
2.07617
2.07115
2.06646
2.06263
2.06028
2.06
2.06218
2.06679
2.07339
2.08122
2.08946
2.09742
2.10461
2.1108
2.11592
2.12001
2.12318
2.12557
2.12729
2.12848
2.12923
2.1296
2.12965
2.12939
2.12884
2.12797
2.12677
2.12521
2.12329
2.12105
2.11857
2.11597
2.11341
2.11107
2.1091
2.10758
2.10651
2.10577
2.10518
2.1045
2.10354
2.10214
2.10025
2.0979
2.0952
2.09228
2.08932
2.08646
2.08382
2.08151
2.07965
2.07831
2.07757
2.07742
2.07783
2.07868
2.07985
2.08127
2.0829
2.08481
2.08706
2.08967
2.09252
2.09535
2.09781
2.09955
2.10029
2.09992
2.09849
2.09617
2.09325
2.09004
2.08686
2.08403
2.08183
2.08051
2.08027
2.08117
2.08321
2.08624
2.09005
2.09438
2.09894
2.10347
2.10775
2.1116
2.11494
2.11771
2.11988
2.12144
2.12239
2.12269
2.1223
2.12115
2.11917
2.11631
2.11258
2.10815
2.10339
2.09887
2.09532
2.09343
2.09362
2.09583
2.0996
2.10424
2.10904
2.11346
2.11718
2.12001
2.12187
2.12271
2.12244
2.1209
2.11788
2.11312
2.10641
2.09769
2.08728
2.07604
2.06546
2.05743
2.0536
2.05471
2.06017
2.06827
2.07691
2.0844
2.08992
2.09357
2.09596
2.09784
2.09974
2.10189
2.10426
2.10677
2.10932
2.11186
2.11432
2.11665
2.11877
2.12063
2.12222
2.1235
2.12445
2.12502
2.1251
2.12456
2.12329
2.12118
2.11816
2.11427
2.10971
2.10487
2.10038
2.09704
2.0956
2.09652
2.09974
2.10473
2.11073
2.11702
2.12306
2.12854
2.13328
2.13716
2.14011
2.14203
2.14287
2.14261
2.14138
2.13939
2.13699
2.13457
2.13249
2.13097
2.13002
2.12953
2.12938
2.12959
2.13037
2.13208
2.13502
2.13925
2.14456
2.15047
2.15644
2.16199
2.16679
2.17065
2.17349
2.17533
2.17619
2.17619
2.17544
2.17416
2.17262
2.17116
2.17011
2.16977
2.17026
2.17158
2.17355
2.17592
2.17837
2.18057
2.18217
2.18281
2.18221
2.18022
2.17703
2.17324
2.1699
2.16822
2.1692
2.17318
2.17969
2.18766
2.19584
2.20316
2.20891
2.21267
2.21425
2.21349
2.21023
2.20428
2.19552
2.18412
2.17079
2.15691
2.14429
2.13456
2.12856
2.12631
2.12756
2.13225
2.14048
2.15203
2.166
2.18101
2.1955
2.20817
2.21821
2.22532
2.22964
2.23171
2.23233
2.23236
2.23256
2.23338
2.23489
2.23683
2.23871
2.24002
2.24029
2.23919
2.23645
2.23191
2.22543
2.21696
2.2065
2.19421
2.18047
2.16602
2.15201
2.1399
2.13106
2.12632
2.12581
2.12927
2.13633
2.14631
2.15793
2.1695
2.17943
2.18665
2.19078
2.19191
2.19047
2.18705
2.18235
2.17712
2.17213
2.16804
2.16528
2.16401
2.16401
2.16479
2.16561
2.16572
2.16452
2.16179
2.15789
2.15376
2.15075
2.15009
2.15233
2.15709
2.1633
2.16972
2.17542
2.17989
2.18298
2.18474
2.18534
2.18493
2.18366
2.18165
2.17899
2.17579
2.17223
2.16848
2.16482
2.16151
2.15883
2.15699
2.15609
2.15615
2.15703
2.15853
2.16039
2.16234
2.16414
2.16563
2.16672
2.1674
2.16769
2.16762
2.16723
2.16653
2.1655
2.16415
2.16249
2.16059
2.15856
2.15654
2.15468
2.15306
2.15169
2.15047
2.14922
2.14774
2.14584
2.14341
2.14036
2.13661
2.13204
2.12649
2.11991
2.1125
2.10495
2.09847
2.0946
2.09462
2.09897
2.10701
2.11727
2.12805
2.13796
2.14615
2.15229
2.15641
2.1587
2.15944
2.15887
2.15719
2.15453
2.15098
2.14662
2.1415
2.13574
2.12951
2.12303
2.11658
2.11041
2.10467
2.09937
2.09441
2.08966
2.08507
2.08076
2.07702
2.07426
2.07283
2.07288
2.07426
2.07656
2.07917
2.0816
2.08359
2.08525
2.08698
2.08925
2.09241
2.09646
2.10108
2.10576
2.10999
2.11342
2.11594
2.11764
2.11872
2.11947
2.12016
2.121
2.12215
2.12366
2.1255
2.1276
2.12981
2.13204
2.13414
2.13603
2.13763
2.13887
2.13972
2.14014
2.14016
2.13979
2.1391
2.13817
2.13713
2.13602
2.13489
2.13363
2.1321
2.13014
2.12768
2.12484
2.12191
2.11918
2.11673
2.11429
2.11138
2.10768
2.10337
2.09909
2.09566
2.0935
2.09232
2.09124
2.08936
2.0865
2.08345
2.08163
2.08221
2.08544
2.09071
2.09712
2.10401
2.11107
2.11818
2.12519
2.13185
2.13787
2.14301
2.14713
2.15021
2.15235
2.15371
2.15447
2.15481
2.15486
2.15476
2.15457
2.15436
2.15413
2.1539
2.15366
2.1534
2.1531
2.15274
2.15231
2.15178
2.15113
2.15032
2.14934
2.14813
2.14663
2.14478
2.14247
2.13963
2.13616
2.13199
2.12711
2.12157
2.11549
2.10906
2.10252
2.09624
2.09079
2.08705
2.08598
2.08823
2.09365
2.10118
2.1093
2.11661
2.1222
2.12575
2.12732
2.12723
2.12594
2.12393
2.12172
2.11975
2.11841
2.1179
2.11827
2.11936
2.12092
2.12263
2.12416
2.12528
2.12579
2.12559
2.1246
2.12284
2.12035
2.11726
2.11378
2.11021
2.1069
2.10424
2.10253
2.10193
2.10241
2.10378
2.10571
2.10789
2.11004
2.11196
2.11353
2.11473
2.11554
2.11602
2.11622
2.11622
2.11609
2.11591
2.11575
2.11568
2.11571
2.11584
2.11602
2.11619
2.11625
2.1161
2.11564
2.11474
2.11326
2.11103
2.10784
2.10344
2.09765
2.09044
2.08221
2.07402
2.06752
2.06455
2.06621
2.07225
2.08116
2.09105
2.10036
2.10828
2.11453
2.11925
2.12268
2.1251
2.12675
2.12783
2.12847
2.12877
2.1288
2.12862
2.12824
2.12767
2.12692
2.126
2.12488
2.12357
2.12207
2.12037
2.11848
2.11642
2.11422
2.11194
2.10967
2.10751
2.10562
2.10416
2.10331
2.10322
2.10398
2.1056
2.10797
2.11091
2.11416
2.11746
2.12055
2.12321
2.12525
1.80109
1.80161
1.80146
1.8007
1.79943
1.79785
1.79622
1.79488
1.79417
1.79441
1.79584
1.79853
1.80236
1.80711
1.81242
1.81794
1.82332
1.82826
1.83251
1.83585
1.8381
1.83913
1.83887
1.83731
1.83457
1.83084
1.82644
1.82174
1.81707
1.81274
1.80897
1.80599
1.80412
1.80382
1.80559
1.80969
1.81591
1.82351
1.83143
1.83861
1.84429
1.84806
1.84987
1.84984
1.84825
1.84543
1.84171
1.83735
1.83258
1.82754
1.8223
1.81694
1.81157
1.80637
1.80164
1.79772
1.7949
1.79339
1.79313
1.79388
1.79511
1.79616
1.7962
1.79437
1.78982
1.78201
1.77117
1.75904
1.74914
1.74554
1.75031
1.76188
1.77625
1.78969
1.80015
1.80721
1.81129
1.81307
1.8132
1.81216
1.81032
1.80796
1.80536
1.8028
1.80057
1.79892
1.79806
1.79799
1.79859
1.79959
1.80065
1.80143
1.80166
1.80115
1.79979
1.79756
1.79453
1.79083
1.78663
1.78219
1.77781
1.77381
1.77056
1.76839
1.76756
1.76817
1.7701
1.77308
1.77669
1.78052
1.78422
1.78754
1.79039
1.79273
1.79461
1.79611
1.79732
1.7983
1.79915
1.7999
1.8006
1.80125
1.80185
1.80236
1.80273
1.80289
1.80275
1.80219
1.80111
1.7994
1.79702
1.79397
1.79035
1.78634
1.78214
1.77789
1.77355
1.76885
1.76333
1.75657
1.74838
1.73896
1.72893
1.71906
1.71
1.70221
1.69617
1.69266
1.69271
1.69703
1.70546
1.71686
1.72959
1.74221
1.75377
1.76386
1.77242
1.77958
1.78553
1.79044
1.79445
1.79771
1.80028
1.80227
1.80373
1.80471
1.80528
1.80546
1.80529
1.8048
1.80401
1.80293
1.80156
1.79989
1.79789
1.79551
1.79268
1.78932
1.78529
1.78043
1.77456
1.76745
1.75888
1.74871
1.73704
1.72441
1.71205
1.70192
1.69616
1.69615
1.70174
1.7113
1.72263
1.73386
1.74389
1.75224
1.75889
1.764
1.7678
1.77051
1.77234
1.77347
1.77407
1.77427
1.77424
1.77408
1.77392
1.77382
1.77387
1.77408
1.77445
1.77498
1.77561
1.77628
1.77695
1.77755
1.77805
1.7784
1.77859
1.77859
1.7784
1.77802
1.77746
1.77671
1.77577
1.77463
1.77327
1.77168
1.76984
1.76774
1.76542
1.76295
1.76045
1.75807
1.75601
1.75446
1.75354
1.75329
1.75363
1.75441
1.7554
1.75638
1.75718
1.75774
1.75808
1.75834
1.75873
1.75948
1.76079
1.76279
1.76544
1.76861
1.77209
1.7756
1.77892
1.78186
1.78429
1.78615
1.78742
1.78813
1.78831
1.78801
1.78729
1.7862
1.78479
1.78308
1.78107
1.77876
1.77611
1.77313
1.76979
1.76616
1.76237
1.75865
1.75538
1.75302
1.75209
1.75297
1.75572
1.76002
1.76523
1.77056
1.77537
1.77931
1.78233
1.78467
1.78664
1.78857
1.79065
1.79288
1.79513
1.79709
1.79835
1.79846
1.79697
1.79355
1.78818
1.78126
1.77371
1.76687
1.76224
1.76108
1.76394
1.77047
1.77951
1.78958
1.79934
1.80789
1.81482
1.82008
1.82378
1.82608
1.82714
1.82701
1.8257
1.82316
1.81929
1.81406
1.80753
1.79999
1.79198
1.78432
1.77799
1.77386
1.77241
1.77357
1.77666
1.78066
1.78454
1.7876
1.78958
1.79069
1.79137
1.79215
1.79342
1.79539
1.79801
1.80105
1.80424
1.80731
1.81008
1.81248
1.8145
1.81619
1.81764
1.81891
1.82005
1.82106
1.82193
1.8226
1.82301
1.82308
1.82273
1.8219
1.82054
1.81863
1.81622
1.81339
1.81033
1.80728
1.80456
1.80248
1.80133
1.80131
1.80245
1.80467
1.80775
1.81139
1.81532
1.81926
1.82301
1.82645
1.82948
1.83207
1.8342
1.83586
1.83705
1.83777
1.83803
1.83783
1.83717
1.83608
1.83457
1.83264
1.83031
1.82754
1.82426
1.82046
1.81619
1.81174
1.8076
1.80446
1.80292
1.80322
1.80516
1.80813
1.81145
1.81459
1.81727
1.81949
1.82139
1.82313
1.82489
1.82673
1.82868
1.83068
1.8327
1.83472
1.83674
1.83879
1.84089
1.84303
1.84516
1.8472
1.84906
1.85063
1.85187
1.85277
1.85337
1.85373
1.85395
1.85414
1.8544
1.85481
1.85544
1.85631
1.85744
1.8588
1.86035
1.86205
1.86385
1.86569
1.86754
1.86936
1.87114
1.87283
1.87444
1.87595
1.87734
1.87858
1.87965
1.88051
1.88112
1.88141
1.88133
1.88084
1.87993
1.87863
1.87704
1.87534
1.87381
1.87273
1.87239
1.87294
1.87438
1.87655
1.87914
1.88182
1.88426
1.88625
1.88767
1.8885
1.88883
1.88876
1.88849
1.88817
1.88795
1.88796
1.88824
1.8888
1.88961
1.89057
1.89157
1.89249
1.89324
1.89374
1.89399
1.89405
1.89402
1.89408
1.89439
1.89506
1.89616
1.89765
1.89942
1.90128
1.90305
1.90455
1.90562
1.90614
1.90602
1.90518
1.90361
1.90127
1.89818
1.89438
1.88994
1.885
1.87973
1.87438
1.86923
1.86463
1.86087
1.85824
1.8569
1.85688
1.85805
1.86018
1.86293
1.86594
1.86888
1.87144
1.87344
1.87478
1.87545
1.87555
1.87525
1.87475
1.87426
1.87395
1.87389
1.87407
1.87439
1.87471
1.87485
1.87467
1.87405
1.87288
1.87112
1.86872
1.86567
1.86197
1.85765
1.85274
1.84733
1.84154
1.83556
1.82959
1.8239
1.81876
1.81441
1.81106
1.8088
1.80767
1.80758
1.80838
1.80988
1.81185
1.81411
1.81649
1.81886
1.82113
1.82324
1.82515
1.82683
1.82826
1.8294
1.83023
1.83071
1.8308
1.83048
1.82974
1.82858
1.82707
1.82528
1.82337
1.82153
1.81996
1.81887
1.81841
1.81863
1.8195
1.82087
1.82255
1.82435
1.82605
1.8275
1.82858
1.82921
1.82934
1.82893
1.82799
1.82652
1.82455
1.82215
1.81938
1.81636
1.81321
1.81007
1.8071
1.80446
1.8023
1.80074
1.79986
1.79965
1.80005
1.8009
1.80203
1.80325
1.8044
1.80538
1.80611
1.80659
1.80683
1.80686
1.80671
1.80645
1.80612
1.80575
1.80539
1.805
1.80455
1.80385
1.80266
1.80059
1.79714
1.7918
1.78418
1.77432
1.7631
1.75265
1.746
1.74583
1.7527
1.76456
1.77812
1.79057
1.80042
1.80735
1.81169
1.81403
1.81495
1.81498
1.81452
1.8139
1.81331
1.81291
1.81273
1.81276
1.81296
1.81324
1.81351
1.81369
1.81375
1.81366
1.81342
1.81307
1.81265
1.8122
1.81176
1.81133
1.81094
1.81056
1.81022
1.80996
1.80982
1.80991
1.81033
1.81122
1.81265
1.81468
1.81731
1.82049
1.82407
1.82792
1.83184
1.83563
1.8391
1.84207
1.84435
1.84581
1.8463
1.84574
1.84407
1.8413
1.83753
1.83295
1.82781
1.82247
1.81738
1.81307
1.81004
1.80865
1.80899
1.81075
1.81334
1.81601
1.8181
1.81909
1.8187
1.81693
1.81403
1.81045
1.80679
1.80367
1.80166
1.80115
1.80234
1.80518
1.8094
1.8145
1.81991
1.82499
1.82921
1.83222
1.83387
1.83422
1.83355
1.83226
1.83078
1.82951
1.82868
1.82836
1.82851
1.82899
1.82971
1.83062
1.8317
1.83297
1.83441
1.83596
1.83751
1.83891
1.83999
1.84059
1.84055
1.83974
1.83804
1.83538
1.83172
1.82709
1.82161
1.81554
1.80926
1.80327
1.79815
1.79445
1.79259
1.7928
1.79497
1.79875
1.8036
1.8089
1.81412
1.81883
1.8228
1.82596
1.82836
1.83016
1.83151
1.83257
1.83343
1.83411
1.83457
1.83471
1.83442
1.83358
1.83209
1.8299
1.827
1.82346
1.81938
1.81497
1.81046
1.80611
1.80218
1.79885
1.79627
1.79443
1.79329
1.79273
1.79258
1.79271
1.79296
1.79325
1.79351
1.79375
1.79405
1.79454
1.79534
1.79657
1.79823
1.80023
1.8024
1.80452
1.80637
1.80781
1.80875
1.80916
1.80909
1.8086
1.80778
1.80673
1.80558
1.80451
1.80371
1.8034
1.80381
1.8051
1.80736
1.81051
1.81436
1.81862
1.82298
1.82713
1.83085
1.834
1.83649
1.83829
1.83941
1.8399
1.8398
1.83916
1.83802
1.83643
1.83442
1.83201
1.82923
1.8261
1.82264
1.81891
1.81498
1.81097
1.80702
1.80331
1.79998
1.79717
1.79492
1.79321
1.79191
1.79086
1.78985
1.78871
1.78732
1.78567
1.78388
1.7822
1.78101
1.78075
1.78184
1.78458
1.78904
1.79501
1.80204
1.80951
1.81679
1.82328
1.82848
1.83194
1.83325
1.83195
1.82757
1.81976
1.80855
1.79501
1.78165
1.77215
1.76962
1.77449
1.78415
1.79484
1.80372
1.80949
1.81207
1.81192
1.80956
1.8054
1.79979
1.79318
1.78642
1.78079
1.77773
1.77807
1.78151
1.78663
1.79157
1.79476
1.79534
1.79321
1.78882
1.78312
1.77732
1.77272
1.77042
1.77101
1.77437
1.77972
1.78589
1.79163
1.79586
1.79777
1.79688
1.79299
1.78634
1.77774
1.76873
1.76149
1.75818
1.75991
1.76614
1.77506
1.78453
1.79301
1.79974
1.80462
1.80787
1.80986
1.81094
1.81141
1.81149
1.81132
1.81097
1.81049
1.80985
1.80902
1.80797
1.80662
1.80495
1.80292
1.80054
1.79786
1.795
1.79212
1.78945
1.78723
1.78571
1.78506
1.78534
1.78651
1.78837
1.79069
1.79318
1.79561
1.79779
1.79963
1.80107
1.80215
1.80289
1.80337
1.80366
1.80385
1.80405
1.80438
1.80495
1.80585
1.8071
1.80865
1.81038
1.81217
1.81385
1.81531
1.81645
1.81724
1.81764
1.81765
1.81728
1.81656
1.81552
1.81425
1.81289
1.81168
1.81092
1.81094
1.812
1.81421
1.81748
1.82152
1.82589
1.83016
1.83396
1.83706
1.83931
1.84071
1.8413
1.84119
1.84052
1.83942
1.83806
1.83657
1.83509
1.8337
1.83249
1.83149
1.83073
1.83019
1.82983
1.8296
1.82947
1.82938
1.82932
1.82929
1.8293
1.82938
1.82959
1.82999
1.83065
1.83163
1.83298
1.8347
1.83678
1.80228
1.80488
1.8076
1.81031
1.81289
1.81526
1.8173
1.81895
1.82016
1.8209
1.8212
1.82109
1.82068
1.82009
1.81946
1.8189
1.81849
1.81822
1.81802
1.81777
1.81733
1.81657
1.81541
1.81384
1.81195
1.8099
1.80794
1.80633
1.80534
1.80519
1.80598
1.80768
1.81014
1.81314
1.81639
1.8196
1.82253
1.82499
1.82682
1.82794
1.82832
1.82797
1.82695
1.82538
1.82344
1.82136
1.81939
1.81782
1.81687
1.81671
1.81731
1.81852
1.82004
1.82149
1.82249
1.82272
1.82195
1.82008
1.81712
1.8132
1.80856
1.8036
1.79887
1.79497
1.79245
1.7916
1.79237
1.79432
1.79685
1.79933
1.80129
1.8025
1.80288
1.80253
1.80163
1.80044
1.79925
1.79835
1.79803
1.79843
1.7996
1.80147
1.80391
1.80676
1.80988
1.81317
1.81649
1.81971
1.82264
1.82512
1.82699
1.82813
1.82847
1.82795
1.82657
1.82432
1.82124
1.81741
1.81294
1.80798
1.80278
1.79758
1.79264
1.78818
1.78433
1.78111
1.77846
1.77629
1.77457
1.77339
1.77291
1.77337
1.77498
1.77782
1.7818
1.78668
1.79211
1.79774
1.80323
1.80835
1.81295
1.81696
1.82038
1.82323
1.8256
1.82754
1.82914
1.83047
1.8316
1.83259
1.8335
1.83438
1.83529
1.83627
1.83733
1.83851
1.83978
1.8411
1.84232
1.84322
1.8434
1.84223
1.83878
1.83176
1.81972
1.80181
1.77946
1.75811
1.7462
1.74914
1.76416
1.78324
1.79981
1.81154
1.81897
1.82361
1.82687
1.82966
1.8324
1.83519
1.83791
1.84036
1.84234
1.84374
1.84452
1.84473
1.84448
1.84391
1.84317
1.84237
1.84157
1.84073
1.83978
1.83857
1.83691
1.83465
1.83165
1.82785
1.82332
1.81828
1.81314
1.80848
1.80498
1.80328
1.80382
1.80665
1.81146
1.81769
1.82466
1.83181
1.83869
1.84506
1.85081
1.85591
1.86038
1.86425
1.86753
1.87024
1.87239
1.87398
1.87501
1.8755
1.87545
1.87486
1.87374
1.8721
1.86994
1.86731
1.86428
1.86094
1.85744
1.85393
1.85057
1.84745
1.84463
1.84204
1.83956
1.83702
1.83423
1.83106
1.82743
1.82335
1.81894
1.8144
1.81005
1.80626
1.80342
1.80187
1.80182
1.80334
1.80632
1.81048
1.81545
1.82078
1.82601
1.83071
1.83453
1.83718
1.8385
1.83845
1.83715
1.83486
1.83205
1.82926
1.82703
1.82574
1.82547
1.82602
1.82704
1.82821
1.82935
1.83051
1.83186
1.83357
1.83578
1.83843
1.84137
1.8443
1.84698
1.84917
1.85074
1.85165
1.85186
1.85134
1.84998
1.84765
1.84418
1.83944
1.83339
1.82621
1.81827
1.81018
1.80268
1.79648
1.7921
1.7898
1.78962
1.79155
1.79553
1.80147
1.80907
1.81775
1.82671
1.83514
1.84234
1.84787
1.85155
1.85341
1.85369
1.85276
1.8511
1.84922
1.84762
1.84663
1.8464
1.84684
1.84766
1.84845
1.84875
1.84814
1.84623
1.84271
1.83741
1.83032
1.82178
1.81247
1.80341
1.79568
1.79005
1.78668
1.78511
1.78464
1.78464
1.78481
1.78517
1.7859
1.7872
1.78924
1.79202
1.79548
1.79948
1.80385
1.80842
1.81303
1.81759
1.822
1.82622
1.83015
1.83371
1.83675
1.83909
1.8405
1.84078
1.8397
1.83714
1.83314
1.82803
1.82253
1.81778
1.81509
1.81549
1.81924
1.82573
1.83377
1.84216
1.84998
1.85678
1.86244
1.86704
1.87075
1.87375
1.87619
1.87817
1.87976
1.88099
1.88188
1.88242
1.88265
1.88259
1.88228
1.88177
1.88104
1.87999
1.8784
1.87596
1.87233
1.86721
1.8605
1.85232
1.84303
1.83319
1.8235
1.81487
1.80848
1.80562
1.80732
1.8139
1.8247
1.83833
1.85312
1.86767
1.88103
1.89274
1.90268
1.91086
1.91736
1.9223
1.92579
1.92801
1.92917
1.9295
1.92914
1.92813
1.92634
1.92352
1.91941
1.91378
1.90662
1.89811
1.88869
1.87896
1.86958
1.86117
1.85423
1.8491
1.84601
1.8452
1.84699
1.85167
1.85922
1.86908
1.88016
1.89119
1.90105
1.90905
1.91487
1.91854
1.92026
1.92032
1.91908
1.91688
1.91406
1.91092
1.9077
1.9046
1.90173
1.89915
1.89684
1.89476
1.89285
1.89109
1.88949
1.88812
1.8871
1.88655
1.8866
1.88726
1.88848
1.89009
1.89187
1.89358
1.89497
1.8959
1.89625
1.89604
1.89535
1.89433
1.89317
1.89206
1.89114
1.89048
1.89005
1.88969
1.8892
1.88833
1.88683
1.88448
1.88107
1.87648
1.87063
1.86358
1.85555
1.84696
1.83848
1.83096
1.82532
1.82234
1.82246
1.82562
1.83132
1.83877
1.84711
1.85555
1.86353
1.87066
1.87669
1.8815
1.88501
1.88717
1.888
1.88753
1.88587
1.88321
1.87985
1.87621
1.87276
1.86996
1.86815
1.86747
1.86783
1.869
1.87066
1.87246
1.87411
1.87536
1.87599
1.87585
1.87483
1.87289
1.87005
1.86644
1.86227
1.85781
1.8534
1.84937
1.84599
1.84346
1.84183
1.84108
1.84108
1.84168
1.84271
1.84399
1.84538
1.84675
1.84796
1.84894
1.84961
1.84991
1.84984
1.8494
1.84864
1.84766
1.84657
1.84553
1.84467
1.84413
1.84398
1.84427
1.84498
1.84605
1.84741
1.84897
1.85063
1.85229
1.85389
1.85533
1.85657
1.85755
1.85822
1.85856
1.85856
1.85821
1.85753
1.85655
1.85534
1.85395
1.85245
1.8509
1.84931
1.84768
1.84591
1.84386
1.84131
1.83801
1.83371
1.82825
1.82165
1.81421
1.80656
1.79966
1.79456
1.79214
1.79282
1.79651
1.80262
1.81028
1.81857
1.82668
1.83403
1.84025
1.8452
1.84885
1.85126
1.85252
1.85273
1.85202
1.85048
1.84825
1.84546
1.84228
1.83892
1.83561
1.83261
1.83016
1.82845
1.82761
1.82767
1.82853
1.83003
1.83193
1.83399
1.836
1.83779
1.83927
1.84041
1.84123
1.8418
1.84217
1.84243
1.84259
1.84267
1.8426
1.84229
1.84161
1.84039
1.83845
1.83562
1.8318
1.82699
1.82135
1.81525
1.80925
1.80398
1.79993
1.79719
1.79537
1.79361
1.79093
1.78655
1.7802
1.77239
1.76428
1.75749
1.75362
1.75383
1.75852
1.76714
1.77835
1.79042
1.80167
1.81092
1.81758
1.8216
1.82329
1.82315
1.82177
1.81973
1.81752
1.81555
1.81406
1.81318
1.81292
1.8132
1.81392
1.81494
1.81613
1.81736
1.81853
1.81953
1.8203
1.82078
1.82092
1.82068
1.82004
1.81895
1.81741
1.81541
1.81294
1.81007
1.80691
1.80364
1.80053
1.79789
1.796
1.79509
1.79523
1.79635
1.7982
1.8005
1.80294
1.80529
1.80736
1.80905
1.81033
1.81117
1.81158
1.81155
1.81108
1.81013
1.80867
1.80666
1.80408
1.80097
1.79748
1.79384
1.79042
1.78764
1.78583
1.78516
1.78549
1.78649
1.78768
1.78865
1.78914
1.78907
1.7886
1.788
1.78757
1.78761
1.7883
1.78973
1.79186
1.79456
1.79768
1.80105
1.80449
1.80787
1.81106
1.81394
1.81645
1.81855
1.82021
1.82148
1.8224
1.82302
1.82336
1.82334
1.82281
1.82143
1.81877
1.81435
1.80782
1.79923
1.78939
1.77997
1.77319
1.77079
1.77303
1.77859
1.78545
1.79196
1.79726
1.80123
1.80413
1.80632
1.80808
1.80959
1.81091
1.81205
1.81299
1.81366
1.81396
1.81373
1.81281
1.811
1.80822
1.80456
1.80037
1.79627
1.79301
1.79129
1.79146
1.7934
1.79652
1.80007
1.80327
1.80556
1.80653
1.80599
1.80387
1.80035
1.79587
1.79117
1.7873
1.78527
1.78572
1.78853
1.79295
1.79785
1.8022
1.80528
1.80681
1.80681
1.80555
1.80343
1.8009
1.79841
1.79638
1.79508
1.79468
1.79518
1.79643
1.79822
1.80026
1.80231
1.80416
1.80568
1.80678
1.80739
1.80744
1.80688
1.80561
1.80357
1.80072
1.79709
1.7928
1.7881
1.78332
1.77885
1.77504
1.77215
1.77029
1.76948
1.76967
1.77081
1.77289
1.77586
1.77964
1.78406
1.78888
1.7938
1.79853
1.80283
1.8065
1.80942
1.81151
1.8127
1.81295
1.81218
1.81035
1.80739
1.80333
1.7983
1.79265
1.78694
1.78197
1.77854
1.77724
1.77824
1.78123
1.78554
1.79044
1.7953
1.79963
1.80317
1.80577
1.80735
1.80794
1.80755
1.80627
1.80415
1.8013
1.79779
1.79369
1.78907
1.78406
1.77881
1.77364
1.76901
1.76553
1.76384
1.76448
1.76769
1.77327
1.78062
1.78886
1.79706
1.80443
1.81041
1.81468
1.81709
1.8176
1.81615
1.81263
1.80688
1.79871
1.78799
1.7748
1.75963
1.74363
1.72863
1.71689
1.71022
1.70926
1.71328
1.72082
1.7304
1.74093
1.75171
1.76229
1.7723
1.78139
1.78928
1.79576
1.80073
1.80424
1.80642
1.80748
1.80766
1.80722
1.80639
1.80539
1.80436
1.80342
1.80265
1.80206
1.80166
1.80142
1.80131
1.80128
1.8013
1.80133
1.80133
1.80128
1.80114
1.80088
1.80046
1.79985
1.79899
1.79783
1.79632
1.79441
1.79206
1.7893
1.78621
1.78296
1.77984
1.77721
1.77547
1.77493
1.77574
1.77781
1.78084
1.78441
1.78804
1.79131
1.79391
1.79558
1.79617
1.79561
1.79388
1.79101
1.78715
1.7825
1.77737
1.77212
1.76715
1.76282
1.75939
1.75701
1.7556
1.75496
1.75472
1.75448
1.7539
1.7528
1.75122
1.74937
1.74755
1.74606
1.74509
1.74473
1.74497
1.74577
1.74712
1.74899
1.75142
1.75441
1.75792
1.76186
1.76601
1.77008
1.77375
1.77664
1.77843
1.77889
1.77798
1.77583
1.77282
1.76949
1.7664
1.76394
1.76225
1.76115
1.76037
1.75963
1.75887
1.75819
1.75782
1.75797
1.75875
1.76013
1.76194
1.76398
1.76605
1.76799
1.7697
1.77114
1.7723
1.77322
1.77392
1.77445
1.77483
1.77511
1.77531
1.77545
1.77555
1.77562
1.77566
1.80004
1.80006
1.80007
1.80004
1.79998
1.79987
1.79968
1.79939
1.79897
1.79839
1.79761
1.79661
1.79536
1.79384
1.79206
1.79004
1.78787
1.78565
1.78356
1.78183
1.78065
1.78022
1.78063
1.78182
1.78364
1.78577
1.78785
1.78949
1.7903
1.78991
1.78799
1.78423
1.77845
1.7707
1.76149
1.752
1.74408
1.73972
1.74016
1.7452
1.75332
1.76259
1.77144
1.77901
1.78505
1.78964
1.79298
1.79531
1.79683
1.79772
1.79815
1.79827
1.79827
1.7983
1.7985
1.79896
1.79969
1.80061
1.80154
1.80225
1.8025
1.80203
1.80067
1.79839
1.79534
1.79187
1.78858
1.78613
1.78507
1.78565
1.78767
1.79066
1.79398
1.79711
1.79967
1.8015
1.80258
1.803
1.80289
1.80238
1.80162
1.80075
1.79987
1.79909
1.7985
1.79814
1.79804
1.7982
1.79857
1.79908
1.79962
1.80008
1.80034
1.80026
1.79973
1.79865
1.79697
1.79465
1.79171
1.78824
1.78437
1.78025
1.77608
1.77203
1.76821
1.76473
1.76166
1.75906
1.75705
1.7558
1.75547
1.75618
1.7579
1.76047
1.76354
1.76672
1.7696
1.77186
1.77332
1.77398
1.77403
1.77382
1.77372
1.77399
1.77468
1.77558
1.77632
1.77656
1.77608
1.77484
1.77298
1.77074
1.76837
1.76609
1.76411
1.76269
1.76222
1.76307
1.76544
1.76926
1.77409
1.77932
1.78434
1.78865
1.79198
1.79416
1.79513
1.79486
1.79333
1.79057
1.78668
1.78197
1.77698
1.77253
1.76952
1.76867
1.7702
1.77377
1.77858
1.78376
1.78855
1.7925
1.79542
1.7973
1.79821
1.7983
1.79772
1.79662
1.79514
1.79346
1.79173
1.79011
1.78876
1.7878
1.78733
1.78737
1.78791
1.78887
1.79015
1.79162
1.79314
1.79457
1.79581
1.79672
1.79722
1.79725
1.79678
1.7959
1.79475
1.79363
1.79294
1.79307
1.79438
1.79699
1.80078
1.8054
1.81039
1.81529
1.81971
1.8234
1.82623
1.82818
1.82928
1.82965
1.82942
1.82877
1.82795
1.8272
1.82679
1.82692
1.82771
1.82914
1.83103
1.83308
1.83496
1.83636
1.83708
1.83707
1.8364
1.83521
1.83369
1.83197
1.83015
1.82825
1.82632
1.82446
1.82284
1.82169
1.82122
1.82152
1.82261
1.82441
1.82692
1.83028
1.83478
1.8407
1.8481
1.85672
1.86595
1.8751
1.8835
1.8907
1.89643
1.90062
1.90329
1.90458
1.90465
1.9037
1.90195
1.89962
1.89694
1.89409
1.89119
1.88833
1.8855
1.88265
1.87972
1.87667
1.8735
1.87029
1.86713
1.86406
1.86098
1.85766
1.85375
1.84894
1.84316
1.83671
1.83033
1.82506
1.82198
1.82175
1.82442
1.82939
1.83574
1.84252
1.84896
1.85455
1.859
1.86216
1.86402
1.86465
1.86421
1.86292
1.861
1.85865
1.856
1.85311
1.85005
1.84693
1.844
1.84153
1.83978
1.83886
1.83874
1.83931
1.84048
1.84221
1.84441
1.84691
1.8494
1.85149
1.85278
1.85298
1.85191
1.84953
1.84597
1.84145
1.83629
1.83085
1.82551
1.82062
1.81642
1.81305
1.81054
1.80884
1.80786
1.80753
1.8078
1.8086
1.8099
1.81162
1.81362
1.81577
1.8179
1.8199
1.82165
1.8231
1.82423
1.82505
1.82559
1.82588
1.82597
1.82591
1.82572
1.82545
1.8251
1.82471
1.82429
1.82383
1.82334
1.8228
1.82221
1.82155
1.82077
1.81986
1.81877
1.81745
1.81586
1.81396
1.81171
1.80913
1.80621
1.80302
1.79966
1.79628
1.79307
1.79026
1.78808
1.78677
1.78651
1.78746
1.78965
1.79303
1.79739
1.80238
1.80758
1.81255
1.8169
1.82031
1.82258
1.82357
1.82325
1.82161
1.81871
1.81467
1.80967
1.80401
1.79809
1.79242
1.78752
1.78384
1.78164
1.78089
1.78133
1.78254
1.78408
1.78559
1.78684
1.78774
1.78833
1.78873
1.78907
1.78946
1.78996
1.79059
1.79129
1.79203
1.79275
1.79346
1.79415
1.79488
1.79569
1.79662
1.79772
1.79901
1.80049
1.80213
1.80389
1.80571
1.80753
1.80929
1.81094
1.81242
1.8137
1.81473
1.81547
1.81585
1.8158
1.81523
1.81402
1.81204
1.80919
1.80537
1.80062
1.79509
1.78915
1.78336
1.77842
1.77505
1.77374
1.77463
1.77745
1.7816
1.78638
1.79114
1.79545
1.7991
1.80211
1.80459
1.80674
1.8087
1.81057
1.81236
1.81405
1.81556
1.8168
1.8177
1.81822
1.81834
1.81809
1.81755
1.81688
1.81627
1.81598
1.81629
1.81739
1.81939
1.82218
1.82553
1.82905
1.83232
1.83492
1.83653
1.8369
1.83591
1.83357
1.83006
1.82572
1.82107
1.81669
1.81311
1.81066
1.80937
1.80897
1.80899
1.80892
1.80826
1.80658
1.80355
1.79893
1.79267
1.78502
1.7767
1.76898
1.76351
1.76181
1.76464
1.77165
1.7816
1.79291
1.80422
1.81463
1.82368
1.83122
1.83727
1.84193
1.84533
1.84758
1.84875
1.84892
1.84812
1.84641
1.84387
1.84063
1.83686
1.83283
1.82882
1.82514
1.82203
1.81966
1.81807
1.81719
1.8169
1.81705
1.81752
1.81821
1.81904
1.81995
1.82088
1.82176
1.82252
1.8231
1.82345
1.82357
1.82348
1.82322
1.82283
1.8223
1.82159
1.82065
1.81941
1.81784
1.816
1.81402
1.81203
1.81011
1.80818
1.80597
1.80312
1.79929
1.79441
1.78884
1.78357
1.78009
1.77987
1.78364
1.79091
1.80025
1.80991
1.81855
1.82544
1.83039
1.83355
1.83519
1.83565
1.83521
1.83411
1.83251
1.83055
1.8283
1.8258
1.82309
1.8202
1.81719
1.81412
1.8111
1.80823
1.80563
1.80339
1.80159
1.80025
1.79935
1.79884
1.79867
1.79873
1.79894
1.79921
1.79946
1.79963
1.79962
1.79938
1.7988
1.79781
1.79628
1.7941
1.79119
1.78746
1.78293
1.77771
1.77207
1.76647
1.76154
1.75803
1.7566
1.75767
1.76119
1.76666
1.77325
1.78008
1.78639
1.79167
1.79561
1.79809
1.7991
1.79867
1.79685
1.79375
1.78951
1.78434
1.7786
1.77279
1.76759
1.76379
1.76213
1.76309
1.76668
1.77242
1.77948
1.78695
1.79402
1.80017
1.8051
1.80872
1.81107
1.81224
1.81233
1.81143
1.80956
1.80669
1.80268
1.79731
1.79028
1.7814
1.77086
1.75964
1.74979
1.74411
1.74481
1.75206
1.76358
1.77585
1.78555
1.79035
1.78912
1.78213
1.77165
1.76221
1.75912
1.7651
1.7783
1.79406
1.80821
1.81874
1.82544
1.82892
1.83002
1.82946
1.82778
1.82537
1.82248
1.81924
1.81569
1.81179
1.80747
1.80268
1.79749
1.79216
1.78723
1.78343
1.78152
1.782
1.78489
1.78966
1.79537
1.80096
1.80549
1.8083
1.80908
1.80786
1.80498
1.80109
1.79701
1.79361
1.79161
1.79139
1.79292
1.79583
1.79955
1.80356
1.8074
1.81078
1.81346
1.81523
1.81583
1.8149
1.81201
1.80677
1.79899
1.78891
1.77751
1.76673
1.75915
1.75714
1.76162
1.77146
1.78412
1.79693
1.80807
1.81669
1.82273
1.82649
1.82839
1.82885
1.82823
1.8268
1.82478
1.82234
1.81964
1.81681
1.81398
1.81127
1.80875
1.80649
1.80454
1.80292
1.80167
1.80083
1.80048
1.80072
1.80164
1.80331
1.80575
1.80889
1.81257
1.81661
1.82077
1.82483
1.82861
1.83195
1.83477
1.83701
1.83863
1.83962
1.83998
1.83971
1.83879
1.83724
1.83507
1.83232
1.82908
1.82546
1.82165
1.81787
1.81438
1.81142
1.80923
1.80797
1.80775
1.80857
1.81031
1.81275
1.81553
1.81828
1.82059
1.82217
1.82284
1.82255
1.82141
1.81963
1.81753
1.81543
1.81364
1.81239
1.81182
1.81195
1.8127
1.81395
1.81552
1.81722
1.81891
1.82042
1.82163
1.82243
1.8227
1.82238
1.82142
1.81984
1.81773
1.81523
1.81259
1.81011
1.80811
1.80688
1.80661
1.80732
1.80888
1.81106
1.81351
1.81588
1.81786
1.81917
1.81959
1.81899
1.81727
1.81448
1.8108
1.80666
1.80265
1.79955
1.798
1.79833
1.80033
1.80336
1.80659
1.80924
1.8108
1.81099
1.80979
1.80726
1.80356
1.79883
1.79325
1.78709
1.78071
1.77457
1.76917
1.76493
1.76214
1.76095
1.76139
1.76333
1.76652
1.77057
1.77504
1.77959
1.78403
1.78829
1.79234
1.7961
1.79941
1.80207
1.80396
1.80504
1.80546
1.80542
1.80523
1.80514
1.80537
1.80604
1.80721
1.80884
1.81085
1.81313
1.81555
1.818
1.8204
1.82265
1.82473
1.8266
1.82824
1.82962
1.83071
1.83145
1.83176
1.83158
1.83084
1.82951
1.82762
1.82523
1.82245
1.81948
1.81655
1.81396
1.81204
1.81113
1.81143
1.813
1.81568
1.81918
1.82311
1.82713
1.83096
1.83445
1.83751
1.8401
1.84219
1.84372
1.84457
1.84458
1.84355
1.84124
1.83744
1.83202
1.82505
1.81689
1.80827
1.8003
1.79436
1.79172
1.79312
1.79843
1.8066
1.81603
1.82513
1.83271
1.83802
1.84076
1.84086
1.83847
1.83388
1.82765
1.82061
1.81389
1.80874
1.80613
1.80645
1.80933
1.81384
1.81893
1.82367
1.82747
1.83005
1.83136
1.83154
1.83076
1.82924
1.82718
1.82473
1.82196
1.81887
1.81538
1.81139
1.80679
1.80155
1.79575
1.78967
1.7838
1.77877
1.77531
1.77403
1.77521
1.77872
1.78403
1.7903
1.79666
1.80231
1.80668
1.80938
1.81027
1.80933
1.80672
1.80273
1.79775
1.79229
1.78692
1.78218
1.77851
1.7762
1.77537
1.77599
1.77786
1.7807
1.78416
1.78785
1.79145
1.79471
1.79747
1.79967
1.80132
1.80249
1.80329
1.8038
1.80414
1.80437
1.80456
1.80474
1.80491
1.80505
1.80514
1.80513
1.80497
1.80458
1.80391
1.8029
1.80146
1.79956
1.79712
1.79411
1.7905
1.78627
1.78147
1.77614
1.7704
1.76439
1.75836
1.75259
1.74746
1.74338
1.74076
1.79943
1.80064
1.80356
1.80777
1.81277
1.81802
1.82311
1.82774
1.83178
1.83518
1.838
1.84031
1.84221
1.84377
1.84508
1.84619
1.84714
1.84797
1.8487
1.84934
1.84991
1.85042
1.85088
1.85128
1.85162
1.85189
1.85207
1.85215
1.8521
1.85188
1.85145
1.85077
1.84981
1.84852
1.8469
1.84498
1.84283
1.84057
1.83839
1.83653
1.8352
1.83461
1.83482
1.83581
1.83742
1.83946
1.84169
1.8439
1.84593
1.84763
1.84886
1.84947
1.84921
1.84777
1.84473
1.83963
1.83202
1.82173
1.80911
1.79542
1.78283
1.77401
1.77097
1.77408
1.7818
1.79163
1.80142
1.81018
1.81805
1.82571
1.83368
1.84195
1.85004
1.85738
1.86355
1.86839
1.87196
1.87444
1.87602
1.87687
1.87709
1.87676
1.87597
1.87484
1.87356
1.87239
1.87162
1.87149
1.87216
1.87365
1.87582
1.87845
1.8813
1.88413
1.88679
1.88918
1.89123
1.89291
1.89419
1.89501
1.89529
1.89495
1.89391
1.89216
1.88977
1.88695
1.88403
1.88144
1.87962
1.87886
1.8792
1.88043
1.88211
1.88377
1.88499
1.88548
1.88509
1.88384
1.88181
1.87917
1.87613
1.87294
1.86987
1.86716
1.86503
1.86361
1.86296
1.86302
1.86372
1.86493
1.86656
1.86856
1.87098
1.87387
1.87732
1.88134
1.88586
1.89076
1.89583
1.90087
1.9057
1.91019
1.91427
1.91791
1.92113
1.92395
1.92641
1.92855
1.93037
1.93188
1.93305
1.93385
1.93421
1.93407
1.93335
1.93197
1.92985
1.92693
1.92321
1.91871
1.91365
1.90845
1.90382
1.90065
1.89977
1.90153
1.9056
1.911
1.91662
1.92154
1.92529
1.92783
1.92938
1.93024
1.93066
1.93076
1.93055
1.92996
1.92892
1.92739
1.92539
1.92305
1.92055
1.91813
1.91608
1.91472
1.91434
1.91515
1.91732
1.92087
1.92572
1.93164
1.93828
1.94525
1.95211
1.95845
1.96393
1.9683
1.97137
1.97309
1.97345
1.97249
1.9703
1.96697
1.96257
1.95719
1.9509
1.94385
1.93629
1.92867
1.92163
1.91597
1.91248
1.91172
1.91388
1.9187
1.92555
1.93361
1.94205
1.95011
1.95719
1.96286
1.96687
1.96917
1.96989
1.9693
1.96779
1.96581
1.96376
1.96201
1.96076
1.96011
1.96004
1.96042
1.96108
1.9618
1.96237
1.96257
1.96218
1.96101
1.95888
1.95568
1.95144
1.94643
1.94117
1.93645
1.93308
1.93167
1.9323
1.93453
1.93761
1.94072
1.94325
1.94484
1.94539
1.94497
1.94373
1.94188
1.93963
1.93722
1.93482
1.93259
1.93061
1.92891
1.92744
1.92613
1.92495
1.92389
1.92307
1.92267
1.92296
1.92414
1.9263
1.92934
1.933
1.93693
1.94078
1.94426
1.94721
1.94953
1.95123
1.95234
1.95293
1.95306
1.95278
1.95214
1.95113
1.94975
1.94795
1.94566
1.94286
1.93954
1.93584
1.93204
1.9286
1.92605
1.92488
1.92534
1.92732
1.93041
1.93403
1.93766
1.9409
1.94357
1.9456
1.94701
1.94786
1.9482
1.94804
1.94742
1.94632
1.94478
1.94283
1.9405
1.93789
1.9351
1.9323
1.92969
1.92753
1.92612
1.92568
1.92638
1.92823
1.93109
1.93469
1.93869
1.94271
1.94643
1.94956
1.95189
1.95326
1.9536
1.95288
1.95114
1.94851
1.94515
1.9413
1.93726
1.93336
1.9299
1.92709
1.92493
1.92318
1.92139
1.91902
1.91571
1.91158
1.90751
1.90499
1.90564
1.91027
1.91841
1.92856
1.93898
1.94839
1.95615
1.96215
1.96655
1.96961
1.97159
1.97269
1.97304
1.97271
1.97171
1.97002
1.96759
1.96436
1.96026
1.95522
1.94917
1.94204
1.93376
1.92426
1.91359
1.90198
1.88998
1.87861
1.86922
1.8632
1.86133
1.86335
1.86794
1.87344
1.87861
1.8831
1.88738
1.89217
1.89789
1.90437
1.91105
1.91726
1.92256
1.92674
1.92981
1.93191
1.9332
1.93384
1.93395
1.93363
1.93294
1.93192
1.93061
1.92904
1.92723
1.92524
1.9231
1.9209
1.91873
1.91672
1.91504
1.91385
1.91328
1.91344
1.91431
1.91579
1.91771
1.91983
1.92193
1.92385
1.92547
1.92678
1.9278
1.9286
1.92924
1.92976
1.93018
1.93044
1.93041
1.92995
1.92885
1.92696
1.92415
1.92044
1.91599
1.91117
1.90652
1.90263
1.9
1.89889
1.89928
1.90092
1.90348
1.90662
1.91007
1.91359
1.91693
1.91988
1.9222
1.92369
1.92419
1.92358
1.9218
1.91889
1.91496
1.91022
1.90504
1.89986
1.89523
1.89166
1.88957
1.8892
1.89049
1.89316
1.89673
1.9007
1.90457
1.908
1.91078
1.91284
1.91424
1.91514
1.9157
1.91611
1.91649
1.91689
1.91728
1.9176
1.91775
1.91763
1.91723
1.9166
1.91587
1.91524
1.91489
1.91496
1.91542
1.91611
1.91669
1.91671
1.91563
1.91292
1.90804
1.9006
1.89052
1.87842
1.86599
1.85583
1.85049
1.8509
1.85569
1.86212
1.86759
1.8706
1.87091
1.86911
1.86629
1.86361
1.862
1.86193
1.86337
1.86593
1.86913
1.87252
1.8758
1.87881
1.88146
1.88368
1.88543
1.88665
1.88728
1.8873
1.88675
1.88572
1.8844
1.88305
1.88198
1.88145
1.88162
1.88248
1.88385
1.88544
1.88691
1.88794
1.88826
1.88772
1.88623
1.8838
1.88055
1.8767
1.87254
1.86844
1.86475
1.86177
1.85966
1.85844
1.85803
1.85823
1.85885
1.85968
1.86055
1.86132
1.86187
1.86214
1.86214
1.8619
1.8615
1.86104
1.86064
1.86038
1.86034
1.86056
1.86107
1.86186
1.86289
1.86413
1.8655
1.86694
1.86839
1.8698
1.87115
1.87242
1.87361
1.87474
1.87583
1.87686
1.87785
1.87874
1.87951
1.8801
1.88043
1.88047
1.88016
1.8795
1.87853
1.87732
1.87602
1.8748
1.87386
1.87339
1.87352
1.87429
1.87567
1.87754
1.87975
1.88212
1.88452
1.88682
1.88895
1.89087
1.89256
1.89403
1.8953
1.89639
1.89733
1.89814
1.89886
1.8995
1.90008
1.90058
1.90102
1.90136
1.90159
1.90171
1.90169
1.90154
1.90129
1.90097
1.90064
1.90039
1.90029
1.90043
1.90087
1.90166
1.90279
1.9042
1.9058
1.90741
1.90885
1.90991
1.91037
1.91005
1.90878
1.90646
1.90304
1.89858
1.89323
1.88732
1.8813
1.87574
1.87129
1.86857
1.86802
1.8698
1.87369
1.87924
1.88584
1.89295
1.90015
1.90717
1.91387
1.92013
1.92587
1.93102
1.93546
1.93909
1.94181
1.94355
1.94425
1.94391
1.94259
1.94041
1.93755
1.93425
1.93076
1.92738
1.92438
1.922
1.92038
1.91957
1.91947
1.91992
1.92071
1.92167
1.92267
1.9237
1.92475
1.92588
1.92711
1.92847
1.92995
1.93154
1.9332
1.9349
1.9366
1.93826
1.93982
1.94122
1.94241
1.94335
1.944
1.94433
1.94436
1.9441
1.94358
1.94283
1.9419
1.94081
1.93959
1.93825
1.93681
1.93529
1.93371
1.93211
1.93054
1.92907
1.92775
1.92666
1.92583
1.92527
1.92492
1.92471
1.92445
1.92393
1.92288
1.92102
1.9181
1.91403
1.90899
1.90357
1.89884
1.89608
1.89632
1.89982
1.90594
1.91341
1.92092
1.92746
1.93247
1.93575
1.93731
1.93728
1.93579
1.93301
1.92914
1.92447
1.91939
1.91444
1.91026
1.90741
1.90629
1.90696
1.90918
1.91247
1.91631
1.92026
1.92398
1.92728
1.93005
1.93224
1.93382
1.93481
1.93521
1.93503
1.93429
1.93302
1.93124
1.92898
1.92626
1.92313
1.91961
1.91575
1.91163
1.90732
1.90296
1.89872
1.8948
1.89145
1.88886
1.88721
1.88657
1.88693
1.88818
1.89008
1.89234
1.8946
1.89654
1.89787
1.89837
1.89798
1.89673
1.89475
1.89229
1.88963
1.88706
1.88486
1.88325
1.88237
1.88227
1.88294
1.88427
1.88614
1.88839
1.89085
1.89335
1.89574
1.89792
1.8998
1.90137
1.90263
1.90362
1.90438
1.90498
1.90548
1.90591
1.90633
1.90673
1.9071
1.90743
1.90766
1.90773
1.90757
1.9071
1.90624
1.9049
1.90304
1.90063
1.89773
1.89448
1.89114
1.88808
1.88575
1.88455
1.88476
1.8864
1.88923
1.89283
1.89662
1.90008
1.90273
1.90424
1.90439
1.90308
1.90039
1.89655
1.89201
1.88743
1.8836
1.88128
1.88103
1.88298
1.88678
1.89175
1.897
1.90172
1.9052
1.90692
1.90648
1.90361
1.89814
1.89013
1.88005
1.869
1.85883
1.85173
1.84946
1.85246
1.85965
1.86914
1.87909
1.88822
1.8958
1.90152
1.90519
1.9067
1.90598
1.90292
1.89744
1.88947
1.87901
1.86621
1.8517
1.83703
1.82488
1.81853
1.82023
1.82958
1.84374
1.85911
1.87298
1.884
1.89187
1.8969
1.89964
1.90067
1.90056
1.89976
1.89864
1.89747
1.89638
1.89547
1.89474
1.89415
1.89365
1.89316
1.89261
1.89194
1.89111
1.89011
1.88897
1.88772
1.88644
1.88517
1.88398
1.88287
1.88185
1.88086
1.87985
1.87874
1.87746
1.87594
1.87413
1.87199
1.86953
1.86679
1.86388
1.86095
1.85819
1.85583
1.85406
1.85301
1.8527
1.85304
1.85387
1.85497
1.85615
1.85724
1.85813
1.85876
1.85911
1.85919
1.85903
1.85868
1.85818
1.85761
1.85703
1.85653
1.85618
1.85605
1.85618
1.85657
1.8572
1.85799
1.85886
1.85972
1.86048
1.86106
1.8614
1.86145
1.86119
1.8606
1.85969
1.85846
1.85694
1.85518
1.85326
1.85125
1.84928
1.84748
1.846
1.84496
1.84447
1.84459
1.84534
1.84667
1.84848
1.85065
1.85304
1.85552
1.85798
1.86032
1.86248
1.8644
1.86603
1.86733
1.86822
1.86862
1.86839
1.86737
1.86537
1.86218
1.85765
1.85177
1.84483
1.83758
1.83124
1.82725
1.82672
1.82988
1.83593
1.84346
1.85101
1.85753
1.86245
1.86559
1.86695
1.86666
1.86484
1.86163
1.85719
1.85172
1.79424
1.78813
1.78269
1.77866
1.77667
1.7769
1.77902
1.78226
1.78574
1.78877
1.79115
1.79317
1.79547
1.79875
1.8034
1.8093
1.81595
1.82267
1.82886
1.83418
1.83848
1.84178
1.84415
1.8457
1.84652
1.84671
1.84634
1.8455
1.84425
1.84269
1.84088
1.8389
1.83683
1.8347
1.83256
1.83041
1.82822
1.82592
1.82345
1.82072
1.81768
1.81433
1.81079
1.80733
1.80433
1.8023
1.8017
1.80282
1.8056
1.80958
1.814
1.818
1.82079
1.8218
1.82078
1.81786
1.81362
1.80907
1.80548
1.80391
1.80483
1.80791
1.8123
1.81707
1.82155
1.82545
1.82872
1.83148
1.83385
1.83592
1.83772
1.83925
1.84049
1.84142
1.84203
1.84232
1.84231
1.84201
1.84146
1.84071
1.83981
1.83882
1.83783
1.83688
1.83602
1.83526
1.83453
1.83377
1.83283
1.83162
1.83007
1.8282
1.82617
1.82428
1.82288
1.82234
1.82286
1.82443
1.82679
1.82951
1.83216
1.83436
1.83593
1.83684
1.83719
1.83722
1.83712
1.83708
1.83714
1.83724
1.83727
1.83711
1.83667
1.83595
1.83494
1.83368
1.83222
1.83065
1.82914
1.82793
1.82739
1.82785
1.82959
1.83267
1.83693
1.84201
1.84745
1.85276
1.85755
1.86149
1.86439
1.86614
1.86667
1.86594
1.86395
1.86071
1.85627
1.85081
1.84465
1.83828
1.83232
1.82734
1.82364
1.82109
1.8191
1.81676
1.81314
1.80751
1.79967
1.79016
1.78041
1.77239
1.76776
1.76705
1.76935
1.77301
1.77659
1.77931
1.78109
1.78224
1.78319
1.78433
1.78588
1.78794
1.7905
1.79344
1.79665
1.79995
1.80319
1.80622
1.80891
1.81114
1.8128
1.81382
1.81412
1.81366
1.81248
1.81065
1.80837
1.80593
1.80369
1.80203
1.80125
1.80149
1.80268
1.80459
1.80688
1.80924
1.8114
1.81323
1.81465
1.81568
1.81637
1.81676
1.81691
1.81687
1.81665
1.81624
1.81565
1.81483
1.81377
1.81242
1.81077
1.8088
1.80655
1.80408
1.80155
1.79916
1.79718
1.79585
1.79538
1.79585
1.79718
1.79917
1.80159
1.80435
1.80758
1.8116
1.81679
1.82334
1.83106
1.83943
1.84776
1.85539
1.86182
1.86669
1.86977
1.87088
1.86988
1.86667
1.86134
1.85434
1.84667
1.83987
1.83558
1.83489
1.83773
1.84304
1.84932
1.85531
1.86029
1.86398
1.86636
1.86748
1.8673
1.86566
1.86236
1.85718
1.85012
1.84155
1.8323
1.82353
1.81631
1.81117
1.80799
1.80639
1.80621
1.80778
1.81156
1.81773
1.8258
1.83469
1.84321
1.8504
1.85579
1.85936
1.8614
1.86233
1.86261
1.86258
1.86249
1.86244
1.86244
1.86244
1.86239
1.86226
1.86207
1.8619
1.86183
1.86194
1.86225
1.86272
1.86329
1.86389
1.86443
1.86491
1.86535
1.86581
1.86633
1.86694
1.86761
1.86823
1.86868
1.8688
1.86848
1.86759
1.86606
1.86388
1.86104
1.85756
1.85345
1.84871
1.84333
1.83731
1.83067
1.82354
1.81626
1.80935
1.80359
1.79978
1.79862
1.80037
1.80482
1.81129
1.81889
1.82672
1.83409
1.84054
1.84589
1.8501
1.85328
1.85557
1.85708
1.85791
1.85807
1.85755
1.85634
1.85446
1.85199
1.84908
1.84591
1.84265
1.83944
1.83645
1.83391
1.83211
1.83134
1.83181
1.83346
1.83604
1.83909
1.84216
1.84484
1.84684
1.848
1.84824
1.84757
1.8461
1.84402
1.84162
1.83924
1.83728
1.83611
1.83603
1.8372
1.83962
1.84309
1.84732
1.85195
1.85663
1.86106
1.86503
1.8684
1.87111
1.87316
1.87456
1.87534
1.87554
1.87518
1.87426
1.87279
1.87076
1.86821
1.8652
1.86189
1.85851
1.85536
1.85277
1.85101
1.85025
1.85047
1.85152
1.85309
1.85484
1.85647
1.85778
1.85866
1.85918
1.85952
1.85994
1.86074
1.86221
1.86447
1.86753
1.87119
1.87512
1.87888
1.88198
1.88397
1.88449
1.88342
1.88084
1.87714
1.87288
1.86875
1.86547
1.86374
1.86419
1.86715
1.87246
1.87941
1.88705
1.89449
1.90115
1.90672
1.91114
1.91442
1.91663
1.91784
1.91816
1.91772
1.91664
1.91504
1.91302
1.91056
1.90759
1.90391
1.89927
1.89353
1.88677
1.87946
1.87242
1.86655
1.86236
1.85966
1.85765
1.85537
1.85223
1.84828
1.8442
1.84105
1.83995
1.84171
1.84658
1.85415
1.86355
1.87367
1.88347
1.89226
1.89966
1.90564
1.91028
1.91377
1.91625
1.91784
1.9186
1.91861
1.91792
1.91666
1.91495
1.913
1.91105
1.90934
1.90811
1.90754
1.90764
1.90831
1.90925
1.91008
1.91037
1.90973
1.90787
1.90464
1.9001
1.89446
1.88812
1.88155
1.87522
1.86944
1.86438
1.86006
1.85659
1.85426
1.85356
1.85504
1.859
1.86524
1.87307
1.88156
1.88983
1.89719
1.90326
1.90783
1.91087
1.91242
1.91256
1.91143
1.90919
1.90606
1.90232
1.8983
1.89436
1.89086
1.8881
1.88625
1.8854
1.88547
1.8863
1.88771
1.88949
1.89146
1.89346
1.89535
1.89705
1.89844
1.89946
1.90004
1.90012
1.89967
1.89868
1.89721
1.89534
1.89326
1.8912
1.88944
1.88826
1.88786
1.88833
1.88963
1.89158
1.89394
1.89643
1.89882
1.90093
1.90266
1.90395
1.90479
1.90518
1.90512
1.90459
1.90354
1.9019
1.89956
1.89647
1.89259
1.88805
1.88308
1.87814
1.87384
1.87084
1.86977
1.87103
1.87467
1.88035
1.88735
1.89475
1.90157
1.90694
1.91027
1.9114
1.91072
1.90924
1.90842
1.90961
1.91346
1.91962
1.92697
1.93425
1.94055
1.94542
1.94878
1.95075
1.95152
1.95126
1.95009
1.94809
1.94533
1.94189
1.93789
1.9335
1.92896
1.92456
1.92063
1.91747
1.91531
1.9143
1.9145
1.91586
1.91825
1.92144
1.92513
1.92899
1.93263
1.93572
1.93802
1.93941
1.93995
1.93988
1.9396
1.93958
1.94031
1.94217
1.94533
1.9497
1.95492
1.96047
1.96568
1.96991
1.97253
1.97302
1.97098
1.96623
1.95888
1.94949
1.93913
1.92927
1.9214
1.91651
1.91474
1.91554
1.91802
1.92136
1.9249
1.92823
1.93109
1.93341
1.93533
1.93712
1.93913
1.94174
1.9452
1.94965
1.955
1.961
1.96728
1.97335
1.97876
1.98308
1.98597
1.98721
1.98671
1.98443
1.98044
1.97478
1.96746
1.95858
1.9485
1.93828
1.92991
1.9259
1.92802
1.93612
1.94813
1.96124
1.97323
1.98291
1.98994
1.99447
1.99682
1.99733
1.99632
1.99404
1.9907
1.98647
1.98149
1.97589
1.96977
1.96327
1.95654
1.94979
1.94328
1.93731
1.93225
1.92841
1.92609
1.92547
1.92658
1.92932
1.93345
1.93858
1.94428
1.95006
1.9554
1.95975
1.96257
1.96328
1.96129
1.95603
1.94708
1.9344
1.91882
1.90242
1.88859
1.88093
1.88139
1.88914
1.90125
1.91451
1.92666
1.93666
1.94428
1.94974
1.95333
1.95527
1.95569
1.95463
1.95215
1.94844
1.94378
1.93857
1.93321
1.92801
1.92313
1.91863
1.91454
1.91098
1.90817
1.90633
1.90557
1.90578
1.90669
1.90799
1.90944
1.91093
1.91243
1.91396
1.91549
1.91696
1.91825
1.91926
1.9199
1.92009
1.91977
1.91887
1.91732
1.91503
1.91193
1.90796
1.90318
1.89777
1.8921
1.88674
1.88232
1.87944
1.87845
1.87936
1.88185
1.8854
1.88946
1.89354
1.89728
1.90043
1.90288
1.9046
1.90563
1.9061
1.90619
1.90614
1.90617
1.90651
1.90732
1.90869
1.91062
1.91302
1.91576
1.91867
1.92157
1.92432
1.92681
1.92894
1.93068
1.932
1.93286
1.93325
1.93311
1.93238
1.93098
1.92885
1.92597
1.92241
1.91836
1.91416
1.91023
1.90703
1.90494
1.90415
1.90463
1.90616
1.90837
1.91089
1.9134
1.91571
1.91772
1.91938
1.92063
1.92139
1.92155
1.92103
1.91983
1.91815
1.91634
1.91496
1.91454
1.91546
1.91775
1.92104
1.92475
1.92829
1.93127
1.93366
1.93571
1.93781
1.94031
1.94339
1.94697
1.95079
1.95453
1.95785
1.96046
1.96217
1.96286
1.96251
1.96119
1.95905
1.95631
1.9532
1.94995
1.94676
1.94376
1.94107
1.93877
1.93687
1.93533
1.93409
1.93308
1.93237
1.93223
1.93316
1.93568
1.94015
1.9465
1.95422
1.96258
1.9708
1.9783
1.9847
1.98983
1.99359
1.99593
1.99677
1.99592
1.99316
1.98819
1.98076
1.97081
1.95871
1.94545
1.93268
1.92236
1.91601
1.91403
1.91551
1.91869
1.92177
1.92352
1.92361
1.92256
1.92144
1.92144
1.92339
1.92751
1.93346
1.94055
1.94805
1.95539
1.9622
1.96829
1.97358
1.97807
1.98174
1.98458
1.98654
1.98753
1.9874
1.98591
1.98278
1.97763
1.97019
1.96042
1.94883
1.93677
1.92623
1.91914
1.91623
1.9166
1.91827
1.91931
1.91865
1.91613
1.91229
1.90797
1.90402
1.90113
1.89974
1.9
1.9018
1.90487
1.90882
1.91326
1.91786
1.9223
1.92635
1.92987
1.93277
1.93507
1.93688
1.93828
1.93927
1.93975
1.93946
1.93811
1.9354
1.93122
1.92567
1.91918
1.9125
1.90661
1.90251
1.90091
1.902
1.90541
1.91035
1.91591
1.92129
1.92593
1.92949
1.93182
1.93288
1.93264
1.93106
1.92808
1.92357
1.91745
1.90971
1.9006
1.89068
1.88091
1.87243
1.86614
1.86238
1.86074
1.86041
1.8606
1.86088
1.86119
1.86172
1.86269
1.86418
1.86608
1.86809
1.86985
1.871
1.8713
1.87068
1.86926
1.86736
1.8654
1.86382
1.86297
1.86302
1.86393
1.86552
1.86756
1.86983
1.87215
1.87442
1.87656
1.8785
1.88014
1.88135
1.88197
1.88183
1.88073
1.87852
1.87513
1.87062
1.86524
1.85947
1.85392
1.84921
1.84581
1.84389
1.84333
1.84386
1.84516
1.84697
1.84911
1.85141
1.85373
1.85597
1.80197
1.80396
1.80591
1.80793
1.81005
1.81228
1.81452
1.8166
1.81834
1.81953
1.82003
1.81971
1.81853
1.81647
1.8136
1.81008
1.80615
1.80215
1.79846
1.79548
1.79348
1.79258
1.7927
1.79359
1.79492
1.79634
1.79754
1.79831
1.79848
1.79799
1.79682
1.79505
1.79281
1.79031
1.78782
1.78565
1.7841
1.78339
1.78364
1.78484
1.78687
1.7895
1.79249
1.79562
1.79871
1.80163
1.80433
1.8068
1.80904
1.8111
1.81298
1.8147
1.81627
1.81766
1.81889
1.81994
1.82084
1.82164
1.82237
1.82307
1.82375
1.82435
1.82474
1.82471
1.824
1.82231
1.81937
1.81496
1.80902
1.80174
1.7936
1.78543
1.77827
1.77312
1.77079
1.77169
1.77585
1.78278
1.79135
1.79994
1.80682
1.81068
1.8109
1.80767
1.80197
1.79534
1.78945
1.78545
1.78365
1.78346
1.784
1.78454
1.78477
1.78483
1.78507
1.78587
1.78752
1.79011
1.79358
1.7977
1.80221
1.80681
1.81126
1.81538
1.81905
1.82224
1.82492
1.82712
1.82885
1.83015
1.83103
1.83148
1.83147
1.83097
1.82993
1.82828
1.82599
1.82302
1.81944
1.81535
1.81101
1.80672
1.8029
1.79993
1.79807
1.79745
1.79793
1.79922
1.80094
1.80269
1.80415
1.80513
1.8056
1.80563
1.80541
1.80516
1.80512
1.80549
1.80637
1.80775
1.80954
1.81155
1.81355
1.8153
1.8166
1.8173
1.8173
1.81657
1.81513
1.81313
1.81075
1.80826
1.80597
1.80414
1.80293
1.80234
1.80222
1.80235
1.80246
1.80239
1.8021
1.80167
1.8013
1.80118
1.8015
1.80229
1.80346
1.80483
1.80617
1.80726
1.80795
1.80817
1.80788
1.80714
1.80601
1.80459
1.80296
1.80122
1.79943
1.79766
1.79594
1.79427
1.79267
1.79112
1.7896
1.78808
1.78656
1.78505
1.78357
1.78219
1.78098
1.78001
1.77935
1.77903
1.77905
1.77934
1.77982
1.78038
1.78092
1.78135
1.78162
1.78171
1.78162
1.78139
1.78103
1.78059
1.78006
1.77943
1.77868
1.77777
1.77666
1.77531
1.7737
1.7718
1.76962
1.76717
1.76452
1.76178
1.75912
1.75678
1.75504
1.75413
1.75419
1.75524
1.75714
1.75968
1.76261
1.76569
1.76873
1.77158
1.77413
1.77631
1.77806
1.77935
1.78019
1.7806
1.78061
1.78028
1.77969
1.77892
1.77808
1.77728
1.77663
1.77624
1.7762
1.77661
1.77752
1.77895
1.78088
1.78328
1.78606
1.78914
1.79242
1.79579
1.79915
1.80244
1.80559
1.80858
1.81137
1.81396
1.81637
1.8186
1.82068
1.82261
1.82444
1.82617
1.82781
1.82939
1.8309
1.83235
1.83374
1.83504
1.83626
1.83736
1.83831
1.8391
1.83968
1.84002
1.84006
1.83976
1.83904
1.83783
1.83603
1.83352
1.83019
1.82596
1.82086
1.81512
1.80927
1.80417
1.80088
1.80033
1.80295
1.80847
1.81606
1.8247
1.83352
1.84194
1.84964
1.85654
1.86263
1.86793
1.87247
1.87629
1.87941
1.88183
1.88358
1.8847
1.88522
1.88522
1.88478
1.884
1.88298
1.88185
1.88073
1.87973
1.87895
1.87848
1.87837
1.87863
1.87923
1.88011
1.88113
1.88216
1.88302
1.88352
1.8835
1.8828
1.88131
1.87898
1.87586
1.87214
1.86822
1.86468
1.86219
1.86136
1.86243
1.86521
1.86914
1.87347
1.87758
1.88105
1.88366
1.88537
1.88623
1.88628
1.8856
1.88429
1.88247
1.8803
1.87797
1.8757
1.87367
1.87205
1.87094
1.87038
1.87034
1.87073
1.87143
1.87227
1.87307
1.87369
1.87402
1.87401
1.87367
1.87304
1.87217
1.87107
1.86973
1.86811
1.86617
1.86394
1.86151
1.85907
1.85685
1.85508
1.85393
1.85347
1.85365
1.85436
1.85543
1.85669
1.858
1.85925
1.86035
1.86126
1.86196
1.86241
1.86259
1.86246
1.86197
1.86106
1.85966
1.85773
1.85524
1.85225
1.84881
1.84507
1.84119
1.83733
1.83365
1.83025
1.82722
1.82463
1.82255
1.82107
1.82028
1.82026
1.82101
1.82247
1.82443
1.8266
1.82865
1.83023
1.83108
1.83107
1.83019
1.82857
1.82645
1.82408
1.82171
1.81944
1.81731
1.81522
1.81307
1.81075
1.80818
1.80538
1.8024
1.79936
1.79644
1.79385
1.7918
1.79047
1.78997
1.79029
1.79129
1.79284
1.79478
1.79703
1.79951
1.8022
1.80503
1.80789
1.81066
1.8132
1.81543
1.81726
1.81865
1.81963
1.82019
1.82039
1.82026
1.81985
1.81922
1.81841
1.81748
1.81649
1.81551
1.81459
1.81379
1.81318
1.81279
1.81266
1.81281
1.81326
1.814
1.81502
1.81629
1.81779
1.81947
1.8213
1.82323
1.82522
1.82723
1.82922
1.83115
1.83299
1.83471
1.83626
1.83763
1.83879
1.83969
1.84032
1.84064
1.8406
1.84019
1.83937
1.83811
1.83639
1.83422
1.8316
1.82858
1.82523
1.82166
1.81804
1.81458
1.81153
1.80914
1.80765
1.8072
1.80783
1.80945
1.81185
1.81475
1.81782
1.82076
1.82331
1.82526
1.82648
1.82689
1.82652
1.82547
1.82397
1.82238
1.82117
1.82076
1.82139
1.82297
1.82507
1.82702
1.82815
1.8279
1.82602
1.82262
1.81819
1.81354
1.80963
1.80729
1.80692
1.80837
1.81105
1.81419
1.81713
1.81942
1.82086
1.82146
1.82135
1.82073
1.81986
1.81902
1.81847
1.81846
1.81912
1.82053
1.82265
1.82536
1.82852
1.83193
1.83544
1.83888
1.84213
1.84508
1.84763
1.84971
1.85128
1.85229
1.85272
1.85256
1.85179
1.85039
1.84836
1.84569
1.8424
1.83852
1.83416
1.82946
1.82468
1.82011
1.8161
1.81295
1.81089
1.80998
1.81013
1.81113
1.81271
1.81461
1.8166
1.81853
1.82028
1.82176
1.82287
1.82349
1.82345
1.82254
1.82049
1.81698
1.81173
1.80455
1.79556
1.78535
1.77515
1.76663
1.76136
1.76019
1.76298
1.76892
1.777
1.78625
1.79582
1.80497
1.81313
1.81994
1.82532
1.82935
1.83223
1.83419
1.83548
1.83628
1.83677
1.83708
1.83729
1.83748
1.8377
1.83796
1.83829
1.83869
1.83917
1.83969
1.84024
1.84077
1.84121
1.84148
1.84144
1.84091
1.83966
1.83739
1.83376
1.8284
1.82106
1.8118
1.80117
1.79045
1.78151
1.77628
1.77595
1.78047
1.78873
1.79909
1.80998
1.82017
1.82889
1.83572
1.8405
1.84326
1.84406
1.843
1.84015
1.83559
1.82939
1.82176
1.81305
1.80389
1.79522
1.78813
1.78362
1.78219
1.78366
1.78723
1.79186
1.79658
1.80076
1.80408
1.80649
1.80805
1.8089
1.80915
1.80888
1.80811
1.80681
1.80488
1.80214
1.7984
1.79346
1.78726
1.78004
1.77256
1.76608
1.76213
1.76184
1.76532
1.77156
1.77898
1.78612
1.79203
1.79636
1.79913
1.80058
1.80101
1.80069
1.79988
1.79875
1.79743
1.79599
1.79446
1.79285
1.79114
1.78932
1.78739
1.78538
1.78335
1.78141
1.77966
1.77824
1.77726
1.7768
1.77693
1.7777
1.77915
1.78128
1.78406
1.78739
1.79113
1.79505
1.79895
1.80257
1.80572
1.8082
1.80985
1.8105
1.81002
1.8083
1.80534
1.80128
1.79655
1.79183
1.78797
1.78576
1.78555
1.78714
1.78986
1.79288
1.79553
1.79748
1.79869
1.79939
1.79985
1.80035
1.80103
1.8019
1.80287
1.80377
1.8044
1.80456
1.80413
1.80304
1.80139
1.79945
1.79763
1.79648
1.79644
1.7977
1.80008
1.80307
1.80602
1.80833
1.80955
1.80946
1.80807
1.80553
1.80213
1.79821
1.7942
1.79052
1.78758
1.78573
1.78527
1.78633
1.78893
1.79289
1.79788
1.80348
1.80924
1.81477
1.81976
1.82403
1.82749
1.83012
1.83195
1.833
1.83331
1.83292
1.83186
1.83018
1.82792
1.82518
1.82209
1.81878
1.81544
1.81221
1.80925
1.80662
1.80436
1.80251
1.80106
1.80007
1.79958
1.79963
1.80022
1.80128
1.80264
1.80407
1.80529
1.80605
1.80614
1.80544
1.80396
1.80181
1.79914
1.7961
1.79272
1.78884
1.78422
1.77859
1.77188
1.76445
1.75712
1.75107
1.74747
1.74695
1.74935
1.75388
1.75957
1.7656
1.77149
1.77701
1.78205
1.78654
1.7904
1.79359
1.79607
1.79786
1.79901
1.79961
1.79978
1.79964
1.79929
1.79884
1.79836
1.79791
1.79755
1.7973
1.79718
1.79719
1.79733
1.7976
1.79799
1.79848
1.79905
1.79969
1.80037
1.80106
1.80173
1.80232
1.80279
1.80306
1.80305
1.80264
1.80168
1.80003
1.79749
1.7939
1.78913
1.78317
1.77615
1.76845
1.76062
1.75331
1.74711
1.74239
1.73928
1.73777
1.73778
1.73916
1.74171
1.7451
1.74896
1.75292
1.75672
1.7602
1.76329
1.766
1.76831
1.77023
1.77178
1.77293
1.77371
1.77411
1.77416
1.77388
1.77329
1.77243
1.77133
1.77004
1.7686
1.76708
1.76555
1.7641
1.76281
1.76175
1.76099
1.76056
1.76044
1.7606
1.76095
1.76134
1.76163
1.76165
1.76121
1.76019
1.75848
1.75608
1.75312
1.74987
1.74671
1.7441
1.74239
1.74175
1.74205
1.74295
1.74403
1.7449
1.74537
1.74544
1.74529
1.74517
1.74535
1.74594
1.74694
1.74817
1.74938
1.7503
1.7507
1.75043
1.74945
1.74779
1.74558
1.74302
1.74034
1.73777
1.7355
1.73366
1.73223
1.73108
1.73
1.72875
1.72719
1.72542
1.72383
1.72307
1.72381
1.72639
1.73058
1.73564
1.74059
1.74456
1.74709
1.74809
1.74784
1.74681
1.74553
1.74437
1.74352
1.74298
1.7426
1.74227
1.74195
1.74174
1.7418
1.74227
1.74317
1.74434
1.74544
1.74604
1.74573
1.74426
1.7416
1.73796
1.73381
1.72973
1.7263
1.72395
1.72287
1.72297
1.72397
1.72552
1.72737
1.72937
1.73152
1.73395
1.7368
1.74016
1.74406
1.74841
1.75308
1.75788
1.76266
1.76726
1.77157
1.77548
