0.793591
0.771664
0.735023
0.684817
0.62285
0.551887
0.47574
0.399174
0.3276
0.26639
0.21999
0.191083
0.180096
0.185261
0.203167
0.229574
0.260219
0.291388
0.320229
0.344826
0.364146
0.377894
0.386354
0.3902
0.390409
0.388079
0.384334
0.380247
0.376784
0.374673
0.374395
0.37617
0.379959
0.385542
0.392473
0.40027
0.408435
0.416505
0.42409
0.430852
0.436557
0.440984
0.443929
0.445242
0.444771
0.442432
0.438215
0.432313
0.425166
0.417447
0.41002
0.403799
0.399628
0.398176
0.399768
0.404319
0.411326
0.420039
0.429499
0.438713
0.446758
0.452924
0.456714
0.457878
0.456391
0.452503
0.44666
0.439486
0.431649
0.423769
0.416293
0.409431
0.40323
0.397621
0.392587
0.388269
0.384999
0.383229
0.383357
0.385461
0.389191
0.393785
0.398359
0.402279
0.405329
0.407655
0.409586
0.411398
0.413119
0.414556
0.415323
0.415056
0.413526
0.410694
0.406765
0.402046
0.396901
0.391643
0.386589
0.382022
0.378216
0.375436
0.373978
0.374064
0.375811
0.379186
0.384007
0.389921
0.396516
0.403358
0.410051
0.416317
0.422012
0.427055
0.431366
0.434853
0.437368
0.438758
0.438901
0.437706
0.435206
0.431618
0.427222
0.422432
0.417659
0.413298
0.409615
0.406725
0.404604
0.403133
0.402109
0.401315
0.40055
0.399732
0.398875
0.398156
0.397891
0.398441
0.400087
0.402955
0.406889
0.41143
0.415938
0.419683
0.42203
0.422556
0.421161
0.418099
0.413851
0.409046
0.404274
0.399883
0.396006
0.392504
0.389072
0.385449
0.381556
0.377586
0.373995
0.371449
0.370633
0.372066
0.375997
0.382355
0.390749
0.400578
0.41116
0.421803
0.431921
0.441057
0.44886
0.455139
0.459764
0.462656
0.463735
0.463023
0.460573
0.456522
0.451059
0.444413
0.436826
0.428468
0.419481
0.410018
0.400278
0.390579
0.381331
0.373018
0.366083
0.360877
0.357581
0.356193
0.356569
0.358462
0.36162
0.365811
0.370831
0.376501
0.382663
0.389159
0.395799
0.402411
0.408833
0.41493
0.420687
0.42613
0.431334
0.436356
0.441216
0.445842
0.450049
0.453556
0.45608
0.457319
0.457064
0.455115
0.451346
0.445741
0.438452
0.429876
0.420518
0.410973
0.401833
0.393581
0.386583
0.381095
0.37735
0.375618
0.376082
0.378717
0.383283
0.389289
0.39608
0.402994
0.409385
0.414711
0.41856
0.420638
0.420835
0.419219
0.416013
0.411564
0.406372
0.400972
0.39588
0.39149
0.388131
0.386039
0.385418
0.386411
0.389065
0.393325
0.39898
0.405593
0.41266
0.419675
0.426183
0.431853
0.436546
0.440282
0.443096
0.445039
0.446101
0.446187
0.445115
0.442704
0.438862
0.433678
0.427385
0.420401
0.413239
0.406366
0.400159
0.394856
0.39052
0.387034
0.384255
0.382022
0.380199
0.378803
0.377981
0.377969
0.379063
0.381505
0.385412
0.390674
0.396914
0.403607
0.410075
0.415609
0.419592
0.421653
0.421719
0.420081
0.4173
0.414023
0.410872
0.408269
0.40641
0.405284
0.404784
0.404758
0.405054
0.40555
0.406183
0.406965
0.407939
0.409154
0.41062
0.412296
0.414067
0.415667
0.416752
0.416943
0.415933
0.41352
0.409745
0.404961
0.399729
0.394768
0.3908
0.388385
0.387819
0.38912
0.391976
0.395861
0.400077
0.403937
0.406911
0.408713
0.409392
0.409278
0.408866
0.408659
0.409037
0.410172
0.4121
0.414706
0.417775
0.421009
0.424047
0.426493
0.427926
0.427939
0.426271
0.422896
0.418014
0.41213
0.405949
0.400339
0.396121
0.393945
0.394115
0.396556
0.400853
0.406295
0.412045
0.417261
0.421237
0.423436
0.423593
0.421701
0.418001
0.412871
0.406813
0.400285
0.393708
0.38748
0.381997
0.377732
0.375194
0.37484
0.376979
0.38169
0.388776
0.397759
0.407994
0.41869
0.428977
0.43802
0.445108
0.449707
0.451499
0.450441
0.446762
0.440963
0.433745
0.425908
0.418236
0.411372
0.405791
0.401762
0.399316
0.398322
0.398462
0.399307
0.400298
0.400856
0.400529
0.399081
0.396545
0.393172
0.389405
0.385749
0.382642
0.380444
0.379373
0.379537
0.381002
0.383768
0.38781
0.392995
0.39913
0.405953
0.413099
0.420156
0.426654
0.432124
0.436224
0.438692
0.439453
0.438588
0.436319
0.433009
0.429057
0.424917
0.421015
0.417712
0.415175
0.413442
0.412409
0.411812
0.411303
0.410469
0.408948
0.40648
0.403026
0.398731
0.393946
0.389248
0.385332
0.382878
0.382387
0.384059
0.387664
0.392618
0.39804
0.40304
0.406964
0.409533
0.41094
0.411785
0.412844
0.414781
0.417814
0.42171
0.425896
0.429712
0.43269
0.434593
0.435339
0.43501
0.433724
0.431553
0.428618
0.425099
0.421195
0.417215
0.413347
0.409732
0.406432
0.403506
0.401044
0.39919
0.398183
0.398331
0.399905
0.403043
0.407728
0.41367
0.420377
0.427159
0.433188
0.437731
0.440055
0.439618
0.436126
0.429608
0.420413
0.4092
0.39693
0.384783
0.373967
0.365609
0.360584
0.359432
0.362231
0.368521
0.377376
0.387521
0.397466
0.4058
0.411448
0.413863
0.413116
0.409853
0.405142
0.400216
0.396163
0.393767
0.393334
0.394737
0.397545
0.401091
0.404685
0.407737
0.409823
0.410782
0.410693
0.409856
0.408695
0.40767
0.40719
0.407533
0.408807
0.410956
0.413879
0.417411
0.42145
0.425885
0.430618
0.435504
0.440364
0.44493
0.448908
0.452043
0.454108
0.454852
0.45409
0.451696
0.447598
0.44186
0.434752
0.426719
0.418328
0.410061
0.402227
0.394889
0.387891
0.38104
0.374228
0.36753
0.361224
0.355708
0.351444
0.348865
0.348274
0.349802
0.353425
0.358996
0.366212
0.374745
0.384204
0.394159
0.404178
0.413844
0.422759
0.430555
0.436861
0.441384
0.443955
0.444509
0.443102
0.439846
0.434929
0.428617
0.421208
0.413103
0.404793
0.396828
0.389812
0.384374
0.380998
0.380079
0.381822
0.386139
0.392543
0.400224
0.408186
0.415499
0.421458
0.425686
0.428114
0.42889
0.428318
0.426725
0.424514
0.422078
0.419759
0.417874
0.416581
0.415855
0.415544
0.41547
0.415445
0.415344
0.415152
0.414874
0.414582
0.414391
0.414429
0.414765
0.415448
0.416411
0.417461
0.418265
0.418396
0.417458
0.415136
0.411282
0.405998
0.399633
0.392764
0.386114
0.380449
0.376441
0.374533
0.374885
0.377376
0.381647
0.387135
0.393167
0.39897
0.403733
0.406751
0.407561
0.406095
0.402747
0.398308
0.393832
0.390435
0.389044
0.390266
0.394256
0.400695
0.408911
0.417934
0.426747
0.434447
0.440402
0.444271
0.44604
0.445942
0.444352
0.44168
0.438236
0.434235
0.429748
0.424823
0.419545
0.414069
0.40865
0.403672
0.399592
0.396812
0.395605
0.396064
0.39804
0.401144
0.404808
0.408415
0.4114
0.413308
0.413901
0.413126
0.411092
0.408004
0.404141
0.399846
0.39548
0.391421
0.388002
0.385631
0.384666
0.385405
0.388072
0.392739
0.399291
0.407407
0.416516
0.425844
0.43455
0.441842
0.447136
0.450012
0.450196
0.447541
0.442057
0.433947
0.423725
0.412242
0.400685
0.390418
0.382791
0.378759
0.37876
0.382591
0.389507
0.398387
0.408035
0.417361
0.425496
0.431817
0.4359
0.437478
0.436422
0.43277
0.426783
0.41893
0.409905
0.400537
0.391682
0.38408
0.378258
0.374511
0.372927
0.373381
0.375592
0.379143
0.383554
0.38834
0.393118
0.397666
0.40194
0.406063
0.410164
0.414387
0.418768
0.423218
0.427506
0.431306
0.434258
0.436017
0.436257
0.434767
0.431466
0.426431
0.41991
0.412312
0.40421
0.396258
0.38916
0.383606
0.380167
0.379145
0.380454
0.383656
0.388004
0.392631
0.396767
0.399887
0.401817
0.402693
0.40289
0.402938
0.403404
0.404764
0.40729
0.410956
0.415491
0.420453
0.425351
0.429751
0.433325
0.435812
0.436999
0.43671
0.434757
0.4311
0.425812
0.419227
0.4119
0.404596
0.398233
0.393623
0.391375
0.391673
0.394222
0.398311
0.403061
0.407583
0.411183
0.413416
0.414131
0.413436
0.411597
0.408999
0.406045
0.403131
0.40056
0.398604
0.397495
0.397446
0.398571
0.40091
0.404316
0.40852
0.413065
0.417448
0.421106
0.42355
0.424475
0.423807
0.421717
0.418508
0.414555
0.410357
0.406467
0.403454
0.401794
0.401823
0.403583
0.406885
0.411281
0.416224
0.421138
0.42554
0.429047
0.431436
0.432662
0.43282
0.432106
0.43076
0.428895
0.42645
0.423325
0.419442
0.414828
0.409686
0.404401
0.399463
0.395279
0.392078
0.389882
0.388497
0.387621
0.387005
0.386503
0.386141
0.386046
0.386486
0.387732
0.389996
0.393369
0.397754
0.40287
0.408336
0.413717
0.418581
0.422526
0.425243
0.426512
0.426216
0.424389
0.421189
0.416881
0.411855
0.4066
0.401627
0.397405
0.394251
0.392359
0.391851
0.392759
0.395043
0.398626
0.403329
0.408876
0.414818
0.420608
0.425659
0.429413
0.431478
0.431654
0.430032
0.426888
0.422567
0.417492
0.412056
0.406622
0.401513
0.397039
0.393514
0.391183
0.390135
0.390287
0.39129
0.392623
0.393703
0.39396
0.392994
0.390702
0.387371
0.383668
0.380546
0.379054
0.380076
0.384166
0.391408
0.401359
0.413142
0.425568
0.437341
0.44725
0.454332
0.458061
0.458405
0.455771
0.450946
0.444869
0.438441
0.432385
0.427121
0.422824
0.419512
0.417141
0.415655
0.414968
0.414911
0.415174
0.415255
0.414613
0.412689
0.409091
0.403643
0.396471
0.387968
0.378833
0.369965
0.362273
0.356531
0.353277
0.352707
0.354807
0.359378
0.366116
0.37466
0.384642
0.395669
0.407342
0.419258
0.430935
0.441845
0.451353
0.458789
0.46356
0.465245
0.463638
0.458802
0.450999
0.440741
0.428694
0.415659
0.402591
0.390492
0.380369
0.373158
0.369567
0.369872
0.373861
0.380878
0.389954
0.400054
0.410199
0.419564
0.427455
0.43337
0.436979
0.438118
0.436863
0.43348
0.428391
0.422086
0.415071
0.407824
0.40085
0.394693
0.38983
0.386662
0.385401
0.386058
0.388461
0.392252
0.39705
0.402529
0.408467
0.414718
0.421172
0.427657
0.433883
0.80364
0.79837
0.783514
0.759356
0.726852
0.687809
0.644969
0.601697
0.561627
0.527906
0.502728
0.487123
0.481028
0.483499
0.492922
0.507186
0.523893
0.540717
0.555692
0.567385
0.574989
0.578161
0.577066
0.572252
0.564674
0.555634
0.54659
0.539038
0.534412
0.533825
0.537944
0.546768
0.559567
0.574976
0.591297
0.60685
0.620215
0.630398
0.637007
0.64022
0.640663
0.639227
0.636977
0.634867
0.633681
0.633827
0.63535
0.637878
0.640816
0.64336
0.644566
0.643462
0.639314
0.631839
0.621316
0.608621
0.595021
0.581859
0.570376
0.561523
0.555962
0.554053
0.556022
0.561892
0.571504
0.584283
0.599163
0.614631
0.628912
0.64034
0.647713
0.650488
0.648858
0.643687
0.636349
0.628378
0.621147
0.615645
0.612172
0.610516
0.610092
0.610173
0.610075
0.609316
0.607655
0.605056
0.60155
0.597263
0.592575
0.588203
0.585226
0.584708
0.58735
0.593088
0.600916
0.609131
0.61574
0.618918
0.617376
0.610568
0.598699
0.582658
0.563841
0.54402
0.525131
0.509081
0.497529
0.491731
0.492455
0.499852
0.513299
0.531607
0.553195
0.576379
0.599594
0.621482
0.640888
0.656884
0.668772
0.676016
0.67832
0.675737
0.668794
0.658441
0.646038
0.633107
0.621084
0.611021
0.603551
0.598956
0.597277
0.59835
0.60191
0.607407
0.614037
0.620815
0.626731
0.630893
0.632614
0.631445
0.627218
0.619977
0.610169
0.598618
0.586492
0.575147
0.565954
0.559887
0.557323
0.558052
0.561284
0.565905
0.570844
0.575403
0.579547
0.583812
0.588918
0.595274
0.602688
0.610428
0.617636
0.623795
0.629
0.633746
0.638668
0.644045
0.649728
0.655223
0.659898
0.663088
0.66433
0.663394
0.660162
0.654627
0.646808
0.636749
0.624593
0.610634
0.595386
0.579636
0.564429
0.550974
0.540403
0.53363
0.531242
0.533443
0.540101
0.550632
0.56396
0.578541
0.592484
0.603768
0.61057
0.611648
0.606702
0.59662
0.583404
0.569784
0.558701
0.552497
0.552437
0.558536
0.569734
0.584343
0.600409
0.616084
0.629816
0.640464
0.647506
0.651123
0.652038
0.651182
0.64935
0.647115
0.645037
0.643788
0.643924
0.645599
0.648191
0.650346
0.650469
0.647327
0.640556
0.630666
0.619017
0.607316
0.597152
0.589704
0.585607
0.584997
0.587576
0.59268
0.599298
0.606221
0.612178
0.616064
0.616983
0.614356
0.607988
0.598307
0.586281
0.573391
0.561424
0.552244
0.547478
0.548112
0.554242
0.564942
0.578404
0.592377
0.604693
0.613764
0.618768
0.619764
0.617453
0.612931
0.607381
0.601794
0.596815
0.592744
0.589609
0.587379
0.586046
0.585732
0.586574
0.588699
0.592137
0.596671
0.601826
0.606962
0.611441
0.614865
0.617185
0.618666
0.619794
0.620938
0.622081
0.622899
0.622953
0.622015
0.620189
0.617864
0.615568
0.613665
0.612375
0.611644
0.611275
0.610956
0.610361
0.609341
0.607881
0.606055
0.604026
0.601964
0.60006
0.598432
0.597074
0.595834
0.594473
0.592805
0.590782
0.588599
0.586597
0.584958
0.583632
0.582394
0.581037
0.579541
0.578151
0.577183
0.576916
0.577511
0.578937
0.581099
0.583908
0.58731
0.591163
0.595163
0.598751
0.601176
0.60168
0.599702
0.595044
0.58792
0.578915
0.56895
0.559154
0.550825
0.545281
0.543545
0.546151
0.553009
0.563524
0.57671
0.59142
0.606447
0.620738
0.63346
0.644128
0.652566
0.658769
0.662826
0.664827
0.664808
0.662795
0.658776
0.652803
0.645062
0.635946
0.626167
0.616729
0.608737
0.60316
0.600459
0.600371
0.602003
0.604135
0.605658
0.605889
0.604648
0.602131
0.598684
0.594681
0.590433
0.586198
0.582212
0.578776
0.576319
0.57536
0.576549
0.580521
0.587563
0.597382
0.608981
0.620781
0.631068
0.638353
0.641749
0.641121
0.63708
0.630654
0.623046
0.615188
0.607591
0.600354
0.593393
0.586686
0.580349
0.574646
0.56987
0.566172
0.563484
0.561682
0.560674
0.560558
0.561403
0.563184
0.56577
0.568909
0.572519
0.576669
0.581425
0.586778
0.592503
0.59819
0.603457
0.608135
0.612384
0.616634
0.621482
0.627354
0.634223
0.641591
0.648631
0.654378
0.657862
0.658194
0.654655
0.646854
0.634998
0.619963
0.603225
0.586706
0.572303
0.561745
0.556496
0.55766
0.56565
0.579854
0.598516
0.619084
0.638874
0.655705
0.668176
0.67558
0.677706
0.674686
0.666744
0.65419
0.637502
0.617513
0.59563
0.573787
0.554336
0.539432
0.530634
0.528643
0.533212
0.543415
0.55774
0.574233
0.590727
0.605037
0.615214
0.619948
0.618759
0.612008
0.600937
0.587519
0.574154
0.563343
0.557112
0.556492
0.561381
0.570651
0.582665
0.595786
0.608736
0.620699
0.631334
0.64068
0.648936
0.656298
0.662664
0.667526
0.670104
0.669555
0.665196
0.656868
0.644931
0.630299
0.614287
0.598502
0.584692
0.57456
0.56951
0.570338
0.577006
0.588527
0.603084
0.618245
0.631442
0.640455
0.643834
0.641166
0.633075
0.620974
0.606801
0.592622
0.580323
0.571302
0.566188
0.564896
0.566895
0.571589
0.578415
0.586968
0.596773
0.607057
0.616752
0.624649
0.629577
0.630714
0.627775
0.621132
0.611743
0.601097
0.590888
0.582818
0.578105
0.577101
0.579247
0.583405
0.588176
0.592188
0.594291
0.593744
0.590339
0.584385
0.576659
0.568227
0.560204
0.553538
0.549001
0.547281
0.548959
0.554366
0.563421
0.575382
0.588998
0.602856
0.615874
0.627629
0.638329
0.648356
0.657614
0.665376
0.670626
0.672615
0.671068
0.666171
0.65838
0.64831
0.636578
0.623974
0.611227
0.599034
0.587936
0.57841
0.570968
0.566148
0.564498
0.566415
0.571896
0.580448
0.59109
0.602423
0.612921
0.62104
0.625492
0.625444
0.620705
0.611784
0.599849
0.586494
0.573508
0.56251
0.55476
0.55096
0.551252
0.555419
0.563084
0.573807
0.586938
0.601507
0.616144
0.62918
0.639011
0.644436
0.644937
0.640755
0.632834
0.622682
0.611904
0.601926
0.593795
0.588025
0.584632
0.583311
0.583596
0.58501
0.587207
0.589927
0.59298
0.596183
0.599289
0.602038
0.604146
0.605437
0.605814
0.605286
0.603858
0.601632
0.59882
0.59564
0.59234
0.589178
0.586389
0.58418
0.582755
0.58236
0.583231
0.58557
0.589323
0.594198
0.599615
0.604888
0.609511
0.613383
0.616834
0.620468
0.624834
0.630013
0.635418
0.640108
0.6431
0.643744
0.641957
0.637932
0.631732
0.623224
0.612334
0.599421
0.585382
0.571412
0.558641
0.547991
0.540175
0.535726
0.534988
0.537996
0.544497
0.553944
0.565617
0.578685
0.592241
0.605294
0.616876
0.626296
0.633314
0.638035
0.640733
0.641585
0.640604
0.637736
0.633032
0.626875
0.620084
0.613729
0.608926
0.60651
0.606775
0.609393
0.613495
0.617981
0.621863
0.62457
0.626057
0.626648
0.626822
0.626911
0.626952
0.626662
0.625491
0.622756
0.61787
0.610566
0.601032
0.589943
0.578404
0.567755
0.559248
0.553814
0.551869
0.553345
0.557762
0.564416
0.572532
0.581322
0.590018
0.597912
0.604379
0.608882
0.611091
0.610949
0.608641
0.604566
0.599255
0.593292
0.587268
0.581633
0.576736
0.572727
0.569641
0.567582
0.566892
0.568106
0.571688
0.577618
0.585205
0.593237
0.600342
0.605426
0.607905
0.607769
0.605458
0.601648
0.597066
0.592316
0.587784
0.583796
0.580752
0.579066
0.579209
0.581491
0.585889
0.591949
0.598895
0.605826
0.611942
0.616774
0.620184
0.622341
0.623638
0.624382
0.624728
0.624605
0.623788
0.622031
0.619306
0.615919
0.612399
0.609392
0.60743
0.606712
0.606971
0.607565
0.607682
0.606595
0.603952
0.599896
0.595076
0.590412
0.586885
0.585293
0.586021
0.588925
0.593446
0.598694
0.603674
0.607471
0.609381
0.609016
0.606318
0.60157
0.59539
0.588635
0.582277
0.57724
0.574282
0.573751
0.575548
0.579227
0.584076
0.589308
0.594258
0.598413
0.601441
0.603105
0.603252
0.601756
0.598582
0.593752
0.587489
0.580282
0.572848
0.566068
0.560729
0.55733
0.556033
0.556728
0.559257
0.563558
0.569714
0.577739
0.587467
0.598356
0.609451
0.619663
0.628023
0.633868
0.637109
0.638147
0.63786
0.637342
0.63758
0.639094
0.641786
0.644969
0.64772
0.649322
0.649493
0.648436
0.646675
0.644713
0.642874
0.641062
0.638755
0.635063
0.62899
0.619874
0.607752
0.593497
0.578611
0.564962
0.554427
0.548416
0.547576
0.551704
0.559676
0.569676
0.579594
0.587513
0.592013
0.592395
0.588698
0.581629
0.572327
0.562082
0.55208
0.543293
0.536406
0.531933
0.530295
0.531791
0.536531
0.544283
0.554387
0.56589
0.577809
0.589316
0.599946
0.60954
0.618179
0.626111
0.633638
0.640921
0.647899
0.654277
0.659489
0.662814
0.663563
0.661224
0.655448
0.646094
0.633331
0.617799
0.600703
0.583949
0.569836
0.560604
0.557727
0.561607
0.571591
0.586283
0.603887
0.622509
0.64032
0.655728
0.667485
0.674841
0.677517
0.675662
0.669755
0.660572
0.649202
0.636871
0.624876
0.614331
0.605939
0.599763
0.595272
0.591576
0.587784
0.583301
0.577847
0.571418
0.564172
0.556266
0.547821
0.539007
0.529997
0.521001
0.512192
0.50363
0.495433
0.488065
0.482621
0.480765
0.484221
0.494108
0.510432
0.531991
0.556677
0.581945
0.605462
0.62548
0.641012
0.651808
0.658215
0.660902
0.660719
0.658537
0.655139
0.6511
0.646772
0.642183
0.637078
0.631083
0.623963
0.615882
0.60745
0.599584
0.593221
0.589081
0.587456
0.588217
0.590866
0.594636
0.598738
0.602487
0.605393
0.60733
0.608506
0.609372
0.610344
0.611675
0.613322
0.614973
0.616157
0.616477
0.615665
0.613682
0.610739
0.607317
0.60418
0.602176
0.602066
0.60416
0.608154
0.613112
0.617715
0.620669
0.621074
0.618683
0.613777
0.607164
0.59985
0.592841
0.587021
0.582998
0.581015
0.580959
0.582416
0.584754
0.587276
0.589239
0.590023
0.589232
0.586828
0.583214
0.579091
0.575342
0.572803
0.57209
0.573515
0.577076
0.582387
0.588704
0.594972
0.803072
0.798745
0.786499
0.767203
0.742753
0.715817
0.689336
0.665832
0.646899
0.633142
0.624402
0.62021
0.620253
0.624362
0.632379
0.644067
0.658959
0.676263
0.694925
0.713609
0.730775
0.744809
0.754249
0.758016
0.755577
0.747015
0.733075
0.715238
0.695642
0.676888
0.661675
0.652348
0.650322
0.655723
0.667384
0.683172
0.700489
0.71686
0.730279
0.739418
0.743617
0.742877
0.737797
0.729391
0.719007
0.708123
0.698456
0.691775
0.689632
0.692958
0.701735
0.71495
0.730823
0.74723
0.762155
0.774047
0.781883
0.785243
0.784155
0.779078
0.770858
0.760606
0.749432
0.738216
0.727416
0.717108
0.707223
0.697781
0.688985
0.681243
0.674971
0.670614
0.668483
0.668635
0.670726
0.674093
0.677776
0.680778
0.68229
0.681897
0.679601
0.675812
0.671182
0.666403
0.662045
0.658425
0.655661
0.65377
0.652821
0.652957
0.654467
0.657819
0.663579
0.67224
0.68403
0.698719
0.715648
0.733767
0.751777
0.768335
0.782153
0.792239
0.798086
0.799726
0.797759
0.793044
0.786439
0.778631
0.770022
0.760809
0.751102
0.740976
0.730532
0.719819
0.7088
0.69755
0.686249
0.675217
0.664941
0.656028
0.649033
0.644303
0.64187
0.6414
0.642334
0.644151
0.646536
0.649621
0.654053
0.660801
0.670836
0.684695
0.702085
0.721994
0.742885
0.762985
0.780532
0.793711
0.800766
0.800111
0.790622
0.771851
0.744596
0.711052
0.674967
0.641375
0.615439
0.600884
0.598927
0.608253
0.62608
0.648999
0.673711
0.697578
0.71889
0.736759
0.75084
0.760821
0.766233
0.766754
0.762702
0.755287
0.746452
0.738107
0.731415
0.726628
0.723279
0.720587
0.717705
0.713897
0.708549
0.701257
0.691873
0.680544
0.667812
0.654764
0.642998
0.634344
0.630485
0.632493
0.640543
0.653712
0.670227
0.687971
0.704952
0.719689
0.731357
0.73968
0.744747
0.746807
0.746222
0.743435
0.738965
0.733257
0.726646
0.719361
0.711657
0.703999
0.697022
0.691509
0.688118
0.687279
0.68924
0.694138
0.701869
0.711824
0.723065
0.734385
0.744768
0.753535
0.76048
0.765502
0.768212
0.767789
0.763295
0.754202
0.740965
0.725151
0.709251
0.695882
0.687033
0.683481
0.684742
0.689369
0.695352
0.70071
0.704013
0.704824
0.703658
0.701782
0.700551
0.700852
0.702777
0.705696
0.708616
0.710549
0.71094
0.709891
0.707965
0.705839
0.704022
0.702604
0.701253
0.699516
0.696943
0.693351
0.688913
0.684123
0.679761
0.676665
0.67554
0.676892
0.680845
0.68699
0.694373
0.701619
0.707294
0.710296
0.710142
0.707139
0.702356
0.69728
0.693401
0.691876
0.69335
0.697989
0.7056
0.715737
0.727699
0.74049
0.752878
0.763513
0.771178
0.775049
0.774817
0.77067
0.763201
0.753352
0.742333
0.731599
0.72264
0.716631
0.714023
0.714381
0.716349
0.718176
0.71832
0.71584
0.710474
0.702479
0.69256
0.681856
0.671967
0.664668
0.661375
0.662503
0.66718
0.673804
0.680798
0.687203
0.69278
0.697779
0.702631
0.707493
0.711908
0.71484
0.715207
0.712448
0.706926
0.699893
0.693012
0.68761
0.68433
0.683236
0.68418
0.686996
0.69142
0.696952
0.702885
0.708556
0.713547
0.717649
0.720856
0.723211
0.724654
0.725005
0.723996
0.721412
0.717145
0.711477
0.70526
0.699836
0.69659
0.696413
0.699238
0.703911
0.708633
0.711672
0.711848
0.708866
0.703145
0.69565
0.687517
0.679814
0.673306
0.668485
0.665739
0.665564
0.668524
0.675053
0.685288
0.698781
0.714442
0.730759
0.745974
0.758279
0.766118
0.768549
0.765582
0.758382
0.748999
0.739672
0.732125
0.72738
0.725853
0.727457
0.731569
0.736957
0.741887
0.744445
0.742903
0.736129
0.723776
0.706521
0.686303
0.666517
0.651929
0.647309
0.654782
0.672103
0.69425
0.71624
0.734746
0.748
0.755213
0.75626
0.751691
0.742736
0.731311
0.719944
0.711153
0.706915
0.708024
0.713781
0.722309
0.731109
0.737702
0.74021
0.737624
0.729959
0.718198
0.70403
0.689465
0.6765
0.666828
0.661707
0.66172
0.666763
0.676025
0.688095
0.701327
0.7142
0.725876
0.73642
0.746433
0.756105
0.76437
0.769156
0.768367
0.760889
0.747096
0.728736
0.708495
0.689334
0.673818
0.663437
0.658356
0.657555
0.659492
0.662964
0.667684
0.674171
0.683005
0.694122
0.706578
0.718946
0.729601
0.736844
0.7392
0.73612
0.728418
0.717953
0.706876
0.697
0.68937
0.684236
0.681348
0.680345
0.681172
0.684056
0.689255
0.696701
0.705781
0.71535
0.724153
0.731156
0.735917
0.738611
0.739791
0.73993
0.739122
0.736981
0.732946
0.726846
0.719328
0.711737
0.705626
0.702114
0.701665
0.704179
0.70921
0.71622
0.724621
0.733768
0.742935
0.75122
0.75775
0.761659
0.762281
0.759135
0.752096
0.741544
0.72839
0.71422
0.70122
0.691699
0.687094
0.687173
0.690238
0.694155
0.697415
0.699493
0.700632
0.701473
0.702764
0.70502
0.708376
0.712534
0.716804
0.720295
0.722101
0.721466
0.717984
0.711617
0.702707
0.691876
0.67992
0.66761
0.655624
0.644696
0.635648
0.629463
0.627065
0.629108
0.635596
0.645858
0.65869
0.67268
0.686554
0.699401
0.710754
0.720506
0.72876
0.735549
0.740727
0.743886
0.744474
0.742122
0.736813
0.729078
0.71996
0.710929
0.703784
0.700225
0.701391
0.707347
0.717053
0.728697
0.740256
0.749909
0.756349
0.758796
0.756977
0.751143
0.741964
0.730435
0.717486
0.70381
0.689989
0.676672
0.664756
0.65527
0.649026
0.646382
0.647147
0.650762
0.656559
0.663846
0.672147
0.681248
0.691184
0.702067
0.713792
0.725888
0.737503
0.747545
0.754912
0.758734
0.758464
0.75401
0.745714
0.734347
0.721079
0.70747
0.695278
0.686238
0.681614
0.681801
0.686267
0.69381
0.702971
0.712285
0.720456
0.726525
0.729932
0.730527
0.728471
0.724171
0.718128
0.710897
0.703021
0.695046
0.687424
0.680587
0.674958
0.671035
0.669426
0.670595
0.67451
0.680593
0.687936
0.695727
0.70347
0.711004
0.718332
0.725474
0.732345
0.738666
0.744002
0.747733
0.749157
0.747704
0.743153
0.735833
0.726757
0.717527
0.709886
0.705231
0.7041
0.705964
0.709496
0.713148
0.715598
0.716062
0.714354
0.710741
0.705817
0.700352
0.695136
0.69092
0.688378
0.687952
0.689864
0.693905
0.699458
0.705679
0.711724
0.716831
0.720355
0.721867
0.72121
0.718516
0.714132
0.708567
0.702441
0.696548
0.691777
0.689092
0.689355
0.693032
0.700063
0.709687
0.720363
0.729996
0.73651
0.738387
0.73521
0.727634
0.717074
0.705177
0.693445
0.683073
0.675059
0.670239
0.669356
0.672851
0.680457
0.691178
0.703382
0.71531
0.725417
0.732684
0.736959
0.738792
0.739124
0.738779
0.738099
0.736806
0.734239
0.729846
0.723568
0.716003
0.708279
0.701769
0.697804
0.697241
0.700274
0.706396
0.714494
0.723187
0.731144
0.73719
0.740366
0.739808
0.734985
0.726257
0.714952
0.703145
0.692842
0.685204
0.680321
0.67789
0.677829
0.680449
0.685958
0.693977
0.703354
0.712438
0.719624
0.723754
0.72438
0.721731
0.71662
0.710267
0.703929
0.698602
0.694791
0.692539
0.691644
0.691706
0.692411
0.693482
0.694611
0.695393
0.695318
0.693939
0.690939
0.686314
0.68036
0.673729
0.667436
0.662792
0.661185
0.663753
0.670982
0.682415
0.696753
0.712273
0.727252
0.740294
0.750466
0.757214
0.760342
0.760005
0.756675
0.751222
0.744887
0.739131
0.735369
0.734427
0.73621
0.739591
0.742724
0.7437
0.741142
0.734544
0.724298
0.711567
0.698161
0.686165
0.677447
0.673079
0.672976
0.676125
0.681043
0.686243
0.690508
0.692916
0.692856
0.690146
0.685168
0.678909
0.672838
0.668659
0.667805
0.671064
0.678332
0.688674
0.700388
0.711515
0.720224
0.725062
0.72523
0.720766
0.712518
0.70188
0.690523
0.680037
0.671652
0.666005
0.663148
0.662618
0.663756
0.665929
0.668776
0.672202
0.676326
0.681355
0.68751
0.694936
0.703606
0.713403
0.724124
0.735503
0.74709
0.758213
0.767982
0.775533
0.780034
0.780866
0.777711
0.770515
0.759589
0.745561
0.729521
0.713074
0.698101
0.686518
0.679901
0.679187
0.684263
0.693651
0.704736
0.714734
0.721702
0.725165
0.726011
0.725815
0.726048
0.727688
0.730951
0.735398
0.740227
0.744448
0.747153
0.747579
0.745157
0.73956
0.730786
0.719193
0.705514
0.690665
0.675767
0.662066
0.650779
0.642882
0.638912
0.638945
0.642613
0.649361
0.658446
0.668859
0.679484
0.689348
0.697902
0.704968
0.710457
0.714135
0.715693
0.715018
0.712376
0.708512
0.704448
0.701314
0.700078
0.70123
0.704742
0.710077
0.716326
0.722483
0.727668
0.731294
0.733237
0.733614
0.732628
0.730412
0.726956
0.722226
0.716349
0.709719
0.703005
0.696904
0.69206
0.68889
0.687569
0.688145
0.690624
0.694987
0.701174
0.70888
0.717527
0.726296
0.734349
0.740984
0.745628
0.747816
0.747159
0.743403
0.736537
0.726813
0.714802
0.701268
0.687072
0.673075
0.660151
0.649039
0.64032
0.63454
0.632032
0.633027
0.637559
0.645523
0.6565
0.669869
0.684803
0.700414
0.715803
0.730073
0.742456
0.752325
0.759278
0.763206
0.764285
0.76289
0.759435
0.75435
0.747886
0.740072
0.730698
0.719536
0.706424
0.691387
0.67476
0.657207
0.639684
0.623419
0.609701
0.599675
0.594231
0.593965
0.599241
0.610128
0.626353
0.647274
0.671894
0.69887
0.726612
0.753483
0.777815
0.798072
0.812991
0.821827
0.824442
0.821451
0.814123
0.804088
0.792734
0.780767
0.768275
0.755153
0.741884
0.7295
0.719099
0.711069
0.704788
0.699101
0.69284
0.685318
0.676459
0.666771
0.657095
0.648376
0.641528
0.637445
0.636926
0.640667
0.649076
0.66203
0.678763
0.697901
0.717854
0.737164
0.754752
0.769748
0.781372
0.788891
0.791819
0.790104
0.784133
0.774592
0.762356
0.748255
0.733242
0.718306
0.704464
0.692641
0.683382
0.676648
0.672004
0.66884
0.796323
0.78978
0.780688
0.76946
0.756585
0.742747
0.729022
0.716948
0.708365
0.704852
0.706984
0.714124
0.724785
0.737174
0.74949
0.760207
0.768204
0.772957
0.774534
0.773333
0.769843
0.764625
0.758441
0.752502
0.748399
0.748123
0.75347
0.765126
0.781928
0.800809
0.817811
0.829426
0.833636
0.830262
0.820659
0.807118
0.79214
0.777754
0.765179
0.754861
0.746752
0.740715
0.736699
0.734781
0.735241
0.738465
0.74488
0.75462
0.767203
0.781619
0.796507
0.810407
0.821939
0.829947
0.833519
0.83218
0.826064
0.816115
0.804008
0.791779
0.781182
0.773118
0.767329
0.762567
0.757125
0.749507
0.738978
0.726003
0.712226
0.700259
0.693144
0.693486
0.702509
0.71962
0.742548
0.768159
0.793372
0.815815
0.834004
0.847315
0.855902
0.860418
0.861844
0.861035
0.858227
0.853188
0.845378
0.834273
0.819611
0.801748
0.781744
0.761427
0.743221
0.729732
0.723023
0.723985
0.732017
0.745213
0.760959
0.776682
0.790267
0.800249
0.80576
0.806538
0.802917
0.796004
0.787527
0.779443
0.773276
0.769623
0.767958
0.76702
0.765674
0.763637
0.76173
0.761353
0.763334
0.767236
0.771533
0.77458
0.775345
0.773669
0.770244
0.766229
0.762844
0.761086
0.761437
0.763995
0.768424
0.774179
0.780387
0.786136
0.790513
0.792694
0.792161
0.788865
0.783252
0.776207
0.768773
0.761907
0.756323
0.752424
0.750509
0.750865
0.753777
0.759301
0.767025
0.776102
0.78547
0.794256
0.802063
0.808932
0.815128
0.820735
0.825406
0.828339
0.828673
0.82588
0.820023
0.811611
0.801492
0.790548
0.779376
0.768524
0.758484
0.749791
0.743089
0.738871
0.737394
0.738535
0.741782
0.746507
0.752076
0.75795
0.763421
0.767574
0.769305
0.767625
0.762015
0.752918
0.741981
0.731936
0.725997
0.72694
0.735693
0.750746
0.76882
0.78659
0.802038
0.814803
0.825702
0.835774
0.845375
0.853611
0.858694
0.858808
0.852815
0.840877
0.824503
0.806074
0.788431
0.774267
0.765679
0.763692
0.768099
0.777483
0.789449
0.801145
0.809984
0.814347
0.81404
0.810305
0.805273
0.800966
0.798556
0.797885
0.797457
0.795191
0.789349
0.77956
0.766871
0.753132
0.740259
0.730013
0.724412
0.725436
0.733933
0.748644
0.766366
0.783244
0.796128
0.803571
0.805849
0.804276
0.800501
0.795969
0.791611
0.7878
0.784672
0.782264
0.780673
0.780005
0.780172
0.780608
0.780314
0.778231
0.774024
0.768537
0.763612
0.761005
0.76132
0.763781
0.76685
0.769214
0.770341
0.770322
0.769653
0.768799
0.767971
0.766952
0.765302
0.762698
0.759419
0.756663
0.756116
0.759183
0.766475
0.77768
0.791738
0.80703
0.821596
0.833363
0.840435
0.841582
0.836537
0.826061
0.811855
0.796355
0.782158
0.771215
0.764426
0.761743
0.762873
0.767456
0.774695
0.782946
0.789878
0.793126
0.791238
0.784035
0.772688
0.759314
0.746393
0.736183
0.730152
0.728751
0.731478
0.737223
0.744747
0.752993
0.761244
0.76903
0.775958
0.781691
0.785944
0.788462
0.789128
0.788092
0.785942
0.783678
0.782463
0.783252
0.786345
0.791243
0.796925
0.802271
0.806381
0.808681
0.808779
0.806463
0.80194
0.79581
0.789067
0.783092
0.779374
0.779045
0.782465
0.788913
0.796708
0.803646
0.807618
0.807099
0.8015
0.791138
0.777078
0.760844
0.74407
0.728275
0.71465
0.704079
0.697146
0.694227
0.695567
0.701405
0.711872
0.726853
0.745729
0.767214
0.789318
0.809579
0.825548
0.835343
0.838088
0.834117
0.824857
0.812328
0.798604
0.785463
0.774289
0.766091
0.761548
0.760703
0.762959
0.767208
0.77216
0.776603
0.779529
0.779935
0.776987
0.770243
0.760067
0.747957
0.73651
0.728641
0.726446
0.730292
0.738913
0.75029
0.762379
0.773556
0.782701
0.789324
0.79357
0.796204
0.798291
0.800952
0.804923
0.810484
0.817526
0.825588
0.833733
0.840508
0.844212
0.843395
0.837307
0.82605
0.810338
0.791214
0.769838
0.747621
0.726325
0.708165
0.695539
0.690555
0.694319
0.706681
0.726308
0.750948
0.777751
0.803402
0.824647
0.838928
0.844986
0.843051
0.834692
0.822301
0.80838
0.795028
0.783624
0.774681
0.767995
0.762744
0.757808
0.752232
0.74578
0.739165
0.733862
0.731538
0.733252
0.73892
0.747502
0.75776
0.768662
0.779261
0.788338
0.794369
0.796074
0.793006
0.785601
0.774973
0.762686
0.750621
0.740828
0.735258
0.735248
0.741144
0.752243
0.767106
0.784147
0.801916
0.818992
0.833851
0.844881
0.850879
0.851511
0.847428
0.839903
0.830529
0.82079
0.811806
0.804137
0.79765
0.79156
0.784744
0.776025
0.764707
0.750814
0.735342
0.720187
0.708007
0.701639
0.703387
0.714315
0.733659
0.759015
0.786948
0.813804
0.836256
0.851748
0.858745
0.857098
0.848189
0.834739
0.820073
0.806999
0.797003
0.790307
0.786399
0.784624
0.784266
0.784323
0.783555
0.7808
0.775407
0.767566
0.758459
0.750075
0.744683
0.743863
0.747978
0.756378
0.767909
0.781148
0.794478
0.80622
0.814919
0.819444
0.819119
0.813686
0.803476
0.789439
0.773101
0.756246
0.740646
0.727949
0.719599
0.716835
0.720626
0.731238
0.748016
0.769298
0.792739
0.815836
0.836398
0.852724
0.863707
0.868685
0.867441
0.860036
0.846819
0.828403
0.805742
0.780147
0.753147
0.726607
0.702918
0.684856
0.675048
0.675194
0.685431
0.704328
0.729414
0.757749
0.786444
0.812883
0.834973
0.851121
0.86017
0.861403
0.854838
0.841661
0.824533
0.807295
0.793848
0.78655
0.785169
0.787279
0.789705
0.789915
0.786733
0.780559
0.773092
0.76658
0.762843
0.762366
0.764431
0.767791
0.771352
0.774438
0.776797
0.778363
0.779307
0.780075
0.781302
0.783393
0.786243
0.789151
0.791167
0.791475
0.789776
0.78646
0.782429
0.778799
0.77626
0.774683
0.773141
0.770439
0.765738
0.759002
0.751049
0.743456
0.738148
0.73693
0.740752
0.749231
0.760634
0.772442
0.782145
0.78795
0.789218
0.786445
0.780988
0.77447
0.768325
0.763377
0.759783
0.757281
0.755537
0.754361
0.753689
0.753636
0.754404
0.756179
0.759229
0.763909
0.770743
0.780345
0.793177
0.809141
0.827242
0.845407
0.860883
0.870807
0.872933
0.866261
0.851168
0.829461
0.804124
0.778722
0.756713
0.74055
0.731384
0.729153
0.733032
0.741776
0.753812
0.767072
0.779225
0.788041
0.79201
0.790752
0.785126
0.777062
0.769074
0.763586
0.762242
0.76561
0.773044
0.78297
0.793444
0.802572
0.809011
0.812176
0.812234
0.809854
0.805987
0.801397
0.796569
0.791855
0.78753
0.7839
0.781311
0.779995
0.779719
0.779689
0.778609
0.775183
0.768794
0.760052
0.750857
0.743782
0.741101
0.743857
0.751531
0.76241
0.774311
0.785222
0.793613
0.798663
0.800371
0.799421
0.79686
0.793873
0.791385
0.789747
0.788751
0.787837
0.78642
0.784174
0.781103
0.777458
0.773439
0.768977
0.763838
0.757835
0.75111
0.744219
0.738143
0.734118
0.733378
0.736721
0.744313
0.755588
0.769394
0.784254
0.798668
0.811328
0.821176
0.827418
0.829599
0.827668
0.822194
0.814358
0.805802
0.798206
0.792961
0.79097
0.792373
0.796375
0.801265
0.804964
0.806002
0.804323
0.801197
0.798492
0.797556
0.798423
0.799885
0.800056
0.797187
0.790328
0.779625
0.766256
0.75221
0.739918
0.731749
0.729612
0.734262
0.744791
0.758607
0.7723
0.782894
0.788881
0.790389
0.788942
0.786722
0.785625
0.786567
0.789232
0.792483
0.794827
0.795145
0.792858
0.788106
0.781533
0.773998
0.766255
0.758895
0.752465
0.747592
0.744983
0.745159
0.748299
0.754045
0.76154
0.769616
0.777275
0.783913
0.789564
0.79463
0.79964
0.804976
0.810515
0.815398
0.818216
0.8173
0.811566
0.801075
0.787037
0.771605
0.757524
0.747535
0.743887
0.747744
0.75886
0.77565
0.795544
0.815641
0.833186
0.845978
0.852496
0.852156
0.845115
0.832255
0.815023
0.795506
0.7763
0.760227
0.749674
0.745704
0.747774
0.754102
0.762534
0.771173
0.778574
0.7836
0.785268
0.78293
0.776439
0.76611
0.752611
0.736896
0.720174
0.703863
0.6895
0.678432
0.671555
0.669106
0.670702
0.675743
0.683974
0.695753
0.711907
0.733289
0.760039
0.791073
0.82413
0.856346
0.884938
0.90787
0.924036
0.933011
0.934639
0.928879
0.915994
0.896737
0.872595
0.845726
0.818555
0.793391
0.771931
0.754951
0.74233
0.73326
0.72657
0.721048
0.715754
0.710273
0.704905
0.700622
0.698929
0.70138
0.708912
0.72138
0.73755
0.755567
0.773593
0.790228
0.804712
0.816738
0.826179
0.833025
0.837249
0.838913
0.838118
0.834944
0.829443
0.821604
0.81139
0.79893
0.784648
0.769465
0.754841
0.742582
0.734471
0.731866
0.735361
0.74445
0.75775
0.773231
0.78869
0.802097
0.811657
0.815957
0.814057
0.805801
0.791991
0.774273
0.754802
0.735828
0.719499
0.707741
0.702076
0.703269
0.711099
0.724471
0.741746
0.76128
0.781701
0.801842
0.820707
0.837093
0.849617
0.856997
0.858361
0.853678
0.843902
0.830601
0.815589
0.800295
0.785372
0.770762
0.755981
0.740769
0.725657
0.712286
0.703084
0.70061
0.706573
0.721003
0.742088
0.766483
0.790297
0.8099
0.822611
0.827081
0.823341
0.812726
0.797632
0.781025
0.765833
0.754472
0.748333
0.747597
0.751319
0.757759
0.764935
0.771294
0.776115
0.779643
0.782735
0.786387
0.791174
0.796982
0.803258
0.809344
0.814887
0.819901
0.824609
0.829025
0.832614
0.834248
0.832518
0.826245
0.814882
0.798899
0.779699
0.759367
0.740162
0.724013
0.712388
0.706218
0.706067
0.712135
0.7242
0.741532
0.762768
0.785946
0.808776
0.828944
0.844518
0.854324
0.857907
0.855499
0.847803
0.835787
0.82049
0.802911
0.783939
0.764372
0.745001
0.726606
0.70995
0.695899
0.685303
0.678955
0.677384
0.680784
0.688838
0.700698
0.715199
0.731075
0.747254
0.763038
0.777958
0.791543
0.803151
0.811891
0.816867
0.817392
0.795845
0.788279
0.778956
0.770058
0.763803
0.761884
0.764913
0.772464
0.783355
0.796064
0.808956
0.82053
0.829532
0.834983
0.836153
0.832753
0.824916
0.813247
0.798804
0.783112
0.767954
0.755335
0.747102
0.744482
0.747848
0.756538
0.768967
0.782833
0.795523
0.804569
0.808094
0.805214
0.796052
0.781731
0.763945
0.744475
0.724773
0.705781
0.688237
0.672852
0.660257
0.65091
0.644906
0.641992
0.641727
0.643666
0.647563
0.653481
0.661798
0.672991
0.687219
0.704088
0.722688
0.741766
0.760109
0.776904
0.792038
0.80595
0.818988
0.830744
0.839927
0.845036
0.845327
0.841215
0.834123
0.825713
0.81715
0.808986
0.801336
0.794357
0.788312
0.783406
0.779744
0.777352
0.776282
0.776481
0.777593
0.778799
0.778922
0.776866
0.772251
0.765657
0.758615
0.752999
0.750346
0.751274
0.755281
0.760969
0.766532
0.770369
0.771591
0.77027
0.767434
0.764596
0.763258
0.764346
0.768012
0.773605
0.779955
0.785665
0.789292
0.78961
0.785696
0.777127
0.764143
0.747939
0.730881
0.716163
0.706732
0.704072
0.707592
0.7152
0.724454
0.733658
0.742108
0.749868
0.757394
0.765175
0.773508
0.782521
0.792124
0.801987
0.811615
0.820295
0.827231
0.831644
0.832864
0.830604
0.825109
0.817176
0.808136
0.799232
0.791305
0.784723
0.779522
0.775703
0.773195
0.771753
0.77072
0.769194
0.766302
0.761487
0.754774
0.746867
0.738988
0.732547
0.728884
0.729071
0.733679
0.74251
0.754413
0.767317
0.77858
0.785556
0.786222
0.779857
0.767722
0.752998
0.739627
0.730354
0.72575
0.724659
0.725543
0.727336
0.729803
0.733362
0.738646
0.745961
0.754864
0.764252
0.772836
0.779841
0.785447
0.790713
0.797213
0.806158
0.81793
0.831802
0.846161
0.858992
0.868438
0.873123
0.872396
0.866358
0.85574
0.841798
0.826124
0.810414
0.796021
0.783625
0.77309
0.763668
0.754313
0.744074
0.732379
0.71909
0.704458
0.689019
0.673545
0.659076
0.646964
0.638803
0.636029
0.639518
0.649187
0.663965
0.68212
0.701692
0.720989
0.738682
0.753801
0.765602
0.773475
0.777127
0.776813
0.773382
0.768332
0.763484
0.760489
0.76036
0.763193
0.768241
0.774557
0.781473
0.788853
0.796879
0.805545
0.81434
0.822201
0.828025
0.831224
0.831864
0.830481
0.827757
0.824181
0.819991
0.815267
0.810014
0.804293
0.79813
0.791451
0.783951
0.775138
0.764657
0.752471
0.739135
0.725952
0.714678
0.707049
0.704239
0.706601
0.713736
0.724692
0.738131
0.752412
0.765627
0.776015
0.782227
0.783648
0.78033
0.773224
0.76417
0.755632
0.749995
0.748545
0.751049
0.756037
0.761787
0.766984
0.770854
0.773145
0.773856
0.773284
0.772043
0.77101
0.771062
0.772699
0.775812
0.779441
0.782198
0.782882
0.780806
0.775963
0.76893
0.76078
0.75288
0.7466
0.742992
0.742428
0.744549
0.748523
0.753386
0.758388
0.763024
0.76701
0.770258
0.772799
0.774807
0.776596
0.778468
0.780616
0.782996
0.785308
0.78708
0.787901
0.787508
0.785886
0.78313
0.779327
0.774479
0.768658
0.762038
0.755061
0.748452
0.743258
0.740729
0.741933
0.747149
0.755383
0.76454
0.772073
0.775981
0.775501
0.771252
0.764844
0.758036
0.752066
0.747416
0.744447
0.744002
0.747379
0.755783
0.769604
0.788008
0.80909
0.830317
0.84902
0.862946
0.870564
0.871155
0.864804
0.85208
0.83397
0.811701
0.786901
0.76157
0.738035
0.718537
0.704645
0.696779
0.694153
0.69536
0.699113
0.704709
0.712064
0.721204
0.73186
0.743385
0.754991
0.765965
0.775825
0.784343
0.791493
0.797385
0.802229
0.806258
0.809468
0.811555
0.812001
0.810357
0.806658
0.801642
0.796682
0.793285
0.79254
0.794702
0.799263
0.805401
0.812034
0.817803
0.820977
0.81992
0.813559
0.801731
0.785058
0.764668
0.742099
0.719284
0.698591
0.682667
0.673869
0.673521
0.681513
0.696332
0.715718
0.737053
0.757865
0.7761
0.790274
0.799558
0.803769
0.803223
0.798566
0.790628
0.780401
0.768872
0.757133
0.746332
0.73772
0.732594
0.732046
0.73671
0.746226
0.759111
0.772934
0.785109
0.793513
0.797007
0.795214
0.788496
0.777967
0.76551
0.753603
0.744746
0.740784
0.742355
0.748959
0.759399
0.7723
0.786321
0.800255
0.813097
0.823935
0.831953
0.836414
0.836864
0.833144
0.825512
0.814795
0.802129
0.788754
0.775902
0.764648
0.755916
0.750363
0.748353
0.749767
0.753872
0.759584
0.765859
0.772003
0.777744
0.782996
0.787362
0.789959
0.789609
0.785416
0.777309
0.766399
0.754771
0.744947
0.739327
0.739489
0.745873
0.757616
0.772642
0.788018
0.800568
0.807609
0.807488
0.799993
0.786461
0.769401
0.751899
0.736768
0.725931
0.720122
0.719017
0.721668
0.726983
0.733974
0.741919
0.750418
0.759257
0.768265
0.777156
0.785389
0.792345
0.797579
0.801
0.802798
0.803388
0.803402
0.803655
0.805022
0.808049
0.812346
0.816456
0.818272
0.815931
0.808693
0.797213
0.783216
0.769085
0.757231
0.74941
0.746266
0.74708
0.750039
0.752916
0.753814
0.751942
0.747914
0.74359
0.741167
0.742006
0.746056
0.752122
0.758581
0.764065
0.767635
0.768761
0.767354
0.763814
0.758865
0.753474
0.748488
0.744391
0.741166
0.738391
0.73557
0.732452
0.729317
0.726983
0.726666
0.72948
0.735837
0.745022
0.755229
0.764193
0.770061
0.772081
0.770791
0.767657
0.764471
0.762799
0.76365
0.767336
0.773579
0.781741
0.790838
0.799612
0.806565
0.810106
0.809002
0.802871
0.79237
0.779032
0.764801
0.751616
0.741086
0.734242
0.731511
0.732755
0.737525
0.745284
0.755484
0.767657
0.781434
0.796505
0.812495
0.828701
0.843873
0.856529
0.865164
0.868502
0.865828
0.857034
0.842637
0.823757
0.801885
0.77859
0.755355
0.733411
0.713731
0.697129
0.684123
0.674962
0.669629
0.668034
0.670092
0.675736
0.68486
0.697066
0.7115
0.726906
0.741823
0.754927
0.765188
0.772088
0.77565
0.776484
0.775689
0.774506
0.773872
0.773942
0.773908
0.772362
0.767952
0.760041
0.74924
0.737527
0.727932
0.723667
0.727017
0.738552
0.756984
0.77958
0.802975
0.823963
0.84012
0.850044
0.853295
0.850283
0.842068
0.830052
0.815937
0.801627
0.788896
0.779226
0.773478
0.771673
0.773048
0.776322
0.780295
0.784138
0.787479
0.79028
0.792482
0.793716
0.793372
0.79065
0.784869
0.775625
0.763015
0.747636
0.730433
0.712666
0.695765
0.681334
0.671026
0.666415
0.668545
0.677702
0.693115
0.712962
0.734746
0.755782
0.773839
0.787513
0.796312
0.800442
0.800619
0.797873
0.793333
0.788134
0.783147
0.778954
0.775783
0.773462
0.771375
0.768563
0.763937
0.756611
0.746202
0.733028
0.718174
0.703408
0.691056
0.683625
0.683354
0.691564
0.708095
0.731178
0.757968
0.785339
0.810599
0.831862
0.848017
0.858465
0.86284
0.86101
0.853273
0.840422
0.823796
0.805182
0.786627
0.770195
0.75763
0.750012
0.747614
0.75006
0.756716
0.767079
0.780726
0.797035
0.814842
0.83238
0.847487
0.857921
0.861726
0.857676
0.845465
0.825887
0.800934
0.773394
0.746417
0.722792
0.704463
0.692322
0.686358
0.685952
0.690266
0.698355
0.709163
0.721347
0.733381
0.743717
0.75115
0.755287
0.756634
0.756281
0.755639
0.75597
0.758048
0.762049
0.767712
0.774506
0.781853
0.789051
0.795345
0.799912
0.801985
0.801029
0.796856
0.789675
0.780151
0.76931
0.758271
0.748114
0.739813
0.734223
0.732119
0.733996
0.739918
0.749335
0.761221
0.774169
0.786607
0.796893
0.803548
0.805474
0.802119
0.793603
0.780866
0.765518
0.749528
0.734991
0.72378
0.717357
0.716596
0.721675
0.732081
0.746646
0.763756
0.781504
0.798106
0.812009
0.822136
0.827813
0.828804
0.825419
0.818612
0.809954
0.801114
0.793157
0.786087
0.778966
0.770566
0.760173
0.748017
0.735253
0.723442
0.713995
0.707825
0.705315
0.706537
0.711302
0.719054
0.728794
0.739111
0.748471
0.755588
0.759764
0.760958
0.759605
0.756359
0.751831
0.746547
0.74121
0.737205
0.737012
0.743428
0.757592
0.777757
0.800068
0.820669
0.836902
0.847342
0.851407
0.848931
0.840101
0.825602
0.806766
0.785815
0.765606
0.749229
0.739182
0.736634
0.740749
0.749029
0.758339
0.766257
0.771831
0.775544
0.778718
0.782625
0.787749
0.793387
0.797937
0.799756
0.797683
0.791525
0.782123
0.771041
0.76009
0.750897
0.744567
0.741654
0.742141
0.745347
0.750086
0.75505
0.759022
0.761131
0.76106
0.75897
0.755667
0.752675
0.751918
0.755006
0.762302
0.772431
0.782855
0.791107
0.796118
0.798081
0.797473
0.794129
0.787499
0.777593
0.76559
0.75363
0.744261
0.739599
0.74078
0.747633
0.758912
0.772891
0.787717
0.801588
0.812788
0.819849
0.821883
0.818864
0.811697
0.801924
0.791351
0.781752
0.774689
0.771524
0.773096
0.779422
0.78946
0.801348
0.812851
0.821788
0.826441
0.825665
0.81912
0.80735
0.791778
0.77438
0.757249
0.742156
0.730309
0.722319
0.71832
0.718091
0.721073
0.726447
0.733175
0.740173
0.74643
0.751102
0.753362
0.752344
0.747235
0.737536
0.723677
0.707366
0.691607
0.68003
0.675675
0.679845
0.691834
0.709338
0.72913
0.747816
0.762476
0.771262
0.773828
0.771355
0.766133
0.760928
0.758257
0.760082
0.767515
0.780723
0.798889
0.820176
0.841988
0.86137
0.875641
0.88285
0.882076
0.873544
0.858358
0.83824
0.815222
0.791443
0.768848
0.74909
0.733398
0.722556
0.716913
0.716285
0.719961
0.726884
0.736089
0.747158
0.760229
0.775533
0.792888
0.811337
0.829356
0.845303
0.857816
0.865732
0.86811
0.864259
0.85393
0.837747
0.817371
0.795218
0.773791
0.754892
0.739191
0.726205
0.714902
0.704302
0.693901
0.683939
0.675066
0.667897
0.662931
0.660666
0.661587
0.66604
0.673906
0.68449
0.696757
0.709777
0.72293
0.735782
0.747787
0.758247
0.766668
0.773107
0.778194
