-0.0318396
-0.031848
-0.0318622
-0.0318825
-0.0319087
-0.031941
-0.0319793
-0.0320236
-0.0320741
-0.0321308
-0.0321937
-0.0322652
-0.0323433
-0.0324422
-0.0325433
-0.0326561
-0.0327832
-0.0328986
-0.0330473
-0.033199
-0.0333513
-0.0335162
-0.0336891
-0.0338725
-0.0340643
-0.034267
-0.0344667
-0.03468
-0.0349119
-0.0351415
-0.0353807
-0.0356298
-0.0358962
-0.0361756
-0.0364564
-0.0367412
-0.0370375
-0.0373695
-0.0376973
-0.0380284
-0.0383587
-0.0387193
-0.0390871
-0.0394815
-0.0398795
-0.0402958
-0.0407265
-0.0411841
-0.0416575
-0.0421452
-0.0426504
-0.0431858
-0.0437263
-0.0442922
-0.0448866
-0.0455013
-0.0461448
-0.0468208
-0.0475164
-0.0482498
-0.0490158
-0.0498067
-0.0506455
-0.051525
-0.0524402
-0.0533958
-0.0544015
-0.0554481
-0.0565432
-0.057697
-0.0589149
-0.0601909
-0.0615213
-0.062931
-0.0644117
-0.0659692
-0.0675855
-0.0692964
-0.0710805
-0.0729504
-0.0749009
-0.0769381
-0.0790436
-0.0812127
-0.0834339
-0.0856694
-0.0878687
-0.0899862
-0.0919382
-0.0936215
-0.0949163
-0.0956517
-0.0956994
-0.094938
-0.0933543
-0.0911443
-0.088784
-0.0870551
-0.0868878
-0.0890793
-0.0939289
-0.101111
-0.10978
-0.118937
-0.12772
-0.135536
-0.142056
-0.147108
-0.150586
-0.152397
-0.152469
-0.150726
-0.147269
-0.142401
-0.136756
-0.13122
-0.126768
-0.124173
-0.123794
-0.125715
-0.129883
-0.136247
-0.144639
-0.154638
-0.165481
-0.176222
-0.185951
-0.194032
-0.200228
-0.20467
-0.207714
-0.209827
-0.211387
-0.212556
-0.213283
-0.213374
-0.212628
-0.211062
-0.208908
-0.206623
-0.204713
-0.203579
-0.203365
-0.203968
-0.205091
-0.206462
-0.20795
-0.209577
-0.211541
-0.214148
-0.217714
-0.222449
-0.228441
-0.235636
-0.243854
-0.25282
-0.262173
-0.271538
-0.280537
-0.288824
-0.296123
-0.302209
-0.306954
-0.310305
-0.312251
-0.31285
-0.312215
-0.310451
-0.307665
-0.303876
-0.299019
-0.292905
-0.285302
-0.276049
-0.265206
-0.253072
-0.24019
-0.227244
-0.215418
-0.206851
-0.204503
-0.210524
-0.224226
-0.242209
-0.260399
-0.276083
-0.28832
-0.297362
-0.30389
-0.308674
-0.312308
-0.315194
-0.317605
-0.31967
-0.321474
-0.323113
-0.324639
-0.326102
-0.327512
-0.328819
-0.329887
-0.330566
-0.330596
-0.329765
-0.327885
-0.324927
-0.321001
-0.316496
-0.311976
-0.30806
-0.305318
-0.304069
-0.304344
-0.30593
-0.308485
-0.311582
-0.314861
-0.317943
-0.320587
-0.32266
-0.324187
-0.325318
-0.326232
-0.327098
-0.327999
-0.328935
-0.329751
-0.330256
-0.330213
-0.329397
-0.327642
-0.324814
-0.320916
-0.316076
-0.310625
-0.305076
-0.299965
-0.295743
-0.292584
-0.290394
-0.288947
-0.288041
-0.28767
-0.287911
-0.288811
-0.290208
-0.291747
-0.292962
-0.293396
-0.29274
-0.290876
-0.287801
-0.283594
-0.278398
-0.272544
-0.266657
-0.261794
-0.259499
-0.261255
-0.267766
-0.278449
-0.291668
-0.305435
-0.318199
-0.329101
-0.337897
-0.344699
-0.349808
-0.35353
-0.356145
-0.357844
-0.358752
-0.358947
-0.358417
-0.357126
-0.354981
-0.351921
-0.347806
-0.342555
-0.336085
-0.328392
-0.319552
-0.309723
-0.299157
-0.288239
-0.277466
-0.26744
-0.258975
-0.252946
-0.250149
-0.251008
-0.255385
-0.262454
-0.271023
-0.27979
-0.287588
-0.293549
-0.297041
-0.29768
-0.295486
-0.291047
-0.285703
-0.28145
-0.2803
-0.283315
-0.290032
-0.298814
-0.307791
-0.315628
-0.321729
-0.326035
-0.328831
-0.330441
-0.331207
-0.331396
-0.331191
-0.330719
-0.330013
-0.329074
-0.327841
-0.326186
-0.323973
-0.321037
-0.317188
-0.312288
-0.306272
-0.299198
-0.291363
-0.283273
-0.275622
-0.269142
-0.264441
-0.261821
-0.261323
-0.262779
-0.265988
-0.270708
-0.276655
-0.283455
-0.290653
-0.297794
-0.304466
-0.310365
-0.315317
-0.319285
-0.322274
-0.324343
-0.325582
-0.326042
-0.325815
-0.324944
-0.323475
-0.321486
-0.319023
-0.316153
-0.31293
-0.30936
-0.305394
-0.300951
-0.295993
-0.290576
-0.285042
-0.280108
-0.276761
-0.275855
-0.277613
-0.281441
-0.286106
-0.290345
-0.293296
-0.294796
-0.295258
-0.295405
-0.295913
-0.297136
-0.298954
-0.300902
-0.30246
-0.303247
-0.303223
-0.302631
-0.301951
-0.301718
-0.302386
-0.304214
-0.307163
-0.310971
-0.315168
-0.319245
-0.322705
-0.325183
-0.326427
-0.326314
-0.324851
-0.322168
-0.318445
-0.313968
-0.309038
-0.304016
-0.299331
-0.295499
-0.293136
-0.292862
-0.295037
-0.299655
-0.306247
-0.314077
-0.322312
-0.330275
-0.337463
-0.343661
-0.348773
-0.352861
-0.356044
-0.358429
-0.360151
-0.361327
-0.362072
-0.362452
-0.362506
-0.362242
-0.361681
-0.360822
-0.359618
-0.358049
-0.356136
-0.353899
-0.351425
-0.348828
-0.346271
-0.343948
-0.341975
-0.340451
-0.339377
-0.338648
-0.338047
-0.337369
-0.336401
-0.335001
-0.333114
-0.330763
-0.328057
-0.325137
-0.322186
-0.319321
-0.316676
-0.314374
-0.312509
-0.311159
-0.310416
-0.310271
-0.310679
-0.311523
-0.3127
-0.314116
-0.315746
-0.317659
-0.319915
-0.32252
-0.325364
-0.328197
-0.330669
-0.332405
-0.333151
-0.332774
-0.331336
-0.329017
-0.326099
-0.322901
-0.319717
-0.316884
-0.314679
-0.313362
-0.313117
-0.314025
-0.316055
-0.319083
-0.322897
-0.327229
-0.331793
-0.336329
-0.340613
-0.344473
-0.347812
-0.350576
-0.35275
-0.354319
-0.355263
-0.355562
-0.355182
-0.354036
-0.352068
-0.349193
-0.345461
-0.341035
-0.336258
-0.331734
-0.32819
-0.326303
-0.326485
-0.328693
-0.332461
-0.337102
-0.341902
-0.346321
-0.350031
-0.35286
-0.354716
-0.355562
-0.355291
-0.353755
-0.350728
-0.345975
-0.33926
-0.330533
-0.32011
-0.308873
-0.298302
-0.290269
-0.286439
-0.287553
-0.293022
-0.301124
-0.309766
-0.317253
-0.322771
-0.326417
-0.328801
-0.330684
-0.332588
-0.334731
-0.337106
-0.339608
-0.342168
-0.344698
-0.347148
-0.349474
-0.351596
-0.353458
-0.355032
-0.356321
-0.357283
-0.357847
-0.357913
-0.357378
-0.356103
-0.353977
-0.350968
-0.347083
-0.34252
-0.337677
-0.333188
-0.329847
-0.328403
-0.329332
-0.332551
-0.337539
-0.34354
-0.349833
-0.355869
-0.361331
-0.366061
-0.369951
-0.372898
-0.374814
-0.375649
-0.375404
-0.374159
-0.372167
-0.369756
-0.367337
-0.365266
-0.363737
-0.362796
-0.362309
-0.362148
-0.36235
-0.36312
-0.364824
-0.36776
-0.371995
-0.3773
-0.383207
-0.389169
-0.394718
-0.39952
-0.403381
-0.406224
-0.408058
-0.408927
-0.408919
-0.408168
-0.406887
-0.405354
-0.403884
-0.402848
-0.4025
-0.402999
-0.404323
-0.406292
-0.408659
-0.411107
-0.413307
-0.414906
-0.415558
-0.414948
-0.412948
-0.40976
-0.405976
-0.402636
-0.400961
-0.401945
-0.40592
-0.412432
-0.420408
-0.428584
-0.435909
-0.441661
-0.445411
-0.446987
-0.446229
-0.442959
-0.437011
-0.428258
-0.416866
-0.403535
-0.389654
-0.377022
-0.367285
-0.361293
-0.359035
-0.360286
-0.364973
-0.373206
-0.384747
-0.398727
-0.41374
-0.428228
-0.440913
-0.450946
-0.458042
-0.46236
-0.464436
-0.46505
-0.465072
-0.465269
-0.46609
-0.467601
-0.46954
-0.471424
-0.472738
-0.473014
-0.471922
-0.469184
-0.464638
-0.458169
-0.449698
-0.439237
-0.426941
-0.413203
-0.398747
-0.384734
-0.372622
-0.363792
-0.359048
-0.358544
-0.362002
-0.369058
-0.379031
-0.390648
-0.402233
-0.412175
-0.419393
-0.423528
-0.424663
-0.423218
-0.419795
-0.415099
-0.409875
-0.404893
-0.400803
-0.398053
-0.396773
-0.396776
-0.397555
-0.398387
-0.398497
-0.3973
-0.394567
-0.390657
-0.386529
-0.383522
-0.382861
-0.385101
-0.389862
-0.396069
-0.402506
-0.408204
-0.412684
-0.415777
-0.417545
-0.41814
-0.41773
-0.416457
-0.414443
-0.411779
-0.408578
-0.405008
-0.401263
-0.397593
-0.394279
-0.391598
-0.389754
-0.388853
-0.388907
-0.389796
-0.391292
-0.393148
-0.395095
-0.396889
-0.398379
-0.39947
-0.400145
-0.400428
-0.400358
-0.399965
-0.399255
-0.398235
-0.396882
-0.395216
-0.393311
-0.391283
-0.389261
-0.387395
-0.385788
-0.384412
-0.383199
-0.381953
-0.380475
-0.37859
-0.37615
-0.373105
-0.369359
-0.364789
-0.359249
-0.352677
-0.345269
-0.337718
-0.331238
-0.327365
-0.327371
-0.331722
-0.339754
-0.350014
-0.360793
-0.370694
-0.378886
-0.385027
-0.389141
-0.391437
-0.392171
-0.391602
-0.389925
-0.387268
-0.38373
-0.379375
-0.374259
-0.368505
-0.362266
-0.355789
-0.349344
-0.343174
-0.337432
-0.332126
-0.327173
-0.32242
-0.317829
-0.313522
-0.309788
-0.30702
-0.305594
-0.30565
-0.307031
-0.309326
-0.311943
-0.314378
-0.316368
-0.318042
-0.31976
-0.32203
-0.325192
-0.329244
-0.33387
-0.338549
-0.342777
-0.346211
-0.348743
-0.350444
-0.351527
-0.352266
-0.352945
-0.353796
-0.354942
-0.356452
-0.35829
-0.360378
-0.362603
-0.364837
-0.366934
-0.36883
-0.370426
-0.371662
-0.372505
-0.372928
-0.372944
-0.372578
-0.371886
-0.370967
-0.369921
-0.368815
-0.367671
-0.366413
-0.364885
-0.362921
-0.36046
-0.357625
-0.354692
-0.35197
-0.349519
-0.347059
-0.344144
-0.340454
-0.336134
-0.33186
-0.328431
-0.326266
-0.325092
-0.324017
-0.322147
-0.319284
-0.316233
-0.314409
-0.314986
-0.318208
-0.323482
-0.329896
-0.336779
-0.343838
-0.350942
-0.35795
-0.364609
-0.37063
-0.375772
-0.37989
-0.382975
-0.385118
-0.386471
-0.387238
-0.387583
-0.387639
-0.387532
-0.387353
-0.387139
-0.386916
-0.386685
-0.386453
-0.386195
-0.385906
-0.385553
-0.385127
-0.384607
-0.383959
-0.383157
-0.382175
-0.380963
-0.379471
-0.377621
-0.375319
-0.372475
-0.368992
-0.364825
-0.359938
-0.3544
-0.348317
-0.341877
-0.335338
-0.329059
-0.323605
-0.31986
-0.318784
-0.32104
-0.326452
-0.33399
-0.342109
-0.349412
-0.355017
-0.358563
-0.360127
-0.360052
-0.358758
-0.356742
-0.354523
-0.352561
-0.351209
-0.350697
-0.351052
-0.352146
-0.353703
-0.355418
-0.356954
-0.358068
-0.358578
-0.358368
-0.357383
-0.355618
-0.353129
-0.350041
-0.346563
-0.342994
-0.339691
-0.337021
-0.335307
-0.334703
-0.335192
-0.33656
-0.338482
-0.340652
-0.342797
-0.344716
-0.346291
-0.347466
-0.348282
-0.348746
-0.348945
-0.348937
-0.3488
-0.34863
-0.34848
-0.3484
-0.348424
-0.348538
-0.348732
-0.348901
-0.348966
-0.348817
-0.348357
-0.347456
-0.345977
-0.343755
-0.340567
-0.336182
-0.33038
-0.323174
-0.314949
-0.306751
-0.300265
-0.297283
-0.298949
-0.304984
-0.313903
-0.323796
-0.333108
-0.341019
-0.347276
-0.351986
-0.355406
-0.357825
-0.359474
-0.360548
-0.361191
-0.361492
-0.361526
-0.361343
-0.36095
-0.360384
-0.359633
-0.358706
-0.357594
-0.356279
-0.354779
-0.353078
-0.351192
-0.349139
-0.346938
-0.344664
-0.34238
-0.340221
-0.338316
-0.336872
-0.336022
-0.33595
-0.336715
-0.33834
-0.340707
-0.343637
-0.346889
-0.350183
-0.353274
-0.355935
-0.357977
-0.359323
-0.359836
-0.359695
-0.358928
-0.357658
-0.35608
-0.354448
-0.353101
-0.352383
-0.352633
-0.354059
-0.356747
-0.360583
-0.36532
-0.370627
-0.376145
-0.381525
-0.386468
-0.39071
-0.394044
-0.396305
-0.397343
-0.397084
-0.395524
-0.39278
-0.389055
-0.38466
-0.379949
-0.375284
-0.370952
-0.367174
-0.364195
-0.362321
-0.362026
-0.363789
-0.367886
-0.374104
-0.381709
-0.389618
-0.396795
-0.402471
-0.406257
-0.408053
-0.408014
-0.406428
-0.403611
-0.399886
-0.395529
-0.390759
-0.38572
-0.380485
-0.375121
-0.369743
-0.364553
-0.359833
-0.355908
-0.353087
-0.351571
-0.351323
-0.352075
-0.353306
-0.354345
-0.354387
-0.35255
-0.348004
-0.340192
-0.329355
-0.317222
-0.307324
-0.303724
-0.308501
-0.320072
-0.334464
-0.347894
-0.358353
-0.365409
-0.369476
-0.371258
-0.371391
-0.370349
-0.368513
-0.366162
-0.363559
-0.360997
-0.358759
-0.357118
-0.356244
-0.356173
-0.356786
-0.357791
-0.358851
-0.359638
-0.359873
-0.359356
-0.357987
-0.355762
-0.352733
-0.34902
-0.344824
-0.340385
-0.335995
-0.331998
-0.328753
-0.326594
-0.325772
-0.326369
-0.328304
-0.331286
-0.33488
-0.338715
-0.34241
-0.345736
-0.348583
-0.350921
-0.352806
-0.3543
-0.355502
-0.35649
-0.357335
-0.358089
-0.358785
-0.359438
-0.360025
-0.360539
-0.360915
-0.361077
-0.360933
-0.360373
-0.35929
-0.357588
-0.35521
-0.352158
-0.348537
-0.344521
-0.340323
-0.336078
-0.331746
-0.327038
-0.321528
-0.314765
-0.306576
-0.29716
-0.287131
-0.277256
-0.268203
-0.260415
-0.254376
-0.250869
-0.25092
-0.25525
-0.263679
-0.275074
-0.287805
-0.300417
-0.311976
-0.322069
-0.330628
-0.337786
-0.343729
-0.348636
-0.352651
-0.355909
-0.35849
-0.360473
-0.361934
-0.362918
-0.363482
-0.363654
-0.363483
-0.362992
-0.362205
-0.361131
-0.359764
-0.358095
-0.3561
-0.353718
-0.350898
-0.34753
-0.343496
-0.338647
-0.332778
-0.325664
-0.317104
-0.30694
-0.295276
-0.28264
-0.270295
-0.260172
-0.254406
-0.254392
-0.259975
-0.269544
-0.280883
-0.292121
-0.302145
-0.310505
-0.317158
-0.322267
-0.32606
-0.328769
-0.330589
-0.331716
-0.332314
-0.332511
-0.332475
-0.332321
-0.332149
-0.332052
-0.332098
-0.332301
-0.33267
-0.3332
-0.333822
-0.334498
-0.335164
-0.335771
-0.336268
-0.336622
-0.336815
-0.33682
-0.336625
-0.336242
-0.335672
-0.334925
-0.333985
-0.332856
-0.331501
-0.32992
-0.328075
-0.325981
-0.323664
-0.321197
-0.318698
-0.316312
-0.314252
-0.312699
-0.311785
-0.311533
-0.311875
-0.31265
-0.313641
-0.314622
-0.315427
-0.315986
-0.316336
-0.316598
-0.316986
-0.317733
-0.319045
-0.321038
-0.323693
-0.326863
-0.330342
-0.333855
-0.33718
-0.340125
-0.342552
-0.344407
-0.345683
-0.346396
-0.346573
-0.346274
-0.345549
-0.344454
-0.343035
-0.341329
-0.339325
-0.337011
-0.334358
-0.331379
-0.32805
-0.324424
-0.320634
-0.316919
-0.313646
-0.311296
-0.310368
-0.311244
-0.313994
-0.318296
-0.323505
-0.328837
-0.333653
-0.337606
-0.340633
-0.342956
-0.344922
-0.346856
-0.348938
-0.351167
-0.353425
-0.355381
-0.35665
-0.356762
-0.355264
-0.35184
-0.346472
-0.339552
-0.332
-0.325162
-0.320546
-0.319381
-0.322238
-0.328763
-0.337806
-0.34787
-0.357628
-0.366178
-0.373107
-0.378361
-0.382064
-0.384379
-0.385423
-0.385297
-0.383985
-0.381445
-0.377584
-0.372347
-0.36582
-0.358275
-0.350274
-0.34262
-0.336284
-0.332148
-0.330703
-0.331856
-0.334951
-0.33895
-0.342848
-0.345902
-0.347878
-0.348984
-0.349663
-0.350438
-0.351711
-0.35368
-0.356299
-0.359342
-0.362527
-0.365598
-0.368378
-0.370776
-0.37279
-0.374493
-0.375939
-0.377214
-0.378349
-0.379359
-0.380225
-0.380905
-0.381308
-0.381376
-0.381029
-0.380194
-0.378839
-0.376937
-0.374516
-0.371688
-0.368632
-0.365585
-0.362857
-0.360778
-0.359638
-0.359608
-0.360754
-0.362973
-0.366045
-0.36969
-0.373613
-0.377552
-0.381297
-0.384731
-0.387767
-0.390355
-0.392474
-0.394133
-0.395325
-0.396052
-0.396309
-0.396104
-0.395456
-0.394364
-0.392854
-0.390931
-0.388597
-0.385816
-0.382542
-0.37874
-0.374474
-0.370015
-0.365877
-0.362728
-0.361187
-0.361491
-0.363421
-0.366402
-0.369718
-0.372864
-0.375549
-0.377782
-0.37968
-0.381433
-0.383181
-0.38503
-0.38697
-0.388972
-0.390996
-0.39302
-0.395039
-0.397082
-0.399186
-0.401333
-0.403465
-0.405505
-0.407359
-0.408937
-0.410172
-0.411075
-0.411668
-0.412024
-0.412251
-0.412439
-0.412702
-0.413119
-0.413749
-0.414617
-0.415746
-0.417106
-0.418652
-0.420347
-0.422147
-0.423993
-0.425845
-0.427671
-0.42945
-0.431151
-0.432766
-0.434283
-0.435667
-0.436904
-0.437977
-0.438838
-0.439445
-0.439735
-0.439661
-0.439174
-0.438263
-0.436963
-0.435374
-0.433682
-0.432145
-0.431073
-0.430733
-0.431301
-0.43274
-0.434908
-0.437497
-0.440171
-0.442617
-0.444611
-0.446014
-0.446843
-0.447161
-0.447096
-0.446818
-0.446489
-0.446276
-0.446284
-0.446566
-0.447142
-0.447939
-0.448895
-0.449891
-0.450812
-0.451555
-0.452054
-0.452309
-0.45236
-0.452343
-0.452403
-0.452707
-0.453383
-0.454486
-0.455978
-0.457741
-0.459607
-0.461386
-0.462883
-0.46396
-0.464473
-0.464328
-0.463497
-0.461922
-0.45958
-0.456492
-0.45269
-0.448256
-0.443312
-0.438043
-0.432692
-0.427559
-0.422952
-0.419202
-0.41658
-0.415243
-0.41523
-0.416401
-0.418534
-0.421292
-0.424311
-0.427241
-0.42981
-0.431812
-0.433153
-0.433829
-0.433932
-0.43363
-0.433133
-0.432651
-0.432331
-0.432273
-0.432448
-0.432777
-0.433085
-0.433236
-0.433048
-0.432418
-0.431255
-0.429494
-0.427098
-0.424052
-0.420359
-0.416029
-0.411118
-0.405711
-0.399928
-0.393938
-0.387957
-0.382273
-0.377121
-0.372771
-0.369412
-0.367163
-0.366025
-0.365947
-0.366753
-0.368252
-0.370226
-0.372485
-0.37486
-0.377225
-0.379487
-0.381592
-0.383502
-0.385186
-0.386609
-0.387752
-0.388582
-0.38905
-0.389143
-0.388815
-0.388076
-0.386927
-0.385411
-0.383627
-0.381715
-0.379873
-0.378304
-0.377221
-0.376755
-0.376981
-0.377847
-0.379225
-0.380916
-0.382708
-0.384422
-0.385879
-0.386976
-0.38761
-0.387736
-0.387331
-0.386387
-0.38492
-0.382965
-0.380563
-0.377802
-0.374777
-0.371625
-0.368501
-0.365525
-0.362886
-0.360719
-0.359158
-0.358277
-0.358075
-0.358482
-0.359331
-0.36045
-0.361671
-0.362818
-0.363785
-0.364519
-0.365
-0.365241
-0.365272
-0.365131
-0.364866
-0.364532
-0.364182
-0.363825
-0.363443
-0.362983
-0.362294
-0.361104
-0.359032
-0.355582
-0.350245
-0.342633
-0.332777
-0.321563
-0.311106
-0.30446
-0.304285
-0.311155
-0.323022
-0.336593
-0.34904
-0.358893
-0.365838
-0.370192
-0.372534
-0.37346
-0.373491
-0.373026
-0.372407
-0.371822
-0.37141
-0.371231
-0.371261
-0.371454
-0.371726
-0.371994
-0.372179
-0.372243
-0.372143
-0.371913
-0.371566
-0.371152
-0.370704
-0.370256
-0.369841
-0.369444
-0.36907
-0.36874
-0.368463
-0.368328
-0.368421
-0.368848
-0.369731
-0.371164
-0.373196
-0.375828
-0.379013
-0.382602
-0.386449
-0.390368
-0.39416
-0.397629
-0.400596
-0.40288
-0.404335
-0.404829
-0.404268
-0.40258
-0.399819
-0.396058
-0.391459
-0.386318
-0.380975
-0.375879
-0.371569
-0.368533
-0.367144
-0.367478
-0.369234
-0.371816
-0.374508
-0.376603
-0.37759
-0.377202
-0.375433
-0.372536
-0.36896
-0.365298
-0.362169
-0.36016
-0.359665
-0.360856
-0.363703
-0.367919
-0.373024
-0.378412
-0.383491
-0.387719
-0.390723
-0.392364
-0.39272
-0.392053
-0.390761
-0.389285
-0.38801
-0.387175
-0.386863
-0.387012
-0.387491
-0.388203
-0.389098
-0.390181
-0.391453
-0.392902
-0.394456
-0.396005
-0.397401
-0.398486
-0.399085
-0.399043
-0.398237
-0.396531
-0.393876
-0.390201
-0.385574
-0.380108
-0.374034
-0.367747
-0.361762
-0.356637
-0.352935
-0.351079
-0.351281
-0.353449
-0.357231
-0.36208
-0.367384
-0.372608
-0.377311
-0.381262
-0.384426
-0.386841
-0.38864
-0.389988
-0.391048
-0.391895
-0.392575
-0.393034
-0.393187
-0.392891
-0.392051
-0.390555
-0.388362
-0.38546
-0.381913
-0.377847
-0.373431
-0.368916
-0.364561
-0.360629
-0.357313
-0.354725
-0.352882
-0.351743
-0.351172
-0.351025
-0.351148
-0.351407
-0.351678
-0.351937
-0.352182
-0.352483
-0.352971
-0.353782
-0.355002
-0.356665
-0.358677
-0.360844
-0.362958
-0.364808
-0.366252
-0.36719
-0.36761
-0.367539
-0.367051
-0.366225
-0.365174
-0.364032
-0.36296
-0.362164
-0.361847
-0.362254
-0.363554
-0.365815
-0.368965
-0.372811
-0.377072
-0.381423
-0.385575
-0.3893
-0.392448
-0.394936
-0.396735
-0.397864
-0.398351
-0.39825
-0.397595
-0.39645
-0.394862
-0.392841
-0.390433
-0.387665
-0.384538
-0.381083
-0.377339
-0.373401
-0.369383
-0.365434
-0.361717
-0.358396
-0.355586
-0.353341
-0.351634
-0.350345
-0.349294
-0.34828
-0.347139
-0.345743
-0.344103
-0.342321
-0.340648
-0.339455
-0.339189
-0.340283
-0.343027
-0.347489
-0.353457
-0.360478
-0.36795
-0.375236
-0.381719
-0.386916
-0.390382
-0.391693
-0.390392
-0.386006
-0.378182
-0.366975
-0.353429
-0.340064
-0.330559
-0.328033
-0.332897
-0.342556
-0.353252
-0.362131
-0.367895
-0.370481
-0.370331
-0.367969
-0.363811
-0.358202
-0.351589
-0.344833
-0.339208
-0.336147
-0.336496
-0.339939
-0.34506
-0.349997
-0.353189
-0.353776
-0.351637
-0.347258
-0.341564
-0.335763
-0.331171
-0.328879
-0.32947
-0.332824
-0.338175
-0.34436
-0.350094
-0.354329
-0.356236
-0.355343
-0.351456
-0.344811
-0.336204
-0.327188
-0.319951
-0.316648
-0.31837
-0.324608
-0.333519
-0.342997
-0.351469
-0.358209
-0.363069
-0.366322
-0.368313
-0.369401
-0.369868
-0.369952
-0.369767
-0.369415
-0.36892
-0.368276
-0.367449
-0.36639
-0.36505
-0.363367
-0.361332
-0.358943
-0.356266
-0.353397
-0.350514
-0.347838
-0.345622
-0.344103
-0.343456
-0.343746
-0.344909
-0.346784
-0.34911
-0.351598
-0.354031
-0.356217
-0.358048
-0.359502
-0.360574
-0.361313
-0.361792
-0.362085
-0.362266
-0.362469
-0.362798
-0.363371
-0.364265
-0.365509
-0.367053
-0.36879
-0.370574
-0.372246
-0.373706
-0.374861
-0.375631
-0.376035
-0.37604
-0.375679
-0.374952
-0.373912
-0.372634
-0.371279
-0.37007
-0.369304
-0.36931
-0.370368
-0.372584
-0.375856
-0.379886
-0.384254
-0.38853
-0.392335
-0.395428
-0.397688
-0.399084
-0.399679
-0.399577
-0.398902
-0.397816
-0.396455
-0.394965
-0.393479
-0.392093
-0.390883
-0.389895
-0.389132
-0.38859
-0.388231
-0.388001
-0.38787
-0.387788
-0.387726
-0.387698
-0.387718
-0.387796
-0.388009
-0.38841
-0.389061
-0.390032
-0.391384
-0.393105
-0.395183
-0.397817
-0.400427
-0.403147
-0.405853
-0.408444
-0.410804
-0.412848
-0.414501
-0.415709
-0.416443
-0.416736
-0.416631
-0.416233
-0.415645
-0.415023
-0.414462
-0.414049
-0.413776
-0.413579
-0.413331
-0.412894
-0.412126
-0.41096
-0.409392
-0.407508
-0.40546
-0.403493
-0.401885
-0.400897
-0.400746
-0.40153
-0.403237
-0.405704
-0.408697
-0.411943
-0.415162
-0.41809
-0.420539
-0.422385
-0.423515
-0.423895
-0.423542
-0.422531
-0.420958
-0.419014
-0.416939
-0.414974
-0.413396
-0.412447
-0.412267
-0.412875
-0.414097
-0.415612
-0.417067
-0.418068
-0.418289
-0.417508
-0.415645
-0.412691
-0.40876
-0.40412
-0.399171
-0.394434
-0.390528
-0.388004
-0.387148
-0.387916
-0.389868
-0.392397
-0.394871
-0.396834
-0.398037
-0.398428
-0.398073
-0.397181
-0.395982
-0.394791
-0.393897
-0.393561
-0.393955
-0.395141
-0.397024
-0.399458
-0.402303
-0.405436
-0.408724
-0.412049
-0.415257
-0.418188
-0.420669
-0.422544
-0.423687
-0.424033
-0.423513
-0.422118
-0.419868
-0.416803
-0.412967
-0.408502
-0.403549
-0.398341
-0.393141
-0.388205
-0.38375
-0.379901
-0.376679
-0.374019
-0.371851
-0.37014
-0.368946
-0.368458
-0.368924
-0.370548
-0.373382
-0.377358
-0.382239
-0.387673
-0.393298
-0.398789
-0.403909
-0.408504
-0.412507
-0.415919
-0.418774
-0.421138
-0.423083
-0.424687
-0.426013
-0.427141
-0.428141
-0.429064
-0.429947
-0.430854
-0.431829
-0.432887
-0.43407
-0.435348
-0.436661
-0.437876
-0.438777
-0.438961
-0.437797
-0.434344
-0.427318
-0.415278
-0.397379
-0.375033
-0.353683
-0.341757
-0.3447
-0.359735
-0.37881
-0.395387
-0.407119
-0.414551
-0.419187
-0.422453
-0.425228
-0.427974
-0.430763
-0.433482
-0.435925
-0.437908
-0.439304
-0.440087
-0.440295
-0.440048
-0.439485
-0.438745
-0.437943
-0.437141
-0.436311
-0.43535
-0.434131
-0.432484
-0.430229
-0.427219
-0.42342
-0.41889
-0.413852
-0.408703
-0.404042
-0.400544
-0.398853
-0.399387
-0.402215
-0.407033
-0.413262
-0.420239
-0.427377
-0.434247
-0.440616
-0.446357
-0.45146
-0.455923
-0.45979
-0.463074
-0.465787
-0.467942
-0.469539
-0.470566
-0.471048
-0.470999
-0.470418
-0.469305
-0.467662
-0.465509
-0.462894
-0.459863
-0.456517
-0.453013
-0.449512
-0.446155
-0.443045
-0.44022
-0.437625
-0.435146
-0.432606
-0.429823
-0.426654
-0.423026
-0.41895
-0.414533
-0.409998
-0.405644
-0.401857
-0.399013
-0.397452
-0.397402
-0.39893
-0.401903
-0.406065
-0.411041
-0.416361
-0.421599
-0.426301
-0.430113
-0.432761
-0.434079
-0.434029
-0.432724
-0.430437
-0.42762
-0.424829
-0.422604
-0.421318
-0.421045
-0.4216
-0.422613
-0.423776
-0.424913
-0.426073
-0.427421
-0.429141
-0.431348
-0.434003
-0.436934
-0.439873
-0.44255
-0.444745
-0.446327
-0.447244
-0.447459
-0.446927
-0.445566
-0.443229
-0.439757
-0.435023
-0.42898
-0.421801
-0.413871
-0.405784
-0.398279
-0.392077
-0.387695
-0.385389
-0.385208
-0.387135
-0.391127
-0.397069
-0.404668
-0.413338
-0.422307
-0.430733
-0.437938
-0.443471
-0.44715
-0.449024
-0.449304
-0.448365
-0.446698
-0.444814
-0.443204
-0.442213
-0.441986
-0.442428
-0.443245
-0.444037
-0.444343
-0.443737
-0.441814
-0.438295
-0.432968
-0.425886
-0.417337
-0.408025
-0.398959
-0.391229
-0.385603
-0.382232
-0.380672
-0.380209
-0.380217
-0.38039
-0.380739
-0.381461
-0.382772
-0.384806
-0.387592
-0.391044
-0.395041
-0.399406
-0.403971
-0.408586
-0.413133
-0.417553
-0.421778
-0.425717
-0.429283
-0.432326
-0.434659
-0.436081
-0.436353
-0.435277
-0.432717
-0.428712
-0.423595
-0.418083
-0.413328
-0.410644
-0.411044
-0.414792
-0.421282
-0.429321
-0.437695
-0.445523
-0.452326
-0.457987
-0.462589
-0.466294
-0.469301
-0.471731
-0.47372
-0.475306
-0.476537
-0.477426
-0.477969
-0.478195
-0.47813
-0.477836
-0.477341
-0.476605
-0.475556
-0.47397
-0.471534
-0.467897
-0.462791
-0.45607
-0.447881
-0.438588
-0.428747
-0.419059
-0.410437
-0.404053
-0.40119
-0.40289
-0.409468
-0.420268
-0.433892
-0.448691
-0.463231
-0.476584
-0.488292
-0.49821
-0.506387
-0.512897
-0.517828
-0.521326
-0.523548
-0.524709
-0.52504
-0.524684
-0.523663
-0.521871
-0.519056
-0.514944
-0.509318
-0.502153
-0.493649
-0.484232
-0.474506
-0.465127
-0.456723
-0.449784
-0.444646
-0.441555
-0.440749
-0.442532
-0.447218
-0.454771
-0.464634
-0.475719
-0.486749
-0.496618
-0.50461
-0.510433
-0.51411
-0.515821
-0.515889
-0.514645
-0.512449
-0.509621
-0.506473
-0.503255
-0.500159
-0.497288
-0.494715
-0.492405
-0.490324
-0.488411
-0.486651
-0.485048
-0.483677
-0.482649
-0.482106
-0.482151
-0.48281
-0.484032
-0.485654
-0.487431
-0.489135
-0.490538
-0.491462
-0.491826
-0.491615
-0.490922
-0.489905
-0.488741
-0.487633
-0.486719
-0.48606
-0.485621
-0.485267
-0.484766
-0.483899
-0.482393
-0.480037
-0.476627
-0.472034
-0.46618
-0.459124
-0.451092
-0.442506
-0.434024
-0.426508
-0.420876
-0.417897
-0.418018
-0.421175
-0.426891
-0.434337
-0.442672
-0.451113
-0.459081
-0.46621
-0.472256
-0.477057
-0.480561
-0.482733
-0.483546
-0.483084
-0.481427
-0.47876
-0.475393
-0.471751
-0.468303
-0.465496
-0.463689
-0.46301
-0.463377
-0.464545
-0.466203
-0.468003
-0.469648
-0.470897
-0.471536
-0.471402
-0.470375
-0.468435
-0.465602
-0.462001
-0.457831
-0.453372
-0.448966
-0.44494
-0.441562
-0.439028
-0.43741
-0.436651
-0.436646
-0.437246
-0.438274
-0.439551
-0.440938
-0.442296
-0.443509
-0.444484
-0.445149
-0.445449
-0.445384
-0.444935
-0.444184
-0.443198
-0.442109
-0.441057
-0.440195
-0.439649
-0.439504
-0.439788
-0.440494
-0.441569
-0.442923
-0.444481
-0.446142
-0.447806
-0.449405
-0.450854
-0.452087
-0.453052
-0.453728
-0.454062
-0.454069
-0.453708
-0.453027
-0.452046
-0.450835
-0.449444
-0.44795
-0.446403
-0.444819
-0.443188
-0.441414
-0.43935
-0.436794
-0.433488
-0.429187
-0.423725
-0.417115
-0.409676
-0.402027
-0.395137
-0.390036
-0.387613
-0.388293
-0.391982
-0.398094
-0.405755
-0.414041
-0.422146
-0.429506
-0.435738
-0.440692
-0.444344
-0.446743
-0.448001
-0.448213
-0.447495
-0.445967
-0.443725
-0.440935
-0.437758
-0.4344
-0.431094
-0.428098
-0.425656
-0.423944
-0.423111
-0.423166
-0.424024
-0.425527
-0.427435
-0.429503
-0.431519
-0.43331
-0.434783
-0.435918
-0.436735
-0.437302
-0.43768
-0.437934
-0.4381
-0.438176
-0.438106
-0.4378
-0.43713
-0.435896
-0.433961
-0.431127
-0.427311
-0.422499
-0.416851
-0.410756
-0.40475
-0.399486
-0.395442
-0.392711
-0.390879
-0.389137
-0.386467
-0.382079
-0.375739
-0.367935
-0.359831
-0.353028
-0.349151
-0.349367
-0.354064
-0.362688
-0.373901
-0.385967
-0.397226
-0.406482
-0.413155
-0.417168
-0.418856
-0.418709
-0.417329
-0.41528
-0.413081
-0.411105
-0.409628
-0.408752
-0.408483
-0.408778
-0.409497
-0.41052
-0.411705
-0.412934
-0.414098
-0.415106
-0.415881
-0.416351
-0.416502
-0.416264
-0.415619
-0.414537
-0.412997
-0.410986
-0.408513
-0.405632
-0.402471
-0.399198
-0.396083
-0.393432
-0.391549
-0.39064
-0.390796
-0.391913
-0.393762
-0.396058
-0.398509
-0.400862
-0.402932
-0.404628
-0.405902
-0.406742
-0.407163
-0.407134
-0.406658
-0.405708
-0.404241
-0.402235
-0.399659
-0.396554
-0.393065
-0.389434
-0.386015
-0.383234
-0.381423
-0.380741
-0.381068
-0.38206
-0.383263
-0.384239
-0.384719
-0.384652
-0.384183
-0.383577
-0.383153
-0.383191
-0.383891
-0.385312
-0.387441
-0.39014
-0.39326
-0.396616
-0.400063
-0.403441
-0.40662
-0.409501
-0.412008
-0.414094
-0.41576
-0.417031
-0.417962
-0.418586
-0.418927
-0.41891
-0.418371
-0.416988
-0.414335
-0.409918
-0.403382
-0.394795
-0.384946
-0.375539
-0.368769
-0.36637
-0.368611
-0.374164
-0.381033
-0.387537
-0.392824
-0.396796
-0.399698
-0.401892
-0.403653
-0.405164
-0.406482
-0.40762
-0.408559
-0.409226
-0.409527
-0.409309
-0.408381
-0.406575
-0.403804
-0.400137
-0.395943
-0.391827
-0.388571
-0.386855
-0.387034
-0.388969
-0.392093
-0.395634
-0.398838
-0.401119
-0.402088
-0.401533
-0.399426
-0.39591
-0.39142
-0.386725
-0.382847
-0.380827
-0.381274
-0.384092
-0.388507
-0.393407
-0.397752
-0.400838
-0.402357
-0.402344
-0.40109
-0.398958
-0.396424
-0.393948
-0.391905
-0.39061
-0.390222
-0.390711
-0.391965
-0.393749
-0.395794
-0.397839
-0.399693
-0.401214
-0.402308
-0.402915
-0.402971
-0.402406
-0.401148
-0.399107
-0.396255
-0.392625
-0.388342
-0.383629
-0.378844
-0.374372
-0.370561
-0.367676
-0.365822
-0.365007
-0.365188
-0.366328
-0.368407
-0.371373
-0.375158
-0.379574
-0.384379
-0.389296
-0.394025
-0.398313
-0.401983
-0.404918
-0.407009
-0.408211
-0.408455
-0.407686
-0.405853
-0.402902
-0.398838
-0.393813
-0.388163
-0.382455
-0.377491
-0.374051
-0.372756
-0.37376
-0.376746
-0.381062
-0.385974
-0.390829
-0.395167
-0.398709
-0.401302
-0.402887
-0.403463
-0.403071
-0.40178
-0.399675
-0.396827
-0.393301
-0.3892
-0.384581
-0.37957
-0.374317
-0.369146
-0.364511
-0.361028
-0.359341
-0.359995
-0.363201
-0.368781
-0.376129
-0.384365
-0.392573
-0.399943
-0.405923
-0.410185
-0.412591
-0.413101
-0.411661
-0.40814
-0.402389
-0.394215
-0.383504
-0.370322
-0.355162
-0.339149
-0.324147
-0.312407
-0.305748
-0.304788
-0.308805
-0.316339
-0.32592
-0.336452
-0.347236
-0.357806
-0.36782
-0.376927
-0.384817
-0.39129
-0.396269
-0.399773
-0.401955
-0.403015
-0.403191
-0.402761
-0.401924
-0.400923
-0.399893
-0.398962
-0.398186
-0.397606
-0.397203
-0.396969
-0.396855
-0.396832
-0.396852
-0.396878
-0.39688
-0.396816
-0.396672
-0.396408
-0.395994
-0.395386
-0.394526
-0.393372
-0.391857
-0.389941
-0.387599
-0.384833
-0.38174
-0.378487
-0.375356
-0.372729
-0.370992
-0.370441
-0.37125
-0.373324
-0.376363
-0.379929
-0.383567
-0.386847
-0.389441
-0.391107
-0.391707
-0.391149
-0.389407
-0.386541
-0.38268
-0.378033
-0.372896
-0.367633
-0.362665
-0.358334
-0.354917
-0.352544
-0.351141
-0.350498
-0.350256
-0.350013
-0.349427
-0.348329
-0.346745
-0.34489
-0.34308
-0.341583
-0.34061
-0.340243
-0.340492
-0.341298
-0.342639
-0.344516
-0.346945
-0.349934
-0.353446
-0.357363
-0.36151
-0.365587
-0.369249
-0.372142
-0.373929
-0.374398
-0.37348
-0.371335
-0.368321
-0.364992
-0.361891
-0.359436
-0.357727
-0.356637
-0.355844
-0.355112
-0.354347
-0.353672
-0.353301
-0.353451
-0.354227
-0.35561
-0.357423
-0.359465
-0.361539
-0.363467
-0.365171
-0.366606
-0.367771
-0.36869
-0.369385
-0.369918
-0.370302
-0.370577
-0.370785
-0.370922
-0.37101
-0.371076
-0.371127
-0.37117
-0.371194
-0.371203
-0.371183
-0.371115
-0.371002
-0.370814
-0.370531
-0.370114
-0.369534
-0.368755
-0.367755
-0.366504
-0.364987
-0.363208
-0.361197
-0.359027
-0.356812
-0.354719
-0.352977
-0.351794
-0.351364
-0.351774
-0.352975
-0.354783
-0.356928
-0.359005
-0.360658
-0.361466
-0.36108
-0.359157
-0.355402
-0.349615
-0.341863
-0.332649
-0.323159
-0.315238
-0.310879
-0.31133
-0.316361
-0.324478
-0.333752
-0.3426
-0.350192
-0.356231
-0.360822
-0.36417
-0.366497
-0.368012
-0.368905
-0.369325
-0.369455
-0.369451
-0.369477
-0.36968
-0.370152
-0.370879
-0.37179
-0.372723
-0.373437
-0.373685
-0.37321
-0.371844
-0.369567
-0.366506
-0.363045
-0.359759
-0.357313
-0.356254
-0.356827
-0.358857
-0.361838
-0.365183
-0.368316
-0.370877
-0.372706
-0.373789
-0.374208
-0.374084
-0.373587
-0.372818
-0.371943
-0.371062
-0.370288
-0.369687
-0.369327
-0.369226
-0.369381
-0.369751
-0.370257
-0.370794
-0.371257
-0.371511
-0.371428
-0.370896
-0.369824
-0.368132
-0.365814
-0.362883
-0.359418
-0.355546
-0.35143
-0.34725
-0.34319
-0.339376
-0.335895
-0.332816
-0.330215
-0.328209
-0.326946
-0.326616
-0.327327
-0.329051
-0.331611
-0.334692
-0.33786
-0.340754
-0.343005
-0.344462
-0.345123
-0.345175
-0.344954
-0.344851
-0.345121
-0.345807
-0.346707
-0.347453
-0.347706
-0.347216
-0.345979
-0.34412
-0.341883
-0.33951
-0.337238
-0.335243
-0.333834
-0.333362
-0.334197
-0.336564
-0.340387
-0.345224
-0.350459
-0.355476
-0.359791
-0.363121
-0.365294
-0.366255
-0.365982
-0.364459
-0.361696
-0.35781
-0.353097
-0.348111
-0.343658
-0.340642
-0.339792
-0.341329
-0.344897
-0.349715
-0.354884
-0.359676
-0.363628
-0.366539
-0.368398
-0.369317
-0.369401
-0.368817
-0.367716
-0.366248
-0.364574
-0.362841
-0.361232
-0.359871
-0.35891
-0.358446
-0.358491
-0.359034
-0.359997
-0.361267
-0.362734
-0.364257
-0.365688
-0.366929
-0.367855
-0.368357
-0.368374
-0.367904
-0.367026
-0.365883
-0.364767
-0.364072
-0.364211
-0.365513
-0.368118
-0.371917
-0.376536
-0.381526
-0.386421
-0.39084
-0.394532
-0.397359
-0.399311
-0.400412
-0.400788
-0.400551
-0.399919
-0.399094
-0.398347
-0.397931
-0.398065
-0.398856
-0.40028
-0.402172
-0.404226
-0.406095
-0.4075
-0.408219
-0.408218
-0.407533
-0.40634
-0.404812
-0.403104
-0.401279
-0.399379
-0.397451
-0.395595
-0.393987
-0.392834
-0.392363
-0.392652
-0.393743
-0.395545
-0.398057
-0.401419
-0.405914
-0.411837
-0.419244
-0.427861
-0.437101
-0.446251
-0.454664
-0.461861
-0.467599
-0.471783
-0.47445
-0.475732
-0.475799
-0.474847
-0.47309
-0.470764
-0.468084
-0.465227
-0.462333
-0.459472
-0.456631
-0.453782
-0.450848
-0.447789
-0.444622
-0.441409
-0.438243
-0.435171
-0.432098
-0.428777
-0.424864
-0.420055
-0.414278
-0.40783
-0.401448
-0.396176
-0.393093
-0.392863
-0.395531
-0.4005
-0.406854
-0.413626
-0.420061
-0.425647
-0.430098
-0.433256
-0.435112
-0.43573
-0.435291
-0.433997
-0.432082
-0.42973
-0.427073
-0.424182
-0.421115
-0.418005
-0.415076
-0.41262
-0.410876
-0.409956
-0.40983
-0.410402
-0.411584
-0.413312
-0.415514
-0.418002
-0.42049
-0.422579
-0.423876
-0.424079
-0.42301
-0.420635
-0.417075
-0.412557
-0.407401
-0.401952
-0.396621
-0.39172
-0.387515
-0.384149
-0.381645
-0.379942
-0.378972
-0.378644
-0.378898
-0.37971
-0.38101
-0.382727
-0.38473
-0.386877
-0.389011
-0.390996
-0.392756
-0.394205
-0.395329
-0.39615
-0.396684
-0.396989
-0.397081
-0.397009
-0.396822
-0.39655
-0.39621
-0.395815
-0.395388
-0.39492
-0.394426
-0.393887
-0.393293
-0.392641
-0.391866
-0.390956
-0.389869
-0.388551
-0.38697
-0.385069
-0.382834
-0.380249
-0.377329
-0.374142
-0.370787
-0.36741
-0.3642
-0.361388
-0.359217
-0.357904
-0.357643
-0.358578
-0.360773
-0.364155
-0.368512
-0.373504
-0.378711
-0.383691
-0.388036
-0.391446
-0.393716
-0.394718
-0.394392
-0.392748
-0.389854
-0.385815
-0.38082
-0.375161
-0.369244
-0.363577
-0.358669
-0.354995
-0.352793
-0.352046
-0.352489
-0.353712
-0.355258
-0.356763
-0.357994
-0.358897
-0.359498
-0.359891
-0.36023
-0.360619
-0.361118
-0.361742
-0.362452
-0.36319
-0.363907
-0.364621
-0.36532
-0.366043
-0.366847
-0.367796
-0.368898
-0.370189
-0.37167
-0.37332
-0.375086
-0.37692
-0.378747
-0.380507
-0.382158
-0.383637
-0.384918
-0.385946
-0.386671
-0.387063
-0.387004
-0.386429
-0.385222
-0.383253
-0.380391
-0.376576
-0.371819
-0.366291
-0.360356
-0.354572
-0.349641
-0.346262
-0.344959
-0.345848
-0.348659
-0.352815
-0.357596
-0.362364
-0.366671
-0.370317
-0.37333
-0.375815
-0.377962
-0.379927
-0.381785
-0.383584
-0.385279
-0.386787
-0.388025
-0.388926
-0.389446
-0.389573
-0.389317
-0.388791
-0.388117
-0.387507
-0.387221
-0.387524
-0.388621
-0.390607
-0.393406
-0.396764
-0.400276
-0.403547
-0.406159
-0.407756
-0.408123
-0.407135
-0.404797
-0.401283
-0.396944
-0.39229
-0.387901
-0.384305
-0.381862
-0.380574
-0.380165
-0.380191
-0.38012
-0.379449
-0.377785
-0.374749
-0.370133
-0.363866
-0.356212
-0.347896
-0.340181
-0.334709
-0.333017
-0.335839
-0.342847
-0.352801
-0.364109
-0.375418
-0.385824
-0.39487
-0.402411
-0.408457
-0.41312
-0.416525
-0.418768
-0.419937
-0.420106
-0.4193
-0.417593
-0.415048
-0.4118
-0.408038
-0.404006
-0.400004
-0.396318
-0.39321
-0.390841
-0.389252
-0.388371
-0.388083
-0.388237
-0.388704
-0.3894
-0.390233
-0.39114
-0.392079
-0.392965
-0.393731
-0.3943
-0.394651
-0.394771
-0.394694
-0.394434
-0.394027
-0.393506
-0.392807
-0.391861
-0.390624
-0.389048
-0.38721
-0.385219
-0.383225
-0.381304
-0.379368
-0.377161
-0.374307
-0.370473
-0.365595
-0.360028
-0.354764
-0.351283
-0.351058
-0.354817
-0.362093
-0.371427
-0.381081
-0.389723
-0.396616
-0.401555
-0.404712
-0.406362
-0.406826
-0.406395
-0.405286
-0.403696
-0.401738
-0.399489
-0.397002
-0.394285
-0.391398
-0.388377
-0.3853
-0.382274
-0.379413
-0.376821
-0.374596
-0.37279
-0.371442
-0.370537
-0.370037
-0.369865
-0.369915
-0.370134
-0.370406
-0.37067
-0.370829
-0.370832
-0.370586
-0.370007
-0.369012
-0.367481
-0.365301
-0.362384
-0.358658
-0.354123
-0.348904
-0.343263
-0.337661
-0.332732
-0.329214
-0.327787
-0.328863
-0.332387
-0.337856
-0.344451
-0.35129
-0.357611
-0.362884
-0.366825
-0.369316
-0.370321
-0.369882
-0.368063
-0.364958
-0.360714
-0.355547
-0.3498
-0.343993
-0.338798
-0.335001
-0.333344
-0.334289
-0.337877
-0.343625
-0.350687
-0.358159
-0.365242
-0.371399
-0.376334
-0.379959
-0.382311
-0.383469
-0.38356
-0.382654
-0.380788
-0.377903
-0.373892
-0.368518
-0.361491
-0.352613
-0.342077
-0.330857
-0.321008
-0.315327
-0.316037
-0.32328
-0.334803
-0.347074
-0.356773
-0.361577
-0.360349
-0.353346
-0.34286
-0.333421
-0.330325
-0.336304
-0.349513
-0.365266
-0.379426
-0.389963
-0.396658
-0.40014
-0.401244
-0.400679
-0.398998
-0.396584
-0.393683
-0.390433
-0.386881
-0.382985
-0.378654
-0.373875
-0.368673
-0.363351
-0.358423
-0.354627
-0.352728
-0.35321
-0.356098
-0.36086
-0.36656
-0.372152
-0.376683
-0.379493
-0.380258
-0.379032
-0.376156
-0.372264
-0.368184
-0.364783
-0.362781
-0.362563
-0.364099
-0.367011
-0.370742
-0.374744
-0.378591
-0.38196
-0.384648
-0.386421
-0.387018
-0.386084
-0.383191
-0.377962
-0.370178
-0.360102
-0.348715
-0.337925
-0.330343
-0.328338
-0.332818
-0.342648
-0.355304
-0.368109
-0.379249
-0.387868
-0.393899
-0.397658
-0.399556
-0.40002
-0.399396
-0.397962
-0.395945
-0.393506
-0.390795
-0.387978
-0.385148
-0.382434
-0.37991
-0.377658
-0.375699
-0.374084
-0.37282
-0.371984
-0.371638
-0.371873
-0.372797
-0.374465
-0.376903
-0.380032
-0.383721
-0.387747
-0.391905
-0.395966
-0.399744
-0.403096
-0.405914
-0.408142
-0.409764
-0.410756
-0.411114
-0.410842
-0.409924
-0.408375
-0.406198
-0.403452
-0.400209
-0.396587
-0.392777
-0.388991
-0.385493
-0.382533
-0.380343
-0.379087
-0.378863
-0.37969
-0.381438
-0.38387
-0.38666
-0.389396
-0.39171
-0.393297
-0.393956
-0.393663
-0.392518
-0.390746
-0.388643
-0.38654
-0.384747
-0.383497
-0.382932
-0.383063
-0.383823
-0.385069
-0.386629
-0.388338
-0.390027
-0.391547
-0.392759
-0.393555
-0.393823
-0.393499
-0.392536
-0.390958
-0.388835
-0.386338
-0.383697
-0.381203
-0.379196
-0.377967
-0.377693
-0.378392
-0.37996
-0.382134
-0.384588
-0.386962
-0.38894
-0.390251
-0.390683
-0.390074
-0.388357
-0.385568
-0.381898
-0.377736
-0.373738
-0.370621
-0.369078
-0.369415
-0.371425
-0.374459
-0.377684
-0.380346
-0.381895
-0.382092
-0.380886
-0.378365
-0.37465
-0.369913
-0.364344
-0.358178
-0.351802
-0.345663
-0.340261
-0.33603
-0.333246
-0.332056
-0.332492
-0.334421
-0.33762
-0.34167
-0.346148
-0.350705
-0.355148
-0.359397
-0.363451
-0.367216
-0.370523
-0.373192
-0.375071
-0.376161
-0.376579
-0.376544
-0.376346
-0.376257
-0.376484
-0.377165
-0.378332
-0.379965
-0.381969
-0.384244
-0.38666
-0.389108
-0.391507
-0.393768
-0.39584
-0.397703
-0.399342
-0.400723
-0.40182
-0.402563
-0.402869
-0.40268
-0.401932
-0.4006
-0.398703
-0.396318
-0.393538
-0.390558
-0.387631
-0.385037
-0.383127
-0.382209
-0.3825
-0.384066
-0.386755
-0.390261
-0.394189
-0.398204
-0.402032
-0.405517
-0.408576
-0.411159
-0.413257
-0.414782
-0.415636
-0.415654
-0.414626
-0.412317
-0.408517
-0.4031
-0.396134
-0.387969
-0.379344
-0.371379
-0.365447
-0.362807
-0.364213
-0.369527
-0.377697
-0.387126
-0.396233
-0.403801
-0.409115
-0.411852
-0.411956
-0.409559
-0.404973
-0.398732
-0.391689
-0.384975
-0.379822
-0.377209
-0.37753
-0.380408
-0.384923
-0.390004
-0.394738
-0.398535
-0.401109
-0.40243
-0.402607
-0.401829
-0.400316
-0.398263
-0.395817
-0.393046
-0.389949
-0.386461
-0.382467
-0.377859
-0.372624
-0.366821
-0.360746
-0.354871
-0.349846
-0.346389
-0.345103
-0.346284
-0.349795
-0.355091
-0.361365
-0.367725
-0.373376
-0.377743
-0.380459
-0.381336
-0.380392
-0.377782
-0.373793
-0.368813
-0.363356
-0.357987
-0.353242
-0.349562
-0.34726
-0.346436
-0.347055
-0.34893
-0.351775
-0.355232
-0.358923
-0.362533
-0.365795
-0.36855
-0.370746
-0.372391
-0.373568
-0.374354
-0.374861
-0.375197
-0.375426
-0.375613
-0.375784
-0.375951
-0.376093
-0.376185
-0.376172
-0.376008
-0.375624
-0.374958
-0.373935
-0.372504
-0.370593
-0.368163
-0.365155
-0.361544
-0.357325
-0.352522
-0.347198
-0.34145
-0.335441
-0.32941
-0.323638
-0.318516
-0.314425
-0.311796
-0.31098
-0.312196
-0.315107
-0.319332
-0.32433
-0.329585
-0.334675
-0.339299
-0.343337
-0.346733
-0.349553
-0.35187
-0.353759
-0.355324
-0.356628
-0.357742
-0.358694
-0.359516
-0.360239
-0.360875
-0.361449
-0.361952
-0.362404
-0.362804
-0.363153
-0.36343
-0.363612
-0.363688
-0.363635
-0.363413
-0.362985
-0.362308
-0.361339
-0.360055
-0.358442
-0.356516
-0.354359
-0.352096
-0.349919
-0.348057
-0.346744
-0.346154
-0.346366
-0.347347
-0.348964
-0.351004
-0.353238
-0.355447
-0.357482
-0.359179
-0.360415
-0.361022
-0.360761
-0.359319
-0.35628
-0.35117
-0.343559
-0.333269
-0.320659
-0.306957
-0.294368
-0.28554
-0.282498
-0.28561
-0.293341
-0.303164
-0.312952
-0.321712
-0.329577
-0.337241
-0.34521
-0.353479
-0.36157
-0.368915
-0.375085
-0.379925
-0.383502
-0.385976
-0.387553
-0.388395
-0.388627
-0.3883
-0.387517
-0.386391
-0.385106
-0.383935
-0.383166
-0.38304
-0.383716
-0.385201
-0.387371
-0.390012
-0.392859
-0.395695
-0.398363
-0.400737
-0.402785
-0.404461
-0.405745
-0.406571
-0.406857
-0.406518
-0.405483
-0.403738
-0.401355
-0.398534
-0.395611
-0.393015
-0.391192
-0.390428
-0.390769
-0.392
-0.393673
-0.395333
-0.396554
-0.397042
-0.396661
-0.395398
-0.393364
-0.390713
-0.387664
-0.384478
-0.381409
-0.378704
-0.376568
-0.375142
-0.374478
-0.374556
-0.375255
-0.376471
-0.378102
-0.380106
-0.382517
-0.385412
-0.388861
-0.392868
-0.397396
-0.402295
-0.407368
-0.412406
-0.41724
-0.421739
-0.42582
-0.429461
-0.432686
-0.435513
-0.437973
-0.440108
-0.441926
-0.443428
-0.444596
-0.445386
-0.44575
-0.445615
-0.444892
-0.443516
-0.441401
-0.438489
-0.43476
-0.430262
-0.425201
-0.420004
-0.415372
-0.412209
-0.411328
-0.413092
-0.417158
-0.422562
-0.428182
-0.433101
-0.436846
-0.439376
-0.440917
-0.441771
-0.442192
-0.442297
-0.44209
-0.441512
-0.440463
-0.438928
-0.436935
-0.434586
-0.43208
-0.429661
-0.427616
-0.426257
-0.425871
-0.426686
-0.428859
-0.432418
-0.437268
-0.443178
-0.44982
-0.45679
-0.463652
-0.469991
-0.47547
-0.479834
-0.48292
-0.484644
-0.484989
-0.484034
-0.481843
-0.478518
-0.474136
-0.468756
-0.46247
-0.45541
-0.447852
-0.440231
-0.433203
-0.427548
-0.42405
-0.423289
-0.425449
-0.430271
-0.437122
-0.445196
-0.453639
-0.461712
-0.468794
-0.474467
-0.47848
-0.480777
-0.481497
-0.480913
-0.479413
-0.477426
-0.47538
-0.473623
-0.472376
-0.471735
-0.471666
-0.472045
-0.472698
-0.473422
-0.47399
-0.474186
-0.473806
-0.472633
-0.470503
-0.467312
-0.46307
-0.458055
-0.452803
-0.44807
-0.444707
-0.443289
-0.443919
-0.446165
-0.449247
-0.452358
-0.454886
-0.45648
-0.457031
-0.456605
-0.455351
-0.453491
-0.451243
-0.448828
-0.446431
-0.444203
-0.442227
-0.440521
-0.439055
-0.43775
-0.436575
-0.43553
-0.434706
-0.434319
-0.434607
-0.435789
-0.437951
-0.440994
-0.444661
-0.448583
-0.452432
-0.455917
-0.458867
-0.46119
-0.462888
-0.464012
-0.464605
-0.464731
-0.464457
-0.463811
-0.462806
-0.461423
-0.45962
-0.457339
-0.454527
-0.451213
-0.447516
-0.443719
-0.440265
-0.437722
-0.436556
-0.437026
-0.439009
-0.4421
-0.445722
-0.449343
-0.45258
-0.455252
-0.457292
-0.458701
-0.459557
-0.459896
-0.459751
-0.459129
-0.458046
-0.456511
-0.454551
-0.452228
-0.449614
-0.446824
-0.444024
-0.441416
-0.439261
-0.437851
-0.437416
-0.438121
-0.43998
-0.442838
-0.446436
-0.450425
-0.454442
-0.458163
-0.461302
-0.463625
-0.464992
-0.465321
-0.464602
-0.462872
-0.460233
-0.456868
-0.453021
-0.448976
-0.445073
-0.441621
-0.4388
-0.436648
-0.434886
-0.433101
-0.430732
-0.427418
-0.423305
-0.419232
-0.416732
-0.41738
-0.42201
-0.430159
-0.440307
-0.450737
-0.460149
-0.467908
-0.473909
-0.478305
-0.48136
-0.48334
-0.484445
-0.484793
-0.484455
-0.48345
-0.481765
-0.479341
-0.476113
-0.472012
-0.466973
-0.460926
-0.453794
-0.445514
-0.436026
-0.425354
-0.413738
-0.401744
-0.39037
-0.380984
-0.374959
-0.373097
-0.37511
-0.37971
-0.385209
-0.390365
-0.394857
-0.399137
-0.403927
-0.409635
-0.416112
-0.422788
-0.428999
-0.434296
-0.438471
-0.441546
-0.443646
-0.444934
-0.445571
-0.445681
-0.445357
-0.44466
-0.443635
-0.442328
-0.440757
-0.438958
-0.436965
-0.43483
-0.432627
-0.430454
-0.42846
-0.426781
-0.425596
-0.425037
-0.425203
-0.426068
-0.427548
-0.42945
-0.431586
-0.433689
-0.4356
-0.437228
-0.438525
-0.439539
-0.440335
-0.440964
-0.441493
-0.441912
-0.442175
-0.442147
-0.441679
-0.44059
-0.438693
-0.435891
-0.43217
-0.427715
-0.422898
-0.418252
-0.414362
-0.411733
-0.410614
-0.411006
-0.412646
-0.415198
-0.418335
-0.421787
-0.425303
-0.428651
-0.431606
-0.433915
-0.435405
-0.435909
-0.435297
-0.433528
-0.430611
-0.426681
-0.421949
-0.416773
-0.4116
-0.406964
-0.403395
-0.401317
-0.400948
-0.402234
-0.404891
-0.408467
-0.412436
-0.416312
-0.41974
-0.422522
-0.424576
-0.42598
-0.426871
-0.427438
-0.427854
-0.428224
-0.42862
-0.429015
-0.429337
-0.429482
-0.429378
-0.428985
-0.42835
-0.427621
-0.426983
-0.426627
-0.426697
-0.427169
-0.427856
-0.428434
-0.42844
-0.427358
-0.424645
-0.419779
-0.412326
-0.402242
-0.390153
-0.377721
-0.367566
-0.362224
-0.362621
-0.367422
-0.373858
-0.379315
-0.382326
-0.382628
-0.38084
-0.378019
-0.375335
-0.373721
-0.373639
-0.375086
-0.377661
-0.380859
-0.384248
-0.387527
-0.390543
-0.393192
-0.395412
-0.397144
-0.398357
-0.398982
-0.399001
-0.398446
-0.397408
-0.396089
-0.394744
-0.393668
-0.393143
-0.393306
-0.394166
-0.395539
-0.397135
-0.398603
-0.399631
-0.399952
-0.399411
-0.397917
-0.395485
-0.392246
-0.38839
-0.384232
-0.380127
-0.376442
-0.373452
-0.371337
-0.370126
-0.36971
-0.369913
-0.370539
-0.371369
-0.372241
-0.372996
-0.373554
-0.373836
-0.373836
-0.37359
-0.373187
-0.372738
-0.372342
-0.372079
-0.372029
-0.372248
-0.372772
-0.373556
-0.374588
-0.375806
-0.377173
-0.378611
-0.380074
-0.381488
-0.382837
-0.384112
-0.385309
-0.386449
-0.387537
-0.38857
-0.389552
-0.390443
-0.391215
-0.391796
-0.392123
-0.392152
-0.391851
-0.391202
-0.390221
-0.389017
-0.387715
-0.386498
-0.385557
-0.385084
-0.385205
-0.385972
-0.38735
-0.389217
-0.391421
-0.393793
-0.39619
-0.398492
-0.400633
-0.402556
-0.404243
-0.405713
-0.406976
-0.408066
-0.409016
-0.409836
-0.410558
-0.411202
-0.411773
-0.412275
-0.412709
-0.413054
-0.413285
-0.413408
-0.413391
-0.413234
-0.412982
-0.412667
-0.412349
-0.412099
-0.411993
-0.412118
-0.412562
-0.413359
-0.414494
-0.415908
-0.417502
-0.419121
-0.420564
-0.421628
-0.422086
-0.421754
-0.420484
-0.418171
-0.414754
-0.410292
-0.404943
-0.399025
-0.392999
-0.387437
-0.382992
-0.380258
-0.37972
-0.381498
-0.385403
-0.390944
-0.39755
-0.404659
-0.411856
-0.418878
-0.425572
-0.431823
-0.437575
-0.442717
-0.447164
-0.4508
-0.453524
-0.455259
-0.455953
-0.455621
-0.454306
-0.452128
-0.449265
-0.445961
-0.442462
-0.439081
-0.43608
-0.433692
-0.432078
-0.431264
-0.431166
-0.431624
-0.432414
-0.433375
-0.434388
-0.435412
-0.436464
-0.437579
-0.438805
-0.440157
-0.441637
-0.443224
-0.444888
-0.446579
-0.448283
-0.449936
-0.451493
-0.452896
-0.454102
-0.45504
-0.455684
-0.456021
-0.456054
-0.455797
-0.45527
-0.454523
-0.45358
-0.452494
-0.451279
-0.449941
-0.448507
-0.446987
-0.445401
-0.443805
-0.442243
-0.440762
-0.439443
-0.438346
-0.437512
-0.436945
-0.436604
-0.436385
-0.436137
-0.435624
-0.434581
-0.432715
-0.429799
-0.42572
-0.420681
-0.415262
-0.410534
-0.407777
-0.408011
-0.411515
-0.41763
-0.425098
-0.432607
-0.439134
-0.444142
-0.447423
-0.448992
-0.448967
-0.447487
-0.444708
-0.440838
-0.436162
-0.431076
-0.426133
-0.421932
-0.41908
-0.417964
-0.418635
-0.420854
-0.424143
-0.42799
-0.431933
-0.435659
-0.438958
-0.44173
-0.44391
-0.445491
-0.446478
-0.446878
-0.446695
-0.445965
-0.444693
-0.442906
-0.440646
-0.437937
-0.434798
-0.431291
-0.427437
-0.42331
-0.418997
-0.414629
-0.410387
-0.406476
-0.403115
-0.400521
-0.39887
-0.398225
-0.398582
-0.399818
-0.401717
-0.403965
-0.406232
-0.408179
-0.409494
-0.410002
-0.409613
-0.408343
-0.406364
-0.403909
-0.401238
-0.398665
-0.396475
-0.394872
-0.393987
-0.393899
-0.394553
-0.395885
-0.397756
-0.400015
-0.40248
-0.40497
-0.407373
-0.409543
-0.411435
-0.412988
-0.414252
-0.415238
-0.416003
-0.416601
-0.417098
-0.417529
-0.417942
-0.418338
-0.418719
-0.419047
-0.419275
-0.419344
-0.419186
-0.418714
-0.417852
-0.416519
-0.414645
-0.412242
-0.409338
-0.40608
-0.402734
-0.399682
-0.397332
-0.396145
-0.39635
-0.397991
-0.400837
-0.404423
-0.408225
-0.411677
-0.41433
-0.41584
-0.41598
-0.414673
-0.411983
-0.408155
-0.403621
-0.39904
-0.395196
-0.392892
-0.392639
-0.394592
-0.398397
-0.403368
-0.408628
-0.413343
-0.416828
-0.418551
-0.418109
-0.415243
-0.409775
-0.401775
-0.391697
-0.380646
-0.37047
-0.363357
-0.361095
-0.364106
-0.371298
-0.380789
-0.390735
-0.399866
-0.40745
-0.413162
-0.416838
-0.418355
-0.417619
-0.414551
-0.409064
-0.401095
-0.390636
-0.377836
-0.363333
-0.348656
-0.336506
-0.330159
-0.331849
-0.341213
-0.355377
-0.370747
-0.384619
-0.395635
-0.403497
-0.408534
-0.411269
-0.412298
-0.412179
-0.411382
-0.410267
-0.409092
-0.408006
-0.407086
-0.406357
-0.405782
-0.405285
-0.404799
-0.404245
-0.403572
-0.402746
-0.401739
-0.400602
-0.399353
-0.398066
-0.396803
-0.395615
-0.39451
-0.393487
-0.392504
-0.391498
-0.390386
-0.389098
-0.387574
-0.385759
-0.383619
-0.381159
-0.378429
-0.375513
-0.37258
-0.369827
-0.367471
-0.3657
-0.36465
-0.364336
-0.364679
-0.365507
-0.366608
-0.367788
-0.368888
-0.369778
-0.370414
-0.370767
-0.370852
-0.370689
-0.370328
-0.369836
-0.369267
-0.368688
-0.368181
-0.36782
-0.367682
-0.367814
-0.368207
-0.368846
-0.369638
-0.370511
-0.371369
-0.372118
-0.372697
-0.373041
-0.373099
-0.372837
-0.372247
-0.371332
-0.370104
-0.368584
-0.366827
-0.364899
-0.362885
-0.360914
-0.359109
-0.357621
-0.356588
-0.356106
-0.35623
-0.356977
-0.358305
-0.36012
-0.362286
-0.364688
-0.367172
-0.369623
-0.371966
-0.374125
-0.376044
-0.377675
-0.378969
-0.379854
-0.380255
-0.380024
-0.379004
-0.377005
-0.373817
-0.369292
-0.363401
-0.356463
-0.349218
-0.342878
-0.338885
-0.338352
-0.34152
-0.347582
-0.355101
-0.362654
-0.369182
-0.374114
-0.377251
-0.378614
-0.378321
-0.376505
-0.373286
-0.368847
-0.363381
-0.356727
-0.350617
-0.345169
-0.341152
-0.339155
-0.339381
-0.341498
-0.344742
-0.348217
-0.351243
-0.353628
-0.355639
-0.35794
-0.361218
-0.365868
-0.371774
-0.378418
-0.385139
-0.391327
-0.396644
-0.400943
-0.404244
-0.406613
-0.408161
-0.408997
-0.409184
-0.408817
-0.407972
-0.406731
-0.405171
-0.40336
-0.401385
-0.399316
-0.397192
-0.395059
-0.392918
-0.390728
-0.388434
-0.38596
-0.383226
-0.380181
-0.376838
-0.373295
-0.369837
-0.366835
-0.364809
-0.364213
-0.365335
-0.368111
-0.372094
-0.376522
-0.380523
-0.383318
-0.384345
-0.383322
-0.380405
-0.376165
-0.371615
-0.368013
-0.36645
-0.367366
-0.370441
-0.374822
-0.379592
-0.384072
-0.387961
-0.391226
-0.393978
-0.396356
-0.398433
-0.400235
-0.401765
-0.402999
-0.40393
-0.404544
-0.40483
-0.404818
-0.404523
-0.403971
-0.403219
-0.402324
-0.401336
-0.40034
-0.399386
-0.398536
-0.397773
-0.397049
-0.396281
-0.395351
-0.394134
-0.392583
-0.390716
-0.388684
-0.386786
-0.385396
-0.384848
-0.385368
-0.386944
-0.389296
-0.392025
-0.39467
-0.39688
-0.39845
-0.399354
-0.399716
-0.399726
-0.399629
-0.39958
-0.399633
-0.39975
-0.399781
-0.39962
-0.399182
-0.398454
-0.397441
-0.396182
-0.39473
-0.393167
-0.391634
-0.390422
-0.389867
-0.390342
-0.392076
-0.395151
-0.399418
-0.404508
-0.409941
-0.415253
-0.420033
-0.423977
-0.426885
-0.428617
-0.429144
-0.428421
-0.426434
-0.423188
-0.418759
-0.413297
-0.407135
-0.400772
-0.394817
-0.389842
-0.386141
-0.383582
-0.381597
-0.379271
-0.375646
-0.370019
-0.362169
-0.352665
-0.34292
-0.334901
-0.330279
-0.329565
-0.331862
-0.335526
-0.339098
-0.341817
-0.343594
-0.344746
-0.345709
-0.346847
-0.348403
-0.350474
-0.353029
-0.355973
-0.359181
-0.362475
-0.365716
-0.368749
-0.371439
-0.373678
-0.375343
-0.376352
-0.376655
-0.376203
-0.375022
-0.373196
-0.370921
-0.368482
-0.366235
-0.364565
-0.363782
-0.364025
-0.36521
-0.367116
-0.369402
-0.371757
-0.37393
-0.375756
-0.377181
-0.378208
-0.378896
-0.379279
-0.379429
-0.379384
-0.379164
-0.378763
-0.378164
-0.377356
-0.376288
-0.374944
-0.373299
-0.371327
-0.369059
-0.366598
-0.364073
-0.361688
-0.359703
-0.358373
-0.357907
-0.358386
-0.359724
-0.361713
-0.36414
-0.366909
-0.370136
-0.37416
-0.379358
-0.385901
-0.393626
-0.402005
-0.410341
-0.417973
-0.424395
-0.429266
-0.432354
-0.433461
-0.432467
-0.429249
-0.423912
-0.416907
-0.409241
-0.402445
-0.398156
-0.397467
-0.400315
-0.405619
-0.411902
-0.417896
-0.422877
-0.426565
-0.428955
-0.430073
-0.429894
-0.42827
-0.424965
-0.419787
-0.412727
-0.404151
-0.394897
-0.386123
-0.378896
-0.37375
-0.370564
-0.368959
-0.368786
-0.370343
-0.374126
-0.380295
-0.388354
-0.397257
-0.40578
-0.412978
-0.418367
-0.421938
-0.423977
-0.424911
-0.425179
-0.425155
-0.42506
-0.425016
-0.425025
-0.425023
-0.424966
-0.424837
-0.424648
-0.424484
-0.424418
-0.424531
-0.424836
-0.425322
-0.425894
-0.426489
-0.427027
-0.427501
-0.427944
-0.4284
-0.428916
-0.429525
-0.430181
-0.430812
-0.431258
-0.431382
-0.431055
-0.430159
-0.428655
-0.426476
-0.423643
-0.42016
-0.416034
-0.411299
-0.405939
-0.399925
-0.393277
-0.386158
-0.378867
-0.371973
-0.366196
-0.362391
-0.361227
-0.362991
-0.367444
-0.373917
-0.38152
-0.389359
-0.396745
-0.403199
-0.408543
-0.412753
-0.415939
-0.418227
-0.419748
-0.420577
-0.420736
-0.42023
-0.419017
-0.417137
-0.414674
-0.411769
-0.408601
-0.405346
-0.402142
-0.39915
-0.396602
-0.394803
-0.394033
-0.394497
-0.396158
-0.398733
-0.401792
-0.404856
-0.407534
-0.409544
-0.410695
-0.41093
-0.410262
-0.408794
-0.406721
-0.404316
-0.401941
-0.399979
-0.398813
-0.398732
-0.39991
-0.402321
-0.405795
-0.410024
-0.414658
-0.419344
-0.423763
-0.427733
-0.431111
-0.433819
-0.435866
-0.437267
-0.438048
-0.438246
-0.437893
-0.43698
-0.435516
-0.433482
-0.430932
-0.427926
-0.424624
-0.421244
-0.418095
-0.415503
-0.413744
-0.412987
-0.413216
-0.414267
-0.415836
-0.417587
-0.419232
-0.420539
-0.421432
-0.42194
-0.422284
-0.422711
-0.423517
-0.42498
-0.427246
-0.430291
-0.433949
-0.437881
-0.441643
-0.444742
-0.446733
-0.447258
-0.446183
-0.443607
-0.439899
-0.435634
-0.431502
-0.428203
-0.42647
-0.426921
-0.429882
-0.435187
-0.442147
-0.449789
-0.457234
-0.463892
-0.469479
-0.4739
-0.477174
-0.479373
-0.480591
-0.48091
-0.480465
-0.479393
-0.477796
-0.475768
-0.473328
-0.470361
-0.466684
-0.462053
-0.456304
-0.449548
-0.442228
-0.435197
-0.429325
-0.425124
-0.422436
-0.420418
-0.418136
-0.415
-0.411053
-0.406971
-0.403829
-0.402729
-0.404494
-0.409359
-0.416934
-0.426348
-0.436458
-0.446276
-0.455065
-0.462471
-0.468448
-0.473094
-0.476583
-0.47907
-0.48066
-0.481423
-0.481424
-0.480742
-0.479469
-0.47776
-0.47581
-0.473847
-0.472141
-0.470914
-0.470334
-0.470437
-0.471107
-0.472051
-0.472882
-0.473172
-0.472527
-0.470661
-0.467445
-0.462898
-0.457258
-0.45091
-0.444338
-0.438008
-0.432239
-0.427177
-0.422865
-0.419397
-0.417065
-0.416369
-0.417858
-0.42182
-0.42806
-0.43588
-0.444372
-0.452631
-0.459999
-0.466064
-0.47064
-0.473687
-0.47524
-0.47539
-0.474256
-0.472021
-0.468901
-0.465169
-0.461154
-0.457214
-0.453705
-0.450938
-0.449095
-0.448228
-0.44829
-0.449132
-0.450533
-0.452318
-0.454282
-0.456283
-0.458178
-0.459875
-0.461271
-0.462289
-0.462874
-0.462961
-0.462508
-0.461524
-0.460048
-0.458167
-0.456093
-0.45404
-0.452283
-0.451097
-0.450693
-0.451164
-0.452468
-0.454425
-0.45678
-0.459278
-0.461668
-0.463781
-0.465519
-0.466812
-0.467654
-0.468041
-0.467978
-0.467449
-0.466404
-0.464756
-0.462421
-0.459329
-0.455465
-0.450923
-0.445954
-0.441016
-0.436711
-0.433701
-0.432635
-0.433889
-0.437548
-0.443224
-0.450224
-0.457618
-0.464426
-0.4698
-0.473138
-0.474265
-0.473583
-0.47211
-0.47129
-0.472481
-0.47633
-0.482479
-0.489819
-0.4971
-0.503396
-0.508262
-0.511608
-0.513582
-0.514343
-0.514085
-0.512907
-0.510908
-0.508146
-0.504703
-0.500689
-0.496295
-0.491751
-0.487356
-0.483421
-0.48025
-0.478086
-0.47708
-0.477277
-0.478638
-0.481019
-0.484208
-0.487895
-0.491762
-0.495404
-0.498501
-0.500793
-0.502175
-0.502714
-0.502653
-0.502362
-0.502339
-0.503089
-0.504951
-0.508113
-0.512473
-0.517691
-0.523239
-0.528468
-0.5327
-0.535316
-0.535806
-0.533761
-0.529005
-0.521654
-0.512271
-0.501906
-0.49205
-0.484196
-0.479305
-0.477546
-0.478348
-0.480831
-0.484161
-0.4877
-0.491023
-0.493883
-0.496219
-0.498125
-0.499909
-0.501929
-0.504529
-0.507998
-0.512439
-0.517788
-0.523794
-0.530065
-0.536136
-0.541549
-0.54587
-0.548759
-0.550009
-0.549508
-0.547246
-0.543251
-0.537584
-0.530272
-0.521392
-0.511296
-0.50107
-0.492704
-0.488691
-0.4908
-0.498915
-0.510925
-0.52404
-0.536029
-0.54571
-0.552742
-0.557255
-0.559601
-0.560115
-0.559104
-0.556822
-0.55348
-0.549253
-0.544259
-0.538658
-0.532536
-0.526034
-0.519301
-0.512547
-0.506035
-0.500075
-0.495014
-0.491176
-0.488853
-0.488224
-0.489338
-0.492077
-0.496196
-0.501329
-0.507031
-0.51281
-0.518139
-0.522495
-0.525316
-0.526026
-0.524038
-0.518786
-0.509831
-0.497154
-0.481569
-0.465162
-0.451325
-0.443661
-0.444118
-0.451871
-0.463983
-0.477245
-0.489407
-0.499395
-0.507006
-0.512459
-0.516044
-0.517992
-0.518413
-0.517335
-0.514857
-0.511148
-0.506492
-0.501284
-0.495918
-0.490712
-0.485839
-0.481343
-0.477239
-0.473671
-0.470859
-0.469012
-0.468253
-0.468465
-0.469376
-0.470684
-0.472134
-0.473619
-0.475132
-0.476656
-0.478198
-0.47967
-0.480965
-0.481973
-0.482602
-0.48279
-0.482458
-0.481556
-0.48
-0.477716
-0.474609
-0.470636
-0.465858
-0.460445
-0.454782
-0.449415
-0.444993
-0.442125
-0.44113
-0.442045
-0.444535
-0.448085
-0.452151
-0.456238
-0.459972
-0.463128
-0.465584
-0.467296
-0.468326
-0.468803
-0.468889
-0.468842
-0.468879
-0.46922
-0.470032
-0.471392
-0.473313
-0.475713
-0.478451
-0.481357
-0.484265
-0.48701
-0.489487
-0.491625
-0.493374
-0.494688
-0.495558
-0.495952
-0.495823
-0.4951
-0.493699
-0.491566
-0.488684
-0.485124
-0.48107
-0.476864
-0.472937
-0.469732
-0.467634
-0.466849
-0.46733
-0.468859
-0.471063
-0.473578
-0.476089
-0.478404
-0.480416
-0.482071
-0.483318
-0.484066
-0.484216
-0.4837
-0.482506
-0.480811
-0.47901
-0.477632
-0.477218
-0.478142
-0.480436
-0.483728
-0.487438
-0.490975
-0.493956
-0.496347
-0.498388
-0.500485
-0.502993
-0.506064
-0.509641
-0.513467
-0.51721
-0.52054
-0.523164
-0.524868
-0.52555
-0.525203
-0.52389
-0.521748
-0.519004
-0.515905
-0.512656
-0.509462
-0.506469
-0.503785
-0.501483
-0.499582
-0.498048
-0.496812
-0.495804
-0.495103
-0.494962
-0.495883
-0.498397
-0.502868
-0.509221
-0.516955
-0.525296
-0.533531
-0.541028
-0.547447
-0.552576
-0.556337
-0.558683
-0.559517
-0.558676
-0.55592
-0.550957
-0.543527
-0.533575
-0.521477
-0.508209
-0.495447
-0.485133
-0.478782
-0.476792
-0.478272
-0.481467
-0.484551
-0.486296
-0.48639
-0.485331
-0.484212
-0.484218
-0.486159
-0.490275
-0.496232
-0.503324
-0.510824
-0.518156
-0.524974
-0.531067
-0.536362
-0.540841
-0.54451
-0.547354
-0.549311
-0.550298
-0.550163
-0.548675
-0.545534
-0.540392
-0.532945
-0.523165
-0.511578
-0.499518
-0.488984
-0.481887
-0.478983
-0.479355
-0.481011
-0.482056
-0.481395
-0.478872
-0.47503
-0.470707
-0.466742
-0.463858
-0.46247
-0.462729
-0.464528
-0.467586
-0.471541
-0.475987
-0.480586
-0.485025
-0.489078
-0.492589
-0.495488
-0.497793
-0.499599
-0.500999
-0.501991
-0.502473
-0.502199
-0.500835
-0.498128
-0.493943
-0.488394
-0.481898
-0.475235
-0.469353
-0.465253
-0.46365
-0.464739
-0.468142
-0.473077
-0.478639
-0.484033
-0.488663
-0.49222
-0.49456
-0.495609
-0.495371
-0.493799
-0.490811
-0.486295
-0.480167
-0.472435
-0.463307
-0.453386
-0.443614
-0.435124
-0.428837
-0.425076
-0.423435
-0.423111
-0.423305
-0.423589
-0.423893
-0.424414
-0.425374
-0.426863
-0.428768
-0.430777
-0.432528
-0.433684
-0.433991
-0.433366
-0.43195
-0.430046
-0.42808
-0.426504
-0.425637
-0.425683
-0.426589
-0.428183
-0.430226
-0.432486
-0.434818
-0.437089
-0.439225
-0.441157
-0.442791
-0.443986
-0.444613
-0.444469
-0.443372
-0.441163
-0.437766
-0.433262
-0.42789
-0.422133
-0.416577
-0.411862
-0.408464
-0.406542
-0.405997
-0.406513
-0.407807
-0.40962
-0.411756
-0.414058
-0.416381
-0.418624
-0.420926
-0.422908
-0.424868
-0.426882
-0.429008
-0.431234
-0.433471
-0.435559
-0.437295
-0.438492
-0.438994
-0.438677
-0.437487
-0.43543
-0.432565
-0.429051
-0.425122
-0.421118
-0.417441
-0.414453
-0.412453
-0.411555
-0.411672
-0.412554
-0.413883
-0.415294
-0.4165
-0.417265
-0.417437
-0.416947
-0.415782
-0.414004
-0.411775
-0.409271
-0.406775
-0.404603
-0.403044
-0.402337
-0.402603
-0.403807
-0.40583
-0.408458
-0.411454
-0.414589
-0.417674
-0.420593
-0.423288
-0.425749
-0.428003
-0.430057
-0.431942
-0.433668
-0.435223
-0.436619
-0.437848
-0.438895
-0.439797
-0.440583
-0.441318
-0.442023
-0.442704
-0.443301
-0.443688
-0.443652
-0.442947
-0.441257
-0.438305
-0.433894
-0.427958
-0.42067
-0.412533
-0.404354
-0.397196
-0.392051
-0.389716
-0.39061
-0.394767
-0.401693
-0.410265
-0.418851
-0.425741
-0.429603
-0.429813
-0.426572
-0.420863
-0.414237
-0.408336
-0.404341
-0.402536
-0.402353
-0.402886
-0.403421
-0.403665
-0.403723
-0.403966
-0.404769
-0.406412
-0.409006
-0.412479
-0.416606
-0.421114
-0.425727
-0.430167
-0.434299
-0.437969
-0.441144
-0.443828
-0.446022
-0.447757
-0.44906
-0.449944
-0.450381
-0.450369
-0.449864
-0.448826
-0.44717
-0.44487
-0.441907
-0.438316
-0.43423
-0.429882
-0.4256
-0.421766
-0.418794
-0.416943
-0.41631
-0.416799
-0.4181
-0.419823
-0.421574
-0.423039
-0.424016
-0.424492
-0.424515
-0.424296
-0.424056
-0.424028
-0.4244
-0.42527
-0.42665
-0.428447
-0.430459
-0.432457
-0.434211
-0.435511
-0.436211
-0.436207
-0.435463
-0.434036
-0.432026
-0.42965
-0.427168
-0.424882
-0.423049
-0.421833
-0.421237
-0.421115
-0.421242
-0.42135
-0.421287
-0.420985
-0.420551
-0.420181
-0.420063
-0.420373
-0.42115
-0.422319
-0.423689
-0.425032
-0.426124
-0.426814
-0.427027
-0.426742
-0.425999
-0.424871
-0.42345
-0.421812
-0.420066
-0.418286
-0.416521
-0.414798
-0.413134
-0.41152
-0.40997
-0.408438
-0.406915
-0.405396
-0.403879
-0.402413
-0.401033
-0.399832
-0.398856
-0.398188
-0.397863
-0.397875
-0.398168
-0.398649
-0.399227
-0.399763
-0.400188
-0.400459
-0.400538
-0.400451
-0.400212
-0.399865
-0.399425
-0.398899
-0.398269
-0.397519
-0.396616
-0.395507
-0.394155
-0.392538
-0.390648
-0.388474
-0.38603
-0.383377
-0.380628
-0.377972
-0.375628
-0.373889
-0.372971
-0.37303
-0.374081
-0.375982
-0.378507
-0.381433
-0.384519
-0.387566
-0.39042
-0.392955
-0.39513
-0.39687
-0.398161
-0.399006
-0.399421
-0.399432
-0.399102
-0.398513
-0.397754
-0.396922
-0.396105
-0.39545
-0.39506
-0.395031
-0.395441
-0.396348
-0.397773
-0.399709
-0.402107
-0.40489
-0.407974
-0.411252
-0.414616
-0.417985
-0.421281
-0.424435
-0.427416
-0.430212
-0.432808
-0.435209
-0.437439
-0.439514
-0.44145
-0.443279
-0.445006
-0.446648
-0.448222
-0.449735
-0.451186
-0.45257
-0.453893
-0.455106
-0.456198
-0.457154
-0.457934
-0.45852
-0.458862
-0.458907
-0.458601
-0.45788
-0.456671
-0.45487
-0.452369
-0.449035
-0.444814
-0.439709
-0.43397
-0.428122
-0.423023
-0.419727
-0.419176
-0.421791
-0.427297
-0.434881
-0.443536
-0.452356
-0.460772
-0.468477
-0.475378
-0.481462
-0.486757
-0.491305
-0.495136
-0.498247
-0.50067
-0.502427
-0.503532
-0.504059
-0.504063
-0.503621
-0.50284
-0.501818
-0.500682
-0.499565
-0.498577
-0.497795
-0.497315
-0.497201
-0.497465
-0.498069
-0.498941
-0.499967
-0.501
-0.501864
-0.502375
-0.502345
-0.501641
-0.500155
-0.497822
-0.494702
-0.490987
-0.487052
-0.483505
-0.481025
-0.480187
-0.481267
-0.484056
-0.487984
-0.49232
-0.49643
-0.499891
-0.502501
-0.504211
-0.505065
-0.505113
-0.504447
-0.503135
-0.501304
-0.499136
-0.496799
-0.494532
-0.492505
-0.490882
-0.489779
-0.489218
-0.489178
-0.489574
-0.490278
-0.49111
-0.491914
-0.492528
-0.492859
-0.492844
-0.492495
-0.491864
-0.490994
-0.489903
-0.488558
-0.486945
-0.485006
-0.482779
-0.480353
-0.477917
-0.475701
-0.473935
-0.472798
-0.47234
-0.472522
-0.473223
-0.4743
-0.475558
-0.476872
-0.478127
-0.479227
-0.480143
-0.48083
-0.481279
-0.481458
-0.481333
-0.480845
-0.479928
-0.478521
-0.476586
-0.4741
-0.471103
-0.467672
-0.463931
-0.460048
-0.456194
-0.452508
-0.449112
-0.44608
-0.44349
-0.4414
-0.439907
-0.439121
-0.439098
-0.439852
-0.441304
-0.44326
-0.445441
-0.447492
-0.449083
-0.449939
-0.44992
-0.449039
-0.447416
-0.445307
-0.442937
-0.440561
-0.438299
-0.436156
-0.434064
-0.431916
-0.42959
-0.427023
-0.424217
-0.421232
-0.418201
-0.415272
-0.412677
-0.410626
-0.409304
-0.408803
-0.409112
-0.410123
-0.411668
-0.413616
-0.415855
-0.418339
-0.42103
-0.423857
-0.426711
-0.429473
-0.432024
-0.43425
-0.436077
-0.437474
-0.438453
-0.439018
-0.439217
-0.439088
-0.43867
-0.438028
-0.437216
-0.436288
-0.435303
-0.434326
-0.433394
-0.432596
-0.431981
-0.43159
-0.431454
-0.431615
-0.432057
-0.432799
-0.433819
-0.435079
-0.43657
-0.438252
-0.440087
-0.442024
-0.444024
-0.44604
-0.448028
-0.449954
-0.451786
-0.453501
-0.455058
-0.456428
-0.457587
-0.458492
-0.459131
-0.459452
-0.45942
-0.459
-0.458169
-0.456904
-0.45518
-0.453007
-0.450388
-0.447365
-0.444
-0.440429
-0.43681
-0.433354
-0.430313
-0.427921
-0.426428
-0.425979
-0.426611
-0.42823
-0.430627
-0.433527
-0.436601
-0.439552
-0.442096
-0.444046
-0.445263
-0.445681
-0.445299
-0.444256
-0.442754
-0.44118
-0.439966
-0.439545
-0.440167
-0.441746
-0.44385
-0.445807
-0.446933
-0.446683
-0.444809
-0.441406
-0.436974
-0.432317
-0.428394
-0.426053
-0.425692
-0.427149
-0.429842
-0.432985
-0.435923
-0.438215
-0.439653
-0.440255
-0.440144
-0.439523
-0.438659
-0.437816
-0.437274
-0.437254
-0.437916
-0.439318
-0.441431
-0.444142
-0.44729
-0.450707
-0.454206
-0.457646
-0.460897
-0.463836
-0.466386
-0.468473
-0.470051
-0.471056
-0.471485
-0.471324
-0.470556
-0.469172
-0.467137
-0.46447
-0.461166
-0.457287
-0.452919
-0.448211
-0.443428
-0.438866
-0.434847
-0.431688
-0.429627
-0.428724
-0.428876
-0.429898
-0.431481
-0.433383
-0.435379
-0.437307
-0.439052
-0.440527
-0.44163
-0.44225
-0.442213
-0.441301
-0.439255
-0.435745
-0.430495
-0.423312
-0.414323
-0.404111
-0.39392
-0.385406
-0.380143
-0.378973
-0.381775
-0.387722
-0.395801
-0.405048
-0.414624
-0.423783
-0.431932
-0.43875
-0.44413
-0.448152
-0.45102
-0.452988
-0.454263
-0.455072
-0.455572
-0.455885
-0.456099
-0.456287
-0.456496
-0.456766
-0.457095
-0.457503
-0.457975
-0.458502
-0.459048
-0.459583
-0.460027
-0.460294
-0.460258
-0.459741
-0.458492
-0.456224
-0.452594
-0.447226
-0.439895
-0.430631
-0.420005
-0.409288
-0.400359
-0.395128
-0.394791
-0.399314
-0.407566
-0.417936
-0.428828
-0.439036
-0.447748
-0.454568
-0.459342
-0.4621
-0.462909
-0.46185
-0.458999
-0.454435
-0.448233
-0.4406
-0.431886
-0.422736
-0.414058
-0.406962
-0.402463
-0.401041
-0.402506
-0.406078
-0.410714
-0.415444
-0.419618
-0.422938
-0.425339
-0.426909
-0.427763
-0.428008
-0.427732
-0.426969
-0.425663
-0.423724
-0.420985
-0.41724
-0.412303
-0.406095
-0.398883
-0.3914
-0.38493
-0.380979
-0.38069
-0.384167
-0.390416
-0.397836
-0.404972
-0.410888
-0.415228
-0.418004
-0.419451
-0.419876
-0.419561
-0.418747
-0.417619
-0.416296
-0.414859
-0.413336
-0.411725
-0.410011
-0.408189
-0.406262
-0.404244
-0.402219
-0.400264
-0.398514
-0.397091
-0.396108
-0.395641
-0.395785
-0.396559
-0.398011
-0.400141
-0.402922
-0.406259
-0.409991
-0.413912
-0.417801
-0.421426
-0.424569
-0.427049
-0.4287
-0.429351
-0.42887
-0.427151
-0.424186
-0.420137
-0.415405
-0.410672
-0.406815
-0.404602
-0.404398
-0.405988
-0.408714
-0.41173
-0.41439
-0.416336
-0.417559
-0.418256
-0.418726
-0.419227
-0.419907
-0.420784
-0.421748
-0.42265
-0.423275
-0.423439
-0.42301
-0.42193
-0.420281
-0.418322
-0.41651
-0.415364
-0.415335
-0.416585
-0.418959
-0.421948
-0.424902
-0.427202
-0.428422
-0.428343
-0.426953
-0.424414
-0.421011
-0.417109
-0.413101
-0.409428
-0.406484
-0.40464
-0.40418
-0.405246
-0.407846
-0.411805
-0.416803
-0.422416
-0.428182
-0.433702
-0.438688
-0.442961
-0.446427
-0.449064
-0.450887
-0.451927
-0.452248
-0.451858
-0.450805
-0.449129
-0.446868
-0.444125
-0.441019
-0.437703
-0.434364
-0.431145
-0.42819
-0.425554
-0.423304
-0.421449
-0.420011
-0.41902
-0.418535
-0.418579
-0.419169
-0.420229
-0.421594
-0.423021
-0.424242
-0.425005
-0.425095
-0.424401
-0.42292
-0.420765
-0.418103
-0.415061
-0.411667
-0.407789
-0.403165
-0.397531
-0.390829
-0.383394
-0.376065
-0.370009
-0.366405
-0.365885
-0.368294
-0.372832
-0.378521
-0.38456
-0.390438
-0.395949
-0.400991
-0.405488
-0.409356
-0.41254
-0.41502
-0.41681
-0.417955
-0.418557
-0.418734
-0.418595
-0.418248
-0.417796
-0.41732
-0.416876
-0.416516
-0.416265
-0.416143
-0.416145
-0.416275
-0.416549
-0.416934
-0.417425
-0.418007
-0.418651
-0.419327
-0.420021
-0.420688
-0.421288
-0.421758
-0.422036
-0.422023
-0.421623
-0.420667
-0.419006
-0.416464
-0.412864
-0.408099
-0.402131
-0.395114
-0.387406
-0.379576
-0.372278
-0.366078
-0.361353
-0.358247
-0.356739
-0.356739
-0.358131
-0.360679
-0.364074
-0.367927
-0.371887
-0.375696
-0.379177
-0.382271
-0.384974
-0.387282
-0.389207
-0.390746
-0.391911
-0.392688
-0.39309
-0.39313
-0.392847
-0.392259
-0.391395
-0.390293
-0.389001
-0.387561
-0.38605
-0.384527
-0.383073
-0.381778
-0.38072
-0.379957
-0.379524
-0.379409
-0.379568
-0.379912
-0.3803
-0.380582
-0.380587
-0.380159
-0.379134
-0.377421
-0.375026
-0.372059
-0.368809
-0.365657
-0.36305
-0.361339
-0.360687
-0.360977
-0.361872
-0.362933
-0.363807
-0.364279
-0.364354
-0.3642
-0.364089
-0.364263
-0.364859
-0.36585
-0.367085
-0.368294
-0.36922
-0.369621
-0.369355
-0.368365
-0.366703
-0.364501
-0.361944
-0.359257
-0.356689
-0.354421
-0.352588
-0.351149
-0.349999
-0.348917
-0.347668
-0.346102
-0.344329
-0.342735
-0.341972
-0.342703
-0.345278
-0.34947
-0.354532
-0.359477
-0.363453
-0.365987
-0.366984
-0.366729
-0.365708
-0.364423
-0.363263
-0.362423
-0.361888
-0.361518
-0.361187
-0.360864
-0.36066
-0.360711
-0.361184
-0.362088
-0.363265
-0.364369
-0.364961
-0.36465
-0.363185
-0.360521
-0.356886
-0.352723
-0.348639
-0.345219
-0.342874
-0.341796
-0.341886
-0.342877
-0.344445
-0.346283
-0.348263
-0.350434
-0.352867
-0.355709
-0.359061
-0.362962
-0.367313
-0.371975
-0.376781
-0.381559
-0.386161
-0.390456
-0.394363
