-7.84084
-7.80504
-7.73227
-7.6466
-7.54361
-7.42712
-7.30675
-7.18833
-7.0787
-6.98526
-6.91274
-6.86841
-6.85064
-6.85677
-6.88428
-6.92422
-6.96986
-7.015
-7.05891
-7.09581
-7.12285
-7.14314
-7.15875
-7.16549
-7.16547
-7.16036
-7.15442
-7.14926
-7.14633
-7.14446
-7.14566
-7.14768
-7.15336
-7.16044
-7.16922
-7.18091
-7.19349
-7.20624
-7.21665
-7.22614
-7.23567
-7.24231
-7.24835
-7.25323
-7.25253
-7.24934
-7.24269
-7.23384
-7.22376
-7.21283
-7.20105
-7.18912
-7.18319
-7.17972
-7.18405
-7.19217
-7.20495
-7.2151
-7.23027
-7.24441
-7.25616
-7.26702
-7.27044
-7.27122
-7.26866
-7.2651
-7.25503
-7.24298
-7.2309
-7.21778
-7.20786
-7.19595
-7.18665
-7.17921
-7.17166
-7.16389
-7.15898
-7.15568
-7.15587
-7.16065
-7.16592
-7.17281
-7.18226
-7.18588
-7.19207
-7.19588
-7.19781
-7.20085
-7.2044
-7.20462
-7.20739
-7.20634
-7.20372
-7.19721
-7.19261
-7.18521
-7.17619
-7.1709
-7.16234
-7.15776
-7.15043
-7.14594
-7.14213
-7.14193
-7.14423
-7.1493
-7.15491
-7.16507
-7.17367
-7.18426
-7.1956
-7.20629
-7.21645
-7.22402
-7.23146
-7.23572
-7.23884
-7.24417
-7.24503
-7.24291
-7.23949
-7.23346
-7.22654
-7.22097
-7.21413
-7.20694
-7.20013
-7.1945
-7.19067
-7.18814
-7.1866
-7.1867
-7.18426
-7.18401
-7.1824
-7.18035
-7.17865
-7.17851
-7.17968
-7.18722
-7.19345
-7.20155
-7.20864
-7.21296
-7.21551
-7.2176
-7.21453
-7.21221
-7.20616
-7.1983
-7.19082
-7.18456
-7.17777
-7.17187
-7.1664
-7.15773
-7.15059
-7.14431
-7.13698
-7.13414
-7.13259
-7.13603
-7.14063
-7.15049
-7.16276
-7.17848
-7.19435
-7.21064
-7.22744
-7.24211
-7.25252
-7.26421
-7.27406
-7.27937
-7.28131
-7.28121
-7.27689
-7.27114
-7.26262
-7.25233
-7.2403
-7.22776
-7.2146
-7.20268
-7.18386
-7.16898
-7.15349
-7.14005
-7.12997
-7.12411
-7.12175
-7.12064
-7.1225
-7.12566
-7.12943
-7.13701
-7.14227
-7.15045
-7.1584
-7.16847
-7.17746
-7.18511
-7.19701
-7.2068
-7.21512
-7.22231
-7.23109
-7.23959
-7.24753
-7.25382
-7.25916
-7.26733
-7.27144
-7.27427
-7.27292
-7.26838
-7.26402
-7.25626
-7.24403
-7.22987
-7.21551
-7.19957
-7.18554
-7.1751
-7.16395
-7.15637
-7.1514
-7.14913
-7.14853
-7.15086
-7.159
-7.16737
-7.1795
-7.18889
-7.19881
-7.20906
-7.21451
-7.21698
-7.21695
-7.21583
-7.21004
-7.2024
-7.19493
-7.18522
-7.1779
-7.1697
-7.16433
-7.16152
-7.15962
-7.16014
-7.16606
-7.17277
-7.17964
-7.19118
-7.20145
-7.21327
-7.22271
-7.22927
-7.23664
-7.24256
-7.24808
-7.24937
-7.25194
-7.25239
-7.25208
-7.24652
-7.23946
-7.2333
-7.22483
-7.21403
-7.20232
-7.19006
-7.18237
-7.17247
-7.165
-7.16074
-7.16046
-7.15841
-7.15632
-7.15002
-7.14652
-7.14585
-7.14684
-7.15212
-7.15798
-7.16491
-7.17362
-7.18431
-7.19369
-7.20523
-7.21152
-7.21559
-7.21536
-7.2142
-7.21294
-7.20932
-7.2033
-7.19778
-7.19725
-7.19621
-7.1932
-7.19219
-7.19231
-7.19337
-7.19465
-7.19647
-7.19728
-7.19781
-7.20001
-7.20252
-7.2055
-7.20499
-7.20856
-7.20949
-7.20733
-7.20242
-7.19513
-7.18569
-7.17979
-7.1717
-7.16671
-7.16277
-7.16289
-7.16355
-7.16815
-7.17463
-7.18096
-7.18998
-7.19574
-7.20006
-7.20076
-7.20221
-7.20191
-7.20095
-7.20152
-7.20452
-7.2087
-7.2097
-7.21204
-7.21721
-7.22177
-7.22447
-7.22565
-7.22599
-7.22219
-7.21778
-7.20883
-7.19904
-7.19171
-7.18426
-7.17729
-7.1737
-7.17493
-7.17729
-7.18471
-7.18996
-7.19891
-7.20641
-7.2127
-7.216
-7.21721
-7.21372
-7.20785
-7.19789
-7.1888
-7.18095
-7.17173
-7.16013
-7.15222
-7.14809
-7.14526
-7.1457
-7.14729
-7.15468
-7.16531
-7.17878
-7.19511
-7.21147
-7.22626
-7.23982
-7.25046
-7.25735
-7.26069
-7.2578
-7.25293
-7.24456
-7.23243
-7.22036
-7.20852
-7.19855
-7.19212
-7.18511
-7.18273
-7.18124
-7.18242
-7.18531
-7.18647
-7.18666
-7.18585
-7.18109
-7.17761
-7.17449
-7.16981
-7.16271
-7.1574
-7.15346
-7.15185
-7.15371
-7.15623
-7.16103
-7.1645
-7.17261
-7.1831
-7.19334
-7.2047
-7.21755
-7.22665
-7.23259
-7.23842
-7.24147
-7.241
-7.23905
-7.23371
-7.22745
-7.22249
-7.21919
-7.21431
-7.20903
-7.20458
-7.201
-7.20043
-7.20083
-7.20006
-7.19914
-7.19556
-7.19315
-7.18732
-7.18023
-7.17402
-7.16827
-7.16305
-7.15969
-7.15766
-7.15887
-7.16525
-7.17268
-7.18081
-7.18961
-7.19485
-7.19611
-7.1966
-7.19949
-7.20075
-7.20431
-7.20789
-7.21567
-7.22357
-7.22962
-7.23376
-7.23629
-7.23612
-7.23433
-7.23304
-7.23205
-7.22603
-7.21881
-7.2136
-7.20504
-7.19762
-7.19188
-7.18855
-7.18481
-7.18047
-7.17542
-7.17391
-7.17251
-7.1726
-7.17958
-7.18726
-7.20005
-7.20979
-7.22126
-7.22998
-7.24003
-7.24481
-7.24578
-7.24119
-7.22979
-7.216
-7.19918
-7.1811
-7.16126
-7.146
-7.13282
-7.12658
-7.12388
-7.12937
-7.13848
-7.1508
-7.16407
-7.17834
-7.18922
-7.19802
-7.19938
-7.19955
-7.19627
-7.19018
-7.18117
-7.17444
-7.17117
-7.1702
-7.17424
-7.1804
-7.18442
-7.19079
-7.19439
-7.1972
-7.19799
-7.19883
-7.19854
-7.19518
-7.19365
-7.19196
-7.1928
-7.19503
-7.19728
-7.20393
-7.20956
-7.21561
-7.22259
-7.23131
-7.2409
-7.24755
-7.25472
-7.26134
-7.26475
-7.26558
-7.26734
-7.26458
-7.25807
-7.2516
-7.24429
-7.23492
-7.2232
-7.21029
-7.19724
-7.18581
-7.17416
-7.16399
-7.15241
-7.14187
-7.13117
-7.12107
-7.11312
-7.10834
-7.10415
-7.10358
-7.10426
-7.10937
-7.1187
-7.1292
-7.14167
-7.15651
-7.17176
-7.18841
-7.20356
-7.21499
-7.22539
-7.23485
-7.24163
-7.24646
-7.24988
-7.2481
-7.24127
-7.23325
-7.22216
-7.2104
-7.19921
-7.18545
-7.17253
-7.16298
-7.15288
-7.14782
-7.14611
-7.14776
-7.15585
-7.16675
-7.17795
-7.19054
-7.20281
-7.21466
-7.21939
-7.22303
-7.22484
-7.22495
-7.22256
-7.2186
-7.21397
-7.21114
-7.20896
-7.20637
-7.20658
-7.20643
-7.21053
-7.21017
-7.20775
-7.20585
-7.2064
-7.20823
-7.20762
-7.20767
-7.20721
-7.20694
-7.20838
-7.21125
-7.21343
-7.21265
-7.21092
-7.2042
-7.1981
-7.1892
-7.17933
-7.1687
-7.16034
-7.15281
-7.14648
-7.14491
-7.1435
-7.1482
-7.15396
-7.16155
-7.17124
-7.17671
-7.18645
-7.19065
-7.19284
-7.19225
-7.18756
-7.18025
-7.17224
-7.16844
-7.16829
-7.1698
-7.17449
-7.18415
-7.19615
-7.21033
-7.2242
-7.2351
-7.24598
-7.25146
-7.25735
-7.25591
-7.25158
-7.24854
-7.2437
-7.23446
-7.22708
-7.22164
-7.21275
-7.20454
-7.19673
-7.18991
-7.18476
-7.18156
-7.18008
-7.18012
-7.18147
-7.18709
-7.19324
-7.19768
-7.20054
-7.20405
-7.20364
-7.20021
-7.19684
-7.19188
-7.18641
-7.17997
-7.17504
-7.17024
-7.16512
-7.16253
-7.164
-7.1664
-7.17137
-7.17805
-7.18723
-7.19875
-7.2108
-7.22544
-7.23688
-7.24879
-7.2577
-7.26137
-7.26326
-7.26025
-7.25073
-7.23889
-7.22323
-7.20536
-7.1877
-7.17003
-7.15892
-7.15319
-7.15158
-7.157
-7.16867
-7.18264
-7.19646
-7.21045
-7.22201
-7.23084
-7.23729
-7.23739
-7.23419
-7.22871
-7.21811
-7.20633
-7.19182
-7.17712
-7.16578
-7.15309
-7.14532
-7.14067
-7.13895
-7.14028
-7.14456
-7.15022
-7.15716
-7.16498
-7.17183
-7.17865
-7.18538
-7.19383
-7.19901
-7.20567
-7.21321
-7.21924
-7.226
-7.23008
-7.23451
-7.23779
-7.23783
-7.23786
-7.23518
-7.22957
-7.2172
-7.20644
-7.1917
-7.17848
-7.16686
-7.15917
-7.15434
-7.15216
-7.1525
-7.15731
-7.16124
-7.16656
-7.17374
-7.18004
-7.18423
-7.18489
-7.18422
-7.18364
-7.18369
-7.1867
-7.19082
-7.19664
-7.20506
-7.21348
-7.21888
-7.22483
-7.23019
-7.2336
-7.2357
-7.23398
-7.23331
-7.22912
-7.22248
-7.21519
-7.20615
-7.19487
-7.18435
-7.17646
-7.17406
-7.17257
-7.17607
-7.18188
-7.18868
-7.19643
-7.20378
-7.2081
-7.2082
-7.20716
-7.20375
-7.19856
-7.19251
-7.19008
-7.1859
-7.18102
-7.17968
-7.18122
-7.18032
-7.18318
-7.18991
-7.19654
-7.20336
-7.21026
-7.21672
-7.22136
-7.22242
-7.22045
-7.21472
-7.21088
-7.20527
-7.20027
-7.19605
-7.19121
-7.18807
-7.18908
-7.19043
-7.19312
-7.20101
-7.20842
-7.2145
-7.22078
-7.22669
-7.22962
-7.23114
-7.2317
-7.23095
-7.22958
-7.22775
-7.22408
-7.21875
-7.21487
-7.20762
-7.20023
-7.19263
-7.18263
-7.17635
-7.1709
-7.16793
-7.16683
-7.16584
-7.16524
-7.1661
-7.16265
-7.16089
-7.16155
-7.16309
-7.16843
-7.17446
-7.18104
-7.19001
-7.19724
-7.20596
-7.21131
-7.21658
-7.22001
-7.22191
-7.22017
-7.21905
-7.21684
-7.20908
-7.20122
-7.19399
-7.1862
-7.17954
-7.17417
-7.17165
-7.17121
-7.17257
-7.176
-7.18235
-7.1894
-7.19708
-7.20502
-7.21435
-7.22128
-7.22788
-7.22936
-7.22801
-7.22525
-7.21924
-7.21275
-7.20449
-7.19699
-7.18819
-7.18085
-7.17446
-7.16723
-7.16341
-7.16346
-7.1653
-7.1681
-7.17075
-7.17011
-7.17049
-7.17066
-7.1682
-7.16158
-7.15602
-7.15037
-7.14942
-7.14999
-7.15418
-7.16569
-7.18256
-7.20088
-7.22114
-7.2401
-7.25561
-7.2672
-7.27312
-7.27428
-7.27033
-7.26342
-7.25398
-7.24142
-7.23202
-7.2225
-7.21444
-7.20914
-7.20364
-7.20304
-7.20233
-7.2016
-7.20102
-7.20017
-7.19953
-7.196
-7.19061
-7.18243
-7.1707
-7.1586
-7.14392
-7.13191
-7.12135
-7.1137
-7.10818
-7.1057
-7.1095
-7.11797
-7.12581
-7.1409
-7.15717
-7.17435
-7.19154
-7.20909
-7.2279
-7.24718
-7.26177
-7.27389
-7.27846
-7.28066
-7.27825
-7.27165
-7.25703
-7.24196
-7.22357
-7.20531
-7.18571
-7.16756
-7.15173
-7.14091
-7.13455
-7.13404
-7.13743
-7.15023
-7.16417
-7.17899
-7.19389
-7.20858
-7.22172
-7.23156
-7.23762
-7.24095
-7.23939
-7.23561
-7.22765
-7.21625
-7.20411
-7.19389
-7.18375
-7.17451
-7.16722
-7.16182
-7.1609
-7.16124
-7.16322
-7.17021
-7.17773
-7.18724
-7.19744
-7.20617
-7.21585
-7.22331
-7.23265
-7.23997
-7.23271
-7.20719
-7.16804
-7.12025
-7.06104
-6.99613
-6.93122
-6.86949
-6.8202
-6.78179
-6.75708
-6.74956
-6.751
-6.76514
-6.78427
-6.80966
-6.83457
-6.85736
-6.87555
-6.88663
-6.89009
-6.88748
-6.87961
-6.86889
-6.855
-6.84014
-6.83108
-6.82543
-6.82488
-6.83332
-6.84558
-6.86673
-6.88919
-6.91432
-6.93863
-6.95705
-6.97362
-6.98483
-6.98997
-6.99193
-6.98816
-6.98349
-6.97903
-6.97887
-6.97844
-6.9804
-6.98451
-6.98989
-6.99177
-6.9952
-6.99322
-6.98797
-6.97935
-6.96356
-6.94355
-6.91958
-6.90081
-6.88391
-6.87257
-6.86488
-6.86298
-6.86529
-6.87474
-6.88689
-6.90768
-6.93033
-6.95288
-6.97204
-6.98951
-7.00024
-7.00408
-7.00228
-6.99485
-6.98417
-6.97221
-6.96395
-6.95408
-6.94595
-6.94509
-6.94446
-6.94199
-6.94023
-6.93844
-6.93465
-6.93238
-6.92744
-6.92198
-6.91624
-6.90968
-6.90392
-6.90379
-6.90808
-6.91733
-6.92746
-6.94237
-6.95294
-6.95641
-6.95539
-6.94453
-6.92835
-6.90299
-6.87476
-6.84632
-6.81637
-6.79132
-6.77464
-6.76562
-6.76735
-6.78007
-6.7983
-6.82609
-6.86106
-6.89746
-6.93099
-6.96317
-6.99196
-7.01563
-7.03476
-7.04465
-7.04972
-7.04553
-7.03543
-7.02023
-7.0013
-6.98093
-6.96419
-6.95071
-6.93854
-6.92873
-6.92524
-6.92717
-6.93057
-6.93914
-6.94714
-6.95731
-6.96619
-6.97243
-6.97663
-6.97488
-6.96821
-6.95735
-6.94361
-6.92596
-6.90583
-6.88848
-6.87696
-6.86527
-6.86175
-6.86123
-6.86607
-6.87301
-6.88462
-6.89179
-6.89962
-6.90699
-6.914
-6.92354
-6.93498
-6.94627
-6.95773
-6.96632
-6.9751
-6.98189
-6.99122
-6.99928
-7.00684
-7.01443
-7.0195
-7.02429
-7.02421
-7.02248
-7.01957
-7.00998
-6.9976
-6.98187
-6.96136
-6.94075
-6.91787
-6.8936
-6.87014
-6.84996
-6.83248
-6.82427
-6.82198
-6.82528
-6.83656
-6.85204
-6.87235
-6.89325
-6.91611
-6.93239
-6.9426
-6.94421
-6.93679
-6.92037
-6.90152
-6.88141
-6.86284
-6.85451
-6.85636
-6.86551
-6.88037
-6.90163
-6.92606
-6.9486
-6.97017
-6.99068
-7.00059
-7.00764
-7.00998
-7.01031
-7.00627
-7.00389
-7.00109
-6.99987
-6.9991
-6.99999
-7.00421
-7.00906
-7.01087
-7.00389
-6.99405
-6.97889
-6.95818
-6.93836
-6.92344
-6.91324
-6.90612
-6.90456
-6.90907
-6.91673
-6.92601
-6.93737
-6.94728
-6.95149
-6.95287
-6.94957
-6.94002
-6.92615
-6.90843
-6.88942
-6.87114
-6.8564
-6.84763
-6.85182
-6.86069
-6.8748
-6.89403
-6.91725
-6.93735
-6.94836
-6.95457
-6.95801
-6.95292
-6.94743
-6.94073
-6.93235
-6.92553
-6.91812
-6.91472
-6.91072
-6.91034
-6.91052
-6.90951
-6.91173
-6.91559
-6.92142
-6.92915
-6.93621
-6.94228
-6.95098
-6.95382
-6.95636
-6.9587
-6.95847
-6.96116
-6.96012
-6.96117
-6.95879
-6.95508
-6.95289
-6.94944
-6.94529
-6.94401
-6.9442
-6.94106
-6.94058
-6.94163
-6.9414
-6.93662
-6.93485
-6.93375
-6.93292
-6.93071
-6.9286
-6.92721
-6.92567
-6.92363
-6.92178
-6.91777
-6.91449
-6.91214
-6.90838
-6.90672
-6.90292
-6.90153
-6.89799
-6.8972
-6.89478
-6.89502
-6.89494
-6.89644
-6.89838
-6.90357
-6.90543
-6.91154
-6.9211
-6.92389
-6.92786
-6.92926
-6.92759
-6.91995
-6.91024
-6.89738
-6.87984
-6.86741
-6.85298
-6.84433
-6.84108
-6.84435
-6.85496
-6.87138
-6.89181
-6.91387
-6.93641
-6.95753
-6.97661
-6.99358
-7.00689
-7.01619
-7.0226
-7.02625
-7.02719
-7.02579
-7.01847
-7.00983
-6.99628
-6.98358
-6.96988
-6.95831
-6.946
-6.93698
-6.93228
-6.9328
-6.93395
-6.93683
-6.93814
-6.93784
-6.93533
-6.93091
-6.92412
-6.91747
-6.91401
-6.91025
-6.90362
-6.89652
-6.89057
-6.88751
-6.89092
-6.89752
-6.90744
-6.92314
-6.94086
-6.95856
-6.97432
-6.98654
-6.99131
-6.99328
-6.98755
-6.97855
-6.96585
-6.95276
-6.94072
-6.92889
-6.91878
-6.90612
-6.89694
-6.88806
-6.88155
-6.87503
-6.8697
-6.86732
-6.86581
-6.86499
-6.86723
-6.87055
-6.87378
-6.87849
-6.88455
-6.89077
-6.89888
-6.90626
-6.91614
-6.92468
-6.93258
-6.9383
-6.94532
-6.95007
-6.95638
-6.96454
-6.97517
-6.98719
-6.9984
-7.00734
-7.01322
-7.01501
-7.01067
-6.99767
-6.97957
-6.95895
-6.93546
-6.90809
-6.88616
-6.87033
-6.86148
-6.8629
-6.87586
-6.89523
-6.92225
-6.95472
-6.987
-7.01354
-7.0316
-7.04271
-7.04396
-7.03975
-7.02816
-7.00965
-6.98462
-6.95464
-6.92278
-6.89066
-6.86245
-6.84107
-6.82625
-6.8223
-6.82688
-6.84122
-6.864
-6.8881
-6.91284
-6.93431
-6.94763
-6.95344
-6.95262
-6.94152
-6.92524
-6.90381
-6.88571
-6.86981
-6.86014
-6.85921
-6.86655
-6.88207
-6.90042
-6.92075
-6.94082
-6.96038
-6.97795
-6.99456
-7.0063
-7.01702
-7.02462
-7.03192
-7.03611
-7.03658
-7.02874
-7.01625
-6.99673
-6.97607
-6.9514
-6.92708
-6.90539
-6.89019
-6.8797
-6.88192
-6.88997
-6.90758
-6.93298
-6.9554
-6.9739
-6.98678
-6.99184
-6.98784
-6.9757
-6.95722
-6.93791
-6.91728
-6.89592
-6.88498
-6.87601
-6.87343
-6.87837
-6.88606
-6.8963
-6.90913
-6.92254
-6.93861
-6.95316
-6.96339
-6.97013
-6.97087
-6.9684
-6.95908
-6.94564
-6.92935
-6.91436
-6.90322
-6.89551
-6.89368
-6.89755
-6.90443
-6.91321
-6.91696
-6.9185
-6.91703
-6.91192
-6.90331
-6.89205
-6.8781
-6.86704
-6.85672
-6.84926
-6.84604
-6.84855
-6.85861
-6.87251
-6.8911
-6.91412
-6.93426
-6.95443
-6.97271
-6.98811
-7.0038
-7.01736
-7.03127
-7.03818
-7.04149
-7.03852
-7.02891
-7.01884
-7.006
-6.98775
-6.96787
-6.94875
-6.93014
-6.91349
-6.89823
-6.8861
-6.8779
-6.87639
-6.88024
-6.88781
-6.89935
-6.91434
-6.93199
-6.94806
-6.95927
-6.96692
-6.9662
-6.96071
-6.94733
-6.93007
-6.91069
-6.89056
-6.87374
-6.86276
-6.85414
-6.85426
-6.86018
-6.87136
-6.88809
-6.90811
-6.92802
-6.94642
-6.96662
-6.98396
-6.99016
-6.99252
-6.98949
-6.97793
-6.96108
-6.94491
-6.92768
-6.91775
-6.90844
-6.90303
-6.90105
-6.90051
-6.90457
-6.90949
-6.91389
-6.91685
-6.91939
-6.92567
-6.93173
-6.93651
-6.94039
-6.93902
-6.93563
-6.93317
-6.92983
-6.92464
-6.91857
-6.9133
-6.90953
-6.90696
-6.90203
-6.89892
-6.8993
-6.90061
-6.90477
-6.9091
-6.91739
-6.92584
-6.93375
-6.94036
-6.94584
-6.95102
-6.95647
-6.96431
-6.97208
-6.97987
-6.98917
-6.99074
-6.99171
-6.98935
-6.98235
-6.97208
-6.95996
-6.94201
-6.92231
-6.90352
-6.88224
-6.86243
-6.84743
-6.837
-6.83065
-6.83019
-6.83438
-6.84057
-6.85474
-6.87354
-6.89606
-6.91542
-6.93662
-6.95529
-6.96845
-6.98092
-6.98735
-6.9927
-6.99333
-6.99153
-6.98497
-6.97564
-6.96576
-6.9546
-6.94604
-6.93916
-6.93392
-6.93399
-6.93986
-6.94634
-6.95437
-6.96181
-6.96555
-6.96713
-6.97028
-6.96925
-6.9697
-6.96912
-6.96966
-6.96725
-6.96412
-6.95517
-6.94195
-6.9283
-6.91231
-6.89435
-6.87935
-6.86821
-6.85844
-6.85552
-6.85644
-6.86339
-6.87434
-6.88522
-6.89679
-6.91048
-6.922
-6.93073
-6.93716
-6.94079
-6.94187
-6.94003
-6.93295
-6.92498
-6.91604
-6.907
-6.89887
-6.8925
-6.88648
-6.88347
-6.87973
-6.87837
-6.88246
-6.88622
-6.89317
-6.90326
-6.91563
-6.92759
-6.93748
-6.93861
-6.93776
-6.9372
-6.93149
-6.92526
-6.91684
-6.9094
-6.90374
-6.89723
-6.89405
-6.89491
-6.89801
-6.90396
-6.91273
-6.92282
-6.93257
-6.9411
-6.94803
-6.95379
-6.9554
-6.95929
-6.9617
-6.9619
-6.96204
-6.95887
-6.95753
-6.95539
-6.94966
-6.94502
-6.94019
-6.93725
-6.93779
-6.93785
-6.93972
-6.9386
-6.93826
-6.93203
-6.92757
-6.91969
-6.91075
-6.90416
-6.90113
-6.90287
-6.90625
-6.91465
-6.92511
-6.93291
-6.93666
-6.93953
-6.93963
-6.93623
-6.92911
-6.91725
-6.90873
-6.90017
-6.89261
-6.88979
-6.88802
-6.8891
-6.89526
-6.90254
-6.90909
-6.91652
-6.9221
-6.9273
-6.93044
-6.93098
-6.93101
-6.92689
-6.92094
-6.91252
-6.90171
-6.88991
-6.88038
-6.87173
-6.86533
-6.8608
-6.86119
-6.86596
-6.87241
-6.88132
-6.89368
-6.9099
-6.92753
-6.94449
-6.95787
-6.97008
-6.97788
-6.98339
-6.98397
-6.98289
-6.9847
-6.98474
-6.98733
-6.99072
-6.99679
-7.00286
-7.00624
-7.00585
-7.00296
-7.00129
-6.99803
-6.99527
-6.99352
-6.99039
-6.98291
-6.97444
-6.9611
-6.94226
-6.92023
-6.8979
-6.87905
-6.8613
-6.84969
-6.84714
-6.85203
-6.86367
-6.87867
-6.89355
-6.90511
-6.91315
-6.91437
-6.90818
-6.8966
-6.88298
-6.86858
-6.85519
-6.84137
-6.83039
-6.82303
-6.8196
-6.8212
-6.8296
-6.84188
-6.85736
-6.87299
-6.89184
-6.90975
-6.92602
-6.94235
-6.95596
-6.96948
-6.98012
-6.99104
-7.0028
-7.01237
-7.01889
-7.0242
-7.02533
-7.02344
-7.01413
-7.00043
-6.98063
-6.95734
-6.93396
-6.90688
-6.88474
-6.87121
-6.86625
-6.87174
-6.88672
-6.90876
-6.93581
-6.96375
-6.99273
-7.01649
-7.03445
-7.04484
-7.05047
-7.04575
-7.03656
-7.02149
-7.00281
-6.98529
-6.96633
-6.94986
-6.93727
-6.92995
-6.92289
-6.9167
-6.90907
-6.90267
-6.89546
-6.88355
-6.87333
-6.8605
-6.84654
-6.83461
-6.81915
-6.80533
-6.78921
-6.77604
-6.7644
-6.75464
-6.7455
-6.74142
-6.74822
-6.76338
-6.78851
-6.8215
-6.85982
-6.89805
-6.93559
-6.96465
-6.98827
-7.00511
-7.01634
-7.02037
-7.01977
-7.01617
-7.01108
-7.00534
-6.99885
-6.99229
-6.98366
-6.97467
-6.96496
-6.95284
-6.93954
-6.92774
-6.91755
-6.90972
-6.90825
-6.90907
-6.91402
-6.92064
-6.92647
-6.93242
-6.93678
-6.94163
-6.94112
-6.94112
-6.94485
-6.94652
-6.9477
-6.94985
-6.95163
-6.95243
-6.95024
-6.94727
-6.94415
-6.94095
-6.93657
-6.93356
-6.9334
-6.93751
-6.94286
-6.95127
-6.95752
-6.96228
-6.96062
-6.958
-6.94741
-6.93554
-6.92554
-6.91406
-6.90339
-6.898
-6.89502
-6.89494
-6.89778
-6.90096
-6.90507
-6.9106
-6.91016
-6.90995
-6.90569
-6.90059
-6.89441
-6.88782
-6.88433
-6.88326
-6.88669
-6.89203
-6.9013
-6.91045
-6.92147
-6.92476
-6.916
-6.89796
-6.86933
-6.83104
-6.78966
-6.74961
-6.71694
-6.68855
-6.66791
-6.65383
-6.64916
-6.64955
-6.65668
-6.66936
-6.68689
-6.71214
-6.73972
-6.76836
-6.79347
-6.81923
-6.83931
-6.85217
-6.86041
-6.85449
-6.84262
-6.82073
-6.79139
-6.76296
-6.73515
-6.71265
-6.69931
-6.69562
-6.70308
-6.72025
-6.74393
-6.76894
-6.79253
-6.81233
-6.82766
-6.83492
-6.83317
-6.82555
-6.81326
-6.79574
-6.77812
-6.76653
-6.7565
-6.75426
-6.75795
-6.77048
-6.78965
-6.81476
-6.84066
-6.86273
-6.88187
-6.89427
-6.90093
-6.89962
-6.8933
-6.88194
-6.86559
-6.84915
-6.83233
-6.81386
-6.79581
-6.77904
-6.76423
-6.75071
-6.73812
-6.72807
-6.7225
-6.71607
-6.7163
-6.72105
-6.72772
-6.73649
-6.74002
-6.74455
-6.74461
-6.73955
-6.73451
-6.72757
-6.7204
-6.71289
-6.70649
-6.70299
-6.69983
-6.69678
-6.69569
-6.69828
-6.70428
-6.71357
-6.72785
-6.74489
-6.76887
-6.79426
-6.82047
-6.84781
-6.87265
-6.89241
-6.90786
-6.9176
-6.91941
-6.91711
-6.91004
-6.89916
-6.88777
-6.87518
-6.86136
-6.84712
-6.83161
-6.81595
-6.80117
-6.78399
-6.76679
-6.75017
-6.73491
-6.71788
-6.70419
-6.69272
-6.68854
-6.68489
-6.68387
-6.68365
-6.68735
-6.69028
-6.69393
-6.70155
-6.71199
-6.72802
-6.74978
-6.77522
-6.80314
-6.83577
-6.86755
-6.89322
-6.91299
-6.92293
-6.9213
-6.90674
-6.87664
-6.83705
-6.78803
-6.73357
-6.68286
-6.6446
-6.62276
-6.6208
-6.63544
-6.66283
-6.69883
-6.73363
-6.76846
-6.79816
-6.824
-6.84415
-6.85976
-6.86853
-6.87061
-6.8642
-6.85373
-6.84112
-6.83087
-6.82018
-6.813
-6.80668
-6.80427
-6.798
-6.79003
-6.782
-6.76977
-6.7544
-6.73644
-6.71701
-6.69712
-6.67947
-6.66584
-6.65843
-6.66273
-6.67546
-6.69553
-6.72128
-6.74758
-6.77208
-6.79515
-6.81298
-6.82676
-6.83598
-6.83907
-6.83754
-6.83271
-6.82892
-6.82295
-6.81498
-6.80373
-6.78861
-6.77615
-6.76374
-6.75547
-6.75006
-6.74912
-6.75142
-6.75973
-6.77295
-6.78918
-6.80701
-6.82561
-6.83924
-6.85013
-6.86184
-6.86873
-6.87344
-6.87281
-6.86607
-6.85081
-6.83128
-6.80593
-6.78014
-6.75911
-6.74616
-6.74213
-6.7437
-6.74999
-6.75929
-6.767
-6.77131
-6.7735
-6.7711
-6.76893
-6.76838
-6.77013
-6.77204
-6.77577
-6.77659
-6.78111
-6.78397
-6.78174
-6.78177
-6.77826
-6.77877
-6.7747
-6.77008
-6.76748
-6.76297
-6.75694
-6.74866
-6.74115
-6.73558
-6.73093
-6.72989
-6.73192
-6.73979
-6.74772
-6.76138
-6.77193
-6.78012
-6.7843
-6.78439
-6.78086
-6.77433
-6.76736
-6.7583
-6.75763
-6.76114
-6.77036
-6.78113
-6.79731
-6.81525
-6.83379
-6.85302
-6.8693
-6.88015
-6.88304
-6.88529
-6.88004
-6.87207
-6.8573
-6.84077
-6.82402
-6.80832
-6.79607
-6.79313
-6.79626
-6.80051
-6.80292
-6.80249
-6.7978
-6.78846
-6.77614
-6.75996
-6.74261
-6.7268
-6.71488
-6.70994
-6.71163
-6.71962
-6.73118
-6.74135
-6.74998
-6.75964
-6.76682
-6.77377
-6.78139
-6.78769
-6.79047
-6.79102
-6.78656
-6.77568
-6.76351
-6.75383
-6.74702
-6.74275
-6.74111
-6.7422
-6.74708
-6.75566
-6.76298
-6.77253
-6.77974
-6.78755
-6.79241
-6.7969
-6.80237
-6.80486
-6.80539
-6.80517
-6.8013
-6.79392
-6.78736
-6.77739
-6.77022
-6.766
-6.76347
-6.76771
-6.77504
-6.78213
-6.78669
-6.78663
-6.78345
-6.77649
-6.76492
-6.75369
-6.7389
-6.72784
-6.71834
-6.71811
-6.71882
-6.72326
-6.73532
-6.75002
-6.77124
-6.79344
-6.81791
-6.84203
-6.86146
-6.87419
-6.87849
-6.87501
-6.86226
-6.85013
-6.83581
-6.82223
-6.81479
-6.81023
-6.81361
-6.81654
-6.8243
-6.83461
-6.83909
-6.83711
-6.82695
-6.80809
-6.78124
-6.75026
-6.72155
-6.69869
-6.69208
-6.70394
-6.72863
-6.76282
-6.79711
-6.82616
-6.84637
-6.85913
-6.86005
-6.85093
-6.83879
-6.82132
-6.8046
-6.79173
-6.78246
-6.78574
-6.79406
-6.81042
-6.82103
-6.82963
-6.83112
-6.8266
-6.81445
-6.79713
-6.7762
-6.75306
-6.73393
-6.71878
-6.71077
-6.71079
-6.71835
-6.73322
-6.7523
-6.77182
-6.79146
-6.808
-6.82447
-6.84078
-6.85594
-6.86736
-6.87422
-6.87369
-6.86279
-6.84145
-6.81326
-6.7829
-6.75383
-6.73055
-6.71304
-6.70348
-6.70292
-6.70648
-6.71233
-6.72168
-6.73044
-6.74434
-6.7636
-6.78391
-6.80246
-6.81813
-6.82964
-6.8335
-6.82887
-6.81764
-6.80162
-6.785
-6.7718
-6.75841
-6.7491
-6.74509
-6.74326
-6.74418
-6.74721
-6.75468
-6.76553
-6.77624
-6.79318
-6.80639
-6.81786
-6.825
-6.82969
-6.8334
-6.83393
-6.8311
-6.82692
-6.82152
-6.8114
-6.79979
-6.78808
-6.77859
-6.77461
-6.77426
-6.77804
-6.78526
-6.79383
-6.80546
-6.81821
-6.83358
-6.84633
-6.85774
-6.86329
-6.86325
-6.85982
-6.85121
-6.83311
-6.8137
-6.79082
-6.77262
-6.75639
-6.74949
-6.74863
-6.75129
-6.75717
-6.764
-6.76744
-6.76721
-6.77009
-6.77299
-6.77637
-6.78141
-6.78732
-6.79243
-6.79864
-6.80135
-6.80104
-6.79647
-6.78595
-6.77226
-6.75536
-6.73905
-6.72091
-6.70357
-6.68783
-6.67393
-6.66465
-6.65944
-6.66347
-6.67223
-6.68665
-6.70493
-6.72624
-6.74738
-6.76891
-6.78465
-6.80025
-6.81263
-6.82411
-6.83058
-6.8337
-6.83329
-6.82911
-6.82082
-6.80954
-6.79748
-6.78523
-6.77386
-6.76885
-6.77254
-6.77986
-6.79442
-6.81156
-6.82955
-6.845
-6.8566
-6.8606
-6.85787
-6.84783
-6.83373
-6.81449
-6.79572
-6.77747
-6.75512
-6.73514
-6.71436
-6.7011
-6.69303
-6.68971
-6.68891
-6.69563
-6.70465
-6.71429
-6.72771
-6.74298
-6.75691
-6.77518
-6.79147
-6.80865
-6.82704
-6.84275
-6.85315
-6.85986
-6.85751
-6.85115
-6.83709
-6.82198
-6.80305
-6.78328
-6.76435
-6.75176
-6.7432
-6.74478
-6.74954
-6.7615
-6.77265
-6.7876
-6.80018
-6.80799
-6.81342
-6.81496
-6.80961
-6.80769
-6.79733
-6.78681
-6.77499
-6.76271
-6.74965
-6.74004
-6.73225
-6.7283
-6.72686
-6.73153
-6.73449
-6.74232
-6.75495
-6.76729
-6.7789
-6.79085
-6.80217
-6.81061
-6.82157
-6.82943
-6.83776
-6.84239
-6.84549
-6.84234
-6.83616
-6.82648
-6.81319
-6.79999
-6.78658
-6.77798
-6.77661
-6.77843
-6.78406
-6.79116
-6.79418
-6.79553
-6.79588
-6.78754
-6.7808
-6.77228
-6.7651
-6.75813
-6.75367
-6.7553
-6.75979
-6.76682
-6.77418
-6.78351
-6.79193
-6.79894
-6.80326
-6.80552
-6.80486
-6.80017
-6.79425
-6.78428
-6.77185
-6.76237
-6.75424
-6.75053
-6.74898
-6.75709
-6.76926
-6.78402
-6.80133
-6.81481
-6.82264
-6.82578
-6.82102
-6.81159
-6.79445
-6.7779
-6.75901
-6.74313
-6.73402
-6.72743
-6.72449
-6.73038
-6.74244
-6.75917
-6.77748
-6.79731
-6.81247
-6.82305
-6.82882
-6.83221
-6.83076
-6.83187
-6.83052
-6.82761
-6.82344
-6.81717
-6.80743
-6.79543
-6.78385
-6.77667
-6.76846
-6.76826
-6.77216
-6.78135
-6.7922
-6.80427
-6.8175
-6.82333
-6.82875
-6.82856
-6.82294
-6.80985
-6.79354
-6.7755
-6.76102
-6.74827
-6.7403
-6.73503
-6.7317
-6.73466
-6.74454
-6.75819
-6.77226
-6.78718
-6.79763
-6.80318
-6.80347
-6.79885
-6.79054
-6.77971
-6.7702
-6.76253
-6.75941
-6.75765
-6.75437
-6.75478
-6.75778
-6.75939
-6.76044
-6.75934
-6.75955
-6.75813
-6.7559
-6.74864
-6.74133
-6.73105
-6.72259
-6.71594
-6.71418
-6.71609
-6.72564
-6.74149
-6.76236
-6.78369
-6.80551
-6.82573
-6.84325
-6.8524
-6.85903
-6.8608
-6.85548
-6.84827
-6.83844
-6.82948
-6.82384
-6.82178
-6.82381
-6.83082
-6.83422
-6.83731
-6.83606
-6.82746
-6.81209
-6.79429
-6.77418
-6.75586
-6.73954
-6.73202
-6.72895
-6.73432
-6.74332
-6.74983
-6.7572
-6.75886
-6.75813
-6.75406
-6.74724
-6.73721
-6.72874
-6.72183
-6.7199
-6.72608
-6.73763
-6.75509
-6.77201
-6.78935
-6.80306
-6.81194
-6.8109
-6.80226
-6.78729
-6.77069
-6.75397
-6.73727
-6.72502
-6.71719
-6.71194
-6.71179
-6.71415
-6.71838
-6.7233
-6.72811
-6.73333
-6.74055
-6.7501
-6.76286
-6.77748
-6.78894
-6.80567
-6.82403
-6.84206
-6.85874
-6.8734
-6.88764
-6.89439
-6.89499
-6.89188
-6.87882
-6.85887
-6.83815
-6.81474
-6.79071
-6.76858
-6.7512
-6.74127
-6.73923
-6.74685
-6.76028
-6.77821
-6.79353
-6.80463
-6.80756
-6.80785
-6.80594
-6.80499
-6.81004
-6.81558
-6.82161
-6.82982
-6.83551
-6.84054
-6.84118
-6.83884
-6.83142
-6.81696
-6.7986
-6.7797
-6.7571
-6.73411
-6.71258
-6.69533
-6.68445
-6.67818
-6.67758
-6.68243
-6.69288
-6.70295
-6.71857
-6.73645
-6.75254
-6.7657
-6.7763
-6.78615
-6.79199
-6.7953
-6.79364
-6.79064
-6.7855
-6.78199
-6.77729
-6.77349
-6.77425
-6.77887
-6.78752
-6.79398
-6.80095
-6.80775
-6.81449
-6.81773
-6.817
-6.81843
-6.81576
-6.81251
-6.80283
-6.79466
-6.78471
-6.77432
-6.76581
-6.75757
-6.75379
-6.75213
-6.75429
-6.75736
-6.76261
-6.77287
-6.78475
-6.79804
-6.8112
-6.82198
-6.82837
-6.83599
-6.83862
-6.83796
-6.83006
-6.81976
-6.80517
-6.78748
-6.7675
-6.74783
-6.7278
-6.70842
-6.69337
-6.68093
-6.67032
-6.66721
-6.66772
-6.67452
-6.68906
-6.70553
-6.72428
-6.74571
-6.76913
-6.79222
-6.81265
-6.83187
-6.847
-6.85743
-6.86332
-6.86527
-6.86317
-6.85734
-6.85036
-6.84196
-6.83024
-6.81618
-6.80041
-6.78171
-6.75883
-6.73454
-6.70886
-6.68225
-6.65655
-6.63598
-6.61997
-6.61051
-6.60881
-6.61543
-6.63306
-6.65901
-6.69072
-6.72733
-6.77038
-6.8107
-6.85069
-6.88945
-6.92016
-6.94351
-6.95677
-6.96101
-6.95782
-6.9478
-6.9321
-6.91442
-6.8955
-6.87579
-6.85287
-6.83523
-6.81471
-6.8004
-6.78868
-6.77958
-6.77041
-6.76069
-6.75038
-6.73612
-6.72094
-6.70675
-6.6927
-6.6821
-6.6763
-6.67682
-6.68405
-6.69731
-6.71706
-6.73989
-6.76828
-6.79756
-6.8262
-6.85356
-6.87411
-6.89155
-6.90477
-6.90981
-6.9095
-6.89958
-6.88494
-6.86432
-6.84057
-6.81611
-6.79468
-6.77359
-6.75812
-6.74294
-6.73348
-6.72587
-6.72145
-6.71575
-6.70497
-6.69036
-6.67319
-6.65356
-6.63312
-6.61188
-6.59539
-6.58283
-6.57757
-6.57947
-6.59115
-6.60714
-6.62443
-6.64226
-6.65736
-6.67098
-6.67843
-6.6808
-6.68062
-6.67506
-6.66755
-6.65698
-6.6484
-6.64224
-6.64118
-6.6492
-6.66733
-6.69675
-6.72313
-6.74637
-6.76444
-6.76979
-6.76311
-6.74999
-6.73
-6.7098
-6.68952
-6.67001
-6.65518
-6.64431
-6.63525
-6.62955
-6.627
-6.62737
-6.63123
-6.63826
-6.6519
-6.66916
-6.6924
-6.71506
-6.73526
-6.75288
-6.76684
-6.77187
-6.76922
-6.75972
-6.74512
-6.72825
-6.71023
-6.69563
-6.67997
-6.67096
-6.66318
-6.65599
-6.64456
-6.62876
-6.60865
-6.58799
-6.56971
-6.55709
-6.56019
-6.57341
-6.5994
-6.63379
-6.67286
-6.71295
-6.74791
-6.77519
-6.7958
-6.80965
-6.81578
-6.81824
-6.81573
-6.8099
-6.80169
-6.79127
-6.77332
-6.7523
-6.72421
-6.69517
-6.66437
-6.63642
-6.61553
-6.60514
-6.60723
-6.61896
-6.63714
-6.65979
-6.68564
-6.7057
-6.72326
-6.73023
-6.73108
-6.72694
-6.7156
-6.70288
-6.6914
-6.68183
-6.67408
-6.67482
-6.67277
-6.6701
-6.66575
-6.66289
-6.662
-6.66497
-6.67018
-6.67695
-6.68217
-6.68526
-6.68436
-6.67728
-6.67093
-6.66359
-6.66257
-6.66374
-6.66726
-6.67358
-6.68351
-6.69217
-6.69983
-6.70445
-6.70869
-6.70757
-6.70327
-6.69647
-6.68396
-6.67216
-6.65927
-6.65251
-6.64699
-6.64573
-6.64627
-6.64999
-6.66119
-6.67375
-6.6851
-6.70045
-6.71427
-6.72598
-6.73337
-6.74266
-6.7501
-6.75808
-6.76313
-6.7659
-6.76203
-6.75195
-6.7403
-6.72771
-6.71162
-6.69519
-6.67794
-6.6619
-6.64789
-6.63557
-6.62989
-6.62606
-6.62939
-6.6349
-6.64167
-6.6497
-6.65948
-6.66769
-6.67295
-6.6762
-6.6753
-6.66656
-6.65291
-6.63521
-6.62175
-6.61155
-6.61393
-6.62577
-6.6477
-6.67546
-6.70406
-6.72853
-6.74768
-6.7637
-6.78075
-6.79515
-6.80524
-6.81416
-6.81077
-6.79919
-6.78128
-6.75737
-6.73102
-6.70617
-6.68557
-6.67366
-6.67164
-6.67826
-6.68975
-6.70867
-6.72524
-6.73753
-6.74311
-6.74426
-6.73704
-6.72916
-6.72302
-6.72103
-6.72002
-6.71906
-6.71631
-6.70528
-6.69125
-6.67092
-6.65128
-6.63099
-6.61498
-6.60754
-6.6094
-6.62118
-6.64519
-6.67048
-6.69548
-6.71545
-6.72694
-6.73003
-6.7267
-6.72103
-6.71521
-6.71029
-6.70295
-6.69794
-6.694
-6.68902
-6.68867
-6.68989
-6.6899
-6.68978
-6.68569
-6.68196
-6.67438
-6.66699
-6.66373
-6.66485
-6.66886
-6.67379
-6.67766
-6.67806
-6.67868
-6.67735
-6.67542
-6.67321
-6.67233
-6.67115
-6.66854
-6.66362
-6.65851
-6.65801
-6.66229
-6.67128
-6.68777
-6.70885
-6.73212
-6.75364
-6.77162
-6.78223
-6.78654
-6.77897
-6.76455
-6.74226
-6.72031
-6.6961
-6.6813
-6.6695
-6.66612
-6.66652
-6.67469
-6.68749
-6.69922
-6.70865
-6.7145
-6.71037
-6.69859
-6.6806
-6.6615
-6.64212
-6.62648
-6.61647
-6.61372
-6.61652
-6.62675
-6.63545
-6.65041
-6.66279
-6.67544
-6.68616
-6.69443
-6.70308
-6.70653
-6.70559
-6.70436
-6.70016
-6.69676
-6.69332
-6.69839
-6.70432
-6.7107
-6.72019
-6.72886
-6.73308
-6.73556
-6.73636
-6.73224
-6.72545
-6.7169
-6.70679
-6.69718
-6.69257
-6.69175
-6.69591
-6.70494
-6.71728
-6.72607
-6.73365
-6.73254
-6.72156
-6.70601
-6.68719
-6.66381
-6.63767
-6.61171
-6.59257
-6.57444
-6.56566
-6.5629
-6.56588
-6.57659
-6.59164
-6.61379
-6.64404
-6.67433
-6.70684
-6.73724
-6.76184
-6.77621
-6.78
-6.77404
-6.75951
-6.74201
-6.72045
-6.69944
-6.68106
-6.66973
-6.66292
-6.66359
-6.66827
-6.67335
-6.68176
-6.6855
-6.68989
-6.68921
-6.68544
-6.67662
-6.66232
-6.64481
-6.62699
-6.6155
-6.60994
-6.61507
-6.6293
-6.64701
-6.66482
-6.68256
-6.6979
-6.70751
-6.71323
-6.71556
-6.71933
-6.72138
-6.72475
-6.73632
-6.74818
-6.76093
-6.77347
-6.78298
-6.79048
-6.7912
-6.78012
-6.7655
-6.74096
-6.71195
-6.67989
-6.64721
-6.61202
-6.58413
-6.5626
-6.55448
-6.56045
-6.57964
-6.6107
-6.64734
-6.68722
-6.72538
-6.75596
-6.78159
-6.79197
-6.79004
-6.77685
-6.75697
-6.73641
-6.71541
-6.69765
-6.68392
-6.67227
-6.66439
-6.65731
-6.647
-6.6383
-6.63096
-6.62204
-6.61855
-6.62112
-6.63351
-6.64509
-6.66015
-6.6778
-6.69209
-6.70764
-6.71475
-6.71666
-6.71206
-6.69933
-6.68468
-6.66593
-6.64815
-6.63508
-6.62607
-6.62671
-6.63523
-6.6522
-6.67482
-6.69909
-6.72833
-6.75492
-6.77656
-6.79181
-6.79919
-6.80014
-6.79369
-6.7811
-6.76607
-6.75438
-6.73831
-6.72583
-6.71837
-6.70697
-6.69901
-6.68496
-6.6654
-6.64682
-6.62361
-6.5999
-6.5839
-6.5737
-6.57729
-6.59239
-6.62011
-6.65815
-6.7007
-6.74228
-6.77725
-6.80017
-6.81034
-6.80787
-6.7971
-6.77724
-6.75395
-6.73369
-6.71902
-6.70638
-6.6989
-6.69559
-6.69538
-6.69644
-6.69399
-6.68856
-6.68047
-6.66968
-6.65634
-6.64312
-6.63826
-6.63898
-6.64677
-6.6584
-6.67537
-6.69523
-6.71361
-6.73187
-6.74589
-6.753
-6.75251
-6.74469
-6.73034
-6.71188
-6.68737
-6.66111
-6.63868
-6.61866
-6.60646
-6.5994
-6.60606
-6.62165
-6.64682
-6.67907
-6.71261
-6.74564
-6.77778
-6.80098
-6.81745
-6.82363
-6.82176
-6.81065
-6.7918
-6.76385
-6.72857
-6.68855
-6.64967
-6.60856
-6.57335
-6.54723
-6.5309
-6.53111
-6.54712
-6.57676
-6.61407
-6.6556
-6.69962
-6.73831
-6.77274
-6.79567
-6.81215
-6.81659
-6.80642
-6.78601
-6.75804
-6.7338
-6.71363
-6.70333
-6.70126
-6.70249
-6.70775
-6.70806
-6.70199
-6.69208
-6.6825
-6.67241
-6.66453
-6.66382
-6.66724
-6.67163
-6.67827
-6.68257
-6.68611
-6.68911
-6.69085
-6.69297
-6.69416
-6.69665
-6.70254
-6.70723
-6.70928
-6.7091
-6.70719
-6.70287
-6.69714
-6.69073
-6.68789
-6.68552
-6.68289
-6.67754
-6.67082
-6.66298
-6.65202
-6.64095
-6.63331
-6.63213
-6.63689
-6.64831
-6.66542
-6.68119
-6.69478
-6.70251
-6.70474
-6.69896
-6.6911
-6.68164
-6.67307
-6.66597
-6.66026
-6.65618
-6.65454
-6.6518
-6.65112
-6.64877
-6.65122
-6.6513
-6.65943
-6.66775
-6.67929
-6.69661
-6.71488
-6.73754
-6.76501
-6.79453
-6.81548
-6.82972
-6.83161
-6.82161
-6.79832
-6.76575
-6.72872
-6.68931
-6.65662
-6.62946
-6.61734
-6.61367
-6.62013
-6.6326
-6.64807
-6.66861
-6.68846
-6.70169
-6.70732
-6.70284
-6.69472
-6.68456
-6.67355
-6.66564
-6.6646
-6.67127
-6.68242
-6.69796
-6.71529
-6.72866
-6.73767
-6.74209
-6.74088
-6.73828
-6.73216
-6.72495
-6.71706
-6.71096
-6.70674
-6.69968
-6.69612
-6.69317
-6.68985
-6.68916
-6.68754
-6.6837
-6.67347
-6.66035
-6.64656
-6.63724
-6.63257
-6.63994
-6.65048
-6.66518
-6.68239
-6.70103
-6.71297
-6.72151
-6.7244
-6.72362
-6.71751
-6.71238
-6.708
-6.70748
-6.7047
-6.7043
-6.70185
-6.69848
-6.69452
-6.6884
-6.68141
-6.67407
-6.66539
-6.65768
-6.64629
-6.63531
-6.62587
-6.62015
-6.61904
-6.62406
-6.6348
-6.65106
-6.67177
-6.69147
-6.71504
-6.735
-6.7501
-6.76237
-6.76888
-6.76566
-6.75713
-6.74634
-6.73383
-6.72211
-6.71618
-6.71255
-6.71433
-6.71904
-6.72541
-6.73128
-6.73284
-6.72838
-6.72466
-6.72157
-6.72081
-6.71855
-6.72172
-6.72165
-6.7167
-6.70674
-6.69165
-6.67159
-6.65247
-6.63435
-6.62275
-6.62051
-6.62651
-6.64199
-6.66304
-6.68229
-6.69688
-6.70684
-6.70715
-6.70466
-6.69938
-6.69773
-6.6998
-6.70347
-6.70835
-6.71024
-6.71299
-6.71215
-6.70469
-6.69613
-6.68515
-6.67677
-6.66541
-6.65576
-6.64683
-6.6413
-6.63962
-6.64336
-6.65101
-6.66322
-6.67631
-6.6878
-6.69841
-6.70688
-6.71513
-6.72199
-6.72967
-6.73701
-6.74531
-6.7476
-6.74558
-6.73536
-6.72124
-6.70115
-6.67768
-6.65591
-6.63995
-6.63545
-6.64318
-6.65888
-6.68245
-6.71067
-6.74147
-6.76941
-6.78665
-6.79967
-6.79851
-6.78859
-6.77157
-6.74604
-6.7158
-6.68925
-6.66611
-6.65028
-6.64368
-6.6484
-6.65628
-6.66925
-6.68253
-6.69267
-6.69988
-6.70238
-6.69855
-6.68849
-6.67397
-6.65274
-6.63144
-6.60635
-6.58188
-6.55807
-6.54115
-6.53083
-6.52813
-6.53247
-6.54035
-6.55237
-6.57004
-6.59265
-6.62537
-6.66388
-6.71043
-6.76099
-6.80835
-6.85123
-6.88628
-6.91086
-6.92496
-6.92806
-6.92006
-6.89977
-6.87185
-6.83531
-6.79274
-6.75101
-6.71261
-6.67978
-6.65237
-6.63214
-6.61756
-6.6072
-6.60119
-6.59034
-6.5805
-6.57212
-6.56569
-6.56412
-6.56715
-6.57942
-6.59845
-6.62368
-6.65232
-6.67969
-6.70561
-6.73058
-6.74732
-6.75986
-6.77045
-6.77647
-6.77928
-6.7768
-6.77138
-6.76475
-6.75072
-6.7354
-6.71607
-6.69756
-6.67575
-6.65284
-6.63575
-6.62553
-6.62162
-6.62621
-6.63887
-6.65785
-6.67946
-6.70233
-6.72373
-6.73742
-6.74452
-6.74102
-6.72573
-6.70598
-6.6794
-6.64987
-6.61979
-6.59627
-6.5796
-6.57175
-6.57354
-6.58561
-6.60502
-6.63094
-6.66121
-6.69217
-6.72335
-6.75197
-6.77817
-6.79728
-6.8077
-6.81137
-6.80467
-6.78903
-6.7681
-6.74914
-6.7275
-6.70155
-6.67931
-6.65585
-6.63206
-6.60939
-6.58933
-6.57585
-6.57117
-6.57849
-6.59917
-6.63145
-6.66998
-6.70441
-6.73253
-6.75224
-6.76218
-6.75657
-6.74194
-6.71897
-6.69244
-6.669
-6.65326
-6.64567
-6.64424
-6.6508
-6.66208
-6.67317
-6.68206
-6.68799
-6.69037
-6.69533
-6.70081
-6.70929
-6.72059
-6.72968
-6.73913
-6.74486
-6.754
-6.76073
-6.76671
-6.77177
-6.77487
-6.77292
-6.76254
-6.7455
-6.72055
-6.69142
-6.66028
-6.63082
-6.6053
-6.58689
-6.57763
-6.57967
-6.58748
-6.60525
-6.6332
-6.66602
-6.70144
-6.73666
-6.76691
-6.7893
-6.80401
-6.80841
-6.80448
-6.79066
-6.77264
-6.75131
-6.72397
-6.69583
-6.66713
-6.63775
-6.60983
-6.58388
-6.56474
-6.54885
-6.53932
-6.53762
-6.54401
-6.5548
-6.57064
-6.59078
-6.61783
-6.64275
-6.66578
-6.68945
-6.70983
-6.72691
-6.74035
-6.74652
-6.74763
-6.74128
-6.73025
-6.71756
-6.70357
-6.69418
-6.6926
-6.69488
-6.70555
-6.72222
-6.74031
-6.76159
-6.77798
-6.79116
-6.79902
-6.80045
-6.79502
-6.78262
-6.76706
-6.74475
-6.7225
-6.69652
-6.67759
-6.66621
-6.66131
-6.66636
-6.68102
-6.70031
-6.72176
-6.7395
-6.75404
-6.7603
-6.75468
-6.74094
-6.71816
-6.6931
-6.66162
-6.63078
-6.60294
-6.57824
-6.55581
-6.53756
-6.52484
-6.51519
-6.50984
-6.51139
-6.51365
-6.51917
-6.5274
-6.53987
-6.55666
-6.57898
-6.60557
-6.63218
-6.66209
-6.68864
-6.71189
-6.73361
-6.75481
-6.77469
-6.79459
-6.80836
-6.81732
-6.81743
-6.81256
-6.80095
-6.78671
-6.77225
-6.75676
-6.74561
-6.73514
-6.72543
-6.71936
-6.71452
-6.70931
-6.70965
-6.71092
-6.71291
-6.71666
-6.71588
-6.71312
-6.70458
-6.69468
-6.68477
-6.67246
-6.66848
-6.67052
-6.6775
-6.68538
-6.69211
-6.69819
-6.6984
-6.69772
-6.69346
-6.68985
-6.68752
-6.69012
-6.69595
-6.70337
-6.71549
-6.72762
-6.73435
-6.73548
-6.72734
-6.71254
-6.69339
-6.66681
-6.64284
-6.61914
-6.60597
-6.60101
-6.60694
-6.61932
-6.63159
-6.64313
-6.65613
-6.66841
-6.68229
-6.69267
-6.70646
-6.7216
-6.73698
-6.74918
-6.76492
-6.77697
-6.7864
-6.79205
-6.79453
-6.79114
-6.7816
-6.77358
-6.7584
-6.74472
-6.73477
-6.72458
-6.71613
-6.71008
-6.7047
-6.70545
-6.7039
-6.70194
-6.69857
-6.69005
-6.67771
-6.66456
-6.65533
-6.64599
-6.64017
-6.63947
-6.64703
-6.66093
-6.67814
-6.69652
-6.71504
-6.72616
-6.72683
-6.71599
-6.69519
-6.67602
-6.65499
-6.6414
-6.63223
-6.63189
-6.63386
-6.6359
-6.63831
-6.64526
-6.65513
-6.66675
-6.67914
-6.69322
-6.70869
-6.71855
-6.72501
-6.73485
-6.74428
-6.7577
-6.77471
-6.79325
-6.81382
-6.83533
-6.85048
-6.8575
-6.85512
-6.84444
-6.83013
-6.81052
-6.78441
-6.75988
-6.73861
-6.72067
-6.70519
-6.69332
-6.67767
-6.66167
-6.6451
-6.62484
-6.60322
-6.57844
-6.55361
-6.53449
-6.5147
-6.50311
-6.49862
-6.50256
-6.51739
-6.54053
-6.56906
-6.59874
-6.62704
-6.65326
-6.67529
-6.69396
-6.70739
-6.71125
-6.71045
-6.70757
-6.69773
-6.69045
-6.68628
-6.68771
-6.69131
-6.69953
-6.7103
-6.72067
-6.73045
-6.74314
-6.75678
-6.76771
-6.7808
-6.78921
-6.7898
-6.79109
-6.78869
-6.78492
-6.7828
-6.77651
-6.76878
-6.7596
-6.75167
-6.7421
-6.73111
-6.72051
-6.70826
-6.69254
-6.67426
-6.65523
-6.6348
-6.61983
-6.60612
-6.60126
-6.60739
-6.61907
-6.63582
-6.65534
-6.68
-6.69821
-6.71346
-6.72213
-6.72297
-6.71637
-6.70507
-6.69245
-6.68094
-6.67248
-6.66837
-6.6718
-6.6809
-6.6918
-6.69959
-6.70443
-6.70754
-6.70828
-6.7058
-6.70264
-6.69915
-6.69923
-6.70071
-6.70668
-6.71245
-6.7195
-6.7202
-6.71676
-6.70885
-6.69798
-6.68381
-6.67001
-6.66059
-6.65615
-6.65563
-6.65881
-6.6651
-6.67272
-6.68184
-6.68782
-6.69639
-6.70126
-6.70637
-6.70841
-6.7098
-6.7139
-6.71518
-6.71648
-6.7193
-6.72293
-6.72352
-6.72358
-6.72147
-6.71928
-6.71357
-6.70468
-6.69757
-6.68894
-6.67718
-6.66823
-6.66336
-6.66086
-6.66266
-6.66952
-6.68252
-6.69755
-6.7095
-6.71666
-6.71497
-6.70956
-6.69995
-6.68618
-6.67949
-6.67025
-6.66515
-6.66318
-6.67051
-6.68053
-6.70093
-6.72887
-6.7592
-6.79007
-6.81715
-6.83675
-6.84753
-6.85068
-6.84083
-6.82142
-6.7949
-6.76279
-6.72592
-6.68662
-6.65164
-6.62077
-6.60091
-6.58652
-6.58323
-6.58763
-6.59455
-6.60295
-6.61301
-6.62898
-6.64432
-6.66226
-6.68064
-6.69548
-6.71092
-6.72596
-6.73831
-6.74391
-6.7515
-6.75819
-6.763
-6.76905
-6.76681
-6.76402
-6.7575
-6.75127
-6.74415
-6.74002
-6.73567
-6.73924
-6.74737
-6.75723
-6.76686
-6.77875
-6.78222
-6.7816
-6.77206
-6.75529
-6.72769
-6.69678
-6.66001
-6.62449
-6.59345
-6.56924
-6.5554
-6.55487
-6.56621
-6.58747
-6.61526
-6.64823
-6.68204
-6.70875
-6.73196
-6.74815
-6.75349
-6.753
-6.7473
-6.73637
-6.72135
-6.70535
-6.68612
-6.66766
-6.65344
-6.64672
-6.64525
-6.65063
-6.6662
-6.68424
-6.70659
-6.72518
-6.73844
-6.74497
-6.74358
-6.73512
-6.71706
-6.69805
-6.67889
-6.66722
-6.65901
-6.66137
-6.67257
-6.68661
-6.70467
-6.72247
-6.74466
-6.7649
-6.78083
-6.79189
-6.79923
-6.79731
-6.79141
-6.77996
-6.76648
-6.74845
-6.72709
-6.70749
-6.69481
-6.68268
-6.67338
-6.67037
-6.67249
-6.67897
-6.68722
-6.69857
-6.70455
-6.71446
-6.72169
-6.72565
-6.73019
-6.73032
-6.72338
-6.71057
-6.69712
-6.67935
-6.66202
-6.65618
-6.6561
-6.66859
-6.68685
-6.70875
-6.73149
-6.75
-6.76088
-6.76199
-6.74978
-6.73045
-6.70583
-6.6799
-6.65558
-6.6377
-6.62769
-6.62571
-6.62905
-6.63799
-6.6488
-6.66072
-6.67088
-6.68446
-6.69797
-6.71195
-6.72268
-6.73344
-6.7413
-6.74707
-6.75236
-6.75357
-6.75424
-6.75429
-6.75796
-6.76283
-6.76895
-6.77674
-6.77784
-6.77498
-6.76186
-6.74528
-6.72169
-6.70049
-6.68336
-6.67195
-6.6682
-6.66781
-6.67452
-6.67851
-6.67889
-6.67576
-6.66874
-6.65999
-6.65505
-6.65664
-6.66498
-6.67505
-6.68442
-6.69426
-6.69768
-6.69872
-6.69693
-6.69097
-6.68257
-6.67481
-6.66766
-6.66281
-6.65959
-6.65575
-6.65281
-6.64813
-6.64376
-6.63896
-6.6388
-6.64432
-6.65353
-6.66796
-6.68262
-6.69575
-6.70228
-6.70628
-6.70208
-6.69835
-6.69325
-6.69171
-6.69266
-6.69851
-6.70853
-6.72174
-6.73539
-6.74855
-6.75931
-6.76527
-6.76296
-6.75312
-6.73866
-6.7193
-6.69665
-6.67623
-6.66108
-6.65016
-6.64898
-6.65085
-6.65671
-6.66834
-6.68494
-6.70385
-6.72451
-6.74712
-6.77142
-6.79671
-6.81785
-6.83586
-6.84817
-6.85318
-6.84819
-6.83435
-6.81243
-6.78346
-6.74903
-6.71377
-6.67665
-6.64406
-6.61389
-6.58866
-6.56948
-6.55347
-6.54644
-6.54631
-6.55231
-6.56272
-6.57544
-6.59407
-6.61475
-6.63689
-6.65862
-6.67892
-6.6927
-6.70305
-6.7071
-6.71029
-6.7091
-6.71023
-6.71025
-6.71004
-6.71031
-6.70864
-6.70202
-6.68821
-6.67201
-6.65411
-6.64069
-6.63429
-6.63737
-6.65662
-6.68427
-6.71816
-6.75229
-6.78474
-6.80963
-6.82451
-6.83133
-6.82681
-6.81449
-6.79679
-6.77626
-6.75544
-6.73376
-6.72054
-6.71128
-6.70727
-6.70837
-6.71393
-6.7215
-6.72695
-6.73066
-6.73486
-6.73784
-6.7384
-6.73594
-6.73412
-6.72772
-6.7132
-6.69072
-6.66927
-6.64249
-6.61746
-6.59114
-6.56885
-6.55144
-6.54549
-6.54869
-6.56243
-6.58619
-6.61661
-6.64897
-6.67793
-6.70502
-6.72748
-6.74003
-6.74654
-6.74552
-6.74237
-6.73491
-6.72646
-6.71801
-6.71139
-6.7089
-6.70672
-6.70294
-6.70099
-6.69502
-6.68242
-6.66551
-6.64639
-6.62508
-6.60066
-6.58213
-6.5726
-6.57381
-6.58386
-6.60801
-6.64167
-6.68153
-6.72518
-6.76436
-6.79626
-6.82276
-6.83908
-6.84273
-6.83739
-6.82643
-6.80748
-6.78222
-6.75364
-6.72614
-6.70019
-6.68167
-6.67186
-6.66697
-6.66999
-6.67997
-6.69455
-6.71696
-6.74045
-6.76814
-6.79574
-6.81873
-6.83406
-6.8375
-6.83013
-6.81246
-6.78245
-6.74469
-6.70532
-6.6655
-6.62909
-6.60354
-6.58597
-6.57703
-6.57707
-6.58484
-6.59568
-6.61513
-6.63438
-6.65211
-6.66826
-6.67941
-6.68497
-6.68536
-6.6871
-6.68484
-6.68339
-6.68846
-6.69413
-6.70328
-6.71185
-6.72255
-6.73302
-6.74084
-6.74802
-6.75113
-6.7484
-6.74278
-6.73169
-6.71708
-6.70081
-6.68393
-6.66772
-6.65559
-6.64721
-6.64211
-6.64687
-6.65543
-6.66988
-6.68836
-6.70875
-6.72709
-6.74349
-6.75282
-6.75636
-6.751
-6.73888
-6.72009
-6.69577
-6.67275
-6.65224
-6.63413
-6.62352
-6.624
-6.63162
-6.64788
-6.66811
-6.69312
-6.7191
-6.74498
-6.76519
-6.78135
-6.79051
-6.79362
-6.7866
-6.77833
-6.76437
-6.7511
-6.73884
-6.72597
-6.71465
-6.70399
-6.69034
-6.67146
-6.65166
-6.6333
-6.62172
-6.61149
-6.60805
-6.60858
-6.61444
-6.62542
-6.63971
-6.65292
-6.66501
-6.67666
-6.68487
-6.68698
-6.68463
-6.68073
-6.67361
-6.66698
-6.65995
-6.65329
-6.653
-6.66229
-6.68322
-6.71541
-6.74953
-6.78302
-6.80673
-6.82368
-6.8301
-6.82413
-6.81315
-6.79043
-6.7612
-6.72783
-6.69589
-6.67003
-6.65399
-6.64855
-6.65504
-6.66714
-6.68176
-6.69525
-6.70847
-6.71307
-6.71686
-6.72337
-6.73106
-6.73951
-6.74634
-6.7481
-6.74564
-6.7364
-6.71938
-6.70405
-6.68633
-6.6706
-6.65948
-6.65544
-6.65358
-6.65774
-6.66615
-6.67554
-6.68182
-6.68563
-6.68876
-6.68692
-6.68035
-6.67553
-6.6731
-6.67741
-6.68738
-6.70582
-6.71919
-6.73286
-6.74038
-6.74332
-6.74209
-6.73675
-6.72648
-6.71162
-6.69555
-6.67956
-6.66453
-6.65883
-6.66319
-6.67153
-6.68942
-6.70877
-6.72939
-6.75247
-6.76797
-6.77856
-6.78129
-6.77676
-6.76601
-6.75232
-6.73581
-6.72141
-6.70952
-6.70639
-6.70778
-6.71695
-6.73395
-6.74919
-6.76774
-6.78244
-6.79104
-6.78793
-6.77682
-6.75852
-6.73613
-6.70711
-6.6798
-6.65651
-6.63906
-6.62837
-6.62334
-6.62333
-6.62715
-6.63457
-6.64369
-6.65548
-6.66551
-6.67382
-6.67721
-6.67309
-6.66543
-6.64991
-6.62977
-6.60562
-6.58263
-6.56332
-6.55743
-6.56466
-6.58297
-6.61376
-6.64345
-6.67149
-6.69445
-6.70471
-6.70953
-6.7042
-6.69345
-6.68629
-6.68196
-6.68372
-6.69649
-6.71436
-6.74614
-6.77775
-6.80885
-6.83696
-6.85772
-6.86918
-6.86899
-6.85652
-6.83438
-6.80615
-6.77291
-6.7353
-6.69882
-6.67015
-6.64661
-6.63293
-6.62415
-6.62321
-6.62678
-6.63652
-6.64967
-6.66693
-6.68686
-6.71175
-6.73811
-6.76611
-6.79411
-6.81868
-6.83518
-6.84771
-6.8516
-6.84388
-6.82968
-6.8054
-6.77613
-6.74063
-6.70784
-6.67788
-6.654
-6.63355
-6.61628
-6.6007
-6.58348
-6.5708
-6.55943
-6.54771
-6.53864
-6.53589
-6.53695
-6.54233
-6.55381
-6.56968
-6.58711
-6.60956
-6.63058
-6.65245
-6.67014
-6.68745
-6.70073
-6.70909
-6.71931
