1.64875
1.64437
1.63663
1.62513
1.60933
1.58853
1.56188
1.52836
1.48694
1.43669
1.377
1.30792
1.23039
1.14661
1.06008
0.975285
0.897142
0.830067
0.777267
0.740292
0.718983
0.711671
0.715667
0.727752
0.744714
0.763753
0.782739
0.800267
0.815654
0.828797
0.839969
0.849554
0.857863
0.865048
0.871052
0.875691
0.878833
0.880536
0.881094
0.881
0.88085
0.881187
0.882392
0.884697
0.888142
0.892538
0.897495
0.902429
0.906745
0.909948
0.911749
0.912181
0.911555
0.910362
0.909162
0.908418
0.908449
0.909436
0.911415
0.914273
0.91774
0.921372
0.924553
0.926667
0.927194
0.925841
0.922681
0.91819
0.913203
0.90867
0.905274
0.903063
0.901415
0.899361
0.896075
0.891283
0.885301
0.878931
0.873243
0.869341
0.868184
0.870412
0.876205
0.885229
0.896761
0.909863
0.923572
0.937031
0.94954
0.960548
0.969644
0.976476
0.980761
0.982346
0.981186
0.977386
0.971159
0.962784
0.952512
0.940581
0.927186
0.912607
0.897268
0.881776
0.866903
0.853461
0.842133
0.833333
0.827128
0.823332
0.821628
0.821806
0.823823
0.827871
0.83425
0.843229
0.854867
0.868883
0.884696
0.901491
0.918331
0.934241
0.948262
0.959492
0.967152
0.970738
0.970099
0.965395
0.957115
0.945981
0.932844
0.918606
0.904085
0.889971
0.876813
0.865069
0.855154
0.84753
0.842686
0.841208
0.843631
0.850268
0.860978
0.875041
0.891263
0.908198
0.924453
0.938855
0.950537
0.95895
0.963822
0.965114
0.963022
0.95792
0.950325
0.940846
0.930068
0.918492
0.906478
0.894297
0.882228
0.870728
0.8605
0.852471
0.847566
0.846404
0.849023
0.854809
0.862645
0.871215
0.879248
0.885729
0.889911
0.891309
0.889684
0.884992
0.87743
0.867455
0.855792
0.843491
0.831901
0.82253
0.816835
0.815925
0.820259
0.829483
0.84251
0.857753
0.873465
0.888
0.900048
0.908709
0.913524
0.914433
0.91177
0.906151
0.898406
0.889509
0.880453
0.872175
0.865434
0.860783
0.858513
0.858649
0.861005
0.865203
0.870744
0.877035
0.883414
0.889188
0.893715
0.896432
0.896937
0.895032
0.890768
0.884475
0.876778
0.868546
0.860804
0.854511
0.8503
0.848356
0.84844
0.850024
0.852495
0.855299
0.858009
0.860392
0.862376
0.863983
0.865258
0.866245
0.86696
0.867327
0.867218
0.866478
0.864949
0.862522
0.85922
0.855255
0.851161
0.847731
0.845894
0.846445
0.849813
0.856012
0.864658
0.875126
0.886669
0.898471
0.909747
0.919736
0.927759
0.933271
0.935946
0.935654
0.932487
0.926751
0.918915
0.909531
0.899222
0.888619
0.87833
0.868897
0.860724
0.854083
0.849055
0.845519
0.843233
0.841855
0.841068
0.840651
0.840507
0.840656
0.841216
0.842375
0.844239
0.84682
0.849917
0.853186
0.856167
0.858343
0.859289
0.858781
0.85684
0.853788
0.850192
0.846785
0.844227
0.842921
0.842867
0.843656
0.844671
0.845272
0.845107
0.844205
0.842919
0.841808
0.841403
0.84198
0.84344
0.845363
0.847082
0.847995
0.847782
0.846548
0.844772
0.843029
0.84162
0.840363
0.838729
0.836248
0.832774
0.828586
0.824225
0.820238
0.817002
0.814686
0.813311
0.812924
0.813661
0.815729
0.819252
0.824166
0.830063
0.8363
0.84216
0.847042
0.850519
0.852386
0.85255
0.850993
0.847679
0.84263
0.836032
0.828279
0.820013
0.812027
0.805115
0.799858
0.796515
0.795053
0.795299
0.797101
0.800404
0.805186
0.811347
0.818582
0.826444
0.83445
0.842213
0.849457
0.855978
0.861563
0.865879
0.868499
0.868975
0.86692
0.862083
0.854442
0.844234
0.831948
0.818409
0.804726
0.792213
0.782216
0.77585
0.773767
0.776018
0.782097
0.791192
0.802443
0.814986
0.827933
0.840347
0.851328
0.86012
0.866242
0.869554
0.870188
0.868479
0.864908
0.860014
0.854374
0.848598
0.843271
0.838901
0.835874
0.834369
0.83444
0.836097
0.83936
0.844237
0.850608
0.858084
0.86601
0.873586
0.880066
0.884884
0.887747
0.888655
0.887855
0.885784
0.882959
0.879816
0.876608
0.873365
0.869941
0.866163
0.86196
0.85741
0.852702
0.848057
0.843715
0.839946
0.837033
0.835241
0.834702
0.835377
0.837002
0.839216
0.841672
0.844122
0.846441
0.848583
0.850513
0.852176
0.853527
0.854537
0.855241
0.85579
0.856431
0.857451
0.859121
0.861641
0.865074
0.869226
0.873769
0.878239
0.882104
0.884889
0.886143
0.885498
0.882742
0.877845
0.871038
0.862817
0.853927
0.845289
0.837899
0.832612
0.830033
0.830387
0.833544
0.839129
0.846588
0.855357
0.864904
0.874774
0.884563
0.893891
0.902398
0.909753
0.915679
0.919971
0.922515
0.923335
0.922552
0.920375
0.917037
0.912751
0.907656
0.901837
0.89537
0.888358
0.881014
0.873667
0.866722
0.860635
0.855787
0.852404
0.8505
0.849847
0.850072
0.850776
0.851594
0.852319
0.852887
0.853391
0.853989
0.854917
0.85642
0.858706
0.86192
0.86609
0.871069
0.876558
0.882151
0.887396
0.891887
0.895288
0.897388
0.898099
0.897386
0.895279
0.891831
0.887068
0.881001
0.873633
0.864985
0.855108
0.844131
0.832292
0.820006
0.807914
0.796787
0.787445
0.780542
0.77635
0.774684
0.774962
0.776501
0.778789
0.781633
0.785099
0.789363
0.794618
0.801031
0.808749
0.817934
0.828649
0.840744
0.853852
0.867404
0.880749
0.893291
0.904564
0.914253
0.922111
0.927835
0.931045
0.93137
0.928658
0.923114
0.915358
0.906299
0.896967
0.888276
0.880919
0.875294
0.871503
0.869411
0.868676
0.868928
0.869808
0.871036
0.872396
0.873721
0.874822
0.875399
0.875048
0.873289
0.869657
0.863875
0.856015
0.846649
0.836828
0.827932
0.821358
0.818109
0.818522
0.822248
0.828457
0.836133
0.844341
0.852363
0.859679
0.865927
0.870835
0.874183
0.87584
0.875758
0.874047
0.871011
0.867139
0.863036
0.859276
0.856254
0.85409
0.852587
0.851375
0.850079
0.848498
0.84672
0.845129
0.84435
0.84508
0.84785
0.852871
0.859924
0.868288
0.876892
0.884489
0.889941
0.892383
0.891461
0.887393
0.88088
0.872944
0.864695
0.857057
0.850681
0.845957
0.843116
0.842356
0.843806
0.847445
0.853008
0.859964
0.867564
0.875003
0.881606
0.886981
0.891061
0.894044
0.896273
0.898111
0.899845
0.90171
0.903849
0.906341
0.909233
0.912504
0.916031
0.919571
0.922768
0.925176
0.926299
0.925661
0.922912
0.917857
0.910511
0.901125
0.890134
0.878095
0.865662
0.853548
0.842519
0.833333
0.826613
0.822763
0.821869
0.823638
0.827474
0.832585
0.838122
0.843276
0.847342
0.849761
0.850141
0.848265
0.844079
0.837753
0.82971
0.820653
0.811481
0.80314
0.796394
0.791614
0.788659
0.786997
0.785934
0.784894
0.78354
0.781869
0.780157
0.778893
0.778611
0.779786
0.782729
0.787566
0.794218
0.80241
0.811656
0.821184
0.830032
0.837197
0.841872
0.843596
0.842321
0.838386
0.832401
0.825117
0.817327
0.809799
0.803207
0.798129
0.795006
0.794163
0.795768
0.79978
0.805923
0.813743
0.822621
0.831865
0.840784
0.848742
0.855173
0.859687
0.862098
0.862477
0.861116
0.858488
0.855131
0.851506
0.847877
0.844261
0.840447
0.836179
0.831256
0.825692
0.819764
0.814049
0.809287
0.806315
0.805814
0.808241
0.813705
0.821934
0.832287
0.84385
0.855513
0.86612
0.87463
0.880181
0.882202
0.88039
0.874722
0.865363
0.85263
0.837011
0.81917
0.799948
0.780427
0.761904
0.745721
0.733137
0.725222
0.722755
0.726152
0.735289
0.749359
0.76688
0.785999
0.804829
0.821783
0.83571
0.845952
0.852328
0.855059
0.854678
0.851916
0.847553
0.842342
0.836966
0.832042
0.828114
0.825677
0.825202
0.827044
0.831398
0.83822
0.847207
0.857832
0.86936
0.880951
0.891729
0.900865
0.907677
0.911665
0.912608
0.91058
0.906028
0.899704
0.892621
0.885891
0.880445
0.876816
0.875029
0.874687
0.875212
0.87607
0.876953
0.877782
0.878625
0.879531
0.880437
0.881107
0.881149
0.880148
0.877806
0.874125
0.86942
0.864268
0.8594
0.855583
0.85353
0.853815
0.856742
0.862273
0.870012
0.879309
0.889354
0.899321
0.908431
0.915962
0.921237
0.923695
0.922928
0.91874
0.911225
0.900774
0.888105
0.874153
0.859991
0.846679
0.835114
0.825914
0.819304
0.815125
0.812878
0.811863
0.811284
0.810477
0.809046
0.806963
0.804553
0.802274
0.800469
0.799211
0.798325
0.797547
0.796667
0.795514
0.793962
0.791929
0.78944
0.786657
0.783887
0.781515
0.779919
0.779378
0.780056
0.782013
0.785244
0.789673
0.795153
0.801449
0.808173
0.814762
0.820512
0.824645
0.82651
0.825765
0.82254
0.817529
0.811923
0.807144
0.804437
0.80453
0.807573
0.813222
0.820825
0.82961
0.838778
0.847526
0.855082
0.860713
0.863765
0.863754
0.860397
0.853662
0.843756
0.831108
0.816334
0.800223
0.783666
0.767577
0.752799
0.740003
0.729596
0.721704
0.716217
0.712849
0.711209
0.71091
0.711628
0.713187
0.715594
0.719048
0.723768
0.729892
0.737346
0.745796
0.75476
0.763719
0.772186
0.779818
0.786426
0.792004
0.796721
0.800829
0.804553
0.80802
0.811235
0.814075
0.816385
0.818056
0.819121
0.819757
0.82024
0.820838
0.821667
0.822621
0.823334
0.823306
0.822082
0.819392
0.815243
0.809965
0.804111
0.79836
0.793387
0.78975
0.787801
0.787673
0.789319
0.792514
0.796936
0.802221
0.807982
0.813887
0.819658
0.825072
0.829988
0.834319
0.83803
0.841141
0.84368
0.845603
0.846799
0.84704
0.846014
0.843393
0.838972
0.832721
0.824849
0.815807
0.806227
0.796818
0.788232
0.78096
0.775224
0.770955
0.767826
0.765311
0.762803
0.759759
0.755881
0.751314
0.746705
0.74309
0.741533
0.742553
0.745779
0.750064
0.753969
0.756264
0.756243
0.753855
0.749736
0.745186
0.742014
0.742007
0.746295
0.754912
0.766875
0.780709
0.794994
0.808695
0.821159
0.832022
0.84103
0.847966
0.852602
0.854713
0.854135
0.850849
0.845011
0.837013
1.63384
1.60867
1.57677
1.54016
1.50097
1.46133
1.42311
1.38793
1.35701
1.33118
1.31085
1.29609
1.28678
1.28247
1.28235
1.285
1.28836
1.29012
1.2884
1.2823
1.27231
1.26005
1.24784
1.23808
1.23264
1.23226
1.23655
1.24409
1.25293
1.26102
1.26666
1.26883
1.26718
1.26182
1.25318
1.24174
1.2283
1.21443
1.20296
1.19776
1.20222
1.21746
1.24192
1.27251
1.30577
1.33843
1.36772
1.39167
1.40929
1.42052
1.42603
1.42705
1.42515
1.42197
1.4189
1.41681
1.41596
1.41634
1.41808
1.42156
1.42697
1.43385
1.4412
1.44811
1.45397
1.45857
1.46174
1.46315
1.46216
1.45803
1.45021
1.43891
1.42536
1.41163
1.39967
1.39043
1.38345
1.37741
1.37091
1.36344
1.35584
1.35022
1.34905
1.35394
1.36507
1.38158
1.402
1.42446
1.44662
1.46611
1.48099
1.49021
1.49367
1.49203
1.48641
1.47799
1.46752
1.45525
1.4411
1.42499
1.40732
1.38906
1.37169
1.35649
1.34399
1.33403
1.32655
1.32188
1.32024
1.32113
1.32341
1.32606
1.32881
1.33224
1.33731
1.34479
1.35492
1.36732
1.38114
1.39524
1.40837
1.41931
1.42698
1.43064
1.42993
1.42503
1.41653
1.40533
1.39226
1.37803
1.36316
1.34821
1.33385
1.32085
1.31008
1.30236
1.29834
1.29831
1.30215
1.30942
1.31937
1.33085
1.34218
1.35116
1.35566
1.35422
1.34659
1.334
1.31887
1.30417
1.29269
1.2864
1.28618
1.29184
1.30232
1.31595
1.33094
1.34587
1.36003
1.37318
1.38475
1.39331
1.39679
1.39353
1.38312
1.36674
1.34687
1.32657
1.30878
1.2956
1.288
1.28575
1.28774
1.29238
1.29802
1.3033
1.30738
1.30992
1.311
1.31094
1.31012
1.30899
1.30792
1.30718
1.30698
1.30754
1.30913
1.312
1.31644
1.32296
1.33237
1.34536
1.36194
1.38094
1.40011
1.41694
1.42941
1.43656
1.43837
1.4355
1.42899
1.42009
1.41005
1.40016
1.39165
1.38557
1.38258
1.38267
1.38503
1.38828
1.39095
1.39201
1.39122
1.3891
1.38665
1.38502
1.38513
1.3873
1.39105
1.39513
1.39783
1.39754
1.39332
1.38523
1.37434
1.36242
1.35132
1.34245
1.33656
1.33401
1.33513
1.34054
1.35096
1.36676
1.38739
1.41122
1.43581
1.45839
1.47643
1.4881
1.49249
1.48957
1.48007
1.46532
1.44694
1.42639
1.40489
1.38326
1.36191
1.34109
1.32111
1.30246
1.28595
1.27276
1.26445
1.2627
1.26901
1.28434
1.30862
1.34018
1.37576
1.41089
1.44101
1.46255
1.47368
1.47455
1.46704
1.45432
1.43999
1.42731
1.41851
1.41444
1.41468
1.418
1.42285
1.42782
1.4319
1.43455
1.43558
1.43505
1.4332
1.43029
1.42656
1.42179
1.41535
1.40642
1.39472
1.38095
1.36678
1.35431
1.34535
1.34079
1.34032
1.34256
1.34583
1.34871
1.35051
1.35126
1.35141
1.35156
1.35221
1.35372
1.35622
1.35964
1.36345
1.36672
1.36823
1.36711
1.36364
1.35958
1.35758
1.35965
1.36566
1.37349
1.38046
1.38483
1.3862
1.38514
1.38269
1.37982
1.37721
1.37504
1.37318
1.37129
1.36901
1.36608
1.36239
1.35792
1.35277
1.34726
1.34171
1.33639
1.3313
1.32628
1.3209
1.31471
1.30737
1.29882
1.28939
1.27972
1.27062
1.26287
1.25702
1.25333
1.25188
1.25278
1.25635
1.26294
1.27266
1.28505
1.29902
1.31318
1.32611
1.33656
1.34351
1.34613
1.34394
1.33698
1.32608
1.31289
1.2998
1.28954
1.28467
1.28699
1.29705
1.31406
1.33613
1.36084
1.3856
1.40796
1.42579
1.43738
1.44172
1.43864
1.42872
1.41302
1.39274
1.36919
1.34386
1.31893
1.2972
1.28174
1.275
1.27787
1.28913
1.30587
1.32455
1.34208
1.35644
1.36671
1.37277
1.37487
1.37348
1.36923
1.3629
1.3554
1.34769
1.34055
1.33455
1.32976
1.32553
1.32048
1.31279
1.30065
1.28284
1.25918
1.2307
1.19953
1.16869
1.14223
1.12515
1.12229
1.1355
1.16152
1.19365
1.22547
1.25298
1.27435
1.28897
1.29666
1.29756
1.29223
1.28183
1.26811
1.25305
1.23844
1.22551
1.21478
1.20629
1.19991
1.19569
1.19405
1.19564
1.20093
1.20978
1.22133
1.23438
1.24777
1.26069
1.27273
1.28397
1.29482
1.30581
1.31734
1.32942
1.3417
1.35363
1.36465
1.37422
1.38184
1.38705
1.38952
1.38915
1.38619
1.38127
1.37528
1.36916
1.3637
1.35939
1.35629
1.3541
1.35211
1.34933
1.3446
1.33676
1.32476
1.30799
1.28656
1.26161
1.23533
1.21066
1.19078
1.17815
1.17382
1.17719
1.18637
1.19906
1.21327
1.22777
1.24208
1.25609
1.26964
1.28213
1.2927
1.30037
1.30459
1.30524
1.30281
1.29823
1.2928
1.28803
1.28547
1.28623
1.29072
1.29838
1.30797
1.31795
1.32699
1.3344
1.34029
1.34544
1.35095
1.35777
1.36623
1.37584
1.38531
1.39281
1.39655
1.39539
1.38934
1.37965
1.36823
1.35692
1.34657
1.33696
1.3271
1.31606
1.30339
1.28939
1.27499
1.26145
1.24999
1.24161
1.23689
1.23614
1.23957
1.24718
1.2587
1.27336
1.28992
1.30701
1.32338
1.33807
1.35048
1.3604
1.36792
1.37332
1.37671
1.37788
1.37627
1.3712
1.36225
1.34962
1.3346
1.31973
1.3085
1.30434
1.30913
1.32225
1.34087
1.36138
1.38072
1.397
1.40931
1.41732
1.42105
1.42081
1.41719
1.41084
1.40246
1.39269
1.38208
1.37113
1.36028
1.3498
1.33979
1.33013
1.32051
1.31065
1.30038
1.28992
1.27989
1.27125
1.26509
1.26231
1.26343
1.2684
1.27669
1.28744
1.2997
1.31259
1.32535
1.33715
1.3471
1.3543
1.35816
1.35879
1.35701
1.35418
1.35164
1.35002
1.34879
1.34623
1.34015
1.32864
1.31074
1.28685
1.25876
1.2295
1.20272
1.18181
1.16924
1.16616
1.17228
1.18616
1.20573
1.2288
1.25355
1.27862
1.30294
1.32553
1.34542
1.3618
1.37399
1.3815
1.38398
1.38124
1.37347
1.3616
1.3477
1.33517
1.32788
1.32846
1.3364
1.34808
1.35897
1.366
1.36836
1.36666
1.36179
1.35418
1.34378
1.33025
1.31348
1.29381
1.27214
1.24974
1.22803
1.20827
1.1913
1.17749
1.1667
1.15835
1.1516
1.14558
1.13966
1.13358
1.12771
1.1229
1.12036
1.1213
1.12675
1.13748
1.15391
1.17556
1.20076
1.22676
1.25057
1.26967
1.28235
1.28771
1.28562
1.27692
1.26337
1.24741
1.2314
1.21684
1.20433
1.19434
1.18807
1.18777
1.19575
1.21281
1.23738
1.26618
1.29579
1.32384
1.3492
1.37149
1.39037
1.40488
1.41356
1.41495
1.40879
1.39686
1.38283
1.37095
1.36418
1.36315
1.36643
1.3718
1.3774
1.38242
1.38701
1.39202
1.39848
1.407
1.41728
1.42794
1.43671
1.44096
1.43832
1.42719
1.40718
1.37935
1.34608
1.31066
1.27669
1.24733
1.22474
1.20977
1.20209
1.20075
1.20473
1.21322
1.22563
1.24122
1.25898
1.27758
1.29553
1.31154
1.32472
1.33457
1.34098
1.34423
1.34498
1.34417
1.34285
1.34173
1.34116
1.34121
1.34199
1.3437
1.34641
1.34989
1.35355
1.35666
1.35847
1.35857
1.35699
1.35427
1.35141
1.34959
1.34991
1.35285
1.35809
1.36454
1.37074
1.37539
1.37768
1.37742
1.37491
1.37072
1.36548
1.35973
1.35393
1.34846
1.3436
1.33955
1.33651
1.33469
1.33435
1.33569
1.33883
1.34368
1.34986
1.35667
1.36311
1.36795
1.36993
1.36804
1.36197
1.35231
1.34062
1.32902
1.31949
1.31324
1.31045
1.31054
1.31254
1.31541
1.31817
1.31991
1.31993
1.31789
1.31404
1.30934
1.30522
1.30321
1.30426
1.30847
1.31494
1.32211
1.32836
1.33259
1.3347
1.33563
1.33681
1.33926
1.34286
1.3464
1.34833
1.34768
1.3445
1.33992
1.33575
1.3338
1.33523
1.34007
1.34736
1.35555
1.36301
1.36839
1.37076
1.36965
1.36509
1.3576
1.34828
1.33867
1.33056
1.32576
1.32584
1.33193
1.3445
1.36326
1.38691
1.41317
1.43908
1.46144
1.47751
1.48547
1.48468
1.47559
1.45964
1.43905
1.41664
1.39548
1.37851
1.36782
1.36425
1.36706
1.37441
1.38413
1.39445
1.40433
1.41327
1.42106
1.42742
1.43181
1.43345
1.43159
1.42577
1.41616
1.40371
1.39005
1.3772
1.36692
1.3601
1.3566
1.35549
1.3554
1.3549
1.35272
1.34794
1.34047
1.33136
1.32237
1.31501
1.30974
1.30614
1.3036
1.30173
1.30042
1.29961
1.29922
1.29909
1.29891
1.29826
1.29667
1.29387
1.28997
1.28561
1.28196
1.28051
1.28269
1.2893
1.30015
1.3141
1.32963
1.34521
1.35955
1.37161
1.38057
1.38577
1.38674
1.38322
1.37517
1.36293
1.34726
1.32954
1.31165
1.29566
1.28338
1.27578
1.27303
1.27471
1.27998
1.28763
1.29602
1.30325
1.3076
1.30818
1.30528
1.30007
1.29384
1.28728
1.28058
1.2743
1.26988
1.26926
1.27404
1.28472
1.3004
1.31884
1.33718
1.35271
1.36357
1.36921
1.37047
1.36919
1.36766
1.36774
1.37037
1.37538
1.38192
1.38886
1.39506
1.39924
1.40003
1.39622
1.38725
1.37361
1.35686
1.33912
1.32226
1.30718
1.29371
1.2813
1.27021
1.26204
1.25875
1.2609
1.26692
1.27407
1.27989
1.28291
1.28286
1.28032
1.27627
1.27158
1.26662
1.26131
1.25532
1.24834
1.24032
1.2317
1.22349
1.21716
1.21444
1.21697
1.22576
1.24068
1.2599
1.28014
1.29764
1.30945
1.31427
1.31274
1.3069
1.29942
1.29276
1.28885
1.28897
1.2937
1.3028
1.31521
1.3292
1.3429
1.35486
1.36435
1.37127
1.37585
1.37815
1.37799
1.37512
1.36963
1.36229
1.35445
1.3476
1.34276
1.64595
1.64033
1.63316
1.62456
1.61505
1.60567
1.59771
1.59195
1.58824
1.58529
1.58124
1.57432
1.56367
1.54985
1.53492
1.52176
1.51285
1.50916
1.51008
1.51402
1.51909
1.52372
1.52697
1.52881
1.52996
1.53144
1.53395
1.53758
1.54167
1.54515
1.54695
1.54637
1.54304
1.53688
1.52809
1.51715
1.50483
1.49232
1.48107
1.47254
1.46781
1.46743
1.47139
1.47934
1.49065
1.50455
1.52015
1.53641
1.55212
1.56581
1.57576
1.58031
1.57828
1.56947
1.5549
1.5368
1.518
1.50113
1.48792
1.47882
1.47308
1.46906
1.46478
1.45861
1.45003
1.4401
1.43126
1.42605
1.42582
1.43019
1.43732
1.44468
1.44979
1.45088
1.44767
1.44167
1.43577
1.43294
1.4349
1.44136
1.45065
1.46085
1.47082
1.48045
1.49026
1.50071
1.5116
1.52207
1.53109
1.53774
1.54143
1.54179
1.53902
1.53437
1.52998
1.52791
1.5289
1.53211
1.53594
1.53916
1.54126
1.54234
1.54278
1.54295
1.54302
1.54291
1.54249
1.5417
1.54039
1.53789
1.53268
1.52312
1.50899
1.4928
1.47969
1.47554
1.48419
1.50548
1.53528
1.56745
1.59617
1.61759
1.63039
1.63551
1.63529
1.63206
1.62695
1.61982
1.61
1.59718
1.58159
1.56385
1.54488
1.52608
1.50928
1.4962
1.48782
1.48398
1.48372
1.48593
1.48998
1.49609
1.50487
1.51655
1.53029
1.54432
1.55681
1.56664
1.57357
1.57781
1.57973
1.57982
1.57868
1.577
1.57543
1.5743
1.57345
1.57227
1.56999
1.56615
1.56094
1.555
1.54912
1.54388
1.53949
1.53559
1.53126
1.52538
1.51696
1.5057
1.49227
1.47826
1.46584
1.45708
1.45321
1.45411
1.45841
1.46425
1.47003
1.47474
1.47769
1.47828
1.47586
1.47005
1.4612
1.45066
1.44088
1.43491
1.4353
1.44321
1.45799
1.47747
1.49872
1.51858
1.53434
1.54456
1.54965
1.5518
1.55414
1.55965
1.57012
1.58567
1.60502
1.62619
1.64703
1.66538
1.67932
1.68714
1.68754
1.67975
1.66363
1.63996
1.61043
1.57762
1.54464
1.51479
1.49106
1.47572
1.46987
1.47319
1.48405
1.50003
1.51855
1.53732
1.55441
1.56832
1.57802
1.58319
1.58417
1.58179
1.57675
1.56925
1.55901
1.54597
1.53098
1.51587
1.5028
1.49341
1.48846
1.48801
1.49169
1.4988
1.50823
1.51861
1.52851
1.53678
1.54292
1.54707
1.54977
1.55137
1.55169
1.55018
1.54634
1.54015
1.53228
1.524
1.51692
1.51268
1.5125
1.51681
1.52497
1.5352
1.54496
1.55135
1.55195
1.5455
1.53262
1.51581
1.49874
1.48488
1.47645
1.4743
1.47843
1.48807
1.50154
1.51627
1.5294
1.5385
1.54228
1.54083
1.53553
1.52851
1.5219
1.5171
1.51455
1.514
1.51521
1.51851
1.52473
1.5347
1.5483
1.56401
1.57921
1.59112
1.59796
1.59944
1.59649
1.59018
1.58089
1.56833
1.55223
1.53327
1.51331
1.49509
1.48153
1.47471
1.47516
1.48146
1.4906
1.499
1.5036
1.50245
1.49492
1.48158
1.4642
1.44576
1.43021
1.42113
1.42003
1.4251
1.43219
1.43693
1.43676
1.43153
1.42288
1.41311
1.40431
1.39799
1.3953
1.39749
1.40607
1.42241
1.44679
1.47768
1.51197
1.54598
1.57678
1.60283
1.62403
1.64122
1.65547
1.66749
1.6774
1.68475
1.68873
1.6885
1.6835
1.67357
1.65896
1.64015
1.61772
1.59225
1.56453
1.53611
1.50983
1.48996
1.48072
1.48396
1.49795
1.51836
1.54059
1.56143
1.57934
1.59398
1.60543
1.61391
1.6197
1.62306
1.62391
1.62189
1.61682
1.60924
1.60013
1.59014
1.57901
1.56604
1.55117
1.53534
1.52001
1.50671
1.49674
1.49095
1.4895
1.49184
1.49708
1.50426
1.51244
1.52031
1.52621
1.52845
1.52615
1.52002
1.5127
1.50804
1.50887
1.51535
1.52547
1.53741
1.55081
1.56629
1.5841
1.6031
1.62072
1.63408
1.64133
1.6424
1.63891
1.63318
1.62713
1.62153
1.61601
1.60964
1.60139
1.59053
1.57667
1.55997
1.54104
1.52105
1.50154
1.48404
1.46956
1.45815
1.44889
1.44019
1.43053
1.41913
1.40638
1.39386
1.38431
1.38095
1.38575
1.39797
1.41463
1.43267
1.45029
1.46656
1.48065
1.4916
1.4986
1.50146
1.50088
1.49842
1.49606
1.49562
1.49806
1.50333
1.51046
1.51784
1.52335
1.5247
1.51996
1.50835
1.49097
1.47118
1.45373
1.44272
1.43968
1.44353
1.45229
1.4643
1.47831
1.49291
1.50623
1.51626
1.52163
1.52202
1.5181
1.51084
1.50117
1.49008
1.47896
1.4697
1.46421
1.46377
1.46895
1.47958
1.49475
1.51289
1.53198
1.54974
1.56409
1.57391
1.57986
1.58434
1.59033
1.59959
1.61146
1.62315
1.63119
1.63279
1.62663
1.61291
1.59304
1.56907
1.54309
1.51678
1.49125
1.46706
1.44458
1.42419
1.4064
1.39174
1.38064
1.37339
1.37013
1.37087
1.3754
1.38304
1.39267
1.40278
1.41165
1.41768
1.41988
1.41856
1.41531
1.41233
1.41107
1.41135
1.41167
1.41007
1.40512
1.3963
1.38403
1.36944
1.35423
1.34046
1.33045
1.32659
1.3307
1.34323
1.36294
1.38748
1.4143
1.44115
1.46582
1.48573
1.49817
1.50088
1.49292
1.47523
1.45091
1.42467
1.40162
1.38571
1.37894
1.38144
1.39201
1.40878
1.42951
1.45186
1.47345
1.49222
1.50708
1.51835
1.52736
1.53559
1.54372
1.5511
1.55603
1.55671
1.55215
1.54272
1.52994
1.51615
1.50397
1.49558
1.49198
1.49285
1.49691
1.50259
1.50871
1.51499
1.52175
1.52933
1.53726
1.5442
1.54875
1.55057
1.5508
1.55132
1.55381
1.55981
1.57094
1.58807
1.60966
1.63156
1.64844
1.6559
1.65174
1.63612
1.61135
1.58134
1.55093
1.5249
1.50678
1.49797
1.49756
1.50287
1.51022
1.51575
1.51601
1.50872
1.49329
1.47109
1.445
1.41873
1.39578
1.37878
1.36936
1.36839
1.37637
1.39326
1.41797
1.448
1.47994
1.51042
1.53691
1.5579
1.57261
1.58047
1.58089
1.57324
1.55722
1.53336
1.5034
1.47041
1.43834
1.4109
1.39056
1.378
1.37253
1.37309
1.37888
1.38951
1.4047
1.42397
1.44617
1.46934
1.49109
1.50923
1.52254
1.53116
1.53643
1.5403
1.54432
1.5491
1.55413
1.55827
1.56052
1.56023
1.55726
1.55167
1.5435
1.53275
1.51961
1.50447
1.48804
1.47118
1.45489
1.44043
1.42939
1.42332
1.42333
1.42983
1.44298
1.46339
1.4918
1.5276
1.56762
1.60696
1.64097
1.66645
1.68175
1.68636
1.68075
1.66611
1.64397
1.61584
1.58337
1.54931
1.51815
1.49506
1.48324
1.48207
1.48798
1.49683
1.50566
1.51302
1.51862
1.5227
1.52562
1.52751
1.5282
1.5273
1.52421
1.5179
1.5069
1.48962
1.46523
1.43445
1.39994
1.36595
1.33749
1.31978
1.31785
1.33457
1.36719
1.40685
1.44295
1.46846
1.48206
1.48732
1.4904
1.49712
1.51063
1.53081
1.55506
1.57975
1.60117
1.61633
1.62309
1.6202
1.60732
1.58508
1.55521
1.52091
1.48684
1.45856
1.44108
1.43688
1.4448
1.46061
1.47898
1.4954
1.50723
1.5138
1.5158
1.51438
1.51031
1.50391
1.49544
1.48604
1.4779
1.47358
1.47466
1.48086
1.4905
1.50132
1.51071
1.51572
1.51405
1.50565
1.4938
1.48396
1.48045
1.48356
1.48979
1.4947
1.49528
1.49063
1.48145
1.46977
1.45877
1.45198
1.45201
1.45934
1.47208
1.48657
1.49869
1.50513
1.50413
1.4953
1.47922
1.45736
1.4324
1.40841
1.39008
1.38097
1.38193
1.39084
1.40395
1.41793
1.43115
1.44364
1.45632
1.47
1.48481
1.50001
1.51409
1.52514
1.53125
1.53104
1.5243
1.51263
1.49934
1.48843
1.48312
1.48468
1.49234
1.50397
1.51698
1.52898
1.53822
1.54378
1.5456
1.54426
1.5407
1.53577
1.53005
1.52375
1.51695
1.50986
1.50298
1.49706
1.49274
1.49018
1.48872
1.48691
1.48315
1.47679
1.46877
1.46145
1.45785
1.46048
1.47008
1.48482
1.50076
1.51367
1.52082
1.52188
1.5184
1.51259
1.50614
1.49989
1.49416
1.48928
1.48562
1.48339
1.48241
1.48216
1.48202
1.4817
1.48143
1.48191
1.48382
1.48704
1.49035
1.49157
1.48831
1.47887
1.46275
1.44078
1.41491
1.38778
1.36231
1.3412
1.32637
1.31874
1.31854
1.32555
1.33892
1.3569
1.3769
1.39591
1.4113
1.42156
1.42683
1.42855
1.42892
1.42999
1.43334
1.43997
1.45018
1.46332
1.47781
1.49166
1.5032
1.51185
1.51839
1.52464
1.53242
1.54233
1.55322
1.56285
1.56932
1.5721
1.57221
1.57132
1.57057
1.56997
1.56849
1.56484
1.55817
1.54822
1.53512
1.51909
1.50029
1.47893
1.45549
1.43117
1.40831
1.39045
1.38172
1.38504
1.40027
1.42373
1.45005
1.47462
1.49492
1.51068
1.52344
1.53581
1.55032
1.56811
1.58828
1.60828
1.62479
1.63475
1.63621
1.62887
1.61404
1.59411
1.57136
1.54698
1.52068
1.49161
1.45978
1.42757
1.39993
1.38291
1.3806
1.39283
1.41567
1.44428
1.47503
1.50591
1.53557
1.56261
1.5855
1.60288
1.61409
1.61928
1.61922
1.61504
1.608
1.59927
1.58982
1.5804
1.57159
1.56401
1.55831
1.55517
1.55497
1.55749
1.56163
1.56557
1.56727
1.56543
1.56021
1.55322
1.54677
1.54252
1.54056
1.53931
1.53648
1.53046
1.52144
1.51191
1.50592
1.50727
1.51734
1.53395
1.55228
1.56696
1.57404
1.57198
1.56185
1.54696
1.53208
1.522
1.51972
1.52522
1.53561
1.54656
1.5543
1.55696
1.55481
1.54947
1.54295
1.53687
1.53236
1.53015
1.53074
1.53439
1.54088
1.5495
1.55892
1.56758
1.57391
1.57692
1.64876
1.64424
1.63792
1.63107
1.624
1.61617
1.60665
1.59448
1.57894
1.56026
1.54085
1.52623
1.52342
1.53659
1.56352
1.5972
1.63059
1.65953
1.68249
1.69893
1.70836
1.71025
1.70439
1.691
1.67087
1.64558
1.61793
1.59162
1.57017
1.55535
1.54624
1.53991
1.53315
1.52417
1.51376
1.50511
1.50188
1.50573
1.51517
1.52682
1.53736
1.54453
1.54738
1.54604
1.54167
1.53618
1.53169
1.52983
1.53135
1.53601
1.54291
1.55085
1.55854
1.56508
1.57018
1.57393
1.57635
1.57702
1.57514
1.56995
1.56157
1.55162
1.54311
1.53932
1.542
1.55032
1.56141
1.57201
1.57999
1.58501
1.58838
1.59185
1.5964
1.60176
1.6073
1.6131
1.62012
1.62929
1.64051
1.65261
1.66405
1.67357
1.68049
1.68466
1.68631
1.68594
1.68426
1.68197
1.67964
1.67771
1.67654
1.67633
1.67699
1.67788
1.67792
1.67614
1.67219
1.66664
1.66056
1.65501
1.65041
1.64638
1.64205
1.6366
1.62983
1.62223
1.61472
1.60819
1.6031
1.5994
1.59674
1.59477
1.59344
1.59296
1.59354
1.59487
1.59578
1.59445
1.58893
1.57796
1.56137
1.5401
1.51617
1.49229
1.47148
1.45635
1.4485
1.44825
1.45465
1.46596
1.48014
1.49562
1.51179
1.52887
1.54703
1.56547
1.58219
1.59485
1.60178
1.60258
1.59805
1.58981
1.57976
1.56958
1.56038
1.55247
1.54559
1.5392
1.53305
1.52727
1.52246
1.51951
1.51938
1.52313
1.53166
1.54533
1.56321
1.58263
1.59969
1.61059
1.61312
1.60765
1.59715
1.58649
1.58119
1.58579
1.60233
1.62937
1.66263
1.69675
1.72674
1.74863
1.7599
1.7599
1.7497
1.73162
1.70845
1.68318
1.65852
1.63647
1.61787
1.60242
1.58906
1.57642
1.56306
1.54778
1.53003
1.51052
1.4915
1.47627
1.46802
1.46848
1.47726
1.49219
1.51059
1.53017
1.54948
1.56757
1.58356
1.59646
1.60535
1.60973
1.60975
1.60602
1.59919
1.58985
1.57863
1.56672
1.55603
1.54843
1.54468
1.54403
1.54484
1.54542
1.54447
1.54117
1.53552
1.52853
1.52205
1.51788
1.51701
1.51943
1.52477
1.53281
1.54365
1.55703
1.57171
1.58543
1.59538
1.59916
1.59555
1.585
1.56943
1.55142
1.53321
1.51598
1.50009
1.48573
1.47416
1.46837
1.47228
1.48897
1.51871
1.5585
1.60306
1.64669
1.68433
1.71232
1.72869
1.73338
1.72811
1.71579
1.6999
1.6837
1.66967
1.65942
1.65349
1.65108
1.65026
1.64861
1.64415
1.63603
1.62464
1.61107
1.59593
1.5791
1.56076
1.5428
1.52894
1.52277
1.52563
1.53643
1.55337
1.57529
1.60143
1.63064
1.66122
1.69116
1.7185
1.74132
1.75787
1.7666
1.76652
1.75729
1.73918
1.71304
1.68028
1.64319
1.60519
1.5706
1.54368
1.52749
1.52285
1.52834
1.54092
1.55722
1.57446
1.59084
1.60516
1.6164
1.62353
1.62568
1.62241
1.61398
1.60123
1.58546
1.56834
1.55211
1.53945
1.53252
1.53164
1.53466
1.53793
1.53794
1.53263
1.52163
1.50585
1.48687
1.46646
1.44635
1.42814
1.41335
1.40349
1.40013
1.40443
1.41674
1.43614
1.46066
1.4878
1.51517
1.54094
1.56396
1.58362
1.59955
1.61159
1.61959
1.62339
1.62279
1.61785
1.60907
1.5974
1.5838
1.56859
1.55101
1.52953
1.50294
1.4714
1.43712
1.40406
1.37718
1.36146
1.36081
1.37674
1.40708
1.44638
1.48774
1.52487
1.55293
1.56868
1.57062
1.5596
1.53946
1.51672
1.49861
1.48973
1.49044
1.49818
1.51006
1.52435
1.54028
1.55742
1.5751
1.59246
1.60856
1.62225
1.63223
1.63718
1.63629
1.62987
1.61956
1.60768
1.59623
1.58595
1.57585
1.56339
1.54514
1.51842
1.4836
1.44624
1.41609
1.40142
1.4032
1.41599
1.43322
1.45021
1.46404
1.47292
1.47591
1.47338
1.4674
1.46156
1.4596
1.46336
1.47194
1.48288
1.49369
1.50261
1.50839
1.5099
1.50609
1.49672
1.48355
1.47084
1.46404
1.46665
1.4781
1.49487
1.51286
1.52894
1.54144
1.55038
1.5569
1.56249
1.56806
1.57372
1.57909
1.58392
1.58856
1.5939
1.60078
1.6093
1.61826
1.62548
1.62839
1.62522
1.61575
1.60154
1.58558
1.57157
1.56304
1.56249
1.57092
1.5877
1.61097
1.63811
1.66621
1.69243
1.71427
1.72974
1.7377
1.73801
1.73162
1.7204
1.70666
1.69257
1.67961
1.66832
1.65829
1.64838
1.63706
1.62293
1.60514
1.58382
1.56027
1.537
1.51713
1.50355
1.49777
1.49952
1.50694
1.51737
1.52821
1.5376
1.54487
1.55073
1.55673
1.56442
1.57436
1.58573
1.59667
1.60484
1.60825
1.6058
1.59773
1.58565
1.5723
1.56079
1.55365
1.55178
1.55435
1.55942
1.56522
1.57089
1.57653
1.5826
1.58945
1.59683
1.60396
1.6098
1.61345
1.61434
1.61251
1.60871
1.60441
1.60126
1.60023
1.60091
1.6016
1.60013
1.59485
1.58531
1.57259
1.55889
1.54676
1.53837
1.53503
1.53691
1.54315
1.55204
1.56143
1.56922
1.57372
1.57409
1.57056
1.56419
1.55648
1.54895
1.54271
1.5382
1.53512
1.53278
1.53067
1.52893
1.52839
1.52988
1.53347
1.53839
1.54346
1.54755
1.5501
1.55121
1.55175
1.5532
1.55712
1.56461
1.57557
1.58855
1.60111
1.6107
1.61545
1.61478
1.60943
1.60103
1.5915
1.58235
1.57436
1.56752
1.56125
1.55464
1.54666
1.5362
1.52222
1.50429
1.48361
1.46349
1.44886
1.44405
1.4505
1.46595
1.4858
1.50547
1.52194
1.53448
1.54442
1.55428
1.56661
1.58262
1.60142
1.62015
1.635
1.64283
1.64279
1.63761
1.6329
1.63376
1.64066
1.64943
1.65482
1.65333
1.6435
1.62515
1.59888
1.56649
1.53156
1.49952
1.47627
1.46608
1.46974
1.48455
1.5056
1.5274
1.54505
1.55519
1.55664
1.55075
1.54109
1.53187
1.52578
1.52275
1.52084
1.51812
1.51387
1.50851
1.50286
1.49745
1.49222
1.48681
1.48124
1.47633
1.47381
1.47595
1.4847
1.50078
1.52299
1.54849
1.57398
1.59657
1.61438
1.6264
1.63232
1.6324
1.62757
1.61952
1.61061
1.60358
1.60084
1.60352
1.61095
1.62089
1.63065
1.63811
1.64211
1.64234
1.63883
1.6315
1.62013
1.60441
1.58447
1.56152
1.53814
1.51802
1.50486
1.50081
1.50541
1.51555
1.52717
1.53741
1.54574
1.55369
1.56336
1.57598
1.59114
1.60698
1.62087
1.63028
1.63346
1.62974
1.61982
1.60542
1.58856
1.57062
1.55212
1.53339
1.51602
1.50316
1.49786
1.5011
1.51169
1.52775
1.54728
1.56769
1.58575
1.5981
1.60222
1.59717
1.58396
1.56546
1.546
1.53075
1.5248
1.53163
1.55129
1.58
1.61148
1.63953
1.65982
1.6704
1.67144
1.66463
1.65263
1.63839
1.62429
1.61148
1.5997
1.58791
1.57527
1.56208
1.54999
1.54154
1.5388
1.54224
1.55067
1.56229
1.57582
1.59057
1.60579
1.62004
1.63131
1.63788
1.63949
1.63786
1.63593
1.63598
1.63816
1.64102
1.64346
1.64549
1.64753
1.64971
1.65162
1.65256
1.65177
1.64846
1.64167
1.63034
1.6134
1.59016
1.56115
1.52902
1.49919
1.47916
1.47577
1.49178
1.52428
1.56633
1.61005
1.6489
1.67854
1.69696
1.70406
1.7011
1.68999
1.67252
1.65012
1.62392
1.5952
1.56561
1.53709
1.51167
1.49122
1.47717
1.47045
1.47135
1.47954
1.49419
1.51407
1.53757
1.56266
1.58688
1.6074
1.62153
1.62723
1.62395
1.61281
1.5964
1.57783
1.56011
1.54587
1.53729
1.53531
1.53891
1.5453
1.55137
1.5551
1.55618
1.5558
1.55597
1.55881
1.56571
1.57665
1.58996
1.60279
1.6119
1.61489
1.61145
1.6037
1.59524
1.5894
1.58776
1.58999
1.5946
1.60009
1.60545
1.6104
1.61517
1.61992
1.62415
1.62693
1.62754
1.62595
1.62289
1.6195
1.61684
1.6156
1.61601
1.6178
1.62034
1.62284
1.62458
1.62505
1.62398
1.62117
1.61649
1.60982
1.6013
1.59141
1.58105
1.5713
1.56305
1.55665
1.55187
1.54812
1.54451
1.53987
1.53304
1.52357
1.51248
1.50225
1.49576
1.49503
1.50059
1.51162
1.52674
1.54451
1.56365
1.58284
1.60066
1.6157
1.62674
1.63304
1.63478
1.63335
1.63143
1.63256
1.63986
1.65459
1.6752
1.69771
1.71711
1.72902
1.73068
1.72151
1.70297
1.67789
1.64955
1.62066
1.59299
1.56767
1.54585
1.52922
1.51972
1.5187
1.52649
1.5422
1.56364
1.58729
1.60865
1.62333
1.62826
1.62266
1.60833
1.58885
1.56823
1.54964
1.5349
1.52453
1.51816
1.51518
1.51526
1.51854
1.5253
1.53555
1.54881
1.56422
1.58054
1.59635
1.61037
1.62156
1.62921
1.63284
1.63219
1.62726
1.61849
1.60698
1.59467
1.58408
1.57762
1.57685
1.582
1.59205
1.60527
1.61985
1.6341
1.64652
1.65555
1.65947
1.65671
1.64657
1.63
1.60968
1.58938
1.57283
1.56298
1.56168
1.56952
1.58543
1.60645
1.62858
1.64801
1.66205
1.66942
1.67005
1.66467
1.65451
1.64122
1.62668
1.61271
1.60069
1.59118
1.58404
1.57876
1.57498
1.57282
1.57291
1.57582
1.58148
1.58884
1.59616
1.60169
1.60426
1.60299
1.59708
1.58589
1.56977
1.55077
1.53256
1.5192
1.51358
1.51658
1.52724
1.54328
1.56158
1.57891
1.5928
1.60205
1.60689
1.6085
1.6085
1.60824
1.60822
1.60798
1.60654
1.6032
1.59807
1.59222
1.58738
1.58515
1.58637
1.59058
1.59608
1.60028
1.60043
1.59462
1.58282
1.5673
1.55185
1.54012
1.53406
1.53351
1.53689
1.54225
1.54787
1.55253
1.55547
1.55608
1.55388
1.54854
1.54002
1.52877
1.51567
