1.09917
1.09625
1.09109
1.08342
1.07289
1.05902
1.04125
1.01891
0.991294
0.95779
0.918002
0.871946
0.820259
0.76441
0.706719
0.65019
0.598095
0.553378
0.518178
0.493528
0.479322
0.474448
0.477111
0.485168
0.496476
0.509169
0.521826
0.533511
0.543769
0.552532
0.559979
0.566369
0.571908
0.576699
0.580701
0.583794
0.585888
0.587024
0.587396
0.587334
0.587233
0.587458
0.588261
0.589798
0.592095
0.595025
0.59833
0.60162
0.604497
0.606632
0.607833
0.608121
0.607703
0.606908
0.606108
0.605612
0.605632
0.60629
0.60761
0.609516
0.611826
0.614248
0.616369
0.617778
0.618129
0.617227
0.615121
0.612127
0.608802
0.60578
0.603516
0.602042
0.600944
0.599574
0.597383
0.594189
0.590201
0.585954
0.582162
0.579561
0.578789
0.580275
0.584137
0.590153
0.597841
0.606575
0.615715
0.624687
0.633027
0.640366
0.646429
0.650984
0.653841
0.654897
0.654124
0.651591
0.647439
0.641856
0.635008
0.627054
0.618124
0.608405
0.598179
0.587851
0.577935
0.568974
0.561422
0.555555
0.551419
0.548888
0.547752
0.547871
0.549215
0.551914
0.556167
0.562153
0.569912
0.579255
0.589797
0.600994
0.612221
0.622828
0.632174
0.639662
0.644768
0.647158
0.646733
0.643596
0.638077
0.630654
0.621896
0.612404
0.602723
0.593314
0.584542
0.576712
0.570102
0.56502
0.56179
0.560805
0.56242
0.566846
0.573985
0.583361
0.594175
0.605465
0.616302
0.625903
0.633692
0.6393
0.642548
0.643409
0.642015
0.638614
0.63355
0.627231
0.620045
0.612328
0.604318
0.596198
0.588152
0.580485
0.573666
0.568314
0.565044
0.564269
0.566016
0.569873
0.575097
0.58081
0.586165
0.590486
0.593274
0.594206
0.593123
0.589994
0.584953
0.578303
0.570528
0.562328
0.554601
0.548353
0.544557
0.54395
0.546839
0.552989
0.561674
0.571835
0.58231
0.592
0.600032
0.605806
0.609016
0.609622
0.607847
0.604101
0.598937
0.593006
0.586969
0.58145
0.576956
0.573855
0.572342
0.572433
0.574004
0.576802
0.580496
0.58469
0.588943
0.592792
0.59581
0.597621
0.597958
0.596688
0.593846
0.58965
0.584519
0.579031
0.573869
0.569674
0.566867
0.565571
0.565627
0.566683
0.56833
0.570199
0.572006
0.573595
0.574917
0.575988
0.576839
0.577497
0.577973
0.578218
0.578145
0.577652
0.576633
0.575014
0.572813
0.57017
0.567441
0.565154
0.56393
0.564297
0.566542
0.570675
0.576438
0.583417
0.591112
0.598981
0.606498
0.613157
0.618506
0.622181
0.623964
0.623769
0.621658
0.617834
0.61261
0.606354
0.599481
0.592412
0.585553
0.579264
0.573816
0.569389
0.566037
0.56368
0.562155
0.561236
0.560712
0.560434
0.560338
0.560437
0.560811
0.561583
0.562826
0.564547
0.566611
0.568791
0.570778
0.572228
0.572859
0.572521
0.571227
0.569192
0.566794
0.564524
0.562818
0.561947
0.561911
0.562437
0.563114
0.563515
0.563405
0.562803
0.561946
0.561206
0.560935
0.56132
0.562294
0.563576
0.564721
0.56533
0.565188
0.564365
0.563182
0.56202
0.56108
0.560242
0.559153
0.557498
0.555183
0.552391
0.549484
0.546826
0.544668
0.543124
0.542208
0.541949
0.54244
0.543819
0.546168
0.549444
0.553376
0.557533
0.56144
0.564694
0.567012
0.568257
0.568367
0.567329
0.565119
0.561754
0.557355
0.552186
0.546675
0.541351
0.536743
0.533239
0.53101
0.530035
0.5302
0.5314
0.533603
0.536791
0.540898
0.545721
0.550962
0.5563
0.561475
0.566304
0.570652
0.574376
0.577253
0.579
0.579317
0.577947
0.574722
0.569628
0.562822
0.554632
0.545606
0.536484
0.528142
0.521477
0.517233
0.515845
0.517345
0.521398
0.527461
0.534962
0.543324
0.551956
0.560231
0.567552
0.573413
0.577495
0.579703
0.580125
0.578986
0.576605
0.573343
0.569583
0.565732
0.562181
0.559267
0.55725
0.556246
0.556294
0.557398
0.559573
0.562825
0.567072
0.572056
0.57734
0.582391
0.586711
0.589923
0.591831
0.592437
0.591904
0.590523
0.58864
0.586544
0.584406
0.582244
0.579961
0.577442
0.57464
0.571606
0.568468
0.565371
0.562477
0.559964
0.558022
0.556827
0.556468
0.556918
0.558001
0.559477
0.561115
0.562748
0.564294
0.565722
0.567009
0.568117
0.569018
0.569692
0.570161
0.570527
0.570954
0.571634
0.572748
0.574427
0.576716
0.579484
0.582513
0.585493
0.588069
0.589926
0.590762
0.590332
0.588495
0.58523
0.580692
0.575211
0.569285
0.563526
0.558599
0.555075
0.553355
0.553592
0.555696
0.559419
0.564392
0.570238
0.576602
0.583182
0.589709
0.595928
0.601598
0.606502
0.610452
0.613314
0.61501
0.615557
0.615035
0.613583
0.611358
0.608501
0.605104
0.601225
0.596913
0.592239
0.587343
0.582445
0.577814
0.573757
0.570525
0.568269
0.567
0.566565
0.566715
0.567184
0.567729
0.568212
0.568591
0.568927
0.569326
0.569945
0.570947
0.57247
0.574613
0.577393
0.580713
0.584372
0.588101
0.591597
0.594591
0.596859
0.598259
0.598733
0.598258
0.596853
0.594554
0.591379
0.587334
0.582422
0.576656
0.570072
0.562754
0.554861
0.546671
0.538609
0.531191
0.524964
0.520362
0.517567
0.516456
0.516641
0.517668
0.519192
0.521089
0.5234
0.526242
0.529746
0.534021
0.539166
0.54529
0.552433
0.560496
0.569235
0.578269
0.587166
0.595527
0.603043
0.609502
0.614741
0.618557
0.620697
0.620913
0.619105
0.615409
0.610238
0.604199
0.597978
0.592184
0.587279
0.583529
0.581002
0.579608
0.579118
0.579285
0.579872
0.580691
0.581597
0.582481
0.583215
0.583599
0.583365
0.582192
0.579772
0.575917
0.570676
0.564432
0.557885
0.551954
0.547572
0.545406
0.545681
0.548165
0.552305
0.557422
0.562894
0.568242
0.57312
0.577284
0.580557
0.582789
0.583893
0.583839
0.582698
0.580674
0.578093
0.575357
0.572851
0.570836
0.569393
0.568391
0.567583
0.566719
0.565665
0.56448
0.563419
0.5629
0.563387
0.565234
0.568581
0.573282
0.578858
0.584594
0.589659
0.593294
0.594922
0.594308
0.591595
0.587253
0.581963
0.576463
0.571371
0.567121
0.563971
0.562077
0.561571
0.562537
0.564963
0.568672
0.573309
0.578376
0.583335
0.587738
0.591321
0.594041
0.596029
0.597515
0.598741
0.599897
0.60114
0.602566
0.604227
0.606156
0.608336
0.610687
0.613047
0.615178
0.616784
0.617532
0.617107
0.615275
0.611905
0.607007
0.60075
0.593423
0.585397
0.577108
0.569032
0.561679
0.555555
0.551075
0.548508
0.547913
0.549092
0.551649
0.555057
0.558748
0.562184
0.564895
0.566507
0.566761
0.56551
0.562719
0.558502
0.55314
0.547102
0.540987
0.535427
0.530929
0.527743
0.525772
0.524665
0.523956
0.523263
0.52236
0.521246
0.520104
0.519262
0.519074
0.519857
0.521819
0.525044
0.529479
0.53494
0.541104
0.547456
0.553354
0.558131
0.561248
0.562397
0.561547
0.558924
0.554934
0.550078
0.544885
0.539866
0.535471
0.532086
0.530004
0.529442
0.530512
0.533186
0.537282
0.542496
0.548414
0.554577
0.560523
0.565828
0.570115
0.573125
0.574732
0.574985
0.574077
0.572325
0.570087
0.56767
0.565251
0.56284
0.560298
0.557452
0.55417
0.550462
0.54651
0.542699
0.539525
0.537543
0.537209
0.538827
0.54247
0.547956
0.554858
0.562567
0.570342
0.577414
0.583086
0.586787
0.588135
0.586927
0.583148
0.576909
0.56842
0.558007
0.546113
0.533298
0.520285
0.507936
0.497147
0.488758
0.483481
0.481837
0.484102
0.490193
0.499573
0.511253
0.523999
0.536553
0.547855
0.55714
0.563968
0.568219
0.570039
0.569786
0.567944
0.565035
0.561561
0.557977
0.554694
0.552076
0.550451
0.550134
0.551363
0.554265
0.558813
0.564805
0.571888
0.579573
0.587301
0.594486
0.600577
0.605118
0.607776
0.608405
0.607053
0.604019
0.599802
0.59508
0.590594
0.586963
0.584544
0.583353
0.583124
0.583475
0.584046
0.584635
0.585188
0.58575
0.586354
0.586958
0.587405
0.587433
0.586765
0.585204
0.58275
0.579614
0.576178
0.572933
0.570389
0.56902
0.56921
0.571161
0.574849
0.580008
0.586206
0.592903
0.599547
0.605621
0.610642
0.614158
0.615797
0.615286
0.612493
0.607483
0.600516
0.59207
0.582769
0.573327
0.564453
0.556743
0.550609
0.546203
0.543417
0.541919
0.541242
0.540856
0.540318
0.539364
0.537976
0.536369
0.534849
0.533646
0.532808
0.532217
0.531698
0.531111
0.530342
0.529308
0.527953
0.526293
0.524438
0.522591
0.52101
0.519946
0.519586
0.520038
0.521342
0.523496
0.526449
0.530102
0.534299
0.538782
0.543175
0.547008
0.549763
0.551007
0.55051
0.54836
0.54502
0.541282
0.538096
0.536291
0.536353
0.538382
0.542148
0.547217
0.553073
0.559185
0.565018
0.570055
0.573809
0.575844
0.575836
0.573598
0.569108
0.562504
0.554072
0.544223
0.533482
0.522444
0.511718
0.501866
0.493335
0.486397
0.481136
0.477478
0.475233
0.474139
0.47394
0.474419
0.475458
0.477062
0.479365
0.482512
0.486595
0.491564
0.497197
0.503173
0.509146
0.514791
0.519879
0.524284
0.528003
0.531148
0.533886
0.536369
0.53868
0.540824
0.542717
0.544256
0.545371
0.54608
0.546505
0.546827
0.547226
0.547778
0.548414
0.548889
0.548871
0.548055
0.546261
0.543496
0.539976
0.536074
0.53224
0.528925
0.5265
0.525201
0.525115
0.526213
0.528343
0.531291
0.534814
0.538655
0.542592
0.546438
0.550048
0.553325
0.556213
0.558687
0.560761
0.562453
0.563735
0.564533
0.564693
0.564009
0.562262
0.559315
0.555147
0.5499
0.543871
0.537485
0.531212
0.525488
0.52064
0.516816
0.51397
0.511884
0.510207
0.508535
0.506506
0.503921
0.500876
0.497803
0.495393
0.494355
0.495035
0.497186
0.500042
0.502646
0.504176
0.504162
0.50257
0.499824
0.496791
0.494676
0.494671
0.49753
0.503275
0.51125
0.520473
0.529996
0.53913
0.547439
0.554681
0.560687
0.56531
0.568402
0.569808
0.569423
0.567233
0.563341
0.558009
1.08923
1.07245
1.05118
1.02677
1.00065
0.974221
0.948741
0.925286
0.904672
0.887456
0.873899
0.864063
0.857854
0.854983
0.8549
0.856665
0.858905
0.860083
0.858932
0.85487
0.848207
0.840032
0.831892
0.825389
0.821757
0.821508
0.824368
0.829394
0.83529
0.840681
0.844441
0.845887
0.844785
0.841217
0.835453
0.827827
0.818866
0.809621
0.801977
0.798508
0.801482
0.811638
0.82795
0.848342
0.870513
0.892283
0.911813
0.927781
0.939529
0.947014
0.950686
0.951366
0.950099
0.947978
0.945934
0.944538
0.943976
0.944227
0.945384
0.947707
0.951314
0.9559
0.960803
0.965404
0.969312
0.97238
0.974494
0.975431
0.974775
0.972018
0.966807
0.95927
0.950242
0.941089
0.933116
0.926951
0.922303
0.918271
0.913941
0.908961
0.903893
0.900148
0.899369
0.902626
0.910049
0.921051
0.93467
0.949643
0.964416
0.977405
0.987324
0.993472
0.995779
0.994686
0.990943
0.985325
0.97835
0.970169
0.960731
0.949997
0.938211
0.926041
0.914461
0.904329
0.895997
0.889355
0.884369
0.881253
0.88016
0.880752
0.882273
0.88404
0.885876
0.888162
0.891537
0.896526
0.903281
0.911547
0.920759
0.930157
0.938912
0.946204
0.951322
0.953758
0.953289
0.950018
0.944356
0.936887
0.928175
0.918684
0.908772
0.898805
0.889231
0.880569
0.873387
0.868242
0.865559
0.865537
0.868102
0.872949
0.87958
0.887235
0.894785
0.900774
0.903773
0.902812
0.897727
0.889337
0.879248
0.86945
0.861794
0.857601
0.857451
0.861227
0.868211
0.877299
0.887292
0.897246
0.906689
0.915455
0.923166
0.928874
0.931194
0.929019
0.922081
0.911161
0.897912
0.884382
0.872519
0.863732
0.858666
0.857168
0.858495
0.861587
0.865344
0.868866
0.871584
0.873278
0.874
0.873957
0.873414
0.872661
0.871947
0.871453
0.87132
0.871693
0.872756
0.874666
0.877625
0.881976
0.888244
0.896906
0.907958
0.920624
0.933408
0.944626
0.952941
0.957706
0.958911
0.956997
0.95266
0.946726
0.940034
0.933442
0.927765
0.923711
0.921719
0.921779
0.923356
0.925522
0.9273
0.928006
0.927479
0.926064
0.924431
0.923349
0.923421
0.924864
0.927368
0.930089
0.931889
0.931692
0.928878
0.923484
0.916225
0.908282
0.900879
0.894964
0.891037
0.889337
0.890088
0.89369
0.900638
0.911173
0.924927
0.940816
0.957207
0.972258
0.984286
0.992068
0.994991
0.993044
0.986713
0.976882
0.964624
0.950924
0.936595
0.922171
0.90794
0.894062
0.880742
0.868309
0.857302
0.848506
0.842965
0.841797
0.846007
0.856226
0.87241
0.893456
0.917176
0.940591
0.960673
0.975033
0.982454
0.983032
0.978028
0.969549
0.959992
0.951542
0.945674
0.942958
0.943123
0.945332
0.948565
0.95188
0.954598
0.956364
0.957053
0.956702
0.955465
0.953527
0.951038
0.947863
0.943565
0.937613
0.929815
0.920635
0.911188
0.902873
0.896897
0.893863
0.893544
0.89504
0.897217
0.899138
0.90034
0.900839
0.900938
0.901038
0.901471
0.902478
0.904148
0.906426
0.908968
0.911146
0.912152
0.911408
0.909096
0.90639
0.905055
0.906433
0.910443
0.915658
0.920307
0.923222
0.924133
0.923428
0.921791
0.919882
0.91814
0.916694
0.915455
0.914193
0.912671
0.910723
0.908261
0.905279
0.901846
0.898171
0.894474
0.890924
0.887535
0.884187
0.880599
0.876474
0.871578
0.865878
0.859593
0.853147
0.847081
0.841916
0.838011
0.835553
0.834585
0.835187
0.837565
0.841961
0.848443
0.856699
0.866012
0.875452
0.884071
0.891041
0.895672
0.897419
0.895957
0.891322
0.884056
0.87526
0.866532
0.859694
0.856445
0.857993
0.864702
0.876037
0.890752
0.907225
0.923731
0.938641
0.950524
0.958253
0.961145
0.959092
0.952477
0.942013
0.928495
0.912792
0.895907
0.879284
0.8648
0.854492
0.850003
0.851914
0.859418
0.870582
0.883034
0.894718
0.90429
0.911142
0.915179
0.916581
0.915656
0.912819
0.908599
0.903603
0.898457
0.893699
0.889699
0.886504
0.883684
0.880319
0.875194
0.8671
0.855228
0.839454
0.820469
0.799686
0.77913
0.761485
0.7501
0.748196
0.757002
0.774348
0.795766
0.816981
0.835319
0.849569
0.859311
0.86444
0.865041
0.861485
0.854556
0.845408
0.835366
0.825627
0.817006
0.80985
0.804194
0.799939
0.797128
0.796034
0.797096
0.800621
0.806517
0.814217
0.822918
0.83185
0.840461
0.848487
0.855981
0.863212
0.87054
0.878229
0.886283
0.894465
0.902419
0.909768
0.916147
0.921226
0.924701
0.926349
0.926102
0.924125
0.920846
0.916854
0.912776
0.909134
0.906257
0.904192
0.902734
0.901407
0.89955
0.896402
0.891175
0.883172
0.87199
0.857707
0.841076
0.823551
0.80711
0.793855
0.785433
0.782549
0.78479
0.790912
0.799372
0.808847
0.818514
0.828051
0.837395
0.846424
0.854754
0.861798
0.866916
0.869725
0.870163
0.868539
0.865485
0.861866
0.858688
0.856977
0.857488
0.860477
0.86559
0.871982
0.878634
0.884661
0.889601
0.893526
0.896957
0.900632
0.905179
0.910821
0.917228
0.923539
0.928541
0.931032
0.930257
0.926229
0.919766
0.912155
0.904611
0.897711
0.891304
0.884736
0.877371
0.868924
0.859596
0.849996
0.840964
0.833329
0.827739
0.824591
0.824093
0.826377
0.831454
0.839133
0.848904
0.859946
0.871342
0.882253
0.892044
0.900323
0.906933
0.91195
0.915548
0.917809
0.918587
0.917514
0.914132
0.908166
0.899745
0.889735
0.87982
0.872333
0.869559
0.872754
0.881503
0.893914
0.907586
0.92048
0.931335
0.939538
0.94488
0.947365
0.947209
0.944795
0.94056
0.934976
0.928458
0.921386
0.914087
0.906852
0.899866
0.893196
0.88675
0.880341
0.873768
0.866922
0.859948
0.853258
0.847502
0.843396
0.841542
0.842286
0.845598
0.851125
0.858292
0.866466
0.875062
0.883565
0.891436
0.898069
0.902867
0.905441
0.905863
0.904671
0.902784
0.901093
0.900014
0.899191
0.897483
0.893431
0.885758
0.873827
0.857899
0.839176
0.819669
0.801812
0.787875
0.779496
0.777441
0.78152
0.790776
0.803819
0.819198
0.835702
0.85241
0.868625
0.883684
0.896948
0.907865
0.915993
0.921
0.922651
0.920826
0.915647
0.907735
0.89847
0.890111
0.885256
0.885643
0.890936
0.898722
0.905978
0.910669
0.912241
0.911105
0.907857
0.902789
0.895856
0.886834
0.875653
0.862542
0.848093
0.83316
0.818689
0.805513
0.7942
0.784994
0.777801
0.772231
0.767731
0.763719
0.759772
0.755723
0.751804
0.748602
0.746909
0.747535
0.751168
0.758323
0.769272
0.783709
0.800504
0.817837
0.833714
0.846449
0.854902
0.858471
0.85708
0.851281
0.842243
0.831606
0.820934
0.811229
0.802888
0.796225
0.792044
0.791847
0.797165
0.80854
0.824919
0.844118
0.863863
0.882562
0.899469
0.914327
0.92691
0.93659
0.942375
0.943301
0.939192
0.93124
0.921884
0.913964
0.909452
0.908764
0.910952
0.914531
0.918268
0.921613
0.924674
0.928016
0.932323
0.938003
0.944856
0.951959
0.957806
0.960641
0.958882
0.95146
0.93812
0.919565
0.897384
0.873771
0.851125
0.831556
0.816493
0.806513
0.801396
0.800503
0.803152
0.808814
0.817086
0.827481
0.839321
0.851718
0.863686
0.874363
0.883145
0.889715
0.893988
0.896156
0.896651
0.896115
0.895231
0.894485
0.894105
0.894143
0.894663
0.8958
0.897604
0.899925
0.90237
0.904437
0.905648
0.905714
0.904662
0.90285
0.90094
0.89973
0.899937
0.901903
0.905397
0.909696
0.913827
0.916928
0.918453
0.918283
0.916609
0.913817
0.910319
0.906484
0.902619
0.898974
0.89573
0.893031
0.891003
0.889792
0.889565
0.890459
0.892552
0.89579
0.899908
0.904444
0.908738
0.91197
0.913286
0.912029
0.907977
0.901543
0.893749
0.886014
0.879659
0.875492
0.873633
0.873692
0.875029
0.876942
0.878782
0.879942
0.879951
0.878593
0.876027
0.872892
0.87015
0.868807
0.869509
0.872314
0.876624
0.881406
0.885576
0.888394
0.889799
0.890418
0.891206
0.892838
0.895238
0.897599
0.89889
0.898453
0.896332
0.893282
0.890499
0.889203
0.890151
0.893377
0.898243
0.903702
0.908675
0.912259
0.913839
0.913103
0.910058
0.905066
0.89885
0.892445
0.887038
0.883838
0.883892
0.88795
0.896335
0.908843
0.924605
0.942115
0.95939
0.974295
0.985008
0.990316
0.989785
0.983727
0.973096
0.959367
0.944425
0.930322
0.919006
0.911883
0.909499
0.91137
0.916271
0.922751
0.929636
0.936221
0.94218
0.947376
0.951614
0.954538
0.955637
0.954396
0.950514
0.944109
0.935809
0.9267
0.918135
0.911279
0.906735
0.904402
0.903658
0.903599
0.903265
0.901811
0.898625
0.89365
0.887576
0.881583
0.876671
0.873161
0.870757
0.869064
0.867822
0.866944
0.866404
0.866145
0.866061
0.865943
0.865505
0.864445
0.862577
0.859977
0.857076
0.854641
0.853676
0.855129
0.859536
0.866764
0.876068
0.886421
0.896805
0.906366
0.914409
0.920377
0.923847
0.924493
0.922144
0.916782
0.908618
0.898175
0.886363
0.874433
0.863773
0.855583
0.850521
0.848687
0.849805
0.853322
0.858418
0.864011
0.86883
0.871736
0.872123
0.870188
0.866716
0.862559
0.858188
0.853717
0.849531
0.846585
0.846173
0.849359
0.856483
0.866932
0.879228
0.891456
0.901808
0.909044
0.912807
0.913646
0.912795
0.911772
0.911828
0.913578
0.91692
0.92128
0.925908
0.930037
0.932825
0.933351
0.930811
0.92483
0.915741
0.904575
0.892747
0.881505
0.871454
0.862476
0.854199
0.84681
0.841362
0.83917
0.840601
0.844613
0.849378
0.853259
0.855274
0.855238
0.853545
0.850849
0.847723
0.844416
0.840872
0.836879
0.832225
0.82688
0.821133
0.815659
0.811438
0.80963
0.811311
0.817175
0.827123
0.839935
0.853424
0.865095
0.872968
0.876182
0.87516
0.871269
0.866277
0.861838
0.859233
0.859315
0.862464
0.868535
0.876806
0.886132
0.895268
0.903242
0.909567
0.914179
0.917231
0.918767
0.918661
0.91675
0.913087
0.908192
0.902968
0.898402
0.895175
1.0973
1.09355
1.08877
1.08304
1.0767
1.07045
1.06514
1.0613
1.05882
1.05686
1.05416
1.04955
1.04245
1.03323
1.02328
1.01451
1.00856
1.0061
1.00672
1.00934
1.01273
1.01581
1.01798
1.0192
1.01997
1.02096
1.02263
1.02505
1.02778
1.0301
1.0313
1.03091
1.02869
1.02459
1.01873
1.01143
1.00322
0.994881
0.987381
0.981694
0.978542
0.978287
0.980926
0.986227
0.993767
1.00303
1.01343
1.02427
1.03475
1.04387
1.05051
1.05354
1.05219
1.04631
1.0366
1.02453
1.012
1.00075
0.991947
0.985882
0.982054
0.979372
0.976519
0.972407
0.966686
0.960066
0.954171
0.950698
0.950547
0.953463
0.958216
0.963121
0.966528
0.967254
0.965114
0.961115
0.95718
0.955293
0.956597
0.960905
0.9671
0.973901
0.980546
0.986964
0.993509
1.00047
1.00773
1.01472
1.02072
1.02516
1.02762
1.02786
1.02602
1.02291
1.01999
1.01861
1.01927
1.02141
1.02396
1.02611
1.02751
1.02823
1.02852
1.02863
1.02868
1.02861
1.02833
1.0278
1.02693
1.02526
1.02179
1.01541
1.00599
0.995201
0.986461
0.983691
0.989461
1.00365
1.02352
1.04497
1.06411
1.07839
1.08693
1.09034
1.0902
1.08804
1.08463
1.07988
1.07333
1.06479
1.05439
1.04256
1.02992
1.01739
1.00619
0.997469
0.991878
0.989318
0.98915
0.990618
0.993323
0.997396
1.00325
1.01103
1.02019
1.02955
1.03787
1.04443
1.04905
1.05187
1.05315
1.05321
1.05245
1.05133
1.05028
1.04953
1.04897
1.04818
1.04666
1.0441
1.04063
1.03667
1.03275
1.02925
1.02633
1.02372
1.02084
1.01692
1.01131
1.0038
0.994846
0.985507
0.977224
0.971388
0.96881
0.969407
0.972274
0.976169
0.980019
0.983158
0.985129
0.985521
0.983905
0.980032
0.974132
0.967104
0.960589
0.956608
0.956866
0.962142
0.971995
0.984981
0.999145
1.01239
1.02289
1.0297
1.0331
1.03453
1.03609
1.03977
1.04675
1.05712
1.07001
1.08413
1.09802
1.11026
1.11955
1.12476
1.12503
1.11983
1.10909
1.0933
1.07362
1.05174
1.02976
1.00986
0.994041
0.983811
0.979913
0.982129
0.989368
1.00002
1.01237
1.02488
1.03628
1.04554
1.05201
1.05546
1.05612
1.05452
1.05117
1.04616
1.03934
1.03065
1.02066
1.01058
1.00187
0.995604
0.992308
0.992009
0.994462
0.999199
1.00549
1.01241
1.01901
1.02452
1.02861
1.03138
1.03318
1.03425
1.03446
1.03346
1.0309
1.02676
1.02152
1.016
1.01128
1.00845
1.00833
1.01121
1.01665
1.02347
1.02997
1.03424
1.03463
1.03033
1.02175
1.01054
0.999157
0.989922
0.984301
0.98287
0.985622
0.992044
1.00102
1.01085
1.0196
1.02567
1.02818
1.02722
1.02369
1.01901
1.0146
1.0114
1.0097
1.00933
1.01014
1.01234
1.01649
1.02313
1.0322
1.04268
1.05281
1.06075
1.06531
1.0663
1.06433
1.06012
1.05393
1.04555
1.03482
1.02218
1.00888
0.996729
0.987686
0.983138
0.983442
0.987641
0.993734
0.999337
1.0024
1.00163
0.996612
0.98772
0.976131
0.963841
0.953472
0.947421
0.946685
0.950069
0.954793
0.957954
0.957839
0.954352
0.948584
0.942071
0.936208
0.931991
0.930198
0.931661
0.937379
0.948274
0.96453
0.985118
1.00798
1.03066
1.05119
1.06856
1.08269
1.09415
1.10365
1.11166
1.11827
1.12317
1.12582
1.12567
1.12233
1.11571
1.10597
1.09343
1.07848
1.0615
1.04302
1.02407
1.00655
0.993304
0.987144
0.989308
0.998634
1.01224
1.02706
1.04095
1.05289
1.06265
1.07029
1.07594
1.0798
1.08204
1.0826
1.08126
1.07788
1.07282
1.06675
1.0601
1.05268
1.04402
1.03411
1.02356
1.01334
1.00447
0.997829
0.99397
0.992997
0.994563
0.998051
1.00284
1.00829
1.01354
1.01747
1.01897
1.01744
1.01334
1.00847
1.00536
1.00592
1.01023
1.01698
1.02494
1.03387
1.04419
1.05607
1.06873
1.08048
1.08938
1.09422
1.09493
1.09261
1.08878
1.08475
1.08102
1.07734
1.0731
1.06759
1.06035
1.05111
1.03998
1.02736
1.01403
1.00103
0.989363
0.979705
0.972102
0.965925
0.960126
0.953685
0.946088
0.937589
0.92924
0.922876
0.920633
0.923834
0.931978
0.943088
0.955116
0.966857
0.977708
0.987102
0.994398
0.999068
1.00098
1.00059
0.998944
0.997375
0.997081
0.998708
1.00222
1.00698
1.0119
1.01557
1.01647
1.01331
1.00557
0.993982
0.980786
0.969153
0.961814
0.959786
0.962356
0.968195
0.9762
0.985541
0.995276
1.00415
1.01084
1.01442
1.01468
1.01206
1.00722
1.00078
0.993384
0.985975
0.979802
0.97614
0.975843
0.979301
0.986388
0.996497
1.00859
1.02132
1.03316
1.04273
1.04927
1.05324
1.05623
1.06022
1.06639
1.0743
1.0821
1.08746
1.08853
1.08442
1.07528
1.06203
1.04605
1.02873
1.01119
0.994164
0.978038
0.963057
0.949459
0.937602
0.927827
0.920426
0.915595
0.913417
0.913915
0.916932
0.922024
0.928445
0.935186
0.941099
0.945118
0.946589
0.945706
0.943542
0.941553
0.940713
0.940902
0.941111
0.940048
0.936747
0.930869
0.922688
0.912961
0.902822
0.893637
0.886969
0.884395
0.88713
0.895486
0.908628
0.924984
0.942866
0.960769
0.977214
0.990488
0.99878
1.00059
0.995279
0.983489
0.967274
0.94978
0.934413
0.923807
0.919295
0.920957
0.928008
0.939184
0.953007
0.967908
0.9823
0.99481
1.00472
1.01224
1.01824
1.02373
1.02915
1.03407
1.03736
1.03781
1.03477
1.02848
1.01996
1.01077
1.00265
0.997051
0.994656
0.995232
0.99794
1.00172
1.00581
1.00999
1.0145
1.01955
1.02484
1.02947
1.0325
1.03371
1.03387
1.03421
1.03587
1.03987
1.04729
1.05871
1.07311
1.08771
1.09896
1.10394
1.10116
1.09075
1.07424
1.05423
1.03396
1.0166
1.00452
0.998645
0.998374
1.00192
1.00682
1.0105
1.01068
1.00581
0.99553
0.980725
0.963336
0.945821
0.93052
0.919188
0.912908
0.912263
0.917581
0.928842
0.945312
0.965334
0.986627
1.00695
1.02461
1.0386
1.0484
1.05365
1.05393
1.04883
1.03815
1.02224
1.00227
0.980272
0.958891
0.940602
0.927043
0.918663
0.91502
0.915391
0.919254
0.926338
0.936467
0.949316
0.964114
0.979563
0.99406
1.00615
1.01502
1.02077
1.02429
1.02686
1.02955
1.03274
1.03609
1.03885
1.04034
1.04015
1.03818
1.03445
1.029
1.02184
1.01307
1.00298
0.992026
0.980787
0.969927
0.96029
0.952927
0.948882
0.948889
0.953218
0.961988
0.975592
0.994532
1.0184
1.04508
1.07131
1.09398
1.11096
1.12116
1.12424
1.1205
1.11074
1.09598
1.07723
1.05558
1.03287
1.0121
0.996708
0.988829
0.98805
0.991985
0.997886
1.00377
1.00868
1.01241
1.01513
1.01708
1.01834
1.0188
1.0182
1.01614
1.01193
1.0046
0.993083
0.976822
0.956297
0.933292
0.910635
0.891661
0.879851
0.878564
0.889712
0.911461
0.937898
0.961964
0.978975
0.988039
0.991544
0.993599
0.998078
1.00709
1.02054
1.03671
1.05316
1.06745
1.07756
1.08206
1.08013
1.07155
1.05672
1.03681
1.01394
0.991226
0.972373
0.960718
0.957922
0.963198
0.973739
0.985989
0.996933
1.00482
1.0092
1.01053
1.00958
1.00688
1.0026
0.996958
0.990694
0.985264
0.982389
0.983107
0.987239
0.993667
1.00088
1.00714
1.01048
1.00936
1.00376
0.995866
0.989304
0.986966
0.989041
0.993195
0.996464
0.996856
0.993754
0.987635
0.979848
0.972511
0.967984
0.968006
0.972896
0.981383
0.991048
0.999125
1.00342
1.00275
0.996868
0.986149
0.971574
0.954932
0.938943
0.926723
0.920648
0.921287
0.927224
0.935966
0.945286
0.954099
0.962427
0.970883
0.980002
0.989871
1
1.00939
1.01676
1.02083
1.02069
1.0162
1.00842
0.999557
0.992288
0.988748
0.989787
0.994894
1.00265
1.01132
1.01932
1.02548
1.02919
1.0304
1.02951
1.02713
1.02385
1.02003
1.01583
1.0113
1.00657
1.00199
0.998039
0.99516
0.993455
0.992482
0.991274
0.988767
0.98453
0.979178
0.974301
0.971902
0.973656
0.980051
0.989879
1.00051
1.00911
1.01388
1.01458
1.01226
1.0084
1.00409
0.999926
0.996109
0.992855
0.990411
0.988928
0.988275
0.988103
0.988013
0.987798
0.987619
0.987943
0.98921
0.991361
0.993566
0.994379
0.992206
0.985913
0.975169
0.960521
0.943272
0.925184
0.908204
0.894133
0.884247
0.879162
0.879025
0.883699
0.89261
0.904601
0.917934
0.930607
0.940865
0.94771
0.951217
0.952368
0.952616
0.953327
0.955558
0.959978
0.966785
0.975544
0.985207
0.994437
1.00213
1.0079
1.01226
1.01643
1.02161
1.02822
1.03548
1.0419
1.04621
1.04807
1.04814
1.04755
1.04705
1.04665
1.04566
1.04323
1.03878
1.03215
1.02341
1.01273
1.00019
0.985952
0.970325
0.954113
0.938872
0.926968
0.921146
0.923361
0.933514
0.94915
0.966698
0.983081
0.996613
1.00712
1.01563
1.02387
1.03355
1.04541
1.05885
1.07219
1.0832
1.08984
1.09081
1.08591
1.07603
1.06274
1.04757
1.03132
1.01379
0.994404
0.973189
0.951714
0.933284
0.921937
0.920401
0.928551
0.943779
0.962852
0.983354
1.00394
1.02371
1.04174
1.057
1.06859
1.07606
1.07952
1.07948
1.07669
1.072
1.06618
1.05988
1.0536
1.04772
1.04267
1.03887
1.03678
1.03665
1.03832
1.04109
1.04371
1.04485
1.04362
1.04014
1.03548
1.03118
1.02835
1.02704
1.02621
1.02432
1.02031
1.0143
1.00794
1.00394
1.00485
1.01156
1.02263
1.03486
1.04464
1.04936
1.04799
1.04123
1.03131
1.02139
1.01467
1.01314
1.01682
1.02374
1.03104
1.0362
1.03797
1.03654
1.03298
1.02863
1.02458
1.02158
1.0201
1.0205
1.02292
1.02725
1.033
1.03928
1.04505
1.04927
1.05128
1.09917
1.09616
1.09195
1.08738
1.08266
1.07745
1.0711
1.06298
1.05263
1.04017
1.02724
1.01749
1.01561
1.02439
1.04234
1.0648
1.08706
1.10635
1.12166
1.13262
1.13891
1.14017
1.13626
1.12734
1.11391
1.09706
1.07862
1.06108
1.04678
1.0369
1.03083
1.02661
1.0221
1.01611
1.00918
1.00341
1.00126
1.00382
1.01011
1.01788
1.02491
1.02969
1.03159
1.03069
1.02778
1.02412
1.02113
1.01989
1.0209
1.024
1.02861
1.0339
1.03902
1.04339
1.04679
1.04929
1.0509
1.05135
1.05009
1.04663
1.04105
1.03442
1.02874
1.02622
1.028
1.03355
1.04094
1.048
1.05332
1.05668
1.05892
1.06123
1.06426
1.06784
1.07154
1.0754
1.08008
1.08619
1.09367
1.10174
1.10937
1.11571
1.12033
1.12311
1.12421
1.12396
1.12284
1.12131
1.11976
1.11847
1.11769
1.11755
1.11799
1.11859
1.11861
1.11742
1.1148
1.11109
1.10704
1.10334
1.10027
1.09759
1.0947
1.09107
1.08655
1.08148
1.07648
1.07212
1.06873
1.06627
1.06449
1.06318
1.06229
1.06197
1.06236
1.06324
1.06386
1.06297
1.05929
1.05197
1.04091
1.02674
1.01078
0.99486
0.980984
0.970898
0.965668
0.965497
0.969769
0.977306
0.98676
0.997079
1.00786
1.01924
1.03135
1.04364
1.0548
1.06323
1.06785
1.06839
1.06537
1.05987
1.05317
1.04639
1.04025
1.03498
1.03039
1.02614
1.02204
1.01818
1.01497
1.013
1.01292
1.01542
1.02111
1.03022
1.04214
1.05508
1.06646
1.07372
1.07542
1.07177
1.06476
1.05766
1.05413
1.0572
1.06822
1.08624
1.10842
1.13117
1.15116
1.16575
1.17326
1.17327
1.16647
1.15441
1.13897
1.12212
1.10568
1.09098
1.07858
1.06828
1.05937
1.05095
1.04204
1.03185
1.02002
1.00702
0.994333
0.984177
0.978679
0.978988
0.984837
0.994794
1.00706
1.02012
1.03299
1.04505
1.05571
1.06431
1.07023
1.07315
1.07317
1.07068
1.06613
1.0599
1.05242
1.04448
1.03736
1.03229
1.02979
1.02935
1.02989
1.03028
1.02964
1.02745
1.02368
1.01902
1.0147
1.01192
1.01134
1.01296
1.01651
1.02187
1.0291
1.03802
1.04781
1.05695
1.06359
1.06611
1.0637
1.05666
1.04629
1.03428
1.02214
1.01066
1.00006
0.990484
0.982773
0.978911
0.981519
0.992644
1.01247
1.039
1.06871
1.09779
1.12289
1.14155
1.15246
1.15559
1.15208
1.14386
1.13327
1.12247
1.11311
1.10628
1.10233
1.10072
1.10017
1.09907
1.0961
1.09068
1.08309
1.07405
1.06395
1.05273
1.04051
1.02854
1.01929
1.01518
1.01709
1.02429
1.03558
1.05019
1.06762
1.08709
1.10748
1.12744
1.14567
1.16088
1.17191
1.17774
1.17768
1.17153
1.15946
1.14203
1.12019
1.09546
1.07012
1.04706
1.02912
1.01833
1.01524
1.01889
1.02728
1.03814
1.04964
1.06056
1.07011
1.0776
1.08236
1.08378
1.08161
1.07598
1.06749
1.05698
1.04556
1.03474
1.0263
1.02168
1.02109
1.02311
1.02528
1.02529
1.02175
1.01442
1.0039
0.991244
0.977638
0.964231
0.952096
0.942234
0.935663
0.933417
0.936288
0.944492
0.957425
0.97377
0.991865
1.01012
1.0273
1.04264
1.05575
1.06637
1.07439
1.07973
1.08226
1.08186
1.07857
1.07272
1.06493
1.05587
1.04573
1.03401
1.01969
1.00196
0.980932
0.958078
0.936042
0.918122
0.907638
0.907204
0.917827
0.938055
0.964253
0.991828
1.01658
1.03529
1.04578
1.04708
1.03973
1.02631
1.01115
0.99907
0.993151
0.993628
0.998788
1.00671
1.01624
1.02686
1.03828
1.05007
1.06164
1.07237
1.0815
1.08816
1.09145
1.09086
1.08658
1.07971
1.07179
1.06416
1.0573
1.05057
1.04226
1.03009
1.01228
0.989068
0.96416
0.944063
0.934282
0.935469
0.943991
0.955482
0.966805
0.976029
0.981946
0.983943
0.982254
0.978264
0.974376
0.973069
0.975573
0.981297
0.988587
0.995791
1.00174
1.0056
1.0066
1.00406
0.997817
0.989034
0.980557
0.976027
0.977769
0.9854
0.99658
1.00857
1.01929
1.02763
1.03358
1.03794
1.04166
1.04537
1.04915
1.05273
1.05594
1.05904
1.0626
1.06719
1.07286
1.07884
1.08365
1.0856
1.08348
1.07717
1.0677
1.05705
1.04771
1.04203
1.04166
1.04728
1.05846
1.07398
1.09207
1.11081
1.12829
1.14284
1.15316
1.15847
1.15867
1.15441
1.14693
1.13777
1.12838
1.11974
1.11221
1.10553
1.09892
1.09137
1.08195
1.07009
1.05588
1.04018
1.02467
1.01142
1.00237
0.998514
0.999678
1.00463
1.01158
1.0188
1.02506
1.02991
1.03382
1.03782
1.04295
1.04957
1.05716
1.06444
1.0699
1.07216
1.07053
1.06515
1.0571
1.0482
1.04053
1.03577
1.03452
1.03623
1.03961
1.04348
1.04726
1.05102
1.05507
1.05963
1.06455
1.06931
1.0732
1.07563
1.07623
1.07501
1.07247
1.06961
1.06751
1.06682
1.06727
1.06774
1.06676
1.06323
1.05687
1.0484
1.03926
1.03117
1.02558
1.02335
1.02461
1.02876
1.03469
1.04095
1.04614
1.04914
1.04939
1.04704
1.04279
1.03765
1.03264
1.02848
1.02547
1.02342
1.02186
1.02044
1.01929
1.01893
1.01992
1.02231
1.02559
1.02897
1.0317
1.0334
1.03414
1.0345
1.03546
1.03808
1.04308
1.05038
1.05903
1.06741
1.0738
1.07697
1.07652
1.07295
1.06735
1.061
1.0549
1.04957
1.04501
1.04083
1.03642
1.03111
1.02414
1.01481
1.00286
0.989072
0.97566
0.965907
0.9627
0.967002
0.977299
0.990536
1.00364
1.01463
1.02299
1.02961
1.03619
1.0444
1.05508
1.06761
1.0801
1.09
1.09522
1.09519
1.09174
1.0886
1.08917
1.09377
1.09962
1.10321
1.10222
1.09567
1.08344
1.06592
1.04433
1.02104
0.999678
0.984179
0.977384
0.979825
0.989698
1.00374
1.01827
1.03003
1.03679
1.03776
1.03383
1.02739
1.02124
1.01719
1.01517
1.01389
1.01208
1.00925
1.00567
1.00191
0.998303
0.994811
0.991206
0.987494
0.984217
0.982543
0.983965
0.9898
1.00052
1.01532
1.03233
1.04932
1.06438
1.07625
1.08427
1.08821
1.08827
1.08505
1.07968
1.07374
1.06905
1.06722
1.06901
1.07397
1.08059
1.0871
1.09207
1.09474
1.0949
1.09255
1.08767
1.08009
1.06961
1.05632
1.04101
1.02543
1.01202
1.00324
1.00054
1.00361
1.01036
1.01811
1.02494
1.03049
1.03579
1.04224
1.05065
1.06076
1.07132
1.08058
1.08686
1.08897
1.0865
1.07988
1.07028
1.05904
1.04708
1.03474
1.02226
1.01068
1.00211
0.998573
1.00073
1.00779
1.0185
1.03152
1.04512
1.05716
1.0654
1.06815
1.06478
1.05598
1.04364
1.03067
1.0205
1.01654
1.02108
1.03419
1.05333
1.07432
1.09302
1.10655
1.1136
1.11429
1.10975
1.10175
1.09226
1.08286
1.07432
1.06647
1.0586
1.05018
1.04139
1.03332
1.02769
1.02586
1.02816
1.03378
1.04153
1.05055
1.06038
1.07052
1.08003
1.08754
1.09192
1.093
1.09191
1.09062
1.09066
1.09211
1.09401
1.09564
1.09699
1.09835
1.09981
1.10108
1.10171
1.10118
1.09897
1.09445
1.08689
1.0756
1.06011
1.04077
1.01935
0.999461
0.986105
0.983846
0.99452
1.01618
1.04422
1.07337
1.09927
1.11903
1.13131
1.13604
1.13407
1.12666
1.11501
1.10008
1.08261
1.06347
1.04374
1.02473
1.00778
0.994145
0.98478
0.980298
0.9809
0.98636
0.996128
1.00938
1.02504
1.04177
1.05792
1.0716
1.08102
1.08482
1.08263
1.07521
1.06427
1.05189
1.04007
1.03058
1.02486
1.02354
1.02594
1.0302
1.03425
1.03673
1.03745
1.0372
1.03731
1.03921
1.04381
1.0511
1.05998
1.06853
1.0746
1.07659
1.0743
1.06913
1.06349
1.0596
1.05851
1.05999
1.06307
1.06673
1.0703
1.0736
1.07678
1.07995
1.08276
1.08462
1.08503
1.08397
1.08193
1.07966
1.07789
1.07707
1.07734
1.07853
1.08023
1.0819
1.08305
1.08337
1.08265
1.08078
1.07766
1.07322
1.06753
1.06094
1.05403
1.04753
1.04204
1.03777
1.03458
1.03208
1.02967
1.02658
1.02202
1.01571
1.00832
1.0015
0.997171
0.996688
1.00039
1.00775
1.01782
1.02967
1.04243
1.05523
1.06711
1.07714
1.08449
1.08869
1.08985
1.0889
1.08762
1.08837
1.09324
1.10306
1.1168
1.1318
1.14474
1.15268
1.15378
1.14767
1.13531
1.1186
1.0997
1.08044
1.062
1.04511
1.03057
1.01948
1.01314
1.01246
1.01766
1.02813
1.04243
1.05819
1.07243
1.08222
1.08551
1.08177
1.07222
1.05923
1.04549
1.0331
1.02327
1.01635
1.0121
1.01012
1.01017
1.01236
1.01687
1.0237
1.03254
1.04282
1.05369
1.06423
1.07358
1.08104
1.08614
1.08856
1.08813
1.08484
1.07899
1.07132
1.06311
1.05605
1.05175
1.05123
1.05467
1.06137
1.07018
1.0799
1.0894
1.09768
1.1037
1.10632
1.10447
1.09771
1.08667
1.07312
1.05958
1.04855
1.04199
1.04112
1.04635
1.05695
1.07097
1.08572
1.09867
1.10803
1.11295
1.11337
1.10978
1.103
1.09415
1.08445
1.07514
1.06713
1.06079
1.05603
1.05251
1.04999
1.04854
1.04861
1.05055
1.05432
1.05923
1.06411
1.0678
1.06951
1.06866
1.06472
1.05726
1.04652
1.03385
1.02171
1.0128
1.00906
1.01105
1.01816
1.02885
1.04105
1.0526
1.06186
1.06803
1.07126
1.07234
1.07233
1.07216
1.07215
1.07199
1.07102
1.0688
1.06538
1.06148
1.05825
1.05677
1.05758
1.06039
1.06405
1.06685
1.06695
1.06308
1.05522
1.04486
1.03457
1.02675
1.02271
1.02234
1.02459
1.02817
1.03191
1.03502
1.03698
1.03739
1.03592
1.03236
1.02668
1.01918
1.01045
