4.99014
4.99091
5.00457
5.01096
5.01094
5.00819
5.00457
5.00331
5.00981
5.00886
5.00991
5.01146
5.01306
5.01345
5.01272
5.01066
5.00886
5.0082
5.00917
5.00777
5.00903
5.00941
5.00999
5.00958
5.0103
5.00921
5.00925
5.00792
5.00721
5.00651
5.00502
5.00563
5.00474
5.00459
5.00552
5.00478
5.00405
5.00309
5.00295
5.00212
5.00143
5.00078
5.00068
5.00132
5.00141
5.00161
5.00142
5.00232
5.0021
5.00136
5.00182
5.00189
5.00207
5.00193
5.00183
5.00227
5.00205
5.00203
5.00243
5.00267
5.00314
5.00226
5.00221
5.00187
5.00195
5.00121
5.00142
5.00154
5.00093
5.00078
5.00016
4.99936
4.9991
4.99895
4.99865
4.99824
4.99819
4.99812
4.99822
4.9987
4.99859
4.99858
4.99908
4.99972
4.99987
4.99985
5.00035
5.00063
5.00037
5.00067
5.00061
5.0009
5.00075
5.00094
5.00107
5.00139
5.00139
5.00156
5.00146
5.00186
