1.49196
1.50098
1.50435
1.49967
1.50227
1.50045
1.4959
1.4978
1.49994
1.49986
1.49999
1.4985
1.50042
1.50106
1.50124
1.50188
1.50195
1.50225
1.50257
1.50184
1.50291
1.50348
1.50256
1.50374
1.50377
1.50444
1.50343
1.50352
1.50337
1.50387
1.50374
1.50344
1.50275
1.5024
1.502
1.50183
1.50123
1.50053
1.5002
1.50037
1.50075
1.50039
1.50011
1.4997
1.50002
1.4995
1.49937
1.49936
1.49939
1.49959
1.49951
1.49917
1.49893
1.49918
1.49903
1.49906
1.49902
1.49938
1.49927
1.499
1.49882
1.49844
1.49874
1.49908
1.49885
1.49889
1.49904
1.49878
1.49872
1.49877
1.49903
1.49899
1.49873
1.49866
1.49841
1.49832
1.49879
1.49934
1.49941
1.49926
1.49925
1.49944
1.49923
1.49926
1.49903
1.49889
1.49912
1.49924
1.49951
1.49964
1.4998
1.49994
1.49994
1.49988
1.49998
1.50026
1.49995
1.49979
1.49965
1.49961
