1.51223
1.49317
1.50416
1.49782
1.49982
1.49923
1.50172
1.50356
1.50182
1.49936
1.49991
1.49996
1.49855
1.49854
1.49746
1.49772
1.49787
1.4969
1.49786
1.49834
1.49888
1.49881
1.49874
1.49852
1.49731
1.49754
1.49783
1.49782
1.49898
1.49907
1.49913
1.49919
1.4997
1.50017
1.50049
1.50044
1.50035
1.50047
1.5007
1.50062
1.50065
1.50064
1.50049
1.5009
1.50031
1.49999
1.49986
1.49968
1.49975
1.49965
1.49982
1.4999
1.49993
1.49999
1.49989
1.49963
1.49974
1.5
1.49987
1.49987
1.49953
1.49933
1.49967
1.49949
1.49945
1.4995
1.49912
1.49894
1.49871
1.49837
1.49837
1.4984
1.49833
1.49846
1.49851
1.49861
1.4986
1.49856
1.49856
1.49865
1.49866
1.49867
1.49872
1.49861
1.4985
1.49859
1.49881
1.49889
1.49891
1.49892
1.49903
1.49912
1.49902
1.49901
1.49896
1.49908
1.49921
1.49946
1.49951
1.49929
