0.862568
1
1
0.0809123
0.00997677
0.0095644
1
1
0.0710495
0.62327
0.168232
0.848949
0.197442
0.0907423
0.408125
1
0.194582
0.725402
1
1
1
0.00700951
1
1
0.433546
0.18224
0.140687
0.795249
0.323679
0.121904
1
0.934677
0.00736001
1
0.059234
0.543323
0.0340592
0.131478
0.0108145
1
0.258219
0.000329035
0.404965
0.184614
1
0.221372
1
0.0709103
0.17593
0.0564355
0.50336
1
1
0.36978
1
0.0173273
0.538418
0.490953
0.183167
0.186455
1
0.0065733
1
0.0568554
0.391547
0.364921
1
0.957756
1
0.456936
0.310309
1
1
0.570316
1
1
0.698028
0.131176
0.68348
0.342637
0.0788318
0.0120656
0.0683082
0.629599
0.0639132
0.134065
0.236494
1
0.0566554
1
0.552972
0.191622
0.200424
0.874889
0.0907086
0.398042
1
0.480701
0.327953
0.0428895
0.539482
1
0.122111
0.107753
1
1
1
0.00372248
0.263213
0.0821741
0.092863
1
1
0.440693
0.365302
0.458409
1
1
1
1
0.171803
1
0.175891
0.00387592
1
0.415828
0.195013
1
0.207926
0.19812
0.17282
0.230868
0.51792
0.627849
0.0299616
0.371937
0.704422
0.172355
1
0.23498
1
0.0527826
0.927384
0.129728
0.104819
0.0913707
0.396501
1
0.734234
0.524015
1
0.299085
0.232312
1
0.491022
0.0339916
0.0190375
0.280799
0.124305
1
0.801755
1
0.562915
0.447999
0.0592272
0.196829
1
1
0.313322
0.14155
0.149455
1
1
0.226529
1
0.223702
1
0.198628
1
0.15
0.171913
0.395175
1
0.124326
0.156841
0.886744
0.124826
0.214083
1
1
0.57546
0.675401
0.0233043
1
0.570482
1
1
0.37733
0.223619
1
0.721246
1
0.0162307
0.244522
0.158874
0.757821
1
1
0.530497
0.604289
1
0.260527
0.780625
0.307913
0.193286
1
0.0916192
0.556542
0.211202
1
0.00526644
0.165403
0.0857744
1
1
0.0603018
1
0.136017
0.779823
0.755311
0.606657
0.291828
1
0.225987
0.580702
1
0.471879
0.634299
1
0.0233316
0.608367
1
0.502545
0.918881
0.8725
0.56161
0.179116
0.81843
0.0396462
0.992826
1
0.376106
1
0.0818749
0.0869814
0.08492
0.842664
1
0.512551
0.223659
1
0.211283
0.830431
1
0.141244
0.111862
0.0809625
0.952439
1
0.825189
0.483673
0.0512577
0.30415
1
0.524864
0.036551
1
1
0.0208628
0.151139
0.25011
1
0.132801
0.144277
0.0137954
0.0978381
0.0185462
0.682258
0.964154
0.0542546
0.253511
1
0.961355
0.263194
1
0.976574
0.0803289
0.0571454
0.16673
0.108507
0.0102467
0.00416871
0.00977888
1
0.644104
0.383499
0.656112
0.276006
1
1
0.112883
0.193114
0.0126459
1
0.211239
1
1
0.276582
0.423076
0.47032
0.315584
0.112062
1
0.572288
1
0.11179
1
0.0890347
0.0394948
0.200956
0.332239
1
0.628945
0.215212
0.686064
0.109586
0.114598
1
1
0.788029
0.10137
0.333974
0.106497
0.907275
1
0.296818
1
1
0.436881
0.817809
0.0679674
1
0.402811
0.509526
0.103239
0.02875
1
0.393304
0.0569756
0.741087
1
0.650883
1
0.339373
1
1
0.712465
0.379782
0.130578
1
0.726506
0.0910207
0.611665
0.642522
0.119379
0.546324
0.619173
0.0251872
1
0.132496
0.0379268
1
0.594207
0.169848
0.170017
1
0.243174
0.965481
1
0.807096
0.0564848
0.598334
0.394505
0.668766
0.534638
0.32544
0.0739575
0.684268
1
1
0.0407394
0.528225
0.0308414
0.819808
0.0459744
0.154114
0.139287
0.147822
0.261117
1
0.204015
0.792631
0.00637734
0.291278
0.213639
0.959431
0.941085
1
1
0.411442
0.0393012
0.115612
0.362486
0.788801
1
0.342654
1
0.567219
0.0120111
0.0689227
0.0359465
1
1
0.416404
1
0.130656
0.0445009
0.249692
0.152094
0.168041
0.253582
0.566659
0.0122066
1
1
0.626339
1
1
0.0797904
0.0211286
1
0.0135318
0.0167978
0.00957476
0.28916
0.0488714
0.303688
0.296218
0.069962
0.534674
0.0771368
0.240261
0.116547
0.178832
1
0.0539029
0.205547
0.720232
0.0259415
1
1
0.335754
1
1
1
0.202399
0.113261
1
1
0.778723
0.105465
0.0206672
0.478094
1
0.109765
0.932733
0.0441294
0.753917
0.104524
0.126401
0.907291
0.0744072
0.140323
0.529347
0.0386295
0.366163
0.509337
0.301005
0.160728
0.196215
1
0.914692
0.011011
1
0.183055
1
0.752856
0.677217
0.356506
1
0.237829
1
0.890398
1
0.522432
0.031215
1
0.159073
1
0.185225
0.10414
0.6389
0.130438
0.238173
1
1
0.661674
1
0.737621
0.294461
0.00461855
0.94302
0.270402
1
0.198471
0.162568
0.900293
0.0114434
0.142483
1
1
1
0.520281
0.262704
1
0.380002
0.0255713
1
0.0789639
0.0751337
0.202188
0.209644
0.241238
1
0.741828
0.0768948
0.833675
0.400021
1
0.436174
0.273642
0.199791
0.0029324
1
0.0217281
0.395308
0.0244334
0.856171
1
0.385174
1
0.0550148
1
0.547159
0.594054
0.0667329
0.123358
1
0.116468
1
0.517922
0.02518
1
0.160884
0.00702643
0.439772
1
0.294322
0.0189578
1
0.0306957
0.318723
0.143158
0.214878
0.307073
1
0.25191
0.0376787
0.306689
0.126742
0.485358
1
0.141536
0.790917
0.300762
1
1
0.0213856
0.139656
0.304591
0.383631
0.381519
1
0.628258
0.0941389
0.117707
1
0.217352
0.968627
0.380226
0.503887
1
0.306513
0.0193921
0.671319
1
0.602182
1
1
0.022663
0.0441196
0.0908879
0.123161
0.129663
0.313977
0.438593
1
0.273438
0.0303419
1
0.73172
0.0721342
0.201599
0.0633458
1
0.126667
0.317737
0.468873
0.471619
0.171727
0.00523996
0.0706595
1
0.131586
0.716802
1
0.56294
0.0289984
1
1
0.188401
1
0.534147
1
0.333935
0.387812
0.072408
0.0946845
0.821725
0.778143
1
0.0768881
0.412956
1
1
0.108154
0.221527
0.390305
0.122323
0.197695
0.132915
1
0.170555
0.262055
1
0.259445
0.282289
0.110568
0.607048
0.0968807
0.285938
0.0157015
0.00849494
0.592983
1
0.882015
0.0177123
0.0313127
0.414456
0.556811
0.362024
0.170126
1
1
0.314798
1
0.388407
0.396173
0.283726
0.74717
1
1
0.798442
0.98238
1
0.67091
0.314052
0.0780908
1
0.443518
0.195895
1
0.837504
0.0200717
1
0.884702
1
1
0.670547
0.947555
0.188875
1
0.47649
0.380589
0.401466
0.152747
0.159167
1
0.761234
0.0385584
0.806563
0.874091
1
1
0.481093
0.187211
1
1
1
0.212199
0.780215
0.584869
0.0437349
0.307199
0.0417524
0.593261
0.540845
1
0.00200622
0.0381514
1
0.299689
0.0326831
1
0.614048
0.111097
0.558655
0.942994
0.051008
1
0.128452
0.271765
0.039532
0.0407422
0.864891
1
0.0471944
0.0682298
1
0.420608
0.147031
0.440567
0.0277395
0.955555
0.609886
0.837038
0.250068
1
0.7456
0.0327191
0.170762
0.403625
0.0934591
0.142774
1
0.064894
0.350371
0.778038
1
0.315505
1
0.193197
1
0.948292
0.369012
0.96446
1
0.794264
0.0698005
0.0831085
0.0314777
1
0.36712
1
1
0.948857
0.955153
0.251096
0.227377
0.475647
0.968683
0.0309119
0.151586
0.813838
0.843407
0.191545
1
0.525059
1
0.0913773
0.00860526
0.470328
0.965997
0.166265
1
0.234471
1
0.482257
0.0172869
0.384063
1
0.00694764
0.802323
0.43528
0.229179
0.681601
1
1
0.28674
0.883474
0.641092
1
0.074879
0.668499
0.0600398
1
0.111529
0.392526
1
0.070892
0.213393
0.264939
0.24677
1
1
0.436149
0.0741361
0.836083
0.196244
0.259543
0.80674
0.020866
0.37866
0.703629
0.333485
1
0.670801
1
0.29744
0.504172
0.400243
0.783819
0.838139
0.0310587
0.106723
1
0.116141
0.220791
1
0.0631337
0.0250845
0.127336
0.3393
0.965096
0.826203
0.733641
0.265535
0.0192294
0.841547
1
1
1
0.168462
0.115802
0.925172
0.0536865
0.943942
0.458319
1
0.355136
0.420172
0.327809
0.181112
0.0201026
0.00175253
0.0716352
1
1
0.863237
0.524924
0.637257
0.287024
0.0226336
0.0583428
1
0.114306
0.56187
1
0.648255
0.150065
0.110325
0.226495
0.30311
1
1
0.397831
0.608314
0.986291
0.0219274
0.621218
0.0194212
0.0116752
0.0130533
1
0.000480731
0.246713
0.0456757
0.010839
1
1
0.277587
0.773724
0.0668146
0.00435651
0.132708
0.381672
0.326105
1
0.050998
1
1
0.0750968
1
0.0556301
1
0.0839432
0.391597
0.225858
0.0176711
1
0.190313
0.00296432
0.967942
0.141195
0.360803
0.302022
1
0.0505587
1
0.00572667
0.126516
1
1
1
0.20631
0.0246617
0.0147644
0.0698436
1
0.843695
1
0.570595
0.151933
0.748976
0.020002
0.837308
0.739707
0.189755
0.0746099
1
1
0.435277
0.69979
0.0188566
0.183378
0.304173
1
0.0767402
0.112254
0.0349375
1
0.106394
0.114459
0.411584
0.270369
0.0196916
1
0.0757795
0.792189
0.0897728
0.165059
0.507552
0.215871
0.148608
1
0.64222
0.567502
1
0.0345318
1
0.892057
0.0441933
1
1
0.503818
0.299436
0.0604349
0.316185
0.837034
1
0.0616053
0.752746
0.583527
0.48113
0.0110628
0.320319
0.404081
0.660765
0.521071
1
0.147273
0.00611937
1
0.178784
0.144041
0.137637
0.170838
0.799389
1
0.200588
0.293398
0.176624
0.059157
0.661555
0.683254
0.0689055
0.086493
0.755607
0.248185
0.954054
1
0.693644
0.221868
1
0.0358553
0.330429
0.131661
0.362285
0.146732
0.399332
0.0875573
0.477875
0.998687
0.160855
0.360067
0.648564
1
0.0457394
1
0.506621
0.163204
0.109989
0.00669482
0.161864
0.152731
1
1
0.166141
0.0143936
0.107533
0.321689
0.648917
0.0206098
1
0.331692
0.205076
0.130609
0.834736
0.197777
1
0.197702
0.482153
0.270766
1
0.280604
0.357221
0.0654296
0.726444
0.293974
0.661117
0.00624989
0.424243
1
0.272585
0.0208364
0.0338378
0.873143
0.991612
1
0.805576
1
0.726533
0.0353314
1
0.137771
0.952383
0.301571
0.0820008
0.0645843
0.856609
1
0.25429
1
0.688112
0.309844
0.854118
0.0654695
1
0.0430957
0.0578967
0.815831
0.564639
1
0.354778
0.35637
0.0316407
0.0013738
0.171159
0.324244
0.0750437
1
0.00139174
1
1
1
0.0984268
0.168235
0.655173
0.231211
1
1
1
0.756497
0.548501
0.00671713
0.0463498
0.324157
1
0.158744
0.245628
0.340037
1
0.511818
0.210484
1
1
0.0524171
1
0.576055
1
0.0820093
1
0.175722
0.683476
0.496458
0.648988
0.162729
0.0814322
0.167566
0.148143
0.941336
0.32455
0.0266791
0.575345
0.682542
0.00916887
0.496597
0.304985
1
0.159382
0.0561645
0.00649414
0.570075
1
1
0.0530907
1
0.0563157
0.625933
1
1
0.231298
0.236522
1
0.181582
0.985093
0.347043
0.0289759
0.25931
0.134043
0.321137
0.120435
0.263568
0.178132
0.517811
0.244838
0.5363
1
0.0249586
0.424839
1
0.41218
0.326446
1
0.119184
0.247384
0.209894
1
0.43113
1
1
0.34715
0.26452
0.0685125
0.0160904
0.736827
1
0.760707
1
0.600576
0.106
0.0599614
0.168968
0.461628
0.606309
0.0961144
0.095523
1
0.119698
1
0.128602
1
0.162839
0.52072
0.77745
0.360475
1
0.0253842
0.0174537
1
0.390293
1
0.269169
0.596215
1
1
0.115013
0.456422
1
0.852525
0.177604
0.21735
0.867982
0.536028
1
0.222406
0.322581
0.0622852
1
0.117035
0.134045
0.071884
0.102521
0.313938
0.651144
0.0870659
0.143137
0.464814
1
0.120745
1
1
0.0396679
0.115199
0.88366
0.0887074
0.771705
0.0577675
0.244216
0.291523
0.478451
0.215207
0.323772
0.00496972
1
1
0.658968
1
0.176539
0.377098
0.00983722
0.0310533
1
0.455978
0.685134
0.592612
0.592516
1
1
0.658535
0.150767
0.0403323
1
1
0.0305508
0.152116
0.0492278
0.177453
0.151861
0.0576761
0.048866
1
0.590584
0.266058
1
0.726528
0.120379
0.313923
0.914161
1
0.15888
0.928484
0.650323
0.232883
0.226641
1
0.16855
0.871185
0.053493
1
0.140815
1
1
0.315285
1
1
0.302819
0.223812
0.384844
0.0327809
0.182451
0.403331
0.308362
1
0.113534
0.0183455
0.277797
0.192641
0.129393
1
1
0.986614
0.76827
1
0.149392
0.400586
0.431793
0.422891
0.197754
0.948108
0.413708
1
1
0.770508
0.604327
0.246634
0.173972
0.569643
0.817036
1
0.164993
0.081705
1
0.400884
0.593339
0.237272
0.336076
0.0493053
0.182501
0.15161
0.985613
0.283649
1
0.0849809
0.23961
0.147978
0.783274
1
0.867667
1
1
0.276068
0.254076
0.296263
0.316328
0.154138
0.100792
0.0535076
0.642517
0.12303
1
0.166244
0.050549
1
1
0.0840147
1
0.36249
0.285958
0.0336605
0.0605385
1
0.629188
0.615229
0.252689
1
0.66069
1
0.255653
0.77436
0.167337
0.523694
0.423681
0.367371
0.376001
1
0.194383
1
0.0883383
0.00109296
1
0.0824041
0.33677
1
0.851014
0.599446
0.903936
0.505226
0.343299
0.470002
0.474269
1
0.139374
0.128184
0.863768
0.326034
0.0808666
1
1
0.150176
0.908605
0.114692
0.360091
0.0783028
0.0881059
0.0510107
0.408342
0.0691268
0.305158
0.320265
1
0.407237
0.0744933
1
0.24492
1
1
0.928275
0.0545598
0.181665
0.352764
0.829227
1
0.00696505
1
0.47966
0.118237
1
0.00966768
0.478151
1
0.0797501
0.359828
0.181344
0.0161365
0.457431
0.504395
1
0.0757137
0.651088
0.192297
0.776119
0.113572
0.0887769
1
0.383054
1
0.4939
0.189746
0.130382
0.530123
1
0.0835378
0.0401906
1
0.214408
0.286303
1
0.454912
0.0364337
0.408378
1
0.00120738
1
0.170548
0.850012
0.105228
0.121279
0.543966
0.898757
1
0.0662501
0.132885
0.451842
0.962081
0.685519
0.367634
0.0593591
0.0397961
0.019604
1
0.167173
0.0147638
0.11842
0.124227
1
0.369277
1
0.0325873
0.993345
0.259028
1
0.0409908
0.35727
1
1
1
1
0.101684
1
0.633906
1
0.125108
0.185333
0.528193
0.369655
0.0503015
1
0.543791
0.161693
0.271224
0.402462
0.0313422
0.528576
0.0130427
0.589845
0.47301
0.0199136
0.136128
1
1
0.00625753
0.00496274
1
0.0475101
0.341325
1
0.235361
0.924122
1
0.388497
0.0763341
0.106883
1
0.00602894
0.169398
0.450524
0.0462765
1
0.0709608
1
1
0.23254
0.0319185
0.138138
0.690589
1
0.0567758
0.697564
1
0.0126212
0.18747
0.186331
0.35762
0.137022
1
1
1
0.0356959
0.0706839
0.122984
0.26263
0.0647031
0.771135
0.559787
0.148027
1
0.522092
0.083105
0.269014
0.264276
0.0388913
0.126876
0.146739
0.0131207
0.68917
1
1
1
0.635326
0.0145207
1
0.291839
1
0.877356
0.378837
1
0.39238
0.9512
0.00374687
0.126189
1
0.587295
0.952276
0.511866
0.71208
0.118257
0.1158
1
0.560446
0.559218
0.0235829
0.19865
1
0.248541
0.00208125
0.487583
0.698042
0.0976999
0.260134
0.717734
0.184367
0.124924
1
1
1
0.759716
0.920929
0.0275938
0.105363
0.28687
0.886846
0.127414
0.0732219
0.0874605
0.118307
0.573604
0.0916528
0.869495
0.970713
1
1
0.990024
0.887857
0.69479
1
0.327853
0.66455
1
0.264733
0.0378713
1
1
0.214743
0.0366009
1
1
0.0744584
0.418567
0.183563
0.508361
0.931004
1
1
0.905234
0.109511
0.0324211
0.806989
0.256213
0.0687148
0.116737
0.0354153
0.108804
0.335515
0.207117
0.0192056
0.0349581
0.051622
0.161851
0.0392101
1
0.220354
1
0.200496
1
0.548331
0.228257
0.10078
0.446812
1
0.107288
0.302821
0.147306
1
0.128836
0.249468
1
0.427655
1
1
1
0.612663
1
0.029852
0.206878
0.0385863
1
1
0.00385332
0.380269
0.119142
0.31778
0.474795
1
0.159814
0.13338
1
0.335128
0.208854
0.047619
0.0425495
0.160975
1
0.364106
1
0.0552235
0.256027
0.0829956
1
0.328976
0.346911
1
0.34433
0.309244
0.0558178
0.130055
0.252237
0.286088
0.209336
1
0.74849
0.0949758
0.130243
1
1
0.133778
1
1
0.332331
1
0.00461532
0.154167
1
0.584136
0.437181
0.476043
1
0.633739
0.334619
0.146691
1
0.00332809
1
0.254293
0.791856
0.203562
0.36299
1
0.390283
1
0.277043
0.39208
0.217368
0.0302904
0.710355
0.140886
0.0764749
0.820757
0.0393462
0.129731
0.934158
1
0.376359
0.38693
0.00920452
1
0.398227
1
0.456691
0.151568
0.235055
0.132635
0.72402
0.886709
0.237782
0.958021
0.412347
0.160368
0.856667
0.673216
0.36485
0.140832
0.440116
0.50309
1
0.382917
1
0.159819
0.038718
0.333757
0.360841
0.20777
0.15144
1
0.103942
0.365389
1
0.229001
0.431881
1
0.126564
1
0.241204
1
0.0313786
1
0.465572
0.544958
0.225184
0.968025
0.825694
0.186757
0.0728768
0.0758036
0.427049
0.223437
0.205385
0.503983
0.386472
0.173239
0.09742
1
0.536828
1
0.0274709
0.303091
1
0.425834
0.0928691
0.209163
0.0657917
0.0161067
1
0.957161
0.074911
0.623636
0.360873
0.85067
0.0435996
1
0.317651
1
0.244191
1
0.495021
0.444917
0.147462
1
0.392568
0.901028
0.175498
1
0.434039
0.509381
0.100091
0.10016
0.859297
0.252439
1
0.0948671
1
1
0.330257
1
0.0582848
0.53157
0.00597917
0.0451788
0.937786
1
0.0361701
0.0991667
1
0.556084
0.00894146
0.174888
1
0.0579651
0.643886
0.318296
0.245899
0.106596
1
0.537945
1
1
1
0.0360143
0.0104676
0.331031
1
1
0.107611
0.679574
0.932131
0.564482
0.000819709
1
0.204525
0.789973
1
0.186243
0.315312
0.463697
1
1
0.114923
0.908023
1
0.272686
1
0.177832
0.424493
0.621145
1
0.562926
0.0185269
0.695756
0.464087
1
0.43787
0.875147
1
1
0.206108
0.388077
0.385693
0.668861
0.231995
0.502745
0.014978
0.746921
0.0125679
0.671482
1
0.0582969
1
1
1
0.0370055
1
0.0329444
0.332863
0.608203
0.771589
0.470442
0.746859
0.998578
0.0655262
0.992675
0.167618
0.315414
0.307378
1
0.247662
0.0139006
0.0496605
0.512785
0.580237
0.218006
1
0.428562
0.753247
1
0.0544008
0.294593
0.252904
1
0.139606
0.10531
0.63751
1
0.200972
1
0.943076
0.0940736
1
0.340257
0.0759812
0.165198
0.304205
0.217917
0.0130348
1
1
0.10974
0.0298806
0.889949
1
1
1
0.501561
1
0.103182
1
0.905636
0.0556347
1
1
0.563058
0.252367
0.251342
1
0.362286
0.32068
0.495891
0.362149
1
0.110404
0.175389
0.0983977
0.975456
0.287374
0.529777
1
0.498014
0.108524
0.276418
0.0444292
1
0.710954
0.31003
0.52173
0.955479
0.618724
0.212945
1
0.233528
0.351768
0.153079
0.0189402
0.160414
0.23323
0.00221241
1
0.266792
1
0.0734271
0.0398789
1
1
0.353591
0.00769384
0.745129
0.942198
0.587092
0.421812
0.778339
0.739161
1
0.453385
0.980085
0.555293
1
1
0.693643
0.315537
0.93845
0.266449
0.134028
1
1
0.148569
0.0949014
0.10956
1
0.0830472
0.629947
0.0311775
1
0.668472
0.149633
1
0.365438
0.108372
0.170015
0.204442
0.33836
0.0237791
0.082412
1
0.562489
0.0148613
1
0.0290565
0.414719
0.801759
0.382214
0.243795
0.972585
0.526279
0.918985
0.0323343
0.251561
1
0.00528731
1
0.521275
1
0.855348
0.970917
0.222924
0.370413
0.485709
1
0.228612
0.561991
1
0.475829
0.109287
0.34463
0.144177
0.0250714
0.211082
1
1
0.776313
0.0321865
1
0.0467559
0.537064
1
0.0786704
0.376605
0.22115
0.411517
1
0.290812
1
0.678109
1
0.728455
0.152484
1
0.441219
1
0.366297
0.00208471
0.059014
0.55417
1
0.617024
0.172321
0.0921719
0.708801
0.770866
0.0398398
1
1
0.688956
1
0.399792
0.999706
0.710756
1
1
1
0.146324
1
0.548258
0.12346
0.316259
0.115887
0.026592
0.605438
0.738431
0.102231
0.0309466
0.454639
1
0.168895
0.994964
0.159758
0.370555
1
1
0.463552
1
0.021651
0.534271
0.199261
0.183633
0.030687
0.318133
1
0.403874
0.0008675
0.354641
0.0624455
0.189695
1
0.0760059
0.168742
1
1
0.883748
1
0.540823
1
0.616969
1
0.211397
0.506021
0.114698
0.0333021
0.18797
0.539934
0.489567
1
0.097982
0.378508
0.527253
1
0.421152
1
0.555917
0.148215
0.867803
1
0.50845
0.256079
1
0.87052
1
0.745713
0.608445
0.535983
0.117934
0.149595
0.11259
1
0.479425
0.188661
1
1
0.0781173
0.307563
0.749408
0.0312516
0.00440969
0.193405
0.0149999
0.348753
0.0342199
1
0.158902
1
1
0.623319
0.89033
0.00729329
1
0.0725946
0.105774
0.657988
1
0.0728229
1
1
0.0905608
1
1
0.93284
0.228411
0.0479952
1
0.0652903
0.187944
0.770603
1
0.332724
0.0127375
0.588516
0.126989
0.138628
0.381732
0.0813547
0.34035
0.350586
0.237474
1
0.461527
0.0251058
0.0310622
0.0172896
1
0.210585
0.980393
0.587903
0.14395
0.719655
0.318975
0.611715
0.858272
0.0846282
0.145679
0.111509
0.181969
0.172226
1
1
0.284374
0.941701
1
0.733445
1
1
1
0.987777
0.0105993
1
0.73909
0.364563
0.601021
0.305331
0.405984
1
0.256288
0.0539765
0.414012
0.234267
0.161793
0.584859
0.543452
1
0.851648
1
0.76003
1
0.225538
0.19989
0.110773
0.835377
0.137597
0.0143229
1
1
0.787916
0.437797
0.0167302
0.229297
0.150983
0.457321
0.515054
1
0.875887
0.788319
1
0.214898
0.780997
0.376041
0.0386657
0.433232
0.0701745
0.21213
0.254737
0.0527299
0.0665583
0.0969844
0.0764082
0.0268046
1
0.111026
0.0144214
0.026445
1
0.528695
1
0.0670142
1
0.505825
0.8379
0.518077
1
0.345967
0.683926
0.855921
0.312886
1
0.0537089
1
1
0.634688
1
0.100125
0.450523
0.000446955
0.298073
0.0640227
0.227412
0.214254
0.00802775
1
1
0.267684
0.0563673
0.38444
1
0.084739
1
0.171142
1
0.636534
0.685179
0.359397
0.141576
0.118303
1
1
0.114917
1
0.219442
0.0596158
0.0178572
0.243057
0.412091
1
0.159052
0.498134
0.570844
0.160949
1
1
1
1
0.205519
0.769169
0.613063
0.0417986
0.0590175
1
0.297659
0.801567
0.414409
1
0.0858175
0.0165226
0.0181966
0.499141
0.589055
0.21344
1
0.368637
1
0.899375
0.0750814
0.636442
1
0.184238
0.153823
1
0.836824
1
0.372178
1
0.624564
0.0461036
1
1
0.00935499
1
0.737509
0.0718501
0.0416357
1
1
0.547339
0.00480515
1
0.688502
0.0436229
0.352815
1
1
0.637931
0.297337
0.163175
0.188235
0.146892
0.394661
0.039659
0.390945
1
0.232439
0.145952
0.149754
0.0944826
0.0123336
0.620142
0.00230569
0.147729
0.0883983
0.479443
0.0170979
0.93019
0.404383
0.23158
1
1
0.945394
0.564101
0.46468
0.0604568
0.0976091
0.540011
0.476629
1
0.204463
0.544407
0.596936
0.397735
0.753521
0.0706215
0.954457
1
0.921854
0.877331
1
0.557117
1
0.344824
1
0.853921
0.00530222
0.431635
0.119407
0.115459
0.504707
1
1
1
0.329118
1
0.424352
0.160089
0.254082
0.90321
0.383823
0.105493
1
0.665969
0.0534854
1
0.683638
0.379565
0.158811
0.0425646
0.212005
0.533803
1
1
0.0244047
0.0141235
0.104781
0.0523648
0.372452
0.168082
0.900059
1
0.0792789
1
0.664032
0.108901
0.405979
0.260618
0.0547617
0.0106776
0.538632
1
0.210674
0.324119
1
1
0.189143
0.863099
1
0.417225
0.473607
0.0302973
1
0.0579475
0.114053
0.326955
0.324689
0.305996
1
0.180867
1
1
0.698435
0.536534
0.0297559
1
0.476932
0.044967
0.978041
0.682461
1
0.00240542
1
0.000221175
1
1
0.626194
0.673901
1
0.416177
1
0.30092
0.0175591
1
0.755477
0.263245
0.432704
0.309673
1
0.304214
0.439467
1
0.14422
0.0267779
1
0.315457
0.17718
0.288298
0.0350671
0.170448
0.786189
0.611365
0.0716405
1
1
0.194942
0.493126
1
0.0905149
1
0.360067
0.415338
0.00370518
1
0.25622
0.801451
0.352009
0.942346
0.411642
0.0690205
0.65519
1
0.537476
1
1
0.0481534
0.484914
1
0.0955202
0.0235221
0.240121
0.385242
0.490134
0.300021
0.710052
0.372983
0.00446045
0.432384
0.0227326
1
0.36252
0.206215
1
0.155309
0.313491
0.224497
0.512214
0.595359
1
0.429364
0.0937064
1
0.147936
0.00338872
0.23353
0.0706282
0.0233661
1
0.118456
1
1
1
0.0565376
0.663547
0.0309379
0.443317
0.403189
1
0.175911
1
0.247767
0.019458
1
0.325893
0.623202
1
1
0.134948
0.868395
0.643036
0.00155642
1
0.264886
0.478236
0.15653
0.185921
0.538242
0.262285
1
0.175715
0.0053055
0.308255
0.992233
0.216821
0.418148
0.432161
0.111275
0.346575
0.288975
1
0.00512867
0.143891
0.201755
1
1
0.487692
0.232461
1
0.367804
0.039473
0.2815
1
0.586673
1
0.429937
0.198575
0.448727
0.0224156
0.204752
0.668247
0.832082
0.640224
0.19225
0.2858
0.81002
1
0.301107
1
1
0.217152
0.0309538
0.343667
1
0.770489
0.265549
0.247307
1
0.583951
0.0184837
0.614513
1
1
0.742505
0.0930664
1
0.182078
0.094055
0.380808
0.323666
0.569772
0.0646779
0.165526
0.25924
1
0.625977
0.177042
1
1
0.2239
0.206782
0.00156738
0.012116
0.293714
1
0.213108
0.0114639
0.878547
0.0442535
1
0.741025
0.850562
0.242065
0.380414
1
0.263294
0.32947
1
0.240172
1
1
1
0.286862
0.553609
0.741639
1
0.707846
0.662943
0.113266
0.90573
0.229476
0.0412168
0.636771
0.0442587
1
0.16865
0.266465
0.120094
0.259455
1
0.400281
0.168025
0.0209728
0.0218331
1
0.968614
0.458268
0.61904
0.0238445
0.182005
0.0607946
0.174789
0.872049
0.605127
0.256615
0.234929
1
0.0754762
0.498608
0.0168074
1
0.185742
0.0266313
0.127964
0.199572
1
0.292884
1
0.692979
0.0918775
0.225109
0.401364
1
0.327226
1
0.0523332
0.227818
0.33954
0.588826
0.742553
0.119142
0.250576
1
0.0484216
0.00669015
0.164413
1
0.895573
0.13148
0.413918
0.186713
0.828494
0.836779
0.862458
0.0960268
0.251328
0.145549
0.0450887
0.337099
0.364099
1
1
1
0.0535307
0.415996
1
1
0.952019
0.199142
0.0926001
0.0740776
0.893817
0.453399
0.156
0.627654
0.920156
0.0192077
0.267024
1
0.0518614
1
1
0.264869
0.211571
0.193245
1
0.932826
0.125206
0.0186237
0.0842655
0.0925304
0.484652
0.044057
0.728904
0.017071
0.00579403
1
0.29312
0.0313169
0.571378
0.208996
1
0.0776768
1
0.0414419
0.205707
1
1
1
0.410536
0.241573
0.511224
0.393866
0.00915811
0.218101
0.705618
0.275709
1
0.391892
0.0113516
0.0354739
0.280652
0.64478
0.377492
0.575689
0.00527628
1
0.0651312
1
0.153091
0.868771
0.21131
0.87567
0.646833
0.426473
0.0109176
0.18043
0.859668
0.0120147
0.14431
0.0364933
1
0.122368
0.191044
1
0.206539
1
0.0191524
0.0750891
0.117963
1
1
0.442298
0.0805079
0.0997688
0.0126849
0.499559
1
1
0.233713
0.197988
0.016468
1
0.377784
0.594975
1
1
0.0889191
0.778384
0.429059
1
0.674077
0.167162
0.728749
0.121752
0.0736798
0.055605
0.0690268
0.426353
1
0.00654759
0.00545431
1
0.585937
0.374398
0.536174
0.013285
1
0.0242579
0.035017
0.662193
0.00678176
1
0.156153
0.0312464
1
0.495728
0.906858
0.445776
0.0417231
0.860447
1
1
0.302796
0.140211
0.471295
0.119323
0.772299
0.235436
0.0518517
0.101144
0.775646
1
1
0.0864976
0.126152
0.768777
0.0218057
0.667134
0.763001
0.428446
0.090695
0.898211
0.553823
0.0571259
1
0.236718
1
0.34349
0.0572826
0.235774
1
1
1
1
1
1
0.817057
0.132731
0.259296
1
0.817468
0.307755
0.164972
0.265366
0.593388
0.280696
0.453208
0.01062
0.096192
0.888391
0.616105
0.158508
0.880175
1
1
0.192349
0.42371
0.0903069
0.118235
0.140615
0.450138
0.258449
0.148038
0.00508201
0.581968
1
0.0374678
0.720134
0.899082
1
1
0.442057
0.58905
0.0122163
0.0536797
0.949562
0.71588
1
0.21241
0.382652
0.722642
0.108467
0.0915141
0.474173
1
0.0415455
1
1
0.551676
0.334692
0.0517079
0.661004
1
0.0634856
0.230697
0.163849
0.577626
0.52993
1
0.0946157
0.437458
0.658251
0.254835
1
0.0229557
0.00904211
1
0.0443893
0.178636
0.283342
0.407364
1
0.125272
0.342468
0.0113763
0.0613113
1
1
1
0.209897
1
0.284737
0.0547074
0.0227344
1
0.659768
0.185974
0.48706
1
0.860603
0.593343
0.382915
1
0.641825
0.234846
0.377282
1
0.375005
0.484769
0.184102
0.867615
1
1
0.350273
0.261443
0.61736
0.427325
0.0376596
0.0711774
0.536237
0.0517547
0.560221
0.615712
0.554062
1
0.270893
0.461087
1
0.37416
0.0060046
0.439159
0.57856
1
1
0.413112
0.328922
0.969947
0.563109
1
0.636885
0.60383
0.581899
0.0300996
1
0.164777
0.896639
0.182715
0.0640908
1
0.30575
1
0.912074
0.111802
1
0.925648
0.907181
0.340903
0.850126
0.517382
0.573671
0.315709
1
1
0.0339286
0.939145
0.627509
0.108325
0.108445
1
0.695679
0.166283
0.284393
1
1
0.989747
0.834453
0.0354912
1
0.159839
1
0.0302394
0.0812133
0.187605
0.452316
0.00539814
0.607346
0.544413
0.198386
0.681421
0.281939
1
0.102737
0.224081
1
0.0737412
0.0288468
1
1
0.0971474
0.756015
0.193006
0.105507
0.399797
0.582891
0.00140831
1
0.131668
0.302068
0.508406
1
0.596379
0.131486
0.084767
0.107987
0.532947
1
0.153949
1
0.0976302
1
0.481231
0.236563
0.0065799
0.331096
1
0.125341
0.0570424
0.00841073
0.00267948
0.529018
0.840833
0.0349899
0.215612
0.054891
0.306485
0.401654
0.0543442
0.23269
0.545587
0.497524
1
1
0.310497
1
1
0.869364
0.649113
0.0118811
1
0.235233
0.246643
1
1
0.996565
0.796919
0.953816
0.411078
1
0.183011
0.274707
1
0.37407
0.999844
0.142419
0.963756
0.299651
0.523049
0.25969
0.686667
0.287583
1
1
1
0.26294
0.183715
0.374061
0.825139
0.00488854
1
0.435152
1
1
0.452978
0.0752817
0.0890013
1
0.182438
0.0539632
0.113062
0.995179
1
0.428509
0.537207
0.926428
0.654156
1
0.63558
0.798267
0.351859
1
0.0043136
0.086973
0.117582
0.242195
1
1
0.00959964
0.0691769
0.841002
1
0.372536
0.0104091
1
0.118863
0.107332
0.130373
1
0.160127
0.809315
0.580045
0.828689
1
0.41236
0.737662
0.00217692
0.340337
0.741919
0.0405114
1
0.0483405
0.209248
0.00537788
1
0.0757953
1
0.013986
1
0.626923
0.0917596
1
0.53228
0.290863
0.0188461
0.444836
1
0.0319708
0.560678
0.630966
0.484049
0.110346
0.829277
0.331687
0.88142
1
1
0.408026
0.0219379
0.141687
0.0674472
0.765015
0.907666
0.923683
1
1
0.926431
0.023406
0.162521
1
0.0426527
0.0996818
0.0115857
0.700204
0.200521
0.105035
0.0574508
1
1
0.100843
0.234916
1
1
1
0.19188
0.0813619
0.510863
0.102228
0.185254
1
0.532639
0.12678
0.0364681
1
0.646281
0.232696
1
0.414858
0.256426
0.240681
1
0.112725
0.744607
0.700694
1
1
0.00825553
0.0826569
0.028278
0.326374
1
0.161699
0.70368
0.526863
1
1
0.292674
0.194099
0.714071
0.13868
1
1
0.018725
0.18809
0.596289
1
0.687819
0.174688
1
0.0336197
1
0.607571
0.102158
0.554122
0.936548
0.0480061
1
0.904347
1
0.417649
0.440344
0.303448
0.616806
1
0.0271804
0.1213
0.393991
0.047779
1
0.310874
0.135044
0.335097
0.0988799
0.0461148
0.0644158
1
1
1
1
0.166537
0.324447
0.121653
0.336499
0.0118342
1
0.492962
1
0.848564
0.481399
0.217583
1
1
1
0.511856
0.378959
0.203476
0.101831
0.222702
0.502821
0.103899
0.907263
0.408949
0.170773
1
0.063574
0.125456
0.71026
1
0.862509
0.248556
1
0.383442
0.428742
1
1
1
0.236034
0.00857515
0.0909566
0.0370785
0.372026
0.497685
1
1
1
0.788214
0.402383
0.435316
0.0426231
0.192579
0.181979
0.161494
1
0.873929
1
1
0.303848
0.339517
1
0.158774
0.536724
0.536887
0.200521
0.551686
1
0.333976
1
0.930219
1
0.600372
0.0602181
0.145727
0.696927
1
0.0197322
0.863036
1
0.00547008
0.0657777
0.456498
0.225159
0.197697
0.0136599
0.604856
0.753068
0.289105
0.0249656
0.60114
0.687324
0.845744
1
1
0.423943
1
0.00766937
0.0712023
1
0.100184
0.0285864
0.257188
0.0159733
0.0309491
0.819679
1
0.207392
0.230829
1
1
0.369804
0.0638652
1
1
0.00451516
1
0.348307
0.246087
0.0302471
0.876726
0.477881
1
0.58708
1
0.98546
0.132284
0.11285
1
0.388863
0.0657828
0.267199
0.253961
0.356906
1
1
0.110532
0.284575
0.238916
1
0.0503951
0.301624
1
0.706664
0.546765
1
0.386206
0.886387
0.34103
1
0.278439
0.982067
1
0.220502
0.295178
1
0.13522
0.37867
0.0972175
0.142774
0.0619415
0.733463
0.327528
0.0644481
0.542817
1
0.264534
0.64957
1
1
0.63182
0.373785
0.0897841
0.339503
0.290499
0.178683
0.766737
0.379556
0.0586808
0.112831
0.399409
0.403084
0.589824
0.282983
0.411355
1
0.985704
0.434652
0.738647
0.236826
1
0.330994
0.497211
0.77379
0.154284
0.275307
0.18209
0.612299
0.37364
0.3257
0.89849
1
1
0.330119
0.129727
0.0789866
0.283722
1
0.160505
0.474085
0.405779
0.933471
0.361805
0.551971
0.297896
1
0.0536669
0.351451
0.38445
0.0613177
0.297101
0.165517
0.000222555
1
0.44358
0.139062
0.0886649
0.173875
0.51661
0.078055
0.531089
1
0.0679315
0.180804
0.254107
1
0.990155
0.393361
0.180542
0.856129
1
0.31001
0.199879
0.176179
0.86203
0.906161
1
0.695716
1
0.640505
0.0267522
0.2789
0.424864
0.482981
0.152307
0.118229
0.0613224
0.0911422
1
0.888773
0.4744
1
1
1
0.303958
0.486555
0.837846
0.017049
0.851916
1
0.347449
0.747654
0.917348
0.552756
0.600079
0.0835021
0.773932
0.0231733
1
0.803954
0.250604
0.505278
0.161362
1
0.167611
0.0922213
1
0.0396687
0.0290887
1
1
0.180203
0.68888
0.0651608
1
0.705967
0.00150761
0.021919
1
0.017915
0.89641
0.242898
1
0.149325
0.0533853
0.613404
1
0.22458
1
0.937504
0.0313441
0.98945
0.0414871
0.593695
0.308568
0.243139
0.0475373
0.00982591
0.134166
0.08639
0.871295
0.101511
0.231977
0.123061
0.924359
0.166879
0.360697
0.104076
1
0.0096602
0.229157
0.671365
1
0.904077
0.0263057
1
0.0154362
0.0293667
1
0.00771355
0.0788879
0.0853709
1
0.922354
0.836305
0.76779
1
0.293232
0.351661
1
0.175405
0.370035
0.0556189
0.0458704
1
0.125153
1
0.215404
0.238482
0.0320463
0.0824123
1
0.603084
1
1
1
0.00586262
1
0.798506
1
0.213671
1
1
0.474626
0.182189
0.291608
0.429529
0.408417
0.893827
0.206918
1
1
1
0.157464
0.600445
1
0.550251
0.426693
1
0.064741
1
0.0435496
0.107302
0.97379
0.0568658
0.284736
0.0224602
1
0.168104
0.946169
0.323732
0.249133
1
0.949639
0.673652
1
0.0404414
0.763799
0.582597
1
0.888052
0.260494
1
0.426646
0.0361453
1
0.426105
0.347296
0.0396815
0.186268
0.126402
0.151089
1
0.418368
1
0.885324
0.0540601
0.110953
0.580512
0.0165211
0.299746
1
1
0.172986
1
1
0.136125
0.129485
1
0.149951
0.111186
1
1
0.138057
0.444326
0.59662
0.788644
0.467463
0.151291
0.601297
0.99224
0.529569
0.10738
0.0961096
0.150808
0.00114307
0.753731
0.39795
0.556097
0.647198
0.251254
0.614959
1
0.0590667
1
0.314133
1
0.0323669
0.000769064
1
0.16472
0.011578
1
0.167469
0.042991
1
0.266137
0.342511
0.00757768
0.0301562
0.342516
0.338673
1
0.0120133
0.0276709
0.00289235
0.043441
0.884246
1
0.237677
1
0.221315
0.394381
0.0180915
1
0.149479
0.967785
1
0.251565
1
1
0.221231
0.239422
0.98906
0.0476744
0.223269
0.378874
0.22839
0.603794
0.643709
0.235442
1
1
0.184474
1
0.319185
0.0836864
0.263608
0.536311
0.426784
0.903277
0.820342
0.107195
0.915339
0.187178
0.287686
0.0426307
0.73069
0.39967
1
1
0.745132
0.251073
0.136938
1
0.10023
1
0.0513081
0.653579
0.178856
0.20319
1
0.788449
0.183774
0.28615
0.0926828
0.316855
0.211655
0.934407
0.553898
1
0.0305731
0.488179
0.20146
0.08192
0.202498
1
1
1
0.0543472
1
0.0793526
0.0265647
0.112887
0.131733
1
1
0.0176411
0.138042
0.120003
0.00845524
0.100153
0.407257
0.840889
0.218361
0.0552438
0.0403795
0.116228
0.602108
0.404915
0.199476
1
0.565372
1
1
1
1
0.475386
1
0.170631
0.0106574
0.290585
0.599817
0.134859
1
1
0.423697
0.00179764
0.206824
0.0287512
0.154765
0.392307
1
0.466102
0.115959
0.198584
0.287664
0.0756728
0.191602
0.0107313
0.108149
1
1
1
1
1
0.150739
0.50616
1
0.876261
0.252675
0.221262
1
0.678503
0.104891
0.0671838
1
0.22765
0.487738
0.00527818
0.305598
1
0.281987
0.255101
0.0437822
0.00735413
1
0.858324
1
0.453441
0.418833
1
0.369157
0.170605
0.395899
0.154696
1
0.943466
0.154227
1
1
0.0785413
0.111503
0.117431
0.0118168
1
0.834109
1
0.405837
0.0414478
0.50869
0.00252248
1
1
0.722667
0.0154572
0.375398
0.0758823
0.0916339
0.0915988
0.0273911
1
0.201969
0.268963
0.796305
0.360991
0.663966
0.121494
1
0.111065
0.375443
0.512883
0.0519511
0.0930259
0.00448392
0.581164
0.421087
1
0.296435
0.0271904
0.61116
1
1
0.868064
0.411767
0.0722342
0.00231176
0.954536
1
1
0.790344
0.664005
0.624972
1
0.844316
0.888493
0.750635
0.0954371
0.658762
0.456569
0.373923
0.0354441
0.255832
0.17348
0.612488
0.117676
0.82212
0.863123
1
0.204221
0.109197
0.318673
0.509721
1
0.0879082
0.089794
1
0.940926
0.367677
0.0121189
0.53826
0.188065
0.699594
0.594453
0.418646
1
0.946557
0.10152
1
0.10737
0.0602784
0.0585532
0.854299
1
0.209449
0.918965
0.0958846
0.469097
1
0.358652
1
0.459624
0.158476
1
0.148421
0.413585
0.0853366
0.160745
1
0.298823
0.712569
0.0419464
0.653835
0.843337
0.302592
0.0487385
0.114291
0.0539258
1
0.0817244
1
0.714671
0.170798
0.998123
0.147551
0.00924796
0.895839
0.488021
0.104476
1
1
0.0823011
0.0325219
0.0161976
0.378937
1
0.808209
0.00266871
0.798408
0.023062
0.500893
1
0.195482
0.244426
0.0824067
1
0.0263755
0.0557471
1
0.332351
0.702814
1
0.323615
1
0.0746191
0.739221
1
0.504479
0.406993
1
0.243693
0.624292
0.389558
0.213328
1
0.123579
0.930782
0.319005
1
1
0.225062
0.0273716
0.541892
0.538633
0.282039
0.240643
0.00474265
1
1
1
0.112834
0.139969
0.155131
0.113858
1
1
1
0.317694
0.0183249
0.589105
1
0.17706
0.775202
0.738504
0.536782
0.00912261
0.39344
0.0560154
0.563218
0.511106
1
0.130768
0.111324
0.158638
0.244775
0.30216
0.0885686
0.111878
0.585285
1
0.257157
1
0.21201
0.330752
1
0.507757
1
1
0.183109
0.000367674
0.872624
0.796267
0.0539472
0.145678
0.475466
1
0.288375
0.341968
0.0602938
1
0.0365726
0.648165
0.768292
1
1
0.628404
0.170522
0.79624
1
0.992505
0.702204
0.336589
1
0.85302
1
1
0.496962
0.50222
0.0575607
0.158465
0.983046
1
1
0.688264
1
0.410301
0.492705
0.0600234
1
1
0.363552
0.495797
1
0.605606
0.140445
0.326295
0.0282923
0.0352272
0.192508
0.959368
0.0328108
0.177359
0.461703
0.175478
0.559811
0.16604
0.186578
1
0.377542
1
1
0.112523
1
0.363357
1
0.0258198
0.8333
1
0.730121
0.190231
1
0.918651
0.891831
1
1
0.277608
0.477092
0.103873
1
0.543356
0.62073
0.50843
0.121151
1
0.411234
1
1
0.104115
0.0899273
1
1
0.249104
1
1
0.239702
0.243851
0.106618
1
0.201864
0.0837993
0.7532
0.140433
0.281445
1
0.454052
0.181353
0.574636
0.625903
1
1
0.185933
0.833047
0.110099
0.169051
0.48523
1
0.669508
0.0605486
0.261489
1
0.0667717
1
0.00628043
1
0.291777
1
0.845196
0.166123
0.963113
0.315778
0.314963
0.655959
0.0211181
0.106862
0.288926
0.0572021
0.384686
1
0.249429
0.0494962
0.39823
0.52868
1
0.79118
1
0.0151032
1
0.0533507
0.0678377
1
0.544238
0.0684578
0.464044
0.435864
0.00482774
0.0708498
1
0.886515
0.342018
0.0146549
0.00219254
0.103832
0.08989
0.141454
0.440004
0.294894
1
1
0.988283
0.146872
0.791983
0.015671
0.0390853
0.542363
0.582424
1
0.56278
0.827401
1
0.599375
0.052933
0.206988
1
0.100761
0.0380855
0.0205453
0.102589
0.0748505
0.0525703
1
1
0.236342
0.180198
0.890649
1
0.748752
0.152706
0.378028
0.00440389
0.00644756
0.0437554
1
0.941481
0.537014
0.0525252
0.649305
1
0.278787
0.548839
0.60783
0.166514
0.351924
0.0736171
0.0599247
1
1
0.134497
0.557633
0.287405
1
1
1
1
0.0441672
0.458129
0.672247
0.341077
0.0603623
0.180158
0.171084
0.215014
0.01882
0.0063539
0.187545
0.00357312
1
0.021218
1
0.388109
0.030493
0.185571
0.138789
0.919955
0.0700278
0.424411
0.483365
0.154395
1
0.0297577
0.0806471
0.235129
0.703699
1
0.355528
1
0.236724
0.167531
0.0706627
0.573543
1
0.0482467
0.354351
0.302299
1
1
0.421304
0.979138
1
0.0134157
0.270783
0.0467111
0.624828
0.00749363
0.0692751
0.0160136
0.0768157
0.365299
1
0.192528
1
0.0980512
0.371306
0.0554029
0.411869
0.0575246
0.0873362
1
0.256509
0.850055
0.298298
0.323741
0.453782
0.138106
0.0246442
0.0604166
1
0.634442
0.0636401
1
0.123801
0.787637
0.354165
0.883122
0.291868
0.379475
1
0.14687
0.035948
1
1
0.0475681
0.748125
0.0756063
1
0.808741
0.973327
0.919922
1
1
0.0154857
0.074244
0.827377
0.0667087
0.278891
0.285588
0.0697004
0.33901
0.670221
0.54974
1
0.636621
0.598682
0.00240661
0.0747203
1
1
0.573084
0.0502901
0.0259417
0.0553519
1
0.194851
0.428144
0.0155124
0.488097
0.191242
0.271436
0.182262
1
0.608576
1
0.0735033
0.477325
0.913783
1
0.824449
1
0.0855852
1
0.466081
0.480085
0.871778
0.0479485
0.114476
1
0.971189
0.0026408
1
0.265799
0.865355
1
0.232941
0.082617
0.509037
0.786689
0.347268
0.349904
0.716912
0.0313606
0.898901
1
0.239773
1
0.17897
0.391315
0.0509454
0.0780551
1
1
0.95144
0.0511162
0.944913
0.867646
0.751189
0.74062
0.41433
0.291501
1
0.621771
0.299439
0.950579
0.647218
0.0728578
0.22379
0.41463
0.025688
0.234748
1
1
0.275134
0.00820167
0.220737
1
1
0.149666
0.186524
0.276135
1
0.47806
1
0.295001
1
0.17693
0.018446
1
0.225944
0.242131
0.675601
0.337537
1
0.455838
0.0364534
0.0760799
0.439224
0.778168
0.0297413
0.0237138
1
0.10551
0.0223067
0.00938636
1
0.191691
1
0.298677
0.838329
0.233933
0.350531
1
0.626702
1
0.801245
0.553042
0.583211
0.138389
0.202413
0.454596
1
0.15213
0.974726
1
0.810399
0.122498
0.992646
0.427493
0.197285
1
0.266449
0.0445473
0.28566
0.379608
0.0788707
0.0312773
0.169632
1
0.0103091
0.158351
1
0.884384
1
0.00586033
0.336591
0.0871568
0.0696138
1
1
0.345012
0.130591
1
0.156935
0.535104
0.00649743
1
1
0.0488264
0.774642
0.190221
0.165435
0.4249
0.141379
0.452074
0.280251
1
0.454237
0.187125
1
0.04939
0.369225
0.0975251
1
0.25509
1
0.14176
0.0108771
0.0499769
0.159528
1
0.0142739
0.0689343
0.73141
0.286087
0.0138577
1
0.0718996
0.926545
0.341096
0.868713
0.146146
0.412363
1
0.276013
0.0293365
0.359065
0.758041
0.219225
0.658324
1
0.0731032
0.0256953
0.359677
0.00105172
0.596022
0.106413
0.0697361
1
0.000605493
0.176849
0.00207174
0.179577
0.414054
0.188134
0.802168
1
0.111047
0.753212
1
0.0545063
0.0779681
1
0.540256
0.807581
0.86169
0.30375
0.326761
0.64922
0.0210846
1
0.674485
0.288846
0.227568
1
0.151245
0.035894
0.87003
0.0664757
0.0166341
0.685019
0.084871
1
0.207232
1
1
1
0.181296
0.0611287
0.191611
0.111075
1
0.343101
0.00308129
0.100442
0.162991
1
0.431828
0.0250503
0.383134
1
0.0759314
0.5762
0.373548
0.0367675
0.0567243
0.381447
1
1
0.104696
0.645905
0.693969
1
1
0.059601
0.646046
0.332071
0.845044
0.0866371
0.108013
0.672906
0.046182
0.236458
0.402585
0.650159
0.0844645
1
0.178896
1
0.333516
0.54125
0.0248423
1
0.116019
0.678731
0.729113
0.59873
1
0.790234
0.253986
0.0303814
1
0.191064
1
1
1
0.0575437
1
1
0.0677413
0.0555485
0.00876162
0.448643
1
0.342415
0.00273291
1
0.018506
1
0.364463
0.202216
1
0.705352
0.019385
0.348799
1
0.220647
0.030568
0.138067
1
0.0228189
0.0916996
0.0591911
0.207227
0.012722
0.478461
1
0.0594779
0.789492
0.0183875
0.810764
0.415702
1
0.838336
0.224538
0.96896
1
1
0.0892304
0.314436
0.611722
0.481207
0.240927
1
0.546578
1
0.8732
0.732717
0.750483
0.0855391
0.345707
0.245134
0.0901038
0.0566955
0.507614
0.0101748
1
0.00311014
0.671242
0.854742
0.258752
1
0.145991
0.176928
0.323749
0.0986171
0.558775
0.974968
0.0907145
1
1
0.659919
0.00555779
1
0.287675
0.328101
0.088802
0.79573
1
0.918851
0.762658
0.256126
1
0.171749
1
0.900712
1
0.355705
0.252384
0.323552
0.052755
0.308013
0.0357827
1
0.377946
1
0.600929
1
0.529648
0.0196063
1
0.265864
0.847045
0.874542
0.0425675
0.252159
1
0.520471
0.0359382
1
0.0820909
0.122471
1
0.334752
0.513681
0.139514
0.423757
0.0149122
1
0.644473
0.0456762
0.184358
1
0.00420713
0.0863919
1
0.113675
0.202235
0.933115
0.573004
1
0.146202
1
1
0.449531
0.944884
0.976682
1
0.9973
0.234699
0.240207
1
0.368996
0.1025
0.228026
0.0247049
0.947327
0.840543
0.858074
0.604346
0.707073
0.206917
0.827479
0.990805
0.0574409
1
0.125309
1
1
1
0.229745
0.83495
0.652081
0.199999
0.473327
0.244157
1
0.410978
0.819027
0.187446
0.104902
0.0405518
0.64523
0.322354
0.385507
0.740472
1
0.113565
1
0.0339281
1
0.219502
0.0254729
0.518705
0.532772
0.989203
1
1
0.131353
0.799701
0.834407
1
0.176617
0.0595601
0.0342054
0.873833
1
0.0157102
0.187788
0.718759
0.127865
0.136536
0.267034
0.25286
1
0.950363
0.263649
0.503412
0.136792
0.00491656
1
0.0546622
0.021959
0.817378
1
0.103123
0.100863
1
0.045019
0.0248025
1
0.0655406
0.05855
0.0840689
0.446217
0.0276731
0.766497
1
0.448895
0.307096
0.248482
0.0578188
0.315607
1
0.192608
0.0378256
0.832827
0.0854438
0.191151
1
0.319151
1
0.000477277
0.034218
0.204001
0.263834
1
0.294863
1
0.678075
0.615907
0.0488191
1
1
0.631525
0.0841125
1
0.35717
0.0932228
0.230804
0.789018
1
0.914429
0.393177
0.195472
0.244672
0.747365
0.116589
0.114392
0.594556
0.082996
0.472477
0.482029
0.0655195
0.792679
0.0121408
0.0121051
0.0841059
0.301257
0.00613882
0.118169
0.165902
0.10432
1
0.487788
0.00615583
0.405678
0.501052
0.0461866
0.188472
1
0.124196
0.30808
0.887501
1
0.420322
1
0.137546
1
0.131562
0.124718
0.0501989
1
0.144233
1
0.0299343
0.937361
0.114389
0.720505
0.477163
0.74647
0.308023
0.214894
0.00562669
0.322695
1
1
0.626965
0.0590625
0.199684
1
0.184818
0.307381
1
0.0476884
1
1
0.0319856
0.0742767
0.690783
1
0.208984
1
0.242504
1
0.89261
0.0055956
0.468179
0.903734
0.521787
1
0.00395068
0.564936
0.169047
0.281691
0.00671026
0.243148
0.0401196
1
0.922818
0.190919
0.47585
0.706814
1
0.115479
1
0.303836
0.0384622
0.13181
0.369744
0.200567
0.989436
0.164567
0.0674865
0.171433
0.0388583
1
0.186937
0.382234
0.500567
1
0.0564608
1
1
0.924617
1
0.0781087
0.58394
0.174384
1
1
0.179596
0.349329
0.532471
0.0364784
1
0.148312
0.0856372
0.384736
1
0.203671
1
0.122876
0.0110381
1
0.0980958
1
0.0711448
0.738264
0.351527
0.35959
0.269731
1
0.0793933
0.0567513
0.475282
0.309734
0.233616
1
1
0.819124
1
0.450575
1
0.0890291
1
0.156008
1
0.0611462
0.0998904
0.142977
0.01923
0.0667488
0.757325
0.213781
0.0109854
0.980249
0.216808
0.229322
0.885978
1
0.404352
0.812627
1
0.595499
0.537264
0.449355
0.178358
1
0.119256
1
1
0.920588
0.178044
1
1
0.0167868
0.801756
0.563302
1
0.0824946
0.153535
0.538279
0.335721
0.235229
0.0282226
1
0.196529
1
0.0468805
0.449015
1
0.174196
0.0398633
1
0.087709
0.00586619
1
0.0098485
0.00817548
0.732895
1
0.667099
0.273564
0.00941498
0.353908
0.839899
0.0869662
0.00473133
1
0.0149349
0.151017
0.22141
1
1
0.711656
0.74827
0.665414
0.0426423
1
0.177474
0.829081
0.165565
0.010764
0.144038
0.105693
1
0.396391
0.850226
1
0.0737071
0.535109
0.231167
0.101924
0.554924
1
0.0668387
0.143954
0.765652
1
1
0.367668
0.953035
0.422167
0.609391
0.0608293
1
0.314091
0.207598
0.00494326
1
0.142478
1
0.262429
1
0.891548
0.974068
1
1
0.710695
0.0581982
0.68663
0.365428
0.007586
0.613802
0.151106
0.295604
0.288459
0.133779
1
1
1
0.0711119
0.655007
0.292318
1
0.017976
0.155789
0.116494
0.175769
0.191944
0.146631
0.651416
0.968902
0.0979488
0.321041
0.194587
0.868691
0.285875
1
0.597618
0.150026
0.418002
0.18994
0.0939709
0.0167871
0.883084
0.833719
1
0.12909
0.609253
0.232244
0.430991
1
0.940646
0.228321
1
0.396781
1
0.80877
0.0280721
0.225331
0.922884
0.921196
0.642785
0.0786404
0.151621
1
0.118239
0.859316
0.0568156
0.148006
1
0.256367
0.838189
0.546946
0.881842
1
0.0537928
0.0529899
0.46643
0.107736
0.364559
0.211441
0.568874
0.844223
0.314572
0.127694
1
0.347278
0.308935
1
1
0.293566
0.349502
0.968339
0.0574128
0.715108
0.00317578
0.428196
1
0.265958
1
0.893971
0.282381
1
1
0.109839
1
1
0.248343
0.0327127
1
0.268964
0.096253
1
0.165192
1
0.320196
1
0.126256
0.766083
1
1
0.121471
0.548804
0.0738676
0.0352788
0.0535298
0.923719
0.196632
0.548781
0.682661
0.0888383
0.00247969
0.210777
1
1
0.378246
1
0.887828
0.0342377
0.053888
1
0.160355
0.0720586
0.437842
0.0718805
0.324475
0.0758843
1
1
0.545777
0.411653
0.249764
0.0491497
0.0266852
0.982006
0.0401976
0.155304
0.605688
0.397096
0.248762
0.897343
0.914709
1
0.100981
1
0.105859
0.0230736
0.171334
1
1
0.319142
0.456686
0.155833
0.346746
0.313201
0.107044
0.0299303
0.207227
0.906878
0.242544
0.0616325
0.380565
1
1
0.0326023
0.150508
0.982613
0.154768
0.656334
0.558821
0.0411657
0.546581
1
0.492664
0.619845
0.582396
0.0457909
0.248991
0.308345
1
0.0301901
0.498202
1
0.671246
0.122585
1
1
0.00895592
0.212176
0.72231
0.164699
0.596679
0.408375
0.606891
0.432793
1
0.211519
1
0.0122499
1
1
0.179812
0.0427202
0.115844
0.0511476
0.804163
0.798364
0.3573
0.47694
0.487818
0.3136
0.190156
1
0.6883
1
1
0.0443304
0.246413
0.122293
1
0.100119
0.154347
0.688766
0.0452703
0.00808927
0.181201
0.350631
0.278614
0.0182016
0.504217
1
0.547386
0.11045
1
1
1
0.439783
0.207678
1
0.367169
0.0287765
0.132024
0.0563556
0.228268
0.192886
0.3699
0.114608
0.332439
0.171839
0.0823932
1
0.0866278
0.0257955
0.0575506
0.27207
0.240209
0.295928
0.37024
0.377028
1
0.892452
0.0312711
1
0.805684
1
0.986115
0.572444
0.212158
1
1
0.136422
0.127141
0.681587
0.0464855
0.0802577
0.209006
0.247705
0.904701
0.507399
0.446945
0.128202
0.893315
0.200928
0.0278565
1
0.0278265
0.0529326
0.150636
0.970874
0.839554
0.00213554
0.501969
0.818867
0.54193
0.819073
0.0795344
0.657624
0.119616
1
0.257612
1
0.14679
0.0560263
0.785982
0.0163735
0.71621
0.00358928
0.00916794
0.0573674
0.235405
1
1
1
0.184497
0.240008
0.127349
0.0640746
0.499543
0.324569
1
0.0911799
0.66032
0.112272
0.102709
0.109085
0.198363
0.982772
0.0206694
0.831721
0.085969
0.460521
0.483759
0.223159
0.497649
1
0.107675
0.169037
0.0576809
0.101118
0.825308
0.395722
1
1
1
0.00816863
1
1
0.790465
0.879434
0.335686
0.297419
0.208864
0.456849
0.209202
0.126978
0.0421351
0.00791812
0.993713
0.603823
0.558139
1
0.0840863
1
0.124421
0.0673568
0.894426
0.0502551
0.437856
0.586497
0.0437223
0.0324746
0.288394
0.303331
0.00484188
0.582965
1
1
1
0.900087
1
1
0.285486
0.0504038
0.592042
0.578088
0.037579
1
0.950569
0.0604521
0.128399
0.976896
0.0910538
0.0538131
0.215232
0.0708114
0.141091
0.727183
1
0.150539
0.27086
0.124748
0.00869518
0.0255492
0.684261
1
0.0154073
0.678548
0.025324
0.152083
1
0.073246
0.110947
0.191342
0.282789
0.420889
0.487
0.173866
1
0.0822727
1
0.696585
0.0920952
0.595843
0.91381
1
0.067529
0.477045
0.338544
0.274291
1
0.352614
1
0.165898
1
0.109723
1
0.314129
0.852772
0.0191968
0.797099
0.122038
0.122565
1
0.219238
0.875632
0.386327
1
0.419817
1
0.517878
0.662686
1
0.717453
0.664597
0.0663195
0.190922
0.277145
0.0746247
0.131562
0.76698
1
1
0.434576
1
0.0584073
0.0646006
0.446872
1
0.90801
0.0498365
0.0633435
0.159154
1
0.39133
0.18173
0.0895454
0.0613954
0.419013
0.881319
0.602751
0.13385
0.172615
0.211311
0.0289779
0.273724
0.0752704
0.00489595
0.332889
1
0.221927
0.0610663
0.138334
0.403975
1
0.0327914
0.000619684
1
0.38843
0.346899
1
1
0.970501
0.422288
0.891182
0.478613
0.815722
1
0.36435
0.0255566
0.0554673
0.158783
1
0.329753
0.101349
0.0229411
0.709726
0.841631
1
0.964192
0.0290005
1
0.129904
0.59668
1
0.153347
1
0.811177
0.885605
0.049295
0.310126
1
1
0.825465
0.439055
0.175532
0.673089
0.0147574
1
0.299246
0.0606662
1
0.925991
0.132017
0.179417
0.409475
0.449081
0.463918
0.156704
0.0385378
1
0.150848
0.27008
0.259934
0.105648
1
0.629525
0.112796
0.00205863
0.420568
1
0.0512948
0.268231
1
0.0389065
0.0076707
0.372905
0.683227
0.0600356
1
0.0882093
0.412683
1
0.155229
0.241993
1
0.316255
1
0.373652
0.294572
1
0.933245
0.439309
1
0.369087
0.933461
0.55457
0.0158024
0.207834
1
0.139889
0.667453
0.901207
0.231174
0.806572
0.115795
0.000255812
1
0.586844
0.0748818
0.477838
0.967859
1
1
1
1
1
0.1388
0.835244
0.445374
0.389988
0.989543
0.887199
0.128011
0.0494657
0.291452
0.0399992
1
0.382498
0.936536
0.500929
1
0.0612139
0.283858
0.948157
0.217909
0.129921
0.544846
0.351318
0.0605535
0.960959
1
0.129912
0.275941
0.132486
0.132238
0.144043
0.689569
0.879761
1
0.184999
0.589173
1
0.146152
0.95257
0.010064
0.344087
0.358149
1
0.17137
1
1
0.365013
1
1
0.126778
1
0.213624
0.325726
0.893255
0.43184
0.153032
0.542995
0.63793
1
0.00485423
0.258883
0.312842
0.426307
1
0.241155
0.0948303
0.0725649
0.828222
1
0.581487
0.585049
0.0277249
0.27994
1
1
0.105521
0.060447
0.0412449
1
0.570613
0.0798502
1
0.34823
0.633059
0.201737
0.44356
0.351755
1
0.181009
1
0.0321831
0.332204
0.094144
0.135941
0.0593219
0.336113
0.318784
0.604242
0.322037
0.561353
1
0.11993
0.103277
0.0863979
0.104097
1
1
0.0655217
0.481308
1
1
0.0190386
0.00360404
0.17488
0.497241
0.176904
0.261705
0.0596075
0.210348
0.179989
0.118091
0.0569685
0.350006
0.495388
0.137197
0.366892
1
0.407021
0.0951542
1
1
1
1
1
1
1
0.0213414
0.597535
0.173675
0.24991
0.685393
1
0.184598
1
0.170184
0.240946
1
1
1
0.40675
1
0.106527
0.108895
0.484069
0.268519
0.734762
0.110976
0.153377
0.0396946
1
1
0.475617
1
0.135462
0.892882
0.680112
1
0.708411
0.0311746
0.151067
1
0.903133
1
0.00764242
0.351402
0.251868
0.167259
0.0619081
1
0.033628
0.0255957
1
0.0412491
0.597093
0.0370523
1
0.0519039
0.0592969
0.779748
0.611885
0.673462
0.970717
0.557748
0.406137
0.412436
0.119298
0.606156
0.423596
1
0.795329
1
0.09804
0.295189
1
0.308431
0.0809192
0.0780791
0.656093
0.104743
0.344487
0.0429312
0.667441
0.0875767
0.14251
1
0.0116713
0.0438808
0.446315
0.285874
0.554592
0.0316379
0.327538
1
1
0.0465217
0.567563
0.864365
1
1
0.686825
1
1
0.526546
0.271171
0.0703154
0.203329
1
0.234051
0.396354
0.0837191
0.661526
0.13364
0.68786
0.516362
0.154702
0.267364
0.30393
1
0.629419
1
1
1
0.72856
0.149434
1
0.0756917
0.430966
0.0854272
1
0.0983574
0.125291
1
0.10019
1
0.0427448
0.0319851
1
0.817731
0.173581
0.16839
0.781957
1
1
0.207375
1
0.424181
0.457721
1
1
1
0.349452
0.169087
0.482436
0.00957019
1
0.0585536
0.337681
0.00479022
0.177512
0.0716535
0.120399
0.115505
0.277308
1
1
0.0673116
1
0.0345209
0.00600561
0.0894318
0.22908
0.186466
1
0.280263
0.560247
1
1
1
1
1
0.0299559
0.0261359
1
0.250206
0.289942
0.824105
1
0.606503
1
0.616379
0.0468459
1
0.480771
0.143848
0.72737
0.406913
0.549294
0.361214
0.0325725
1
0.390364
0.172322
0.0500621
0.705516
0.251192
0.588789
0.0901128
0.158144
0.835273
1
0.0574738
0.0813146
0.465425
0.0591548
0.64772
0.73927
1
0.250892
1
0.385861
0.670961
0.714945
0.27935
1
0.0956121
0.182309
0.0849665
0.366547
1
0.121071
0.0076174
0.397462
1
1
1
1
0.102202
0.09972
0.0447605
0.727657
1
0.718722
0.0982724
0.436477
0.0769895
0.204246
1
0.144566
1
0.737438
0.0362369
0.437683
1
0.0946916
0.0254785
0.0422859
0.518565
0.85862
1
0.714374
1
0.0203977
0.570567
0.0818947
1
0.302754
0.356202
1
0.150438
0.1551
0.243636
0.0612975
0.623133
0.191698
0.261765
0.0221936
1
1
0.139867
1
0.0106566
0.0503206
0.528936
0.426233
0.109526
1
1
0.409978
0.229452
0.284427
0.0616743
1
0.182784
1
0.923889
0.144891
0.689416
0.045339
0.294819
0.0921362
0.266993
1
0.713123
0.0792871
0.358742
0.135937
1
0.43082
0.399813
0.795519
1
1
0.0231919
0.218726
0.0373765
0.425587
0.161599
0.223138
0.794215
0.0073572
0.305537
1
0.159917
0.118192
0.376014
1
0.961745
0.222184
1
0.331027
1
0.202628
0.246993
0.0536119
0.10598
0.258447
0.422865
0.833437
1
1
0.622793
1
0.46185
1
1
0.150642
0.125427
0.334372
0.604767
0.360863
1
0.993906
0.999066
0.752124
0.213731
0.449692
1
0.0627266
0.00856608
0.0603075
0.641103
0.288087
0.0555106
1
1
0.258791
0.175528
0.383601
1
0.843124
0.490663
0.17737
0.476704
1
1
0.378346
0.0952817
0.272386
0.0573955
1
1
0.131287
0.427647
0.0451841
0.442799
1
1
0.0852872
0.601482
0.264435
1
0.198533
1
0.518709
0.967208
0.0856923
0.30678
0.0107632
0.0403304
0.227646
0.918067
0.596212
0.117974
0.303819
0.136442
0.079647
1
0.198468
0.0069439
0.152264
0.897001
1
1
0.199809
0.215715
1
0.497975
0.455192
1
0.132384
1
0.083975
0.0795384
0.382331
0.0307433
0.799593
0.0865161
0.237504
1
0.141671
0.11959
0.201808
0.551774
0.133253
1
0.296469
1
0.106517
0.168322
0.0544977
1
0.0811583
0.159318
0.149593
1
0.38682
0.172861
0.240413
0.319989
0.32952
0.432834
0.154422
0.160589
0.320188
0.0517811
1
1
0.22864
0.303122
1
0.711781
0.082037
1
0.135661
0.380767
0.719147
1
0.580983
0.00987509
0.086701
0.199462
1
1
0.0708528
0.25532
0.0604622
0.14271
0.892952
0.0763705
0.185406
0.0915676
0.802888
0.0891161
0.449607
0.409743
1
0.289166
0.556277
0.211088
1
0.842316
0.0333549
0.2231
1
0.566199
0.97378
0.5275
0.76081
0.113436
0.100537
0.162979
1
0.724707
0.329996
0.406568
0.338587
1
0.175387
1
0.657949
0.320839
0.0476205
0.133058
0.079953
1
0.240758
0.019819
1
0.0143487
0.0417158
0.0277362
0.0423252
0.232103
0.117294
0.26742
0.392323
0.24942
0.0695357
0.0377816
0.00861688
0.409613
0.337069
1
0.105049
0.659333
1
0.00387836
1
0.109683
0.107459
1
1
1
1
1
0.795818
1
0.0746801
0.0800633
0.86453
0.0433863
0.154836
0.422421
1
1
0.251418
0.50317
1
1
1
0.0159347
0.3527
0.0908249
0.131791
0.35662
0.32017
1
0.169906
1
0.133099
0.267857
1
0.0286076
0.137586
0.740264
0.0154648
0.483877
1
0.165072
1
0.177817
0.0527398
1
0.11801
1
0.284491
0.925741
0.11532
1
0.441918
0.496437
0.928527
0.106819
0.228366
0.119821
0.593935
1
0.643862
0.16483
0.817211
0.255411
0.031936
0.0278191
0.50602
1
1
0.407905
0.44375
1
1
1
0.444872
0.672885
0.565465
0.39018
1
1
0.621902
0.167464
0.426835
0.278868
0.970849
1
0.755775
0.179066
1
0.727763
0.445411
0.874428
0.949588
0.433226
0.0737955
0.0196955
0.277532
1
1
0.0721589
1
1
1
0.279891
0.214473
0.0282459
0.0443956
0.166002
0.21669
0.225992
0.361903
1
1
0.505789
0.477812
0.00316825
0.0199455
0.024321
0.416869
1
0.860849
0.300172
0.0717356
0.403196
0.00852339
0.397282
1
0.860524
0.10662
0.0702402
0.110123
0.121794
0.135138
1
0.37169
0.862172
0.00365494
0.217909
1
0.317925
0.0414986
0.00371981
0.770319
0.204143
0.845671
0.0340965
1
0.70992
0.367094
0.0243581
0.163324
0.0357395
0.0932211
0.756517
1
0.0253026
0.0767886
0.91225
1
0.225028
0.781502
1
0.026131
1
0.0803336
0.301357
1
0.310254
0.946919
1
0.169931
0.113764
0.780653
0.650832
0.0837078
0.056129
0.810007
0.430346
0.150751
0.109746
0.0723704
0.103842
0.117824
1
0.239034
0.914156
1
0.378731
1
1
0.789403
0.278933
0.0260217
1
0.0489468
0.0407612
1
1
0.423663
0.60521
0.805405
1
0.0593983
1
0.0230755
0.659298
1
0.208945
0.62747
1
0.271974
0.15697
0.718965
0.0684031
0.879358
0.140357
1
0.110757
0.362224
0.0184931
1
1
1
0.0363029
0.0844913
1
0.617521
0.0152798
0.456471
0.311957
1
1
1
0.115467
0.483473
0.87615
1
0.507541
0.00402749
0.0168728
0.197251
1
0.0836602
1
0.28982
1
0.00210302
0.119053
1
0.101439
1
0.178595
0.587884
0.118872
1
0.108606
0.243716
1
0.0633772
0.842286
0.0683977
1
0.227811
0.262792
0.499643
1
0.424475
0.563274
0.267941
1
0.0338267
0.476487
0.795623
0.0051586
1
1
0.399901
0.223657
0.177304
0.49128
0.361693
0.228804
0.103357
0.873048
1
0.0911946
0.425543
0.00686543
1
0.00114601
0.01702
0.244289
0.0320306
1
0.475078
0.420575
1
0.463136
0.53997
1
0.0323745
0.732452
0.237095
1
1
1
0.060155
0.666711
0.213763
0.35183
1
1
0.917954
0.876644
0.083368
0.0393035
0.228395
0.342674
0.510442
0.441075
0.0376475
0.496044
0.534839
0.728153
1
1
0.0421504
1
1
0.000610846
1
1
1
0.117477
0.281579
0.625727
1
0.390373
0.0773884
0.0824943
1
0.496264
0.172291
0.0474027
0.633037
0.330734
1
0.420174
0.452502
0.82053
0.00993248
1
0.363648
0.174561
0.684848
0.489355
0.294725
1
1
0.944541
0.0143283
0.411696
0.151196
1
1
0.0390406
0.0432988
0.537481
0.178136
0.532788
1
1
0.0690178
1
0.1167
0.720537
0.869507
0.901447
0.395525
0.0234717
0.501377
1
0.511409
1
0.696823
0.28508
0.0758903
0.320254
1
0.42173
0.278782
1
1
0.740396
1
0.278245
1
0.594004
0.60425
0.178471
1
1
0.242763
0.250749
0.0379402
0.148499
0.173712
0.0957455
0.633225
0.0158994
1
1
0.836611
1
0.244362
1
0.507344
0.091175
1
0.0240852
1
0.758005
0.647984
0.651492
0.0800629
0.978343
0.687324
0.0163805
0.0164024
0.342628
0.00326834
0.0119978
0.133473
0.990045
1
0.901055
0.555663
0.0384172
0.0860895
0.371381
0.298477
0.0122826
0.627356
1
1
0.139424
0.473936
0.519953
1
1
0.3742
0.0825686
1
0.160805
0.0240165
1
0.365569
0.922453
0.0186612
0.0153698
1
0.089607
0.0257466
0.220645
1
0.0519746
1
0.0362462
0.162762
0.173841
0.335153
1
0.0103704
0.601672
0.0277851
1
0.328573
1
1
0.217672
0.484111
1
1
1
0.134282
0.550783
0.485041
0.00562331
1
0.215238
0.906526
0.147457
0.143676
1
0.0270245
1
0.0947259
0.138291
0.373463
0.206744
0.197098
1
0.405069
0.89217
1
1
0.598181
1
1
0.930739
1
0.845511
0.231008
0.200828
0.378273
0.326584
1
1
0.978695
0.747295
0.0525404
1
1
0.822462
0.98999
0.312721
0.257316
1
1
0.14897
1
0.0162434
0.0394349
0.214753
1
1
0.0569527
0.566135
1
0.652592
1
0.124728
0.151471
0.196741
0.0122671
0.00380467
0.0178055
0.0171547
0.552429
0.478896
0.0615352
0.221833
0.0026281
0.111882
1
1
0.0173665
0.00104681
1
0.0835359
0.427588
0.111515
0.0730519
0.0201839
0.518092
0.0464772
0.0774387
1
0.285037
1
1
0.544981
1
1
1
0.821591
0.649255
1
0.167863
0.982095
0.671085
0.364791
0.248251
0.285811
1
0.151333
0.0382948
0.548716
0.320704
1
0.42681
0.0825382
0.993501
0.112011
0.82611
0.559203
1
0.0478537
0.417633
0.801649
0.866722
0.815105
1
0.0997553
1
1
0.00647081
0.145992
0.0676841
0.0626954
0.0378062
0.773691
0.237865
1
1
0.22742
0.353417
0.433933
0.420025
0.0905936
0.156485
0.00150205
0.904436
1
0.335256
0.414537
1
0.0624197
0.0170556
0.334123
1
0.0522325
0.306242
1
0.111845
0.283262
1
0.0367107
0.148622
0.0215716
0.0540914
1
1
0.258428
0.213073
0.0445937
1
0.76794
0.642579
1
0.425293
0.0146737
1
0.0692313
1
0.902766
0.437963
0.227324
0.81164
0.445186
0.832604
0.351207
0.37079
0.938503
0.30824
0.130753
1
0.113137
1
1
0.170445
0.0153848
1
0.0141431
0.317384
0.0275346
0.484563
0.797945
0.141517
0.947626
0.338018
0.00449416
0.138593
0.142465
0.0355873
1
0.146646
0.165701
0.620653
0.178566
0.0557759
0.493466
0.0111443
0.401742
0.399627
0.910941
0.337069
1
0.120254
0.131351
0.0292719
0.944809
0.0512522
0.102808
0.0441694
0.622199
0.199969
1
1
0.0762802
0.0330628
0.108011
0.263038
0.0108907
1
0.867816
0.458047
1
0.137678
0.101931
1
0.649726
1
0.324916
0.014877
0.387661
0.299433
0.251508
0.0377413
0.28685
1
0.599287
0.192776
1
0.0284876
0.347515
0.436794
1
0.00794193
0.427863
0.0153415
0.0423617
0.217689
0.898146
0.0561459
0.159638
0.579708
1
0.304808
0.804115
0.0383639
1
0.0604611
1
0.940723
1
0.210814
0.114093
0.699497
0.490032
0.121508
0.095005
0.724532
0.00504763
0.0295085
0.374223
0.942718
0.375823
0.557492
0.0661009
0.941039
0.157152
0.205654
1
0.0616693
0.238613
0.101757
0.0339941
0.0020397
1
0.204026
1
1
1
0.179806
0.0597077
0.0119826
0.65634
0.0284013
0.0478263
1
0.0198832
0.0105994
1
0.82749
0.882466
1
0.673643
0.0544666
0.0157148
0.00251238
0.434877
0.00369182
0.612607
1
0.00739615
0.478543
0.559801
0.105585
1
0.0873471
1
0.291949
0.728576
0.0478323
0.256968
1
0.310619
1
0.611763
0.571956
0.236216
1
0.00593268
0.0474383
0.457321
1
1
0.97804
0.86824
0.00924187
1
1
0.332309
0.0414797
0.823125
0.474058
0.510141
0.0998003
1
0.295668
0.00360552
0.0991408
1
0.537521
1
0.787152
0.246582
0.178901
1
0.162772
1
0.623257
1
0.428684
0.78212
0.0956807
0.19062
1
0.73952
0.219447
0.396393
0.218719
0.364494
0.0481538
0.582194
1
0.309183
0.178777
1
0.23382
0.00825664
0.177983
0.0622514
0.00402473
0.390872
0.028334
1
0.546487
1
0.0367685
0.162142
0.0696212
0.250628
0.31545
0.128533
0.547784
1
0.0704047
1
0.0527031
0.716911
0.566173
0.0557475
1
0.456969
1
0.995558
0.916274
0.965064
0.242254
1
0.675378
0.612469
1
1
0.147925
0.229165
0.85405
0.0116726
0.732697
1
0.935781
0.503259
1
0.208199
0.95471
0.911652
0.130667
0.462347
0.690503
0.0151015
0.0248954
0.0438519
0.256411
0.0501309
1
0.0678882
1
0.476648
1
1
0.371461
0.925073
0.366582
1
0.281581
0.466114
1
0.0553335
0.0577497
0.0709794
0.0181016
0.0619469
0.0608098
0.676883
0.188452
1
0.156639
0.371624
1
0.734713
1
0.272607
0.759856
0.646672
1
1
1
0.264214
1
0.0658903
0.921136
0.0924499
0.795175
0.393588
0.00651771
1
0.26991
1
0.107478
0.672416
1
0.284795
0.0765475
0.12992
1
0.0277188
0.742039
1
1
0.0569537
0.24316
1
0.277155
1
1
0.316294
0.140642
0.241353
0.394881
0.0364031
0.0507275
1
0.0534773
0.0109161
0.714582
0.0735141
0.160619
1
0.118124
0.281938
0.539277
0.476402
0.194144
0.0821048
0.543199
1
0.541579
0.335371
0.843423
0.09118
1
1
0.421456
0.371218
0.00200152
0.103071
0.391797
0.294119
0.0315948
0.00882684
0.363243
0.0370244
1
0.101395
0.0731824
0.660803
0.0293204
1
0.309456
0.293526
1
1
0.620607
0.00911712
1
1
0.244093
0.00688481
1
0.0227542
0.761763
0.377818
1
1
0.406447
0.523673
0.027117
0.273436
0.0450462
0.176411
0.698079
0.0484221
0.281897
1
0.0745488
0.00390353
0.353704
0.639203
0.0164375
1
0.73723
0.201247
1
0.754168
0.110294
0.951982
0.51345
0.785107
0.619014
0.844661
0.677887
0.0684951
1
0.877741
0.438272
1
0.70336
0.619784
1
0.301273
1
0.0775579
0.467945
0.368884
0.0162913
0.353389
0.0719442
1
1
1
0.263076
0.607079
0.0245567
1
0.538892
0.361261
0.536295
0.122627
0.154406
1
0.132411
0.0055123
0.145485
0.14577
1
0.063068
1
0.435958
0.0153518
1
0.377011
1
0.192748
0.917976
0.597572
1
0.237461
0.0810117
0.273374
1
0.401856
1
0.5045
0.978964
1
0.0243642
0.783921
1
1
0.302291
0.805915
1
0.113121
0.194865
0.133721
0.0327834
0.20534
0.0385099
1
0.079101
1
1
1
0.854379
0.601501
0.9925
0.131449
1
0.686017
0.403989
0.0189787
0.214829
0.180623
0.179031
0.0808247
0.0673897
0.172532
0.284353
1
0.807956
0.383355
0.129357
0.068456
0.0146904
1
0.193387
1
0.026559
0.193435
1
0.068892
1
0.371509
0.242557
0.251003
0.0559509
1
1
0.162315
0.973714
0.186385
0.0508723
0.138407
0.124183
1
0.795381
0.0898863
0.202253
0.615278
0.0453604
0.106595
0.41978
0.0563388
1
0.240065
0.171091
0.151878
0.0493162
0.884213
0.238783
0.0444471
1
0.182465
0.033362
0.0611654
1
0.388622
0.0332747
0.840757
1
0.94056
0.405964
0.367662
0.00999167
0.18401
1
0.689607
0.184273
0.335618
1
0.73289
0.0256868
0.914534
1
0.0198491
0.533238
1
0.290586
1
1
1
0.13375
0.769317
1
0.325038
1
0.0716886
0.039991
0.383551
0.0269783
1
0.744959
0.450634
0.799016
1
0.973568
0.369503
0.181835
0.408487
0.0845963
0.000230796
0.0413682
0.0716043
0.221243
1
1
0.075178
1
0.311805
0.557704
1
0.880236
0.621132
0.683994
0.191883
1
1
0.283734
0.0242978
0.067394
0.0732307
0.0622059
0.158294
0.245073
0.256114
0.00306901
0.506369
0.0850124
0.974889
0.146865
0.106709
1
0.892524
0.216756
0.671873
1
0.963045
0.239644
1
1
1
1
0.238373
0.545978
0.234915
0.00300591
0.593101
0.940383
1
0.739592
0.431419
1
0.411046
0.0725692
0.220398
0.104947
0.20929
1
0.220277
1
0.0130851
0.228945
0.260033
0.53271
0.728548
0.959711
0.0130924
0.177963
1
0.878741
1
1
0.646313
0.920969
1
0.422974
1
0.016059
0.974121
0.70418
1
0.395577
0.136331
0.741967
1
1
0.186672
0.865432
0.0998456
0.220825
0.0596121
1
0.0440587
0.0441105
1
0.0278368
0.487751
0.345669
0.546663
0.347813
0.0254033
0.42765
0.575099
0.125297
0.45158
0.109972
0.216077
0.0672816
1
0.607563
0.217689
0.365919
0.0215174
0.0316222
1
0.644827
1
0.399588
0.0183047
0.837931
0.2472
1
0.308605
0.194202
0.239093
1
0.0734956
1
0.277579
0.0674569
0.0957977
0.343609
0.00467196
0.263381
0.026219
1
0.290097
1
1
0.0147086
0.143368
0.387672
0.344616
0.00477324
0.158877
0.011296
0.269583
0.203031
0.648451
1
0.18667
0.710616
0.950043
1
0.0463893
1
0.93329
1
0.0571021
0.827039
1
1
0.219785
0.795101
0.82826
0.0168797
1
0.0693022
0.467966
0.57123
0.424561
0.175149
0.0237326
0.749651
0.35862
1
0.513787
0.693778
0.246298
0.529923
1
1
0.0141491
0.0307815
0.674601
0.330023
0.612146
0.197826
1
1
0.974473
0.700612
0.308349
0.184306
0.310309
0.167537
1
0.568484
0.0291698
0.00997459
0.660249
0.0038001
0.162058
0.576369
0.789523
1
0.384724
1
0.155657
0.498041
0.212185
0.0423661
0.39375
0.208278
0.0420919
0.093878
0.129217
0.428763
1
0.118523
0.166421
0.0613949
0.599921
0.154283
0.0335685
1
1
0.112491
0.0541089
1
0.602455
0.0102306
0.789153
0.186
0.158817
0.956993
0.0131935
0.324533
0.231828
1
0.0123669
1
1
0.991316
0.238138
0.844618
1
0.971583
0.789729
0.0291551
1
1
0.102808
0.46702
0.135117
0.57578
0.868056
0.343069
0.346495
0.0399906
0.323362
0.598067
0.9651
0.151141
0.126986
1
0.648003
0.266273
0.731768
1
0.421247
0.313671
0.458085
0.766408
0.00839953
0.00233747
0.258079
1
0.0341585
0.274867
0.0920912
1
0.206286
0.0796575
0.0447827
1
0.694553
0.81727
0.0679185
1
0.676017
1
1
0.140549
1
1
0.307098
0.488415
0.193931
0.601447
0.149612
0.0463093
0.278904
0.396786
0.0508273
0.500356
0.26454
1
0.0216486
0.174463
1
0.12789
0.907818
1
0.347667
0.676854
0.734695
0.261106
0.0834295
0.115837
0.757478
0.0372798
0.0851882
1
0.239346
0.0192748
0.0650568
0.4547
0.901321
0.887376
0.148574
0.18354
0.486311
1
0.242464
0.136402
0.0363724
0.629514
1
0.449594
1
0.305098
1
0.348414
0.551119
0.00723851
0.0262451
0.368967
0.184248
0.178846
0.0458952
1
0.366133
0.375743
0.163915
0.176454
0.224602
1
0.770113
0.127205
0.348551
0.578307
1
0.304689
0.889936
0.444908
0.0226404
0.276786
1
0.469081
1
0.306731
0.0594233
0.295888
0.0521297
0.352307
1
0.131098
1
0.549726
0.238197
0.216389
0.383444
0.86181
1
1
0.910473
1
0.624301
0.390661
0.341326
0.0214517
0.00635065
0.568758
1
1
0.107427
1
0.255746
1
0.0706611
0.00960088
0.140269
0.437339
0.163911
0.326244
1
1
0.893237
0.00302713
0.526287
1
1
0.249592
0.222938
0.244831
0.0171825
0.0720185
1
0.227537
1
1
0.0696389
0.0429133
1
0.868714
0.262392
0.244031
0.13993
1
0.050245
0.651705
0.234746
0.169863
0.0120816
0.0348609
0.742582
0.0416001
0.895457
1
0.260042
1
0.544526
0.130244
0.00955013
1
0.00493325
0.258691
0.0122367
0.0788846
0.332266
1
1
0.00114005
0.0348421
1
0.675685
0.0327051
1
0.0124469
0.420914
0.226295
0.132165
1
0.0963842
0.349536
0.150949
1
0.172838
1
0.0561077
1
0.876661
0.0105295
1
0.225446
0.248238
0.246533
0.627926
0.190532
0.744621
0.0712119
0.476585
0.143731
1
0.184753
0.0784263
1
1
0.146737
0.527755
1
0.485776
0.259404
0.0587501
0.245911
0.0466118
0.0162766
1
0.721183
0.364371
0.705944
0.132212
1
0.00228564
0.110895
0.134679
0.0751684
0.468289
1
0.964534
0.212228
0.0585481
0.129887
1
1
0.262984
0.26491
0.822887
0.0818772
1
1
0.328575
0.404741
1
1
1
1
0.0643328
0.382957
0.227101
0.873301
1
1
1
1
0.233096
0.249419
0.259831
0.0974508
0.0351508
0.43867
1
0.157768
0.0654515
0.0552569
0.230327
1
0.0455561
0.04698
0.0247375
0.0499742
0.0380208
1
0.182236
0.383088
0.0815131
0.155374
0.444215
1
1
1
0.720002
0.107306
0.616662
0.175371
0.157934
1
0.118888
0.664344
0.517919
0.160389
0.481701
0.125886
0.0154699
0.261882
0.53942
0.588529
1
0.316388
0.1835
0.0622431
0.306166
0.15339
1
1
0.00846786
0.0566099
0.3139
0.109543
1
0.102876
0.0140248
0.308081
0.514231
0.653219
1
1
1
1
0.375805
0.0562165
0.24548
0.0335448
0.10762
1
1
0.935313
0.435769
0.0858145
1
0.0263535
1
0.315296
1
0.152809
0.0837212
0.333853
1
0.405143
0.261277
0.316724
0.94803
0.218601
1
0.186699
0.0407379
0.395997
0.997905
0.077132
0.340481
0.297897
0.0668399
0.0636745
0.324628
1
0.990541
0.0399291
0.150809
0.906256
0.371523
0.204653
0.230139
0.889465
1
0.0869524
1
0.00546223
0.132123
1
0.0098528
0.717728
0.769682
0.108304
0.0688649
0.547703
1
1
1
0.0167674
0.335378
0.990511
0.523045
0.149374
0.950688
0.260798
0.631793
0.0554939
0.702889
0.27603
0.178977
1
0.325657
1
0.191935
0.259653
1
0.244374
0.474691
0.478663
0.0220299
1
0.123157
0.879294
0.170607
1
0.192687
0.384154
0.348113
1
0.263062
0.0864619
0.173961
0.407123
0.445187
0.235631
0.775388
0.522554
0.105511
0.00893846
0.0835199
0.935727
0.0649681
1
0.00589608
1
0.0598657
0.252557
0.266088
0.0448851
0.193196
1
0.00678787
0.341428
0.536259
1
0.169665
0.52802
0.0661362
1
0.966697
0.0379966
0.685335
1
0.189654
0.432881
0.134887
1
1
0.227846
0.112848
0.632232
1
0.0658923
0.948073
0.962317
1
0.123268
0.329867
1
0.108949
0.0407697
1
0.412889
0.0687383
0.133786
0.592154
1
0.0718411
0.477228
0.141055
1
0.507568
0.00791286
0.104846
0.792333
0.516279
1
0.675558
0.182614
0.0249085
0.269169
0.0331218
0.246631
1
0.237751
0.137459
0.016941
0.0548969
1
0.0463275
0.132282
1
0.639312
1
0.152408
1
0.0477646
0.351536
0.1593
0.855914
1
0.0110463
1
0.408101
0.378935
1
0.00952112
0.0852628
0.119158
0.022289
1
0.315289
0.552838
0.872815
1
0.220676
0.833227
0.221888
0.0898143
0.212864
0.553816
0.0190472
0.817358
1
1
0.872542
0.0190447
0.123605
0.0573131
0.0867441
0.527869
1
0.530732
0.25076
0.0786422
1
0.0579462
1
0.431487
0.111962
0.810292
1
0.25177
0.890705
0.0690558
0.885141
1
0.817199
0.121459
0.119716
0.704455
0.0632785
1
0.922694
0.0145556
0.0855574
1
0.410633
0.226802
0.0238141
0.686175
0.270076
0.139254
1
0.840054
0.00676395
0.928484
0.0729134
1
0.406219
0.080587
0.50589
1
0.231766
0.041574
0.900227
0.134242
1
0.118967
0.0315445
0.659107
0.926478
0.201183
0.394661
1
0.101305
1
1
0.79128
0.219821
0.115707
0.0588611
0.19571
0.227249
0.136669
0.00213237
1
0.804274
0.336693
1
1
0.816925
0.00137906
0.0537461
0.0357654
0.776631
0.0764009
0.612581
1
0.269724
0.730363
0.113668
1
1
0.187048
0.52312
1
0.806319
0.236258
1
0.204286
0.109508
0.600105
0.499795
0.347422
0.386423
1
0.758927
0.0788126
0.189877
0.106226
0.71803
0.0898503
1
0.00112559
0.00171339
0.0495629
1
1
1
0.0833314
0.0172768
1
0.284138
1
1
1
1
0.84563
0.102202
0.192251
0.15276
0.662474
1
0.0286705
0.480042
0.387278
1
0.222947
1
0.44334
0.285122
0.759381
0.927953
0.838441
0.301076
0.0858123
1
0.323265
1
0.0445275
0.00443948
1
0.446423
0.12948
1
0.0560949
0.98925
0.76312
0.696053
0.0212195
0.761141
0.901998
0.0593123
0.263676
1
0.278914
0.942898
0.884864
1
0.472476
0.037279
0.211297
0.645176
0.0169361
0.122749
0.097601
0.366211
0.297039
1
1
0.0623804
0.203491
0.0795781
1
0.0562784
0.53889
1
0.129758
0.0704904
0.252098
0.753816
1
0.00510226
0.0763418
0.0959703
0.990376
0.949708
0.350874
0.818082
0.0924572
0.499876
0.0313596
1
0.186682
0.0568623
0.868413
1
0.083231
1
0.184549
0.92532
0.585066
1
0.398627
1
0.872787
0.193805
0.755798
0.357705
0.456767
0.0237785
1
1
0.242646
0.990531
0.194908
1
0.0121622
0.229974
0.584613
0.643551
1
1
0.0928634
0.22459
0.971966
0.360662
0.474178
0.0363111
0.0427493
0.466953
0.328941
0.629184
0.0773963
0.0304063
0.506463
0.414205
1
0.0413806
0.860305
0.149612
1
1
0.21174
0.884575
0.566777
0.30181
0.130276
1
0.514067
0.912346
0.124394
0.105788
0.0424393
0.0273179
0.235745
0.0313678
0.0341387
0.0745997
0.142036
1
0.344686
1
0.35771
1
0.21025
0.0607065
0.117987
0.0321092
0.957337
0.110144
1
0.367719
0.0590705
0.32054
0.808499
1
0.343966
0.178073
1
1
1
1
0.129543
0.130338
0.0418459
0.0590241
0.593273
1
0.650458
0.101314
0.556421
0.0395406
1
1
1
0.304881
0.231327
1
0.319038
1
0.672522
0.189579
0.0487085
1
0.403285
0.0954313
0.0990584
0.90924
0.488237
1
1
0.386296
1
0.433686
0.943669
1
0.491168
0.155592
1
0.504297
1
1
0.154347
1
1
1
0.341397
1
0.732902
0.000697182
0.213564
0.454971
1
0.195355
1
0.732621
0.541995
0.00815863
1
0.340267
0.031222
0.366292
0.12457
0.292102
1
0.0755673
0.271684
0.0754866
0.146715
0.56922
0.968788
0.766266
0.135404
0.667951
1
1
0.0612922
1
1
0.0404344
1
0.578678
0.194279
0.889498
0.550294
0.759737
1
0.397018
0.967522
1
1
0.136715
0.215375
0.750615
0.629748
0.152549
0.354676
0.558299
1
0.399373
0.390247
1
0.414565
0.65482
0.412946
0.00729512
0.569537
0.00632301
0.399286
1
1
1
0.186319
0.179309
1
0.0334705
0.65903
0.0674579
0.944052
1
1
0.274375
1
0.0725751
0.262005
0.501914
0.105262
1
0.210714
0.406204
0.260986
1
0.113688
1
1
0.651466
0.042262
0.945714
0.680598
0.121255
0.00787394
0.0787201
0.961527
0.238466
1
0.0498976
0.027684
0.520559
0.0255188
0.0333315
0.188557
0.157332
0.411857
0.0572397
1
1
0.18088
1
0.374437
1
0.764064
0.188354
1
0.0121671
0.412395
0.440686
0.0122023
0.364991
0.982064
0.141568
0.123428
0.43537
0.470836
0.205556
0.649715
0.0859945
0.00684082
0.145866
0.027483
0.0654049
0.563161
1
0.479042
1
0.434691
0.375594
0.125659
0.124263
0.932856
0.0551376
0.0292548
0.645283
0.662173
0.937122
0.00528938
0.182409
0.372911
1
0.518136
0.42742
0.493412
1
0.195429
0.376431
0.442843
0.517463
0.583101
0.0371592
0.523595
1
0.386854
0.706763
0.0959698
1
0.240495
0.14401
0.434026
0.84061
0.0885409
0.175486
0.50374
0.132221
0.26739
0.172035
1
0.00872701
0.187018
0.387559
1
1
0.474559
0.0530787
0.260128
0.079125
0.0245161
0.537914
0.374845
0.321071
0.206497
0.0546915
0.746671
0.466774
1
0.844433
1
0.0853145
0.255551
0.131398
0.275211
0.0190832
0.127983
0.0104562
1
0.135649
1
0.00213661
0.218449
0.742989
0.124967
1
0.701538
1
0.0773945
0.986304
0.060949
0.185258
0.956452
0.126872
1
0.120524
0.0986314
0.311073
1
0.0131743
0.646155
0.177481
0.781516
0.81444
0.401586
0.0531203
0.0283132
0.0295694
0.238279
0.33599
0.0663589
1
1
0.140636
0.178825
0.126131
1
0.685231
0.912288
0.0582575
0.140323
1
0.0361756
0.5898
1
0.606891
1
0.0317153
0.01323
0.191114
0.81412
0.289889
1
0.117054
0.142304
0.204782
0.774827
1
1
0.0456983
0.127133
0.0191517
0.0790481
0.0491986
1
0.916486
0.290418
0.322682
0.222197
0.693741
0.168666
0.0118913
0.805778
0.00828814
0.68809
0.028876
0.0405811
0.0587317
0.00615535
0.0877029
0.0600371
1
1
0.362207
1
0.70887
0.144642
0.602617
0.104178
0.0948656
0.0411643
1
0.765331
0.123388
1
0.850554
0.0381779
0.800708
0.269429
1
0.559806
0.489234
0.0538581
0.509631
1
0.902491
0.290187
1
0.0671133
1
1
0.0599571
0.485418
0.0943203
1
0.16536
1
0.0883066
0.0779765
0.284464
0.0634076
0.524814
0.0648024
0.577184
1
1
1
1
0.0546315
0.525841
0.11763
0.461002
0.364304
0.241059
0.0364789
0.890039
1
0.00812165
1
0.458629
0.805366
1
0.459475
0.0980227
0.213745
0.763327
0.190101
0.300818
0.0352452
0.591297
0.727541
0.174885
1
1
0.403275
0.350275
0.0423597
1
1
0.147918
0.156963
0.765617
0.0179303
1
0.0311866
0.251031
0.525339
1
0.463487
0.39596
0.0101806
0.0535602
0.367831
0.619076
0.429343
0.0924945
0.0325748
0.45992
1
0.312877
0.0561549
1
0.481562
0.355305
1
0.374208
0.120248
0.270635
0.0706458
0.580679
0.0949551
0.682138
1
0.337579
0.192359
1
1
0.790563
1
0.885288
0.800984
0.121058
0.677107
0.0351363
0.079322
0.0867069
1
0.133813
0.316476
0.725474
0.3372
1
0.0387515
0.26179
0.235399
1
0.286532
1
0.554245
0.747985
0.0308008
0.0471753
0.0215984
0.0455385
1
0.68044
1
0.997612
0.0531123
0.885803
1
0.918481
0.00593452
0.215618
0.171862
0.118632
0.499091
0.247739
0.249126
0.176987
0.358281
0.07444
0.00456244
0.0651547
0.12006
0.238521
1
0.262016
0.028981
0.911756
0.00418184
1
1
0.824559
0.180486
0.44802
0.0201065
1
1
0.847841
0.806521
0.538315
0.338776
0.128273
0.199939
0.108933
0.072421
0.0892731
1
1
0.0688891
0.705585
0.223947
0.312116
0.0967736
0.355536
0.0641589
1
0.189773
0.141154
0.560143
1
0.511243
1
0.269545
0.704643
0.913479
0.110653
1
0.267617
0.645052
0.144455
1
0.190815
0.183042
0.080522
0.683467
0.0229975
0.168517
0.139868
0.00980884
0.576687
0.307042
0.21358
0.128186
1
0.0774313
1
0.0261672
0.136521
0.832413
0.175625
0.0184401
0.139066
1
0.760138
1
0.0644138
0.301647
0.859405
0.489311
0.211061
0.782447
1
0.870148
0.00595508
0.778322
0.246907
0.0984243
0.120655
0.244391
0.694411
1
1
0.353246
0.0386276
0.204076
0.875815
0.906837
1
0.181868
0.911307
0.335018
0.00170806
0.922063
0.0320585
0.533905
0.0158464
0.407254
0.650046
0.0605551
0.323577
0.0896531
0.223413
0.00330703
0.371232
0.220544
0.188929
0.0107214
1
0.0554427
1
0.059397
0.424297
0.144902
1
0.0299962
0.140009
0.0817973
0.595972
0.230704
0.014029
0.871105
0.842705
0.848146
0.238538
0.0238632
0.504387
0.136309
0.02764
0.00653821
0.0854597
1
0.0350158
1
1
0.0767308
0.58862
1
0.497337
0.937139
0.149093
0.0950157
0.467916
0.0452316
0.261916
0.0174824
0.266678
1
1
0.382476
0.499133
0.27403
0.243395
1
0.0401054
0.699672
0.730285
1
0.358369
1
0.0874535
0.398235
0.636824
0.170289
1
0.488516
0.424774
0.384795
1
0.0493687
0.284926
0.0122555
0.00767621
0.0759303
0.243833
0.888131
1
0.547888
0.314275
0.203018
0.189729
0.112566
0.351703
1
1
0.145314
0.437149
1
1
0.629186
0.0303668
0.519861
0.0248283
0.566614
1
1
0.0891993
0.455226
1
1
1
1
0.808005
0.201376
0.109248
0.0715169
0.130047
