0.0451028
0.294471
1
0.233572
0.932473
0.730049
0.457213
0.248297
0.479781
0.306535
0.279605
1
0.48652
1
0.10708
1
0.731666
0.40193
0.0103883
0.572134
0.556786
0.142268
0.420006
0.0688021
0.300392
0.805165
1
0.0870431
1
0.3135
1
1
1
0.327472
1
0.691196
1
0.87089
1
0.708432
0.1748
0.28476
0.371372
0.924355
1
1
0.397345
0.174714
0.268628
1
1
0.0430948
0.0204891
0.373681
0.0909598
0.254034
1
0.884789
0.826494
0.301049
0.605996
1
1
0.759721
0.43064
0.111637
0.284751
1
0.151901
0.263661
0.161264
1
0.446548
1
0.221111
1
0.15132
0.568332
0.0802785
1
0.00782953
0.465225
0.62324
0.272384
1
0.155167
1
0.923224
0.0118774
0.373783
0.0883217
0.0787982
1
0.335059
0.705657
0.681984
0.170268
0.0172196
0.150821
0.0902756
0.023907
0.11714
0.203144
0.806328
0.152857
0.563663
0.0120828
0.956605
0.896647
1
0.361192
0.213722
0.563527
0.491363
0.796382
0.249505
0.157122
1
0.176822
1
0.941953
0.275109
0.664578
0.498332
1
0.228757
0.828221
0.0536184
1
0.556408
0.11065
1
1
0.472535
0.224819
0.635756
0.525149
0.0192869
0.949297
1
0.134246
0.628874
0.4963
0.173026
0.530303
0.61273
1
0.0839899
0.108267
0.143132
0.229629
0.211643
0.340999
0.0736095
0.0921834
0.266548
0.478366
0.0111382
0.80822
1
0.350192
1
0.0545671
0.234872
1
0.19052
0.19498
0.24743
0.269964
0.325627
0.55524
1
0.548209
0.084948
1
0.00390837
0.602145
0.190593
0.707501
0.159
1
0.299613
0.178401
0.0941969
0.694754
0.114438
0.0344627
0.256649
1
0.297411
0.179343
0.422205
0.300202
1
1
0.800194
0.88017
0.558362
0.225006
0.718926
0.500913
1
0.630823
0.0590098
0.12634
1
0.445384
1
0.0826096
1
0.900068
1
0.171078
0.617588
0.272288
0.968905
0.799757
1
1
1
1
0.223182
0.58551
0.91956
0.0735944
0.0928268
0.124011
1
0.319988
0.0554496
1
0.699193
0.254206
0.653481
0.444477
0.0539368
0.0727358
0.438614
0.973028
0.125965
1
0.292769
0.229442
0.241295
1
0.189124
0.602797
0.375339
1
1
0.829861
1
0.235421
0.120682
0.0758579
0.688177
0.0301088
0.166361
0.185009
0.306259
0.131086
0.866021
0.0700559
0.25641
0.0159504
0.0593002
1
1
0.23023
0.502144
0.205813
0.609409
0.362666
0.123109
0.276283
1
0.044315
0.413223
0.0719729
0.301625
0.580609
0.0636096
1
0.389139
0.190993
0.259486
0.747335
0.33457
0.928053
0.796672
1
0.890795
1
0.521382
0.213927
0.279308
0.17718
1
0.199489
0.167592
0.143312
0.0108115
1
0.0385979
0.187225
1
0.0499698
0.14162
0.48801
0.603138
0.115156
0.116561
0.587267
0.188462
0.562313
0.988153
1
0.434476
0.0881188
0.481815
1
0.255024
0.278114
1
0.161152
0.170957
1
0.165921
0.180594
1
1
1
0.0357677
0.395249
0.273361
0.135174
0.0493389
0.258832
0.131042
0.283797
0.643738
1
1
0.0144962
0.633222
0.234102
0.215539
0.604717
0.661434
0.416531
1
0.656136
0.401692
1
0.232771
1
0.302626
0.124784
0.277678
0.704997
1
0.210793
0.290706
1
0.980565
1
0.29046
1
1
0.321766
1
0.519436
1
0.0181445
0.1441
0.507899
0.143711
0.584273
0.36124
1
0.0520616
0.426781
0.638341
0.226147
1
0.0758945
0.324436
0.76875
0.701515
1
0.814355
0.0323091
0.679078
0.0240587
1
0.13105
0.492203
0.256006
0.334199
0.756229
0.0498027
0.0407111
1
0.100068
0.507235
1
0.39252
1
0.484144
0.351502
0.0269619
0.401899
0.304986
0.152179
0.208772
0.251272
0.171456
0.455874
0.924721
0.867568
0.372905
1
1
1
1
0.408707
0.322209
0.211309
0.289644
0.934452
1
0.664818
1
1
0.612635
1
1
1
0.189484
1
0.274518
1
1
0.0353854
0.574109
0.0768642
0.973834
1
0.0351697
0.136853
0.135372
0.0891344
0.136617
0.600723
0.0720812
0.0192007
0.113024
1
0.257524
1
1
0.921295
0.398149
0.0301897
0.0755621
0.62014
0.566507
1
0.429829
0.25712
0.252236
1
0.292376
1
1
0.650974
0.154529
0.259059
0.17475
0.198209
0.577376
0.182171
0.784788
0.105965
0.106871
1
0.928245
0.058373
1
0.141241
0.315298
0.124034
0.0697723
0.069622
0.362251
0.261173
0.338021
1
0.14648
0.565212
1
0.724641
1
0.146394
1
0.280046
1
1
0.301149
0.80814
0.182745
0.63241
0.132838
1
0.0298961
0.242064
1
1
0.495048
0.171776
0.667364
1
0.175767
1
0.44426
0.113162
0.471519
0.530374
1
0.0505472
0.0784928
1
1
1
0.769771
0.386825
0.181088
0.26658
0.0569866
0.366679
0.0634491
0.241723
0.673389
1
0.315737
0.535135
0.756793
1
1
0.643976
1
0.140657
1
0.345932
1
0.475681
1
1
1
0.194489
0.397493
0.0735644
0.00895718
1
0.331426
0.285853
0.304169
0.42738
0.0140924
0.0471392
1
0.171357
0.094172
0.325024
0.166566
0.116142
0.9173
0.758121
0.215533
0.0109302
1
0.19297
0.551655
0.0563904
0.299887
1
0.363593
0.135131
0.406768
1
0.146761
0.831831
0.440808
0.287121
0.0417064
1
0.0441119
0.057767
0.274437
0.450373
0.233401
0.602715
1
0.558017
0.0992787
0.785037
0.341121
0.527612
0.697354
0.209971
1
0.5587
0.0688639
0.0501058
1
1
0.0638633
0.112934
0.465283
0.209521
0.692904
0.0731421
1
1
1
0.862654
0.280998
1
0.0591378
0.179553
0.842658
1
1
0.00823721
1
0.376393
0.410282
0.573132
0.0966644
0.978643
0.0891172
0.109821
0.945496
0.195989
0.13912
0.522755
0.0737618
0.677798
0.329996
0.192696
0.0133829
0.155307
0.0514065
0.0381465
0.203484
0.0441034
0.589246
0.0990496
0.391995
1
0.559089
1
0.614077
0.281131
0.614521
0.184586
0.0109223
0.216902
1
0.188191
1
0.0520553
0.1288
1
0.0586855
0.936866
1
0.0401006
1
0.0548022
0.418497
1
0.179087
0.198202
0.263031
1
0.0237501
0.297321
0.276562
0.696567
0.0398404
1
0.955225
1
0.179664
0.340612
0.203807
0.270404
0.0827675
0.902726
0.106361
0.0942923
0.495324
0.198707
1
0.776121
0.287536
0.376692
0.137397
1
0.616365
1
1
0.298675
1
1
0.321697
0.318504
1
0.186787
0.0448867
1
0.158161
0.0504258
0.0250837
0.0492648
1
0.524068
0.390045
0.960413
1
0.0918469
1
0.276705
0.319776
0.133572
0.136471
1
0.62937
1
0.170619
0.316705
0.0146884
1
0.100788
0.201201
1
1
0.2035
0.59794
1
1
1
0.239647
0.0691563
0.62577
0.61405
1
0.203435
0.41416
0.562351
0.595578
0.520877
0.246634
1
0.314701
0.310907
0.224262
0.317191
0.0201166
0.0819239
0.361493
0.0457589
0.354208
1
1
0.203501
0.278313
1
0.500823
0.314058
0.00343115
1
0.653778
0.126268
1
0.198359
0.306103
0.645181
0.182129
0.257767
0.531682
0.0411574
0.271803
0.851812
0.472717
1
0.127142
0.579198
1
1
1
0.660875
0.903157
0.137449
0.132487
0.674458
1
0.0361837
0.0611846
0.62294
0.421442
0.261132
0.016505
0.434359
0.892935
0.089868
1
0.592674
0.134878
1
0.14718
0.446708
0.768322
0.0490519
0.21983
1
1
0.210924
0.10837
0.0513359
0.183877
0.0510058
0.263028
0.0529661
0.318658
0.100486
0.0709464
0.274019
0.029374
0.0922814
0.0187369
0.0353813
0.0831078
0.739889
1
1
0.404089
0.121343
0.877503
0.0834938
1
0.275901
0.227898
1
0.0827305
0.124405
1
1
0.14022
0.643296
0.129671
0.756944
0.172673
0.0780043
0.109187
0.0163614
0.510224
0.0300874
0.11201
0.565247
0.21351
0.0412818
0.117827
0.192423
0.308861
1
0.401102
0.272068
1
1
1
0.519952
0.133751
1
1
1
0.814415
0.0638143
1
1
1
0.830398
1
0.177782
0.335963
0.422575
0.143616
1
0.394572
0.412984
1
1
0.730471
0.484331
0.319504
1
0.252015
0.362648
0.250243
0.682064
0.956097
1
1
0.711524
0.230394
1
0.40943
0.0764064
1
0.3241
0.341639
0.869497
0.885412
0.424666
0.152888
0.129391
1
0.0198922
0.273858
1
0.0633291
0.273816
0.381182
0.848764
1
0.131405
0.2915
0.144759
0.0515268
0.54267
0.266692
0.302746
0.168602
0.292066
0.244697
0.807791
0.153266
1
1
0.520733
0.652793
1
0.0500401
1
0.543475
0.278013
0.083809
0.299052
0.701196
0.883035
1
0.479851
0.130511
0.475778
0.068326
0.016634
1
0.46528
0.0605482
0.534552
0.186015
0.288332
0.924182
0.419703
0.11532
0.157005
0.184824
0.257288
0.288952
1
0.357222
0.72016
1
1
0.180337
1
1
0.553185
1
0.0856545
0.686404
0.742369
0.00891582
0.458513
0.304046
1
1
0.041691
0.0609783
0.824257
0.12566
1
0.183436
0.236553
0.276366
0.118354
1
1
0.623414
1
0.49128
0.205875
0.167991
0.150717
0.524494
0.193622
0.905431
0.285753
1
0.0678123
1
0.0574023
0.0674517
1
0.342065
1
1
0.042996
0.438643
0.880583
0.140606
1
1
0.365484
0.374436
0.505329
0.060275
1
0.204227
0.309287
0.579147
0.275747
0.342913
0.411592
0.144101
0.0546259
0.988157
1
1
0.40047
0.183223
0.42072
1
1
0.157913
0.339393
0.0693282
0.11211
0.74145
0.288309
0.148866
0.0311741
0.0737652
0.204373
0.293556
0.422803
0.360104
0.438489
0.036814
0.540063
0.323722
1
0.117318
0.816952
0.153794
1
0.0575231
1
1
0.546175
1
0.310412
0.079388
0.184062
0.359952
0.3854
0.143584
0.0145375
0.0403419
1
1
0.179278
0.205499
1
0.0811478
0.525546
0.407059
0.574374
0.326677
0.169493
0.471178
0.0863684
0.229079
0.644432
0.0911264
1
0.451175
0.528481
0.0352218
1
0.334333
0.0912429
1
0.0529989
0.733751
0.470993
1
0.191558
1
0.0128691
0.676392
0.145762
0.325953
0.523164
0.657679
1
1
0.0423095
1
0.697716
0.133619
1
0.183225
1
0.154367
0.216033
0.484176
0.141573
1
1
0.0241603
0.0777897
0.12104
0.876929
0.907409
1
1
0.113493
0.311734
0.29022
1
1
0.43393
1
0.378312
1
1
0.0518822
1
0.213892
0.675163
1
0.29897
1
0.216569
0.306312
0.393273
0.776708
0.874703
0.960485
0.975223
1
0.186507
0.0874649
0.63625
0.454535
1
1
0.291907
1
1
1
0.802871
0.388792
1
0.0451374
0.210523
0.110419
0.110485
0.0492212
0.215843
0.0768326
1
1
0.612044
0.132747
0.399888
0.772009
0.382664
0.0208672
0.399834
0.464574
0.299148
1
0.0626028
0.524509
0.21729
1
0.846207
0.76628
0.129079
1
1
0.748914
0.340454
0.172214
0.887097
0.177108
1
0.41437
0.17543
0.505253
0.770939
0.112153
0.401303
0.216092
0.127651
0.327354
1
1
0.470215
0.0414228
0.0781722
0.134
0.838592
1
0.180047
0.0119099
0.382266
0.898773
0.197784
1
1
0.578274
0.0149187
0.0811301
1
0.128014
0.0712934
0.79939
0.162305
0.337049
1
0.940833
0.450015
0.22956
1
0.395565
0.671614
0.281627
0.110641
0.57364
0.589361
0.687469
1
0.805299
0.199413
0.798659
1
0.84388
0.10454
0.0963994
1
0.293814
1
0.577692
1
1
0.637743
1
0.356262
1
0.317257
0.372175
0.0119153
0.0552387
0.0660109
0.28915
1
0.286258
0.215748
1
0.40747
1
0.0118678
0.471577
1
0.0214008
0.28235
0.058089
0.26175
0.0849033
0.135307
0.362191
0.657559
0.425513
1
0.244065
0.229922
0.430983
1
0.447438
1
1
0.945284
1
0.0639561
0.345329
1
0.219464
0.0178232
0.24779
0.0732217
0.181817
0.0385808
0.0972843
0.25337
0.14726
0.0932059
0.181376
0.285923
1
1
0.325871
0.0373274
0.314683
0.709556
0.0680751
0.686921
0.449029
1
1
0.686739
0.0568541
1
0.0316584
1
0.502392
0.537141
0.290777
0.64086
0.680511
0.0425187
0.141803
0.285306
0.443142
1
0.0519389
0.936441
0.240376
0.150511
1
0.0695428
0.940205
0.537593
0.117901
0.174605
1
0.239775
0.538607
1
0.240387
1
0.103938
1
1
0.407743
0.0961992
0.970464
0.132325
0.52765
0.0542403
0.655086
0.125818
0.76301
1
0.228807
0.222513
0.51791
0.89099
0.106529
0.246233
0.947666
0.787507
0.617531
0.0419792
0.204395
0.32743
0.108157
0.803667
0.195004
0.943428
0.260197
0.439827
0.846129
0.163433
0.314278
1
0.785821
1
0.315076
0.101968
0.00513184
0.540268
1
0.902887
0.0904432
0.442729
1
0.355948
1
0.397249
0.364355
1
1
1
0.850571
0.447604
0.639249
1
0.233282
1
1
0.413626
0.436506
0.526231
0.29502
0.441263
1
0.24745
1
1
0.154147
1
0.0984215
0.326024
1
0.147475
0.0386665
0.0785148
0.503558
0.293
0.32638
0.669894
0.384351
0.0247219
0.0596197
0.727523
1
1
0.0622836
0.400245
0.0524489
0.0237704
0.141638
0.615897
1
0.148012
0.336907
0.0719849
1
0.883716
0.671165
0.0833062
0.19051
1
0.221893
0.24981
0.255097
0.329498
0.661289
0.983914
0.956663
0.271759
1
0.0547035
0.683038
0.121898
1
1
0.135591
1
0.077562
1
0.110964
0.163333
0.631574
0.088141
0.616968
0.292172
1
1
0.170264
0.0830903
1
1
0.198888
0.2707
1
0.11098
0.239338
1
0.239183
0.0747813
0.968464
0.0453475
0.857659
0.397685
1
0.219517
0.810982
0.746384
1
0.782528
0.165653
0.830345
0.441545
0.0235174
0.312384
0.279168
1
0.491437
0.71532
0.431514
1
1
0.413349
0.625993
1
0.176199
0.690887
1
0.0408293
0.962094
0.0425144
0.132882
0.12467
0.861928
0.268206
0.254423
0.0567093
1
0.96853
0.256519
0.413139
0.353369
0.447064
0.48299
1
0.211122
1
1
0.181779
0.193504
0.133858
0.835814
1
1
0.0964033
0.855663
0.752707
0.470007
0.31677
1
0.198681
0.0474504
0.530399
0.532168
0.241479
0.654738
1
1
0.0862635
0.668051
1
0.270441
1
0.217429
0.384146
0.873394
1
1
1
0.264669
0.248656
0.466777
0.550518
0.461769
1
0.524741
1
0.280709
0.593456
1
1
1
1
0.370885
0.178341
1
1
0.228659
0.688982
0.826119
0.357888
0.416824
0.865584
0.169429
1
0.189757
0.547119
0.392599
0.245603
0.497222
0.293906
1
0.0509244
0.628925
0.973263
1
0.241241
1
0.0215697
0.0662798
0.0666806
0.234777
0.99889
0.751973
0.269505
0.526922
0.347811
1
0.579636
0.0985748
0.0404501
0.94367
0.0366466
0.083194
0.067801
0.172698
0.0972105
0.519423
0.415446
1
0.700078
1
1
1
0.273018
0.837422
0.571264
1
0.510056
0.366066
0.195604
1
0.318442
0.278274
0.156274
0.46479
0.770018
0.589009
0.317705
0.538977
0.521787
1
1
0.273256
1
0.362983
0.209775
0.0549331
1
0.304957
0.036456
0.5636
0.255198
1
1
0.619436
1
0.330846
0.219125
1
1
0.088234
1
0.354116
0.337352
1
1
1
1
0.291493
1
0.0993221
0.55348
1
0.318546
0.271514
1
0.200418
0.526019
0.474856
0.780828
0.0945284
0.12259
0.0879542
0.500167
0.328982
1
1
0.417068
0.360558
1
1
0.0924406
0.169968
0.284814
0.266826
0.219363
1
1
0.17912
0.448716
0.433369
0.0480358
0.0658868
0.135346
0.755698
0.79724
0.190692
1
1
1
0.381668
0.0219662
0.737409
1
0.532275
0.505556
0.3382
0.0130853
0.381063
0.953009
0.1995
0.307454
1
0.0309735
1
0.0907304
0.250834
0.897902
0.0429821
0.117773
1
0.519239
0.178042
0.0845225
0.516612
0.184517
0.117846
1
0.0920729
0.272658
0.432432
0.145412
1
0.403847
1
0.223342
0.324881
1
1
0.137208
0.40456
0.638895
0.500192
1
1
0.0378799
1
0.0548911
0.181823
0.233084
0.0636905
0.224151
0.984458
1
0.22316
0.159186
0.308612
1
1
0.289192
1
0.136825
0.0859114
0.145469
0.0915515
1
0.361146
1
0.454171
0.244549
1
1
1
0.215223
0.727339
0.469285
0.102746
1
0.243541
1
1
1
0.194573
0.13817
1
1
1
0.923024
0.224194
0.00671261
0.0553375
0.744896
0.100837
0.461092
0.376215
1
0.0704402
0.46493
0.0312111
0.285577
1
0.811285
0.659578
0.556997
0.279901
1
0.210032
1
1
0.731007
1
0.104922
0.230589
1
1
0.0545581
0.0883825
0.0925449
0.214849
0.146372
0.227363
0.0926292
0.315843
0.114907
0.495274
0.290127
0.303806
0.136828
0.105781
0.952315
0.251116
1
1
0.222035
0.471315
0.458283
0.389626
1
0.933069
0.0484353
0.572212
0.0754357
0.129378
0.190626
0.0651765
0.173103
1
0.776152
1
1
0.240958
0.113176
0.774293
0.424615
0.471954
1
0.0564137
0.550672
0.165936
0.253675
0.247151
0.0696957
0.384311
1
0.776708
1
0.0301321
0.0677323
0.203233
0.0438885
0.127344
0.154839
0.0484922
0.0571696
0.0493709
0.933457
0.129227
0.228768
0.766026
1
0.258861
0.0918351
0.537969
0.882976
1
0.861769
1
0.413238
0.210622
1
0.0274028
0.0199786
0.0347196
0.381437
0.0689744
1
0.982155
0.431115
1
1
0.677301
0.119543
0.117575
1
0.0832098
1
0.100719
0.270153
0.32899
0.0462246
0.204408
0.0664003
0.268414
0.437769
0.457658
0.49007
1
1
0.0823783
0.188742
0.138384
1
0.485845
0.369422
0.363582
0.138998
1
1
0.161445
1
0.422493
0.0638985
0.359084
1
0.442015
0.368959
1
0.185062
0.387073
0.731243
0.680299
0.343962
0.423228
1
0.166814
0.0245279
0.254995
0.314569
0.632931
0.683667
1
0.0835148
0.158809
0.131622
1
1
0.234264
0.797163
0.176844
0.758474
0.147566
0.499735
0.11556
1
0.202111
0.173734
1
1
0.277991
0.194132
0.280395
1
0.806683
0.281175
0.108716
0.458226
0.449108
0.296011
0.281773
1
1
1
0.265407
0.805919
0.367737
0.769345
0.224421
0.36282
1
0.376294
0.821219
1
0.467287
0.409568
0.288973
0.0657337
0.257891
1
0.496574
1
0.145717
1
0.359759
0.80953
0.148668
1
1
0.115239
1
0.0968938
0.437234
0.596557
0.92077
0.554548
1
1
1
0.488489
0.116093
0.699527
0.208139
0.120807
0.293573
0.108596
1
0.0329696
0.421875
0.328974
0.126877
0.112006
0.954537
0.527366
0.0490555
0.0973996
0.523783
0.376171
0.104102
0.0399131
1
0.403453
0.0606283
0.958284
1
0.836583
0.193836
0.393597
0.0920894
1
0.665832
0.420727
0.39143
0.270081
0.447448
1
0.259516
0.121397
0.244907
0.568372
0.129029
0.635256
0.681693
0.483732
1
0.643916
0.285026
1
0.803529
1
0.833436
0.381642
1
1
1
0.80218
0.724706
0.888143
1
0.0954323
1
0.161156
0.69504
0.715192
1
0.049722
0.0266665
0.455983
0.344304
1
0.478132
1
0.419148
0.804187
1
0.225588
0.20533
0.924149
0.423533
1
0.415993
0.0528301
1
0.224023
0.0798947
0.0354809
0.0650052
0.115293
0.0188056
0.0360478
0.0725781
0.235664
0.166262
0.352696
0.0541522
0.142628
0.189674
0.261724
0.310362
0.00901963
0.159635
0.198833
0.181745
0.158302
1
0.0458586
0.827237
0.303387
1
0.0503074
0.0796624
0.0845468
0.210804
0.241334
0.286776
0.660599
0.324587
0.144626
0.792138
1
1
0.115766
0.57252
0.0709155
0.38055
0.222221
1
1
1
0.28655
0.361434
0.758951
0.269281
0.192251
0.210958
0.623427
0.411808
0.228416
1
0.309416
0.774472
0.365508
0.794004
0.350551
1
1
0.401289
0.43096
0.484049
0.38213
0.44393
0.297403
1
0.465013
0.086278
1
0.281328
0.0740816
1
0.251071
0.246375
1
0.668755
0.23838
0.71087
0.468409
1
1
1
0.0491746
0.0656622
0.11717
0.0473219
0.299786
0.376679
0.170977
0.0810461
0.148685
0.480735
1
0.469836
0.51674
0.67517
0.214228
0.13689
0.177423
0.68297
0.0438971
1
0.0328515
0.344986
0.649767
0.516588
1
0.188442
1
0.217446
0.310935
0.289376
0.999741
0.820061
0.365598
1
1
0.0255509
1
1
0.062149
0.145186
0.293228
0.293399
1
0.237354
0.207995
1
1
0.321986
0.19652
0.326632
1
0.359038
0.0219345
1
0.493916
0.341761
0.398778
1
0.248123
0.114953
1
0.0211298
0.328157
0.697872
0.19672
0.374156
0.0870631
0.165079
0.198093
1
0.0624092
0.382306
0.313561
0.677975
0.925728
0.16432
0.511287
0.0524463
1
1
1
0.269442
0.455192
1
0.0139947
1
1
0.995709
0.173862
0.117736
0.313377
0.0938922
0.788804
0.419565
0.774377
0.146027
0.445325
1
0.834351
1
1
1
1
0.297846
0.185501
1
0.359624
0.729154
0.413657
1
0.664019
1
0.032201
0.475299
1
0.166647
0.668125
0.287273
0.200014
0.318632
0.47952
0.603439
0.977388
0.0835807
0.550518
0.267607
1
0.277877
0.203258
0.186767
0.129682
1
0.231859
0.765256
0.759633
0.541401
1
1
0.418738
0.742144
0.430215
0.593895
0.305002
1
0.208781
0.649549
0.0977466
1
0.651997
0.138089
0.435463
0.0485908
0.313176
0.433552
0.638819
0.110353
1
0.106211
0.291754
0.139877
0.671648
0.286911
0.54393
0.477317
1
0.123922
1
0.345411
1
1
1
0.145571
0.0514779
0.707209
0.342812
0.835538
0.251481
1
0.770491
0.0333026
0.0319727
0.46776
0.321774
0.662962
0.250852
0.886276
0.989107
0.0500394
0.528483
0.108404
1
0.552541
0.0364235
0.455443
0.401525
0.0854462
1
0.757958
0.156619
0.489311
0.237195
0.700527
0.620719
1
1
1
1
0.446404
0.0213565
0.514303
1
0.971769
0.106217
0.758895
0.52264
0.207046
0.0799666
0.555761
1
0.340593
0.245344
0.931696
0.205606
1
0.0733446
1
0.404544
0.31933
0.0516133
1
0.95451
0.211874
1
0.424563
1
1
1
0.994779
0.26665
0.851048
0.417978
0.350419
0.639959
1
0.286851
1
0.312645
0.101513
1
0.254185
1
1
0.108531
0.220451
0.0156995
0.0275424
0.215854
0.0923806
1
0.431991
0.401867
0.287909
0.569814
0.154896
1
0.255584
0.144398
0.53994
0.44558
0.10008
0.568491
0.0195794
0.0426854
1
0.037951
0.131465
0.0798103
0.468146
0.976286
0.368399
0.141363
0.687148
0.0871232
0.539578
1
0.123135
0.739679
0.275779
0.501574
0.932981
1
0.258439
0.539318
0.0980273
1
1
1
0.497195
0.51519
0.0820586
1
0.158157
0.199108
1
1
0.351129
0.0556612
0.0877382
1
0.556118
0.609332
1
1
0.227753
1
0.25098
0.31894
0.299349
0.129922
0.19656
1
1
1
0.13948
0.422319
0.797661
1
0.679658
0.346721
0.153208
0.129672
1
0.0170348
1
0.165243
0.0914643
0.0129987
0.0325375
0.153585
0.199579
0.556764
0.655986
0.687807
1
0.182515
0.0975725
0.267004
0.0771284
0.648213
0.343195
0.0295915
1
0.426585
0.365354
0.703988
0.289636
1
0.169564
0.436724
0.00913483
0.132958
1
0.134586
1
0.147021
0.0906731
0.521796
0.350938
0.859311
0.595644
0.673838
0.134156
0.141516
0.067965
0.740208
0.656268
0.0793006
0.4527
0.403635
1
0.0405841
0.742707
1
0.268125
0.401821
0.268638
0.0303552
0.422841
0.437453
0.128294
1
0.338509
0.285441
0.47603
0.378123
0.02687
0.812343
0.900536
0.266571
0.10816
0.639765
0.63943
0.740018
0.691684
0.575397
0.103564
1
0.68593
0.209337
0.612747
1
1
0.906131
0.109797
0.147
1
1
0.0333112
0.0706165
0.760885
0.86387
0.66022
0.0253176
0.0584685
0.539348
0.0810461
0.661252
0.540375
0.0372073
0.420918
0.63086
0.167541
0.106189
1
0.0855942
0.112276
0.316379
0.534165
1
0.0476818
1
0.237978
0.128759
1
0.208512
0.159372
0.137825
0.251841
0.921788
0.32081
0.764719
0.184579
0.770643
0.584058
0.212069
0.0807336
0.307078
1
1
0.210704
0.623504
0.44534
1
0.513744
0.539308
0.0969261
0.414603
0.101424
0.160622
0.470033
1
0.158942
0.116944
0.0545801
0.27274
0.34884
1
0.726243
0.0229703
0.314602
0.0214422
0.244981
0.454922
1
0.0725381
0.0686912
0.454313
0.647707
1
0.883815
0.187863
0.409786
0.017919
1
0.229914
0.132334
1
0.243126
0.0614576
0.456244
0.424007
1
1
0.0662641
1
0.144284
0.709731
0.26493
0.0857812
1
1
0.120683
0.0184745
0.234141
0.496262
0.276814
0.504651
0.983253
0.104938
1
0.0612045
1
0.51652
0.386791
0.0307452
0.0773685
0.0348967
0.729254
1
0.637522
0.851232
1
0.386476
1
0.124882
0.480599
0.228391
0.151872
0.131184
0.873938
0.476608
0.175802
0.166703
0.153443
1
1
1
0.0632435
0.645576
0.0251065
0.691959
1
0.218826
0.166237
0.76973
0.836039
1
0.0418947
0.0727351
0.34527
1
0.0335316
0.303189
0.127596
1
0.018519
1
0.521074
0.88033
0.00984431
0.465657
0.529262
1
1
0.27979
0.49606
0.698762
0.490184
1
0.51186
0.0896977
0.14804
0.212723
0.372446
0.23393
0.424229
1
0.838157
0.576363
0.0942205
0.575221
0.440644
1
0.221979
0.838903
0.811267
1
0.2314
0.97154
0.0239081
0.732104
0.176346
0.213928
1
0.0624717
0.488895
0.385825
1
0.0960503
1
0.213157
0.951316
1
0.159571
0.349389
0.262862
1
0.216245
0.897741
1
1
1
0.214072
0.0311333
1
0.133627
0.140759
0.352771
0.19624
0.925287
0.730909
0.418802
0.103673
0.181604
0.172133
1
0.0980445
0.0188718
1
0.0219426
1
0.508661
0.241139
0.967948
0.181804
0.483891
0.193582
0.0747873
0.725099
0.187294
0.603297
0.0797488
1
0.190295
0.313744
1
0.435027
0.582855
1
0.783903
0.279221
0.647697
0.185265
0.0288267
0.934542
0.242553
0.348531
1
0.406279
0.727087
0.0642931
0.0116423
0.851527
0.525825
1
0.569699
0.699921
0.735318
0.21781
1
0.29697
1
1
0.176586
0.10343
0.349137
0.216346
0.276307
1
0.229238
0.199592
0.649084
0.0522786
0.908267
0.443713
0.0519801
0.377387
0.697881
0.214071
0.0550973
0.0534473
0.16132
0.226912
0.0929923
1
0.462116
1
0.408068
0.407907
0.182793
0.0570499
0.0777331
0.179655
0.304171
0.309925
1
1
0.637143
1
0.064609
1
0.517371
0.464166
1
0.585109
0.176535
0.325989
0.22728
0.0743934
0.118642
0.729682
0.111089
0.318878
0.183329
0.018299
0.889301
1
0.0674612
0.549964
0.592187
0.126158
0.215586
0.526302
0.145617
0.061185
0.0894363
1
0.057914
0.412892
0.136989
0.299746
0.414102
1
0.582684
0.087501
0.10687
1
1
0.365572
0.575155
0.268269
0.13665
0.985864
0.0407701
0.219859
1
0.199671
0.135024
1
0.867802
0.330627
0.559682
1
0.184024
0.756361
0.225471
1
0.0871956
1
0.055457
0.0813916
1
0.887796
0.412308
0.319581
0.087467
0.168792
0.571999
0.789406
0.315301
1
1
0.171081
0.0743643
0.787298
0.335707
0.104747
0.0654633
0.798669
0.141852
0.409998
0.655309
0.0758789
0.306831
0.115695
0.317428
0.592149
0.571785
0.118431
0.127573
1
0.359332
1
1
1
1
1
1
0.389814
0.0114815
0.0865208
0.623826
0.233705
1
1
1
0.0442265
0.42557
0.0575424
0.55274
1
0.434666
0.297301
0.0404621
1
0.325645
0.266383
1
0.685601
0.0521821
0.0458621
0.991072
0.163794
0.342362
0.111335
1
0.277593
0.317824
0.669625
1
0.304249
0.0400691
0.3718
0.206537
0.148278
1
1
1
1
0.0451407
0.197558
1
1
0.334324
0.415711
0.269021
1
0.195128
0.0523154
0.529141
0.13794
0.109066
0.339799
0.0472156
0.431106
0.186367
1
0.177384
0.156243
0.199642
0.625019
0.166907
0.180263
0.0855108
0.00848284
0.139506
0.140977
0.297957
0.65701
0.532779
0.114629
0.0174048
0.208454
0.06105
0.237434
1
0.0943213
0.443392
1
0.0508986
0.0884448
0.886078
0.534852
0.259115
0.113239
0.369769
0.0456006
0.0825922
0.350623
1
1
0.462044
1
1
0.111439
0.0464135
0.0725643
0.040739
0.0181583
0.14376
0.00375637
0.535576
0.110375
0.332309
0.0775902
0.275671
1
0.606586
0.689517
0.0280921
0.719421
0.397681
0.52371
0.26716
1
1
0.875156
0.193719
1
0.0529453
1
0.811598
1
0.249275
1
1
0.45724
0.793782
0.2122
0.118642
0.266445
1
0.23416
0.696039
0.452323
0.338364
1
0.201535
1
0.49326
1
0.101592
0.190129
0.268279
0.0754842
1
0.198029
0.554574
0.717896
1
0.599742
0.153948
1
0.128324
0.0440912
0.182122
0.578356
1
0.0937313
0.149992
0.174291
0.300841
1
0.400031
0.928723
0.415075
0.819119
0.116429
1
0.566753
0.434953
1
0.106193
0.209366
0.280094
1
1
1
0.341111
0.677676
0.157273
0.501881
0.636295
0.501706
0.0605096
0.104602
0.766544
1
0.591825
0.257703
1
1
0.259298
0.10404
0.176118
0.72131
0.0478793
0.28952
1
0.2862
0.136843
1
0.103315
1
0.379674
0.227613
0.00475166
0.0768134
0.0739386
1
0.383263
1
0.988171
0.837718
0.577085
0.556485
0.764594
0.0507558
1
0.0280939
0.655171
0.802013
1
1
0.175282
0.086425
0.140792
0.204488
0.277616
0.0895687
0.103468
0.0550944
1
0.309258
0.595499
0.383537
0.635084
0.123553
0.195965
1
0.06328
1
1
0.0471394
1
1
0.137787
1
1
0.72363
0.0999772
0.0349019
0.0126425
0.13598
1
0.476922
0.637105
0.7475
0.237259
0.136762
1
1
0.267632
0.797135
0.143864
0.133271
1
0.077184
1
0.945265
0.0415255
0.508802
0.151559
0.372969
0.134723
1
1
1
0.24093
1
0.314427
0.0688557
0.250053
0.470954
0.346861
0.684729
1
0.198722
0.382502
0.0656766
0.0561154
0.951113
1
0.533975
0.737043
0.306578
0.697865
0.165097
0.740071
0.141221
1
1
0.251625
0.21413
0.778137
0.877129
0.204733
0.709696
0.260353
1
1
0.3573
0.240348
1
0.628849
0.759933
1
0.0938733
0.43563
0.385249
1
1
0.101804
0.249133
0.402722
0.500205
0.199965
1
1
0.398128
0.58213
0.540032
0.101684
0.110207
0.592149
1
0.296777
0.16318
0.158089
1
0.163097
0.533994
0.446535
1
0.180951
0.173269
1
1
0.592746
1
0.305278
0.408807
1
1
0.313867
0.48736
0.249826
0.397103
1
1
1
0.623498
0.0331883
0.26523
1
0.183368
0.151624
0.747326
0.298015
0.537427
0.375184
0.297213
0.503214
1
0.070526
0.468873
0.554961
1
0.179589
0.418467
0.439788
0.402946
1
0.390271
0.146425
1
0.181483
0.261687
0.225378
0.673788
0.49695
0.544854
0.315016
0.0438432
0.360347
0.225177
1
1
0.28117
1
1
1
1
0.259568
0.462101
1
0.0321296
1
0.359097
0.30105
0.627081
0.608198
1
1
1
0.0672597
0.629156
0.25848
0.134644
0.196604
0.0865123
0.403378
0.871866
1
1
0.553809
0.235118
0.773115
0.501744
1
0.819145
0.347015
1
0.0739508
0.575181
0.237658
0.332052
0.284093
0.467572
0.919501
1
0.869411
1
0.0708684
1
1
0.266236
0.260396
1
1
0.176993
0.207575
0.524079
1
0.914042
0.710705
0.394805
1
0.156153
1
1
0.185102
1
0.374493
1
0.244611
0.271705
0.260884
0.312186
0.127405
0.408057
0.0807667
0.101079
0.526365
0.267218
1
0.187176
0.13621
0.142928
0.172648
0.649398
0.0587032
0.45678
1
1
1
0.871527
0.0410997
0.0744763
0.150187
0.405227
0.183061
0.148498
0.0444797
0.0539697
0.253773
0.564253
0.578491
0.48459
0.172455
0.0701814
1
0.341019
1
1
1
0.424089
1
0.0306688
1
1
1
0.0550769
0.346116
0.60711
1
0.162983
0.0811239
0.0981017
0.103173
0.167703
0.222807
0.966945
0.608394
0.623846
0.124335
0.366194
0.876267
0.0286256
0.135816
0.198255
0.234272
0.246151
1
0.0737221
0.46726
0.273774
0.0548098
0.0381221
0.0494014
0.130056
0.868516
0.904263
1
1
0.0999412
1
0.167325
0.564731
0.369165
0.72254
0.978688
1
1
0.292401
0.15667
1
0.269672
0.515967
0.229591
1
1
0.441819
1
0.0207896
0.340827
0.534413
1
0.742491
0.120327
0.0995815
0.184532
0.61206
0.861305
1
1
1
1
1
0.895581
1
0.750058
0.26403
1
0.81634
0.193791
0.196201
1
0.102686
0.164109
0.18451
0.0700784
0.0727727
0.462941
0.283291
0.352313
1
0.588773
0.0511391
0.95838
0.116981
0.359092
0.0938858
0.138422
0.445064
0.0565217
0.0949698
0.141578
0.371478
0.298733
0.1942
1
0.761849
1
0.539366
0.212842
0.394076
0.53151
1
0.111227
0.388496
0.293352
1
1
1
0.0525149
1
0.361934
0.158035
0.111874
0.565668
1
0.811572
0.714632
1
1
1
0.394823
0.0565173
0.0809104
1
0.108112
1
0.085035
1
0.0465847
0.0780187
0.126596
1
0.190066
0.236382
0.241253
0.137053
0.123586
1
1
0.0792857
0.80808
0.443943
1
0.310583
0.558369
0.409131
0.257457
0.687803
0.660331
0.369834
0.437227
1
0.372181
0.477817
0.439631
0.398712
0.836926
1
0.335906
0.841994
0.0860054
0.00871113
1
1
1
0.364506
0.948871
1
1
0.442318
0.759629
1
0.992009
0.777832
1
1
0.0805226
0.45427
0.278304
0.622006
0.174148
0.295623
1
1
0.174651
0.176608
0.185074
0.455761
0.0245656
0.0414416
1
0.224005
1
0.450299
1
0.394494
0.205099
1
1
0.358301
1
0.357208
0.251534
0.00586765
0.437126
0.833075
0.384783
0.941511
0.636376
1
1
0.144637
0.206235
0.0575767
0.508596
0.053581
0.441192
0.806198
0.0463028
1
0.157761
0.170369
0.242357
0.0955346
0.148021
0.007808
0.331428
0.552897
1
0.205191
0.296886
0.0510072
0.972241
0.207111
0.0246928
0.117065
0.0953202
0.302331
0.956804
0.131814
0.0918585
0.819506
0.363889
1
1
0.998367
0.0475394
0.18744
0.401085
0.684775
1
0.00759845
0.617547
0.231498
1
1
0.0920462
1
0.161797
0.191457
0.674749
0.198422
0.11951
0.0596735
1
0.309051
0.931222
0.559491
0.0554265
0.286329
0.660748
0.234726
1
0.347357
0.372039
1
0.721442
0.00488558
0.522374
0.491503
0.115609
1
0.487326
0.0916682
0.675408
0.818174
0.415375
0.229568
0.124794
0.0169021
0.139445
0.92556
0.482107
0.161241
0.0330193
1
0.0700142
0.892291
1
1
0.272663
0.625289
1
0.0801776
0.149088
0.375451
0.212271
1
0.145216
0.587727
0.0606537
0.239842
0.131906
0.0665187
0.117642
0.131809
1
1
1
0.225699
1
0.3545
0.765358
1
0.297518
0.167672
0.870768
0.720654
1
0.378059
0.2724
0.59818
1
0.423261
0.166052
0.068898
0.063707
0.0116038
0.240719
1
0.104395
0.6638
0.0785815
0.103428
0.663985
0.525103
0.128908
1
0.248828
0.148421
1
0.630151
0.290781
0.226279
1
1
0.165917
0.024832
0.143538
0.233319
0.245259
0.289689
0.275803
1
0.0764981
0.0642682
0.0715318
1
0.118252
0.0253979
0.761329
0.147702
0.140441
0.200233
1
0.0918445
0.0710403
0.320464
1
0.131101
0.857698
0.139131
0.1995
1
0.197597
1
0.188725
0.851788
0.359211
1
1
1
0.34184
1
1
1
0.0167226
0.958831
0.204727
0.07257
0.165692
0.464006
0.163786
0.0860515
0.0194148
1
1
0.599991
1
0.238655
1
1
0.21769
0.576259
0.0655345
0.264992
0.0948964
0.97788
0.958057
0.366831
1
0.20482
1
0.0513754
1
0.167273
0.415854
0.176076
1
0.582372
1
1
0.732061
0.243836
0.214397
1
0.57222
0.648153
0.243583
0.126584
0.380586
0.103063
0.672767
1
0.129429
0.249597
1
0.00926215
0.847027
0.176659
0.237323
0.104244
0.284861
0.438704
1
0.156936
1
1
0.252963
1
0.0997331
1
0.575986
0.380424
0.420359
0.0399759
0.52614
1
0.140258
0.202142
0.699738
1
0.453642
1
0.272525
0.0448299
1
0.111245
1
1
1
1
0.106533
0.305271
0.346011
0.411508
0.947125
1
0.0597508
0.417524
1
0.289444
0.538491
0.165361
0.274835
0.148556
1
0.749773
0.207413
0.0249767
0.221347
0.162402
0.61108
1
0.212497
0.238506
1
0.322595
0.720616
0.192895
0.0620934
0.553436
0.322437
1
0.384013
0.748121
0.218249
1
0.638125
0.0918823
0.615461
1
0.468765
0.469638
0.427163
0.111692
0.132104
0.0835888
0.12272
1
1
1
0.333945
1
0.210384
0.2081
1
0.046399
1
1
1
0.407331
0.655915
0.105114
0.187226
1
1
0.137733
0.876564
0.558882
0.0133952
0.57099
0.0565948
0.177015
0.0209668
0.315845
0.974848
0.73702
0.307973
0.421112
0.511455
1
0.168618
0.407505
1
1
0.458077
1
0.246914
0.555287
0.46231
1
0.204957
0.0665322
0.858413
0.559993
0.0461267
1
0.13242
1
1
1
1
1
0.216761
0.293694
0.578654
1
0.268241
0.438127
0.725962
0.0837113
0.293941
1
0.306144
1
0.509671
0.123659
0.144834
1
1
1
0.0825549
0.401223
1
1
0.020455
0.0391278
0.241945
0.246969
0.977635
1
0.180805
0.170472
0.379874
0.452618
0.647862
0.135247
0.123097
0.772693
0.720308
1
0.769829
0.361271
0.383992
0.218469
1
0.874644
0.459769
0.471058
0.76963
0.108355
1
0.707734
0.410625
0.21223
1
1
0.861407
1
0.132884
1
0.0762154
0.62607
0.0539887
0.205524
1
0.0256983
1
1
0.952197
1
0.170663
0.108308
0.440954
1
0.15755
0.272239
0.164248
0.68816
0.196057
0.186769
0.957977
0.622467
0.293513
0.344726
1
0.175711
0.0933693
1
0.0646416
0.689371
0.103344
0.177733
0.536752
0.534998
1
0.399465
1
1
1
1
1
0.0755761
0.738548
0.785891
0.715874
0.690357
0.54151
0.0497834
0.137852
0.72298
1
0.09222
1
1
0.0882147
1
0.21314
1
0.120864
0.0153103
0.319812
1
0.181219
1
0.157293
1
0.149559
0.187955
1
0.773721
0.0231895
0.963874
0.136311
0.103139
0.493963
1
1
0.367196
0.311178
0.682335
0.134584
0.380219
0.621412
0.137579
1
0.270305
0.626636
0.435189
0.618208
0.631458
1
0.14804
0.977301
0.221311
0.254264
1
0.100998
0.652837
0.227828
0.0735586
0.283192
1
1
1
0.200123
0.0313719
0.179738
1
1
0.0315025
0.793748
0.384161
0.885565
0.21216
0.083496
0.5036
0.215536
0.390729
0.649551
0.0352189
0.353753
1
0.211144
1
0.0696972
0.916224
0.368012
0.422778
0.304986
0.0620249
1
0.905745
0.713929
0.92037
0.690846
0.0664659
1
0.374488
1
1
0.0664054
0.0440017
0.0696599
0.0409407
0.34322
0.243309
0.388091
0.460218
0.141945
1
1
0.436073
0.426344
0.266214
0.504453
1
0.514441
1
0.124067
0.0253468
0.169768
0.251794
0.366286
0.922784
1
1
1
0.0376893
0.260393
1
1
0.312198
0.0227425
0.507685
0.892992
0.650672
0.142832
1
0.568328
1
0.635152
0.888552
1
1
0.243584
1
0.0995802
0.231577
0.258161
0.331227
1
0.189721
0.234238
0.0403846
0.23803
0.310122
0.162348
0.0958346
0.236887
1
0.574346
0.0459839
0.994397
1
1
0.0638768
0.946684
0.352751
0.0418868
0.0776892
0.0524184
0.0657872
0.186856
0.190372
1
1
0.550855
0.893413
0.247711
0.588419
1
0.81879
1
0.19625
1
1
0.174127
1
0.0321584
0.382506
0.720405
0.0124949
0.0534879
0.225266
1
1
0.628901
0.257132
0.01969
1
0.195681
0.293394
0.0514116
0.0587068
0.587028
0.128497
0.028643
0.0735083
0.225884
0.0893296
0.341457
0.860169
1
0.373368
0.0307586
1
0.184822
0.0210429
0.252372
0.23026
0.276253
0.530674
0.391816
0.1733
1
0.20682
0.122398
0.219691
0.477977
1
0.153323
0.540601
1
0.157746
0.0273753
0.619521
0.20249
0.202206
0.244736
1
0.704183
0.0388269
0.267491
0.362149
0.370214
0.136237
0.800608
1
0.221274
0.19762
0.0906464
1
0.384132
0.203438
0.23052
0.0293657
0.286327
1
0.0801839
1
0.517224
1
1
0.97001
1
0.449873
0.271837
0.235336
0.14304
0.0200306
0.260089
0.0254979
0.0506795
0.0787124
0.316053
0.959814
0.704565
1
0.0340353
1
0.256421
0.190347
0.971397
1
0.271106
0.264475
0.833604
0.140232
0.0405902
0.0495283
0.085205
1
0.00872385
0.0242998
0.0788333
0.0559094
0.175932
0.398131
0.621408
1
0.0280514
0.0195231
1
1
0.0474722
0.0469948
0.286132
1
0.284511
0.829952
0.185597
0.738653
0.155777
0.355766
0.10246
0.46193
0.418034
0.349003
1
1
0.205408
1
0.318399
1
0.0641095
0.0541312
0.546097
0.152707
0.12285
0.188775
0.24338
0.427557
0.23367
0.298644
1
0.505192
1
1
0.508302
0.636804
1
0.0721838
0.230775
0.22169
0.630625
1
1
0.0737747
0.838866
0.0870608
0.599447
0.409201
0.343989
0.123864
0.081858
1
0.353814
0.165049
1
0.76841
0.170511
1
0.0845977
0.225287
0.687498
0.745549
0.654168
0.397402
0.0420263
1
0.370657
0.167358
1
0.230991
0.187519
0.428527
1
0.788698
1
0.545757
0.931555
0.450692
1
0.308337
1
0.281525
0.455322
1
0.167243
0.508938
0.179343
0.59141
0.29784
0.803565
0.62554
0.379571
1
1
0.595637
0.200529
0.189562
0.619161
0.920423
0.489136
0.0657533
0.103096
0.118677
1
0.104251
0.550493
0.101547
1
0.367772
0.224955
0.273779
0.941195
1
0.512865
1
0.0579678
0.208206
1
1
1
0.00536912
0.691182
0.416762
1
0.0893451
0.409575
0.519225
0.864971
0.189606
0.201732
1
0.760122
1
0.904578
0.395577
0.30307
0.229296
0.869893
1
0.354562
0.383428
0.382759
1
0.244317
0.0653544
0.43165
0.299416
0.432151
1
1
0.77351
0.931585
1
0.594808
1
0.566657
1
1
0.239834
0.314814
0.156161
1
0.07814
0.0776634
0.0309136
1
0.868516
1
0.353989
0.973726
0.286278
1
0.207882
0.557831
0.400976
0.01025
1
0.231821
0.324398
0.491713
0.797666
0.0418067
1
1
0.0866777
0.833699
0.0507355
0.201166
0.436649
0.052475
0.352558
0.24343
1
0.569687
0.207585
0.196046
0.221576
0.643102
0.512173
0.121435
1
0.0608714
0.41273
0.834159
0.0333416
0.0317519
0.0226118
1
0.680402
0.503684
0.123657
1
0.32743
1
0.431594
0.0227996
0.417344
1
1
1
1
0.0969972
0.254179
0.259976
0.697717
0.573722
0.00710634
1
1
1
0.77837
0.665499
0.268831
1
1
0.290602
0.55105
0.480526
0.588896
0.7195
1
0.0601695
0.343885
0.196362
0.210009
0.846743
0.274268
0.246394
0.889049
0.300552
0.288952
0.0581015
1
0.329894
1
0.154589
0.351334
0.362541
0.161593
0.327903
0.585415
0.100165
0.264783
1
0.0496414
1
0.41287
0.57206
1
1
1
0.496748
1
0.227092
0.463395
0.798514
0.29606
0.709184
0.177321
0.0663153
0.101725
0.0730326
0.36372
0.215875
0.864861
0.368221
0.114406
1
0.164935
0.141642
0.205608
1
0.27634
0.291137
1
0.202275
0.341254
0.233958
0.185244
0.0346618
0.57563
0.0945026
0.0520561
0.112964
0.856986
0.190708
0.0538017
1
0.0669625
0.783816
0.201468
0.363684
0.0561067
0.271153
1
1
0.237971
0.606026
1
1
0.871947
1
1
0.204922
0.429034
1
0.970245
0.298697
0.656254
0.168182
0.436193
0.090256
0.993021
1
0.544468
0.128694
1
0.248669
1
1
0.0213441
0.522414
0.0421449
0.348689
0.676508
0.053276
1
0.406315
1
1
1
0.109057
0.212031
0.266698
0.181928
0.140359
1
0.089222
0.0447443
0.0477844
0.148165
0.937831
0.434258
0.594929
0.21113
0.205669
0.551911
0.120673
0.55455
0.306405
1
0.254138
0.387671
0.482474
0.282848
1
0.0706935
0.263203
1
0.394406
1
0.143199
0.0149407
0.164537
0.325114
0.537018
0.0047181
0.815243
0.303214
0.284712
0.461349
0.0539131
0.197865
0.659282
1
0.153292
0.825055
0.111338
0.626531
0.7906
1
1
0.382809
0.0115525
1
0.319577
0.12893
0.641415
1
0.769656
1
1
0.0335419
0.242657
0.0525553
1
0.480524
1
0.090994
0.0205198
1
0.95518
0.892946
1
1
0.478263
0.308052
0.206499
0.0363211
0.184254
0.610842
1
0.813306
0.524365
0.565411
0.699258
0.495868
1
0.459393
1
0.16168
1
0.573635
0.0608559
0.0474119
1
0.738124
0.11434
0.705027
0.915432
0.39966
0.941272
1
0.199057
0.366171
0.864533
0.18237
1
0.876275
0.41896
0.97872
0.139436
0.197657
0.00788586
0.276775
1
0.176295
0.167849
0.289836
0.426036
0.745999
0.325365
0.100442
1
0.345726
1
0.0514419
1
0.222493
0.398441
0.74747
1
0.610009
0.89441
1
0.196542
0.856779
0.467175
0.157504
0.122034
0.0891352
0.671824
0.0318681
0.892772
0.287413
0.391584
1
1
1
0.208693
1
0.108432
0.656004
0.826753
1
1
1
0.304254
0.726621
0.216157
1
1
0.73095
0.050379
0.291064
1
0.0996051
0.190228
0.174912
1
1
0.30916
0.811386
0.392941
1
1
0.0383703
1
0.0224146
0.0273033
0.524126
0.360776
0.0633624
0.153981
0.178396
0.030757
0.0156731
0.148852
0.671263
1
0.611231
0.626533
0.357847
0.91552
1
0.161451
1
0.21994
0.800304
0.964297
0.183045
0.579853
0.343323
0.0373656
0.648708
0.14898
1
0.0544721
0.66252
1
0.457441
1
1
0.43442
0.194123
0.0560107
0.57412
1
0.0500007
0.235072
0.378662
0.561765
0.244476
1
0.123798
1
0.0499579
0.429656
0.338106
0.065769
0.979318
0.131256
0.213509
1
0.520674
1
0.741995
0.194579
0.192166
0.241237
0.502282
1
0.221469
0.0152114
0.165129
0.276775
1
1
0.0427603
1
0.900483
0.178091
1
0.399942
0.263694
0.184568
0.271697
1
0.0627587
0.776628
0.835128
0.329647
1
0.623907
0.0704166
1
0.413065
1
0.239572
0.402157
0.185323
0.246758
0.0240171
0.148967
0.785938
0.102773
0.141367
0.328566
0.32767
1
0.495406
0.166803
0.118682
0.431658
0.412249
0.113625
0.363814
0.250053
1
0.052574
0.22596
0.321044
0.19908
1
0.327823
1
0.28894
0.223809
0.111898
0.0465952
0.188203
0.673608
0.925804
0.395816
1
0.584107
0.65317
1
0.00806031
1
0.506981
0.0427936
1
0.096558
0.340136
0.408077
1
1
0.0350247
1
0.255674
0.4225
0.345592
0.797921
0.708949
1
1
0.295826
1
0.890771
1
1
0.816704
0.432385
0.424284
0.763776
0.557099
0.620392
0.0697016
0.165068
0.541926
0.295057
1
1
0.773414
0.0116385
0.448867
0.160488
0.370761
0.807854
1
0.117467
0.364976
0.0864612
0.701412
0.32002
1
1
0.261405
0.61724
0.941503
0.0714214
0.446784
0.316837
0.0126329
0.0468179
1
0.687531
0.0410397
0.625823
1
1
0.413734
0.175317
0.581584
0.87488
0.179141
0.32955
1
0.381419
1
0.466677
0.0756326
0.967732
0.655577
0.396916
0.548608
0.687546
1
0.0193268
0.564533
0.0197114
0.325284
0.223563
0.774315
0.29663
0.884351
0.1401
0.694186
1
1
0.601175
1
0.106498
0.252509
1
0.635815
0.171942
1
0.509647
0.422584
1
1
0.464504
0.254358
0.157519
0.0232062
0.806957
1
0.0499251
0.040595
0.0455669
0.483348
1
0.69137
1
0.904059
0.0372747
0.326034
1
0.261666
0.521855
0.29958
1
1
0.136304
0.493011
1
0.374941
1
0.132302
1
0.703446
1
0.30932
0.5645
0.405667
0.657292
0.450261
1
0.0578048
0.0280787
0.372005
0.273221
0.234798
0.267726
0.278106
1
1
1
1
0.242334
0.518119
0.73147
1
0.254273
0.245488
0.148066
1
0.123496
0.335762
0.95922
0.276066
0.257417
0.369874
0.0634133
1
0.162808
0.0535427
0.0806623
0.622287
0.219783
0.0890804
0.0651338
0.0823505
1
0.260452
1
0.780778
0.278396
0.974299
1
1
0.329254
1
1
0.793748
1
0.0398619
1
0.0980247
1
1
0.0248663
0.0895722
0.370212
0.389764
0.297758
0.389775
0.62792
1
1
0.377017
1
0.332433
0.552988
0.257054
1
0.382113
0.696702
0.183342
0.222133
0.204158
0.246019
0.222165
0.10808
0.172585
0.0638127
0.634248
0.270816
0.497011
1
0.227001
1
0.0442025
0.343448
0.00783368
0.223304
0.0790472
0.0319271
0.0295651
0.432847
0.0632732
1
0.163848
0.59067
0.392558
0.73521
0.371565
0.333382
0.205641
0.836931
0.559143
1
0.329148
0.246463
0.308581
0.0794309
0.422132
1
0.138229
0.289473
1
0.0766537
0.162433
0.59752
0.541825
1
0.0818275
0.597575
1
0.764779
0.061896
0.178381
0.641682
0.279841
0.413234
0.0466763
0.0740068
0.155304
0.674124
0.0329162
0.0265896
1
0.10883
1
0.140816
0.204691
0.282393
0.45401
1
1
0.355725
0.224357
1
0.219003
1
0.600118
0.216567
0.935096
1
1
0.114172
0.137264
0.357956
0.437136
1
0.19223
0.413137
0.586047
0.329397
0.0979565
0.0550468
0.313105
1
0.149214
1
0.190667
0.507016
1
1
0.668745
1
0.226105
0.22877
0.482834
0.0390353
1
1
0.0746065
0.00316962
0.225957
0.24901
0.611876
0.110718
0.320282
0.0743127
1
0.267297
0.225518
0.722533
0.173758
0.124726
0.770013
0.319739
0.616262
0.237631
0.261611
0.0940807
0.179047
0.463068
1
0.121301
0.84663
1
0.190887
1
1
1
0.896423
1
0.679273
0.641354
0.307725
1
0.437974
1
0.239555
0.38963
0.0587935
0.107464
0.606708
0.319056
0.485724
1
1
1
1
0.490062
0.256885
0.0576251
0.480266
0.573358
1
0.0538402
0.172551
0.0644009
1
0.998556
0.381049
0.199729
1
0.485548
0.163158
0.162471
0.413609
0.110035
0.0526352
0.0605961
0.10707
0.925446
0.170839
0.423261
1
0.542184
0.405331
1
1
0.663547
0.0962489
0.0365464
1
0.308877
1
0.799199
0.223723
0.318356
0.685099
1
0.499737
0.998587
0.725939
1
1
0.0429411
0.332256
0.460519
0.541957
0.681518
0.66576
0.886969
0.529249
0.282793
1
0.4174
0.920991
0.208687
0.363469
0.0647253
0.250867
0.366931
0.820005
1
0.0193141
0.512338
1
1
0.73312
0.144557
0.136587
0.64672
0.962225
0.9283
0.110912
0.0262485
0.301524
1
1
0.355414
0.750244
0.0876849
0.866241
1
0.475443
0.450721
0.142601
0.140727
0.273167
1
0.64265
0.945675
1
1
0.0834504
0.756766
1
1
0.121953
0.350904
0.448733
1
0.038628
0.0628148
1
0.941496
1
1
0.658014
0.221046
1
0.17456
0.0903274
0.056442
0.147186
0.0986108
0.0202798
0.211292
0.068939
1
0.134895
0.26335
0.0339666
1
1
0.298896
0.667569
0.729437
0.136829
0.524867
1
0.534615
0.292602
0.538427
0.166447
1
0.580783
1
0.212717
0.415465
0.586227
0.0392987
0.536152
0.768638
0.127434
0.398029
0.903318
0.189033
0.00531344
0.228289
0.822702
1
1
0.0534168
1
0.559459
0.171161
0.00650834
0.379675
0.00662943
0.525121
1
0.0661351
0.263951
0.468135
0.0409035
0.0412127
0.0788428
0.264569
0.522453
1
0.966946
0.424235
0.191957
0.747362
0.120134
0.297922
0.677734
0.167459
0.828979
1
0.504909
1
0.475073
1
1
0.972673
0.288614
1
0.396936
0.102487
1
0.0399729
1
1
1
0.0149861
0.536658
1
1
1
0.097359
0.0460931
0.0680876
0.18611
0.0412409
0.528252
0.0783417
0.230834
0.673144
0.0455293
0.209559
0.856942
1
0.720618
1
0.184622
1
0.550099
0.289461
1
0.162824
0.416076
0.566052
0.44511
0.4063
0.153715
0.251715
1
1
0.836326
0.0361213
0.148386
0.337966
0.520377
1
0.341148
0.938496
0.0648586
0.178516
0.0516902
0.29786
0.605673
1
0.111117
1
0.97697
1
1
0.0551223
0.171092
0.106305
0.168252
0.048583
0.482001
0.50997
0.132855
0.642562
0.203308
0.860711
1
0.0518698
0.0427848
0.0696453
0.636145
0.738441
0.653488
1
0.234056
0.192383
1
0.860476
1
0.07141
0.663587
0.359554
1
0.285677
0.347418
0.845956
0.789179
0.15309
1
1
0.483902
0.154314
0.177204
0.0774242
0.148758
1
0.0954284
1
0.174355
1
0.779862
0.43649
0.604918
0.355029
0.108654
0.542405
0.0851966
0.933453
0.0422469
0.312647
1
0.263478
0.758562
0.189168
0.148207
0.716592
0.461463
0.653216
1
0.909558
0.472357
1
0.0151696
0.064273
1
0.0412619
1
0.0413626
1
1
0.309485
0.100764
1
1
0.184493
0.64007
0.45657
0.826624
0.16229
0.536793
0.123427
0.534139
0.442181
1
0.263104
1
1
1
0.0489749
0.11409
0.391121
0.115677
0.200061
0.108098
1
0.204114
0.565409
1
0.180135
0.459552
0.162008
0.282103
0.141499
0.0619363
0.380053
1
0.106843
0.0462832
0.202502
0.125348
0.106375
0.341619
0.0767925
0.790473
1
0.0583092
0.176253
0.943906
0.197658
0.229864
0.546225
0.38283
0.815247
0.455484
0.298978
1
1
0.717945
1
0.168458
0.255632
0.293061
0.738167
0.625342
1
1
0.184686
0.426144
1
0.0559002
1
0.442983
0.0507325
0.344173
1
1
1
1
0.659986
0.480905
0.0236896
0.0833482
1
1
0.213005
0.360357
0.487512
0.583556
0.326351
0.267254
0.465612
1
0.159585
0.921552
1
1
0.216003
0.918859
0.129348
0.799506
1
0.11129
0.529326
1
1
0.210434
1
1
0.348614
1
0.387294
0.862759
1
1
0.564555
0.608249
1
0.136649
1
1
0.772418
0.18045
0.85187
0.151461
1
0.183347
0.34083
1
0.643668
0.0338761
0.0398148
0.0259247
0.686277
1
1
0.193829
0.242885
0.178306
1
1
1
0.87685
0.14957
1
0.404264
1
0.0676685
0.21827
1
0.126985
1
0.120329
1
0.153557
0.457831
0.0680037
1
1
0.0704436
0.243922
0.138549
0.0531789
0.192164
0.226337
0.423462
0.19319
0.378118
1
1
0.121782
1
0.880854
0.418459
0.830237
1
0.774883
0.294052
1
0.0460017
0.110641
0.93033
1
0.170675
0.566112
0.273387
0.333559
0.216023
1
0.126808
0.675598
0.467158
1
0.938732
0.613549
0.115051
0.191345
0.315994
0.0534
1
0.457882
1
0.266662
0.337826
0.0463434
0.464979
0.0891986
1
1
0.124401
1
0.0436007
1
0.0799868
0.124981
0.388035
1
0.311458
1
1
0.0487544
0.394295
0.197008
0.108068
0.170251
0.12026
0.147878
0.121463
0.148313
0.0959472
0.0617724
0.166334
0.0553575
1
0.0575735
0.131492
0.50102
0.0721794
0.137547
0.217069
0.199005
0.0200274
0.608066
0.00839787
0.127865
0.188104
0.623958
0.816783
0.265726
0.0422916
1
0.106157
0.0305497
0.414833
0.0905753
0.182945
0.0865333
1
0.145099
0.0393275
1
0.240231
0.457662
1
0.209016
0.0929212
0.0530151
0.0785827
0.530401
1
0.991363
0.979118
0.245745
0.036959
0.67876
0.380946
0.342892
0.853574
0.491311
1
1
0.18857
0.436263
0.0167832
1
0.126487
0.699636
0.108725
0.168827
0.0566571
0.325143
0.251286
0.878498
0.632372
0.436543
1
0.840951
1
1
0.224111
1
0.0770273
0.589952
0.786948
1
1
0.0538003
0.136123
0.666735
0.645871
1
0.412906
0.149766
0.640833
0.335906
1
0.0733207
0.749922
0.125088
0.576333
0.317721
0.0568414
0.496047
0.386964
1
0.214155
0.225806
1
0.321984
1
1
0.3686
0.367717
0.177613
0.208297
0.257789
1
0.158132
1
1
0.235129
0.168519
0.310292
0.0290349
0.55773
1
0.00522766
0.673995
0.336564
1
0.263678
0.168717
0.422741
1
1
0.103216
0.429165
0.859451
1
0.239919
0.462534
0.816816
0.0675309
0.541759
0.858655
1
0.271782
0.058528
0.0907922
0.897747
1
1
0.730264
1
0.465324
1
0.171069
0.108191
0.64319
1
0.310055
0.189562
0.642068
0.647458
1
1
0.0629916
0.0259289
0.0998987
0.114257
0.348259
1
0.119213
0.245752
0.729228
1
1
0.902765
1
0.442362
0.121618
0.145624
0.784032
0.0198691
0.104731
0.0870524
0.0643017
0.530684
0.104547
1
0.159105
0.035471
1
0.165637
0.393645
1
0.714332
1
0.331542
0.0771032
0.369085
0.34233
0.134017
1
0.457183
0.101334
0.084269
1
0.154652
1
0.0788793
1
0.106255
0.238023
0.0919794
0.419415
0.0512332
0.4553
0.253094
0.349429
1
0.25367
1
1
0.0489931
0.806366
0.0938373
0.206047
1
1
0.146388
1
1
0.192794
0.678811
0.245153
0.266229
0.0378895
0.423629
1
0.124312
0.056604
1
0.0426209
0.0490398
0.0842858
0.76348
0.121257
0.603864
0.697031
0.847942
0.23709
1
0.36444
1
0.543375
0.526822
0.438434
1
0.479184
1
0.767534
1
0.219945
0.223605
1
0.497332
1
0.390859
1
0.463409
1
1
0.304649
0.666954
0.0437178
0.215235
1
0.976539
0.830961
0.0922136
0.275632
1
0.229944
1
0.0313375
1
0.184757
0.507189
0.117481
0.354787
0.0397017
0.283786
0.257611
0.434773
0.0708313
0.853336
0.53135
0.0138164
0.196231
0.882381
0.146397
0.606001
0.711136
0.999591
1
0.188112
1
0.202785
1
0.40344
0.571721
1
0.3011
1
0.0414718
0.2422
1
0.383188
0.129571
1
0.419857
0.708742
0.274368
0.0869948
1
0.736456
0.269688
0.151117
0.519243
0.521811
1
0.254045
0.0381654
1
0.344144
0.401443
0.147452
0.837244
1
1
0.923191
1
0.995342
1
1
0.0505817
0.082831
0.139897
0.284758
0.820006
1
0.167195
0.388006
1
0.239578
0.572918
0.869652
1
1
0.0263559
0.0519238
0.164026
1
0.56127
0.0260566
0.30445
0.776979
0.134558
0.133695
1
1
0.687828
0.284595
0.352418
1
0.0315151
0.133761
0.38376
0.347754
0.0612138
1
0.375144
0.443345
1
0.205015
0.119324
0.084112
1
0.338426
0.819765
0.78077
1
1
0.116256
0.961568
0.692617
0.178233
1
1
1
1
0.132032
0.0437377
0.284077
0.728352
0.316168
0.222914
0.0444841
0.373033
1
0.278838
0.100511
0.3841
0.272255
0.0353099
0.0163895
0.904517
0.537228
0.294033
0.664074
0.416537
0.543951
1
0.341403
0.118422
0.0512184
0.97165
1
1
0.0699663
0.0211159
0.23523
1
0.710805
1
0.154648
0.204101
0.101767
0.615584
0.93852
0.249414
1
0.364009
0.585678
0.281878
0.482504
0.161381
0.183738
1
1
0.0929445
0.926898
0.173672
0.0953103
0.182272
0.683156
0.0149291
1
0.016172
0.119944
0.626467
1
0.230391
0.453066
1
0.218029
0.0802689
0.323203
0.540028
1
0.459385
0.77482
1
0.530583
1
0.128516
0.167829
0.105624
0.387968
1
0.377979
0.0502705
0.414283
0.980536
0.201417
0.612065
0.72474
0.756292
0.145575
0.666073
0.315929
0.119071
0.524191
0.210417
0.597382
1
0.0823393
0.839619
0.0289831
0.117421
1
0.339966
0.204145
1
0.252823
1
1
0.366592
0.565747
0.271674
0.166661
1
0.517789
1
1
0.0525983
1
0.277846
1
0.27077
1
0.151097
0.00563072
0.139999
0.0268937
0.0130672
0.0689442
0.109507
0.0769543
0.236512
1
0.36811
0.850637
0.491706
0.071177
1
0.230775
0.287038
1
0.177835
1
0.801129
1
1
0.0191878
0.185208
0.668386
0.601219
0.483288
0.298697
1
1
0.501687
0.135093
0.0869007
0.752292
0.262056
1
1
1
0.221104
0.799234
0.351451
0.12843
0.393564
0.045637
0.0261525
0.0186638
0.61155
1
0.40475
0.549118
0.221051
0.0505901
0.0730791
0.451303
1
0.0143016
0.338395
0.469956
0.512392
0.24786
0.380785
0.341012
0.893857
0.785922
0.106554
1
0.124261
0.060983
0.207648
0.443814
1
0.369414
0.115884
0.335366
0.0207299
0.0425729
0.606459
0.0713167
0.149648
0.0433933
0.436901
0.802734
0.154612
0.132779
1
0.0536764
0.0348209
0.266311
0.272765
0.611454
0.469181
0.435388
0.412524
1
1
0.530364
0.0389939
0.633877
1
0.0373442
0.198284
1
0.679337
0.106642
0.507087
0.354402
0.890043
1
0.0482345
0.648283
1
0.0536468
1
1
0.617421
1
0.314807
0.638986
1
0.0843811
0.0915745
0.028228
0.224268
0.115445
0.462678
0.611365
0.628395
0.300303
1
0.394337
1
0.037074
0.152784
0.260558
0.0880034
0.290409
0.16082
0.643934
1
1
0.0424085
0.470012
0.369135
0.992998
0.906459
1
0.851438
0.0434591
0.105944
0.173999
0.447456
1
1
0.810185
0.351417
0.407329
0.58744
0.296905
0.572959
0.308304
1
1
1
0.871495
1
1
0.701253
1
1
0.226674
0.938523
0.174768
1
0.338431
0.103832
0.794354
1
0.878062
0.00685745
0.502507
1
1
0.131038
0.192619
0.00513706
0.762813
0.772858
0.218679
1
1
0.399031
0.212783
1
0.784823
0.807338
0.994714
1
0.172835
0.214195
1
1
0.217332
0.411147
1
0.566951
0.288253
0.579699
0.0853774
0.530288
0.421466
0.286565
1
1
1
0.123124
0.097582
0.451612
1
0.517242
1
0.199157
0.117308
0.298639
0.217618
0.798395
1
0.228618
0.640813
0.362915
0.978687
0.51958
0.519163
1
0.245544
1
1
0.025494
0.170992
0.226248
0.392801
0.730165
0.257642
0.0366641
0.575298
1
1
1
0.0557987
0.151733
0.990153
0.295012
1
0.445764
0.236774
0.430335
1
0.300526
0.0448074
0.771868
0.11412
0.0255617
0.164965
0.102215
1
0.680804
1
0.197983
0.0278069
1
1
0.497168
1
1
0.108338
0.165842
0.00672024
0.634615
1
0.0334962
0.217259
0.0849993
0.331417
0.781982
1
1
0.389224
1
0.0658323
0.486397
0.132257
0.142559
0.560225
0.497329
1
0.249238
0.121401
0.120854
0.174641
0.302702
0.0503703
1
0.456841
0.140059
0.346229
0.0828216
0.0948115
0.843139
0.0758774
0.146623
0.827352
0.213586
0.300004
1
0.512846
0.728297
1
0.0406932
0.0641573
1
0.264195
1
0.287523
1
0.121704
0.137647
1
0.185844
0.0281183
0.851123
0.0691102
0.2302
0.429104
0.350966
0.223026
1
1
0.263182
0.873879
1
1
0.1605
0.613209
0.0926435
1
0.200999
1
1
1
0.35734
0.355487
0.144293
0.120379
0.173949
0.120387
1
0.0455793
1
1
0.157954
0.0906626
0.281211
0.224532
0.371845
0.144997
1
0.458561
0.0433665
0.0366006
1
0.55575
0.0341115
0.103325
0.114224
1
1
0.357775
0.361232
0.329646
0.816522
1
1
1
0.0549153
0.0345665
0.220009
0.158617
0.156445
1
0.996764
0.108918
0.699122
0.0226145
1
0.541711
0.145893
1
0.539375
1
0.354493
0.0669757
0.0543916
0.730738
0.397622
0.148919
0.170538
0.965788
0.787697
0.0799021
0.239673
0.363241
0.371882
0.512084
1
0.170363
1
0.470665
0.442411
0.671413
0.958634
1
0.00350444
0.191221
1
0.349321
1
0.515898
0.586838
0.158829
1
0.157115
0.799641
1
0.0404106
0.399598
1
0.684587
0.572818
0.127395
0.331401
0.562917
0.20323
1
0.0678564
0.308932
1
0.622327
0.0655032
0.674341
0.591548
0.204753
0.303062
1
0.402124
0.672974
0.706407
0.632456
1
0.928687
0.538453
0.120619
0.303812
1
0.0774727
0.10638
1
1
0.126072
0.0392548
0.379784
0.300546
0.251269
1
1
0.421607
0.700599
1
1
1
0.61363
0.422491
1
1
0.349819
0.351425
1
0.0203271
0.313882
0.197324
0.509046
0.0120842
0.0965482
1
0.470432
0.867586
1
1
0.131895
1
1
1
0.0213003
0.177094
0.141142
0.357818
0.0914725
0.184791
0.163862
0.172411
0.277958
0.0335814
0.186012
0.218966
0.246075
0.300466
0.177095
0.0584734
0.14812
0.211763
1
0.180748
0.0510207
0.870738
1
0.209513
0.112025
0.269071
1
0.364004
0.97131
1
0.483236
0.845169
1
0.173134
0.714529
1
0.0432676
1
0.440401
1
0.258917
0.511595
0.265745
0.280517
0.150274
0.589889
0.291861
0.440495
0.60479
0.192892
0.214637
0.390295
0.530914
0.632682
1
0.770418
1
0.101513
0.0705709
0.678236
1
0.185556
1
0.238376
0.277327
1
0.887706
0.0882032
0.561441
0.629955
1
0.365042
0.526052
1
0.345341
1
0.113142
0.342989
0.323189
0.94048
0.837409
0.363703
0.233296
1
0.950765
1
0.409275
0.537898
0.132059
0.746856
0.675165
0.276908
1
0.788926
0.142914
0.324691
1
0.795645
0.254376
0.120865
0.208707
1
0.223504
0.793732
0.0482777
0.708091
0.152155
0.984953
1
0.251664
1
0.0663676
0.15281
1
0.174775
0.265724
1
0.693726
0.0732166
1
0.124
0.458817
0.481614
0.678139
1
1
0.255178
0.186225
0.170241
0.804107
1
0.469657
1
0.122835
0.227963
0.0948992
0.295071
1
1
0.373894
0.170999
0.292381
0.0735548
0.924396
0.0698773
0.70458
1
0.59117
1
1
0.802439
0.722293
1
0.604454
0.087656
0.692108
0.241735
0.745578
1
0.553954
0.30631
0.362261
1
0.608553
0.0629836
0.187091
1
0.0849515
0.311988
0.898229
1
0.397771
0.084101
1
0.642963
0.491189
0.348968
0.0610602
0.204005
0.12984
0.52042
1
1
0.075983
0.108603
0.0900069
0.151538
0.143351
0.0344301
0.314683
0.357478
0.720778
0.165061
0.551535
0.131222
1
0.891505
1
0.285012
1
0.653637
0.246556
0.336886
1
0.430481
0.0409963
0.377765
1
0.170283
0.0350441
1
0.241032
0.0849055
0.859981
0.110281
0.0296695
0.893366
1
0.0243768
0.379827
1
0.795789
1
0.278874
0.0423691
1
1
1
0.0871602
0.528814
1
0.0711435
0.111772
1
0.404214
0.426945
0.394324
0.31851
0.504235
0.13318
0.731353
0.12332
1
0.34569
0.244308
0.493637
1
0.9217
1
0.0278457
0.167939
0.164609
1
0.0638011
0.111155
1
0.781003
0.237087
0.572231
1
0.77134
0.0876222
1
1
0.545868
0.144045
0.444647
1
0.0591103
0.837117
0.026265
0.47906
0.349623
0.723752
1
0.094856
1
1
0.284806
1
0.337502
1
0.537714
0.11726
0.126256
0.185757
0.187417
0.337996
0.737996
1
1
0.0153331
1
0.14708
0.230011
0.259299
0.66733
1
1
1
0.130847
0.0376824
0.048928
0.309047
0.551985
0.124966
0.964711
0.793191
0.160662
0.622677
0.377512
1
0.0490948
1
0.616954
1
0.0993525
1
0.198332
0.049539
0.353894
0.0669141
0.0314352
0.0786647
0.313237
0.0609501
0.0366528
0.334161
1
0.347345
0.372285
1
1
1
0.0862007
0.160661
0.138929
1
0.0188287
0.48039
0.148202
0.14966
0.551058
0.437684
0.144089
0.0940326
1
0.966257
1
0.645882
0.0953166
1
0.390318
0.551759
0.321433
0.721474
0.661167
0.627307
1
1
0.154967
0.455883
0.0763044
0.467115
0.0933218
0.465072
1
1
0.402582
1
0.0932892
0.762277
0.0921737
1
0.0732147
0.119344
0.0255702
0.55181
0.310436
0.998752
0.0292094
1
0.115738
0.10616
0.368255
0.831077
0.662524
1
0.266309
0.126271
0.636977
0.198564
1
0.113808
0.207728
0.107312
0.361652
0.377821
0.468387
1
1
1
0.109186
0.032457
0.0840682
0.844762
0.792865
0.72365
0.871593
1
0.233161
1
1
0.534866
1
1
1
0.146861
0.475268
1
0.32712
1
0.516896
0.0782818
0.0870861
0.653609
1
0.498244
0.871108
1
0.418619
1
0.511736
1
0.425245
0.0609909
0.0489358
0.102475
0.309125
0.275297
1
0.370458
0.153858
0.0241898
1
0.141652
1
0.180557
0.642317
1
0.0874029
0.660204
1
0.727356
0.0708814
0.552041
1
1
0.105794
0.15889
1
0.0728204
0.0583667
0.511155
0.474638
0.470604
0.0805143
1
0.302827
1
0.330091
0.222292
0.196003
0.120719
0.0957257
0.627951
0.201298
0.355776
0.047738
0.521162
1
0.993795
0.508075
1
0.641906
0.348988
0.0455125
1
1
0.190676
1
0.72535
0.455292
1
1
1
0.168837
0.639396
0.028177
0.129643
0.347348
0.52672
1
1
0.112013
0.78395
0.616855
0.62129
0.105146
0.392001
0.046632
1
0.0570768
0.940132
0.446536
0.022997
0.286548
0.348254
0.615945
0.388869
0.085802
0.174152
0.184518
1
0.308534
1
0.890536
0.726451
0.198557
1
0.682057
1
0.187914
0.227698
0.123403
0.313944
0.275064
0.563262
0.222981
0.276966
0.172431
1
0.461774
0.0833407
0.294572
0.16337
1
0.118966
1
0.0932473
0.154464
0.107142
0.0817899
0.218241
0.123632
1
1
1
0.0290183
0.139557
0.199484
0.291908
0.157626
0.481736
0.73117
0.339566
0.943794
1
0.0386276
0.269656
0.0628589
0.191464
0.0986342
0.352887
0.134303
0.0536011
0.153218
0.0972497
0.354428
0.387745
0.270893
0.180719
0.646495
0.652507
1
0.0437848
0.534234
0.473298
0.405495
0.122684
0.0533521
0.359574
0.398384
0.00620487
1
0.072499
0.682582
0.305602
1
0.0303914
1
0.123881
0.00997625
0.500588
1
0.0622285
0.314566
0.84851
0.603298
1
0.0540792
0.126676
0.0485357
0.113509
0.12895
1
0.464371
0.477432
0.0977374
0.585368
0.166888
0.0664184
0.635308
1
0.675435
0.835308
0.248724
0.857605
1
0.10757
0.762906
0.0338375
0.241623
1
0.121892
0.141549
0.117646
1
0.518036
1
0.179101
0.164681
0.114094
0.634637
1
0.0886744
1
0.899876
0.640673
0.449606
0.997422
0.286313
0.300382
0.772559
0.0302153
0.314315
0.499614
0.172279
1
0.035519
0.208789
0.696345
0.396726
0.162924
0.295758
1
0.184948
1
0.822124
0.413479
0.117183
1
0.0393879
0.149975
0.119825
1
0.555569
0.157835
0.108786
0.257091
1
0.155351
0.984704
0.318328
0.024811
0.286098
0.089025
0.0881938
1
1
1
1
0.0264012
0.193801
1
0.458773
0.347361
0.201009
1
1
0.0315294
1
0.411727
1
0.498538
0.166559
1
0.198046
0.200715
0.459923
0.0500161
0.60601
0.436851
0.355396
0.833368
0.837921
1
0.291468
1
0.452639
1
0.713538
0.487783
0.486015
0.203485
0.0622295
1
0.531061
0.0652794
0.132727
0.119064
0.114041
1
0.0510968
0.0251241
0.102291
0.914395
0.107725
0.265278
0.226839
0.0529911
0.0426747
0.191456
0.0920234
0.0166455
0.0696702
1
0.242017
1
0.315811
0.102218
0.507675
1
0.519248
0.163857
0.326622
0.172502
0.161342
0.52021
1
0.852476
0.0640118
0.0759792
0.301979
0.365815
0.0890132
0.246694
1
1
0.127369
0.0426955
1
0.428137
0.0335302
0.561824
1
0.35346
0.0102896
0.126709
0.147627
1
0.621891
0.535099
0.154652
0.643798
1
0.349039
0.122339
0.777762
0.291542
0.873672
0.935806
1
0.101778
1
1
1
0.188675
0.162865
0.110371
1
0.232517
1
0.087588
0.163167
0.0622039
0.205732
1
0.24708
1
0.570689
0.0840431
0.0388718
0.0901663
1
0.45533
0.754172
1
0.423329
1
0.196497
1
0.0941011
0.583211
1
0.833062
0.12754
0.826737
0.61655
0.974521
1
0.200403
0.767005
0.288381
0.904709
0.604285
1
0.246756
1
0.0672348
0.189005
0.23143
0.616873
0.691055
0.361335
1
1
0.0188277
0.325156
1
1
0.691301
0.215392
0.0857212
1
0.409736
0.180646
0.81381
0.597429
0.0778868
0.712322
0.0588008
1
1
1
0.0830192
0.362249
1
0.728592
0.60321
1
0.839014
0.357306
0.0326575
1
0.0390488
0.0648254
1
0.731909
1
0.0553571
0.424462
0.0664989
0.665188
0.164328
0.0260375
0.177826
0.185944
0.76838
0.608661
0.736593
0.250945
0.326315
0.197637
0.725812
0.504705
1
1
1
0.564488
0.0529971
1
0.103024
0.141414
1
0.233755
0.762287
1
1
0.320052
1
0.264787
1
0.154653
1
1
1
1
1
0.472568
0.689211
0.490542
0.845452
0.212889
0.410684
1
0.176919
0.988522
0.203505
0.618985
0.330393
1
0.735473
0.281125
1
0.524879
1
0.584505
0.016145
1
0.156063
0.215992
0.0392876
0.114379
1
0.432028
0.0236158
0.319448
1
1
0.0362617
1
1
1
0.415673
1
0.955559
1
0.171689
0.186135
0.248341
0.405851
0.506343
0.234393
0.373179
0.00650909
0.555956
0.904646
1
1
1
1
0.968846
0.0359823
0.27938
0.135684
0.789214
1
0.880784
1
0.151351
1
1
0.0555961
1
1
0.085635
0.191505
0.0154569
0.170834
0.322659
0.356313
0.252443
0.362714
0.343261
0.409179
0.377123
1
0.980118
0.197724
0.105447
0.101549
1
0.12347
0.12413
0.76353
1
0.0517572
1
0.445017
0.701486
0.446103
0.175191
1
0.12853
0.109931
0.203103
1
1
0.861705
1
0.16824
0.155093
0.186039
1
0.264417
1
1
0.650632
0.0906308
1
0.0352098
0.890323
0.163524
0.831137
1
1
0.194649
0.0612154
0.943135
0.0361667
0.146738
0.188361
0.6295
1
0.445057
0.441197
0.637449
1
0.326247
1
0.288125
0.488678
1
1
0.719774
0.613501
0.312193
0.575102
0.0760358
1
0.585537
0.886007
0.291793
1
0.291037
0.064173
0.615574
0.046779
0.990318
0.206555
1
0.45555
1
0.738821
0.48162
0.0173195
1
1
1
0.176011
0.655352
0.0897051
0.642886
1
0.0182216
1
0.399422
0.18162
1
0.642331
0.570922
1
0.0688961
0.286361
0.0664496
0.924542
0.275705
1
0.541028
1
0.173534
0.0490283
0.523614
0.0508775
0.723366
1
0.136433
0.350182
0.141454
0.985926
0.224623
1
1
1
0.215028
0.184887
0.342162
0.258094
1
0.768504
1
1
0.34717
1
0.564811
1
0.358739
0.926689
1
0.961745
0.278188
0.157507
0.438239
1
1
0.406041
0.0354481
0.431595
0.122044
0.357294
1
1
1
0.242586
0.699201
1
0.0251841
1
0.421027
1
0.0315359
0.0453568
0.930983
1
0.294545
0.454794
0.155102
0.65301
0.333075
0.244544
1
0.100339
0.0552117
0.223318
0.297845
0.364256
0.0936516
0.0778741
0.0888785
0.381417
1
0.0265398
1
0.828435
0.596553
0.899993
0.296662
0.145732
1
0.109542
1
0.494137
1
0.269998
1
0.0327828
0.187684
0.268799
1
0.381888
0.267335
0.141371
0.137841
1
0.712498
0.0755517
0.457083
0.164371
0.521259
0.496969
0.0401477
1
0.0923722
0.761678
0.219025
1
0.668298
0.251523
1
0.904504
0.0752868
0.0177902
0.202902
1
0.536562
0.492921
0.229509
1
0.315226
1
0.060077
1
1
0.409656
0.266174
0.93978
0.536651
0.208301
1
0.128959
1
0.0975149
1
0.151319
0.29438
1
0.748349
0.198662
0.538664
1
0.508845
0.629863
1
0.553084
0.259859
0.166768
0.753279
0.488279
0.0385105
0.255727
0.0199307
0.98633
0.333423
0.83803
0.442084
0.50574
1
0.0604573
0.0928204
0.594923
0.877065
0.416837
0.250483
0.297837
0.496744
1
0.25341
1
0.900813
0.379631
0.874549
1
0.0609998
0.163275
0.438714
0.105273
0.476272
1
1
0.235265
0.590139
0.476771
1
0.189816
0.743093
0.235011
0.315047
0.384584
0.118558
0.133008
0.0669932
1
1
0.141198
0.0847706
0.0228983
1
0.370074
0.494993
0.101515
0.440538
0.25724
1
0.753529
0.064821
0.817192
0.220695
1
0.551539
0.2497
0.885898
0.574379
1
1
0.586387
1
0.539492
0.0514414
0.110792
0.0540564
0.274837
1
1
0.0348969
0.596683
0.588071
0.282321
0.162011
0.278058
0.0380255
0.539105
0.825115
0.212256
0.592179
0.295026
0.157257
0.299007
0.557706
0.631337
1
0.189943
1
0.551428
0.00975802
0.82648
0.185185
0.407001
0.226944
0.112187
0.900712
0.955963
0.181138
0.171645
0.153246
1
1
0.568297
0.252873
0.184231
0.987574
0.550742
0.469416
0.0854969
0.740039
0.123836
0.0238193
0.708958
1
0.601701
1
0.787332
0.303993
0.197702
0.166271
0.568515
0.134496
1
0.0518789
0.306363
1
0.348567
0.698609
0.330542
1
0.031976
1
0.493084
0.106198
0.0484565
0.117613
0.590869
0.163372
0.616335
0.373554
0.495927
1
0.0759936
0.192907
1
0.481197
0.607623
1
0.523869
0.519032
0.0665187
0.0369318
0.18892
0.0988555
1
0.458861
1
0.25581
1
0.310686
1
0.830899
0.124905
0.11294
0.0804697
0.53447
0.973834
1
0.0654526
1
0.061639
0.767825
0.0751076
0.168626
0.064634
0.076199
1
0.35713
0.407333
0.368937
1
0.163476
0.502101
1
0.0371978
0.794826
0.435827
0.551485
1
0.100244
0.015808
1
0.332371
1
1
0.459455
0.704489
0.38042
0.311973
0.194875
0.567415
0.00762189
1
0.326868
0.0129665
0.292042
0.419138
1
0.166237
1
0.262441
0.183596
0.315908
1
0.848352
0.0548114
0.967333
1
1
0.110192
0.140863
1
0.296348
0.52797
0.811602
0.0451363
0.106891
0.220382
0.178773
0.558514
0.208817
0.133359
0.859701
0.0701504
1
0.937813
1
0.316271
0.292854
0.341457
1
0.193016
0.359011
0.491585
1
0.567025
1
0.519588
0.706494
1
1
0.0710795
1
0.940661
1
0.0909514
0.0249951
0.629651
0.225661
0.681805
0.109864
0.0342975
0.0888845
0.491481
1
0.73009
0.0189083
0.0807783
0.275119
0.270212
0.238284
0.181025
0.102627
0.148609
0.499885
0.0171288
0.198274
0.245268
0.407278
1
0.215802
0.606601
0.0729993
0.281186
1
0.133427
1
0.0123061
0.0656625
0.450687
0.781678
0.947993
0.701307
0.34028
0.301195
0.909586
0.128655
0.0492926
1
0.0736101
0.234746
0.282694
0.200176
0.15708
1
0.0752273
1
0.0543896
1
0.504859
0.146029
0.172403
0.0804981
1
0.887568
0.0970729
0.430947
1
0.0523644
0.58332
0.126222
0.456125
0.505039
0.0735355
0.105795
0.380774
0.225538
0.577716
0.136432
0.0342884
1
0.720275
0.322212
1
0.248303
1
1
1
0.151047
1
0.0386918
1
0.210402
0.600633
0.253193
0.317201
0.598551
0.15636
0.442502
1
0.287219
0.754387
0.847865
0.467236
0.102953
0.796885
1
0.697805
0.649898
0.232469
0.648849
0.900358
0.656994
1
1
0.839615
0.391398
0.585235
0.146771
1
0.51184
0.151881
0.0599058
0.851588
1
0.717362
1
1
1
0.684919
1
0.0978434
0.862668
1
0.484826
0.0784597
0.168636
0.781877
1
0.139426
1
0.386046
0.806463
0.275122
0.358142
1
0.0119025
0.146698
0.0373808
0.190719
0.0360321
1
0.855203
0.588797
0.281766
0.167147
1
1
0.13887
1
0.243095
0.380613
0.370143
0.0920675
0.545067
0.472498
0.972551
1
0.0931984
0.238402
1
0.347713
0.387441
1
0.00542162
0.0783714
0.021366
0.113158
0.206233
0.206575
0.206631
1
0.11915
1
1
0.0637393
1
0.145791
0.929061
0.741871
1
0.0922909
0.0648302
0.104216
0.689475
0.873151
0.214871
1
0.0668031
0.869643
1
1
0.0472939
0.113516
0.365364
0.17213
0.126272
0.0595188
0.148744
0.207235
1
0.220559
0.485797
0.172173
0.0221742
0.951086
0.0628457
1
0.173803
0.110398
0.28532
1
0.557515
0.159535
1
0.927814
0.315032
0.735637
0.182306
1
0.00715789
0.990765
0.273108
0.66679
0.345919
1
0.254656
0.0136792
1
1
0.0186672
0.0522342
0.983069
0.620434
1
0.328663
0.0693892
1
0.6173
0.512694
1
0.607648
0.317444
0.0696764
0.0533774
0.0270545
0.143502
0.280669
1
1
0.0689907
0.0552731
0.451305
0.4106
0.112189
1
0.040936
0.162566
1
0.43841
0.114061
0.0825153
1
1
0.0559725
0.956328
0.163242
0.407752
1
1
0.33012
0.713129
1
0.384251
1
0.295408
0.435586
1
0.259691
0.617125
1
0.131042
0.275996
0.727027
1
1
1
1
1
0.748171
0.612647
1
1
0.139102
0.758455
0.0353656
0.335655
0.0571585
1
0.313348
0.434147
1
0.385062
0.0817146
0.0572491
0.0443937
0.110405
0.388034
0.0219501
0.0724072
0.0593496
0.070684
0.13697
0.0706688
0.930241
1
0.209813
0.332258
0.170755
0.169298
0.137612
0.117013
0.450172
0.567583
0.119683
0.107856
0.21474
0.533659
0.35939
1
0.679551
0.0426807
1
0.0500319
0.0712037
1
0.250339
1
0.0267114
0.348575
0.470786
0.240743
1
0.0511924
1
1
0.0346152
1
1
0.243819
0.100739
0.239982
0.892035
0.807248
0.0271212
0.210563
0.329824
1
0.0309701
0.00953109
0.564226
0.023625
0.295183
1
0.386536
0.694211
0.41185
1
0.43021
0.094247
0.141062
1
1
1
1
0.691807
0.195548
1
1
1
0.365305
1
1
0.41107
1
0.348201
0.853458
0.795334
1
0.186657
0.765046
0.0314065
0.875252
0.101135
0.740421
0.459532
0.143204
0.121029
1
0.538478
0.136131
0.757996
0.178589
0.24177
0.285173
0.144302
0.621433
0.974295
0.475454
0.237076
0.988869
0.444527
0.73288
1
0.81377
0.345851
0.41159
0.38985
0.385149
0.546097
0.610488
1
1
0.130389
0.928064
0.591744
0.176329
0.0991167
0.112967
0.0640129
0.402519
1
0.509797
1
0.00745063
0.949179
1
0.290229
0.193833
0.209699
0.705211
0.230876
1
1
0.368828
0.107911
0.128637
0.0138219
0.16544
0.38231
0.295599
0.574845
0.0139122
0.114801
0.156154
0.307037
0.236236
0.644312
1
0.0727615
0.601268
0.0855469
1
1
1
0.811218
0.49388
0.577413
0.389158
1
0.397131
0.04969
0.859993
0.086981
1
1
0.202535
1
0.146439
1
0.68478
0.200428
0.722103
0.317398
0.980072
0.971734
0.0541856
0.25547
1
0.220886
0.39955
0.0269594
1
0.167563
1
0.439209
0.196525
0.428631
0.455735
0.0276624
0.252161
0.81042
0.498652
0.243458
0.0840129
1
0.106643
0.900073
1
1
0.275508
1
0.012435
1
0.0897128
1
0.263954
0.195974
0.212765
0.103331
1
1
0.274288
0.121099
1
0.924838
0.290866
0.282079
0.398147
0.192929
1
0.545678
0.0868287
0.82461
0.0453811
0.306762
0.330289
0.986857
0.621137
1
0.0971551
0.151244
0.268443
0.0589917
0.794585
0.745246
0.184666
0.151914
1
0.366159
1
0.546705
0.641436
0.178537
0.432019
1
0.183769
0.589667
0.798047
0.315989
0.0766136
0.675976
1
0.90437
0.162473
1
1
0.487801
0.0931114
0.548371
1
0.329662
1
0.84371
0.362855
0.245321
1
1
0.528579
1
0.443228
0.585026
0.929734
1
0.0567085
0.0849812
0.239011
0.1507
0.0815216
1
0.111371
1
0.772347
0.338323
0.792993
0.464519
0.34154
0.937372
0.975853
0.0546238
0.0147023
0.242363
0.377059
0.253643
0.502572
0.40491
1
0.89765
1
0.480119
0.875996
0.543807
1
1
0.557139
0.0891207
0.524708
0.0187934
1
0.278718
0.691864
0.111483
0.925014
0.0641325
0.610737
1
0.640604
0.12628
0.0982752
0.208325
1
0.429638
0.719534
0.417034
0.0437673
0.414709
0.0972985
0.139968
0.0417684
0.0574797
0.955155
1
0.516197
1
1
0.0279264
0.207796
1
0.83224
0.0380456
0.275384
0.288375
0.26026
1
0.380052
0.246686
0.200618
0.131125
0.251432
0.969601
0.413555
0.666056
0.350211
0.579702
0.0468742
0.222363
0.190765
0.303813
0.998837
0.114431
0.221385
1
0.313003
1
0.0300968
0.347379
0.136199
0.535925
0.62329
0.664562
0.15296
1
0.0826104
0.443968
0.915697
0.206292
0.743785
0.686588
0.208436
1
1
0.499678
0.566493
0.216293
0.192468
0.564767
0.707297
0.229027
1
1
1
1
1
0.00864857
0.0373504
0.0586479
0.350479
0.347843
0.186964
0.0959351
0.563753
0.174712
0.141886
1
0.432147
0.0243388
0.298186
0.136623
0.352525
0.0968208
0.155723
0.354235
0.901742
1
0.923919
1
0.5051
0.0408992
0.123108
0.405161
0.318227
0.807262
0.12569
1
0.0527109
0.104343
0.32068
1
0.150286
0.164485
0.831931
0.12911
1
0.645167
0.193721
0.0882885
0.115484
0.316346
0.610984
0.306335
0.46833
0.189737
0.414642
1
0.749426
0.672257
0.186993
1
0.0162218
0.0672554
0.328005
0.0869662
1
0.123085
0.26473
0.562782
1
0.136008
0.296087
0.0475
0.330195
1
1
0.892753
1
0.502165
1
0.293241
1
1
0.252183
0.550665
0.89927
0.591224
1
0.870925
0.254608
0.0734335
1
1
0.212213
0.0600278
0.646092
0.107881
0.486026
0.0235567
0.459514
1
1
1
0.126369
0.176762
0.80372
0.0231056
0.341716
0.24981
0.0584403
0.0854248
0.295779
0.177986
0.179028
1
0.0854606
0.0254925
0.364597
1
0.0585144
0.107476
1
0.228256
0.796397
0.524175
0.334991
1
0.322184
1
0.104826
0.444951
0.0775071
0.130928
0.63623
0.0503954
0.168096
0.328795
0.723927
1
0.0720682
0.801292
0.0905485
0.0616622
0.712402
0.425685
0.0683889
0.53201
0.196056
1
0.819071
0.3988
1
0.11585
1
0.245659
0.863835
0.319716
0.243967
0.13798
0.905317
0.163198
0.529664
0.304106
1
1
1
0.498265
0.0902461
0.495102
0.418459
0.497942
0.612356
1
1
1
0.0765807
0.334994
0.711123
1
0.511977
0.384961
0.224163
1
1
0.104794
0.429636
0.0526076
1
1
1
0.33094
0.199277
1
0.0691557
0.189322
0.328065
1
1
1
0.100494
0.10766
0.561766
0.761105
0.147112
0.304169
0.706313
0.135797
0.0546707
0.214775
0.335052
1
1
0.317731
1
0.188682
0.267443
0.261066
0.0781511
1
0.0100038
0.289922
1
0.35299
0.0846002
0.0822667
1
1
0.392866
0.424358
0.0800473
0.0127766
1
0.861892
0.205574
1
0.675362
1
0.536731
0.445417
0.105342
0.0264175
0.555522
0.703817
0.985043
0.490142
0.0826557
0.173811
0.108527
1
0.0200546
0.141543
0.215863
1
0.598604
0.253307
0.0672229
0.197992
0.198791
0.0861334
0.687206
0.521083
0.0454811
0.280677
1
0.341779
0.20418
0.11188
0.222293
1
0.0339387
1
0.207593
0.198426
1
0.81958
0.382791
0.535431
0.615857
0.0205625
0.389783
1
1
1
0.7064
0.758508
0.128697
0.272979
0.317716
1
0.322522
0.28591
0.876542
1
0.383967
0.281269
0.797252
0.309182
0.802834
1
0.199409
1
0.30029
1
0.279781
0.816117
1
1
1
0.350409
0.18836
0.0890729
0.163035
0.30533
1
0.339613
0.20556
1
0.214908
1
1
0.225919
0.645477
0.520183
0.0466105
0.0768929
1
0.090302
1
0.414302
0.0167187
0.0753151
0.412837
0.734898
0.0398175
1
0.0300051
0.389355
0.041148
0.867845
0.14531
1
0.194456
0.173293
0.608057
1
0.290346
0.378924
1
0.0591125
0.27131
0.0632539
0.343082
1
0.307515
0.588519
0.0417362
0.380539
1
0.802445
0.672682
0.371006
0.277697
0.575922
1
0.0882072
0.0781488
0.730607
0.583072
0.830361
0.381186
0.138513
0.474593
0.770112
1
0.509046
0.306027
0.523535
0.103371
0.216905
0.186001
1
0.650992
0.389219
0.130883
0.463472
0.0438626
0.385365
0.88399
1
0.481744
0.0218119
0.660465
1
0.179151
0.969561
0.630006
0.579267
1
0.569375
0.213456
0.128807
0.552979
0.291719
1
0.389854
0.0680766
0.19467
0.16904
0.231998
0.229066
0.222131
1
0.991677
0.264392
1
0.0347673
1
0.574107
0.821739
0.146344
0.231901
0.554543
1
0.63789
0.392855
1
1
1
0.0958148
0.260927
0.030966
0.275445
0.236066
0.373583
0.254524
0.128963
0.404947
0.54845
0.154183
1
0.299646
0.288358
0.544013
0.68281
0.725258
0.114929
0.185604
0.342498
0.863903
1
1
0.958851
0.572917
1
0.35252
0.659485
1
0.489991
0.226276
0.380291
0.0760456
0.0864744
0.142924
0.208695
1
0.579764
0.0261483
0.297754
0.211938
0.302974
0.0786785
0.617561
1
0.0771601
1
0.487236
0.673892
0.0665151
0.748872
1
0.120285
1
0.104852
0.127411
1
0.12814
0.488913
1
0.0434943
1
0.00668887
0.716884
1
0.146833
1
0.687175
1
0.824821
1
0.109079
0.382636
1
0.303833
0.0255617
0.100387
0.0982422
0.127876
0.562085
1
1
0.5615
0.0694573
1
0.270326
1
0.236433
0.516893
1
0.187126
0.0935712
0.0376044
1
0.0922591
1
0.0603154
0.11207
1
0.135475
0.830101
0.595344
1
0.647573
0.376857
1
0.403521
0.59892
0.248979
0.223633
0.438747
1
0.617035
0.060185
0.869487
1
0.0808192
0.730515
0.115561
0.0627692
0.312783
1
0.184538
0.105242
0.240957
0.745308
0.0500455
0.157941
0.0715759
0.356377
0.0575193
0.102072
0.445034
0.352737
1
1
1
1
0.400875
0.633739
0.855486
0.238755
0.441539
0.178272
1
0.175917
0.0838499
1
0.603101
1
1
0.65002
0.555643
0.0377881
0.0651856
1
1
1
1
0.252143
0.146101
1
0.478825
1
0.171917
0.524639
1
0.112585
0.494208
0.253299
0.313569
0.3485
1
0.407861
1
1
1
0.0329444
0.131608
0.298783
0.101838
0.158863
0.58807
0.921741
1
0.111217
0.711447
0.0967233
0.158292
1
0.828665
0.823052
0.568309
0.12911
1
0.975141
1
0.16539
0.953062
0.398973
1
0.151483
0.390099
0.739324
0.118209
1
1
0.958686
1
