1
1
1
0.101962
0.739182
0.00122176
0.288108
1
1
1
1
1
0.227493
1
0.185018
0.783906
1
0.0214424
0.0280213
1
1
0.0153388
1
0.101157
0.203658
1
0.0339675
1
1
1
0.406237
1
1
1
0.320279
0.00670201
1
0.83471
1
1
0.925168
1
1
0.0176065
0.0571776
0.0779452
1
1
0.22209
1
0.34486
1
1
1
1
1
0.0369568
0.091016
0.0919469
0.516007
0.712089
0.00589626
1
0.413726
1
1
1
0.665862
0.738588
0.140292
0.221459
1
0.446411
0.24948
0.0747799
0.970088
1
0.19424
0.520295
0.371915
0.186061
1
0.047457
0.649334
0.0247318
0.148712
0.151639
1
0.0658706
0.356242
1
1
0.05274
0.0697698
0.40674
0.388587
1
0.428076
1
0.0756991
0.116313
0.623011
0.377459
0.368197
0.0692782
0.446088
0.222922
0.00348074
1
0.0809029
0.0332816
1
1
0.0929246
0.170586
0.292768
0.948568
1
0.288621
1
0.879152
0.198134
0.168528
0.00715611
1
0.389518
0.186341
0.7712
0.248112
1
0.489842
1
0.47276
0.29381
0.121969
0.11005
0.515896
0.736362
0.902241
0.264722
0.766728
0.0197873
0.845168
0.138086
0.226119
0.0314144
1
0.387208
0.57237
0.805387
0.804466
1
1
0.42311
0.573034
0.014791
0.0429322
0.477429
0.234064
1
0.628887
1
0.362629
1
0.0451475
0.240701
1
0.686165
0.628301
0.3038
0.531121
1
1
0.168403
0.408335
0.0742777
1
0.47169
1
0.111644
1
0.555829
1
0.520223
0.0635587
1
0.0577227
0.127896
0.6518
1
1
0.166587
0.0516074
1
0.524575
1
0.906589
0.172941
0.514289
1
0.417283
1
0.0147729
0.195761
0.173388
0.887727
1
1
1
0.327122
1
0.127355
0.483809
0.944281
0.220362
1
0.226011
0.592948
0.456704
1
0.00179904
0.167583
0.130541
1
1
0.0668115
1
0.0670204
0.905272
0.380927
0.271509
0.325643
1
0.185495
0.548983
1
0.523228
1
1
0.0146741
0.392021
0.480884
0.0489586
0.961796
0.355858
0.722979
0.0460363
0.796044
0.0133051
0.287433
1
0.481341
1
0.027151
0.1179
0.123723
0.850771
1
0.269918
0.303459
1
0.263696
0.91684
1
0.0500508
0.470038
0.0534766
1
1
1
1
0.329379
0.459642
0.844499
0.639371
0.0131085
1
1
0.0185007
0.0722691
0.116547
1
0.0628253
0.105963
0.0321922
0.15742
0.0222411
1
0.580168
0.0280145
0.390302
1
1
0.749993
0.91555
1
0.0752686
0.238194
0.106072
0.0906299
0.0405155
0.00270107
0.00461454
1
0.773632
0.199483
0.641482
0.165684
1
1
0.0842606
0.105245
0.0151587
1
0.362768
1
0.822283
0.493692
1
0.473087
0.229076
0.0973567
1
0.997949
1
0.0475423
1
0.141777
0.0249981
0.115166
0.556416
0.941016
1
0.984922
1
0.134975
0.088862
1
1
0.263669
0.152419
1
0.191854
0.501968
1
0.293104
1
1
0.827244
1
0.0752529
0.437617
0.572185
1
0.0679936
0.0284726
1
0.332235
0.0751674
0.563815
1
0.726038
1
0.181569
0.744358
0.639084
1
0.538331
0.125391
1
0.677126
0.070213
1
0.308891
0.21469
0.2372
1
0.144762
1
0.469047
0.0274227
1
0.442475
0.38416
0.359733
1
0.579068
0.646337
1
0.423707
0.720122
0.142863
1
0.865133
0.419404
0.139772
0.101571
1
0.575087
1
0.0213883
0.287646
0.20078
1
0.104133
0.20559
0.443765
1
0.248645
1
0.183222
0.094876
0.00720053
1
0.0331808
1
0.379165
0.5938
0.882857
0.328027
0.0385119
0.104482
0.371587
0.666332
1
0.413172
1
0.841369
0.00334581
0.0957549
0.085508
1
0.31953
0.396788
0.560954
0.169189
0.0469147
0.187691
0.0978842
0.114917
0.323482
0.384807
0.0458562
0.997785
1
1
0.928216
1
0.475607
0.101381
0.756853
0.0196911
0.0100979
0.0154637
1
0.0240547
0.295937
0.281112
0.0270879
0.274954
0.0365986
0.264857
0.32483
0.173198
1
0.0702261
0.723162
0.774839
0.0217147
1
0.54316
0.345956
1
1
1
0.0167945
0.515237
1
0.419922
0.267066
0.0253009
0.0213066
0.143544
1
0.689963
0.558488
0.0278731
0.859387
0.186939
0.489349
1
0.141008
0.0175182
0.905146
0.371895
0.0630344
0.685444
0.977174
0.117323
0.110245
0.37524
0.340473
0.0613065
0.895319
0.109125
1
0.414393
0.38874
1
0.726991
1
1
0.481233
0.300973
0.933255
0.411441
0.134718
0.158116
1
0.198104
0.0959987
0.747201
0.134401
0.206897
1
1
0.624399
0.908075
0.574731
0.464977
0.00468723
0.916061
0.294076
1
0.204653
0.143772
0.977717
0.0138277
0.16376
1
1
1
0.871959
0.271329
0.605599
0.748935
0.0239253
0.466901
0.115911
0.0360152
1
0.470929
0.321888
0.636949
1
0.0792704
1
0.0677617
0.5961
0.593314
0.14955
0.157469
0.00468919
0.93289
0.096226
0.586684
0.0268351
0.294661
1
0.666768
0.969709
0.0282059
1
1
0.442553
0.138089
0.412173
1
0.132308
1
1
0.0358522
0.78248
0.130463
0.00934152
0.545404
1
0.242872
0.0278775
1
0.0247788
0.340173
0.0601351
0.183495
0.205193
1
0.367204
0.0674037
0.105613
0.0523564
0.61206
0.638677
0.0911111
1
1
0.340357
1
0.0184012
0.0785052
0.783578
1
1
1
1
0.515588
0.569394
1
0.0739531
1
0.81261
0.758353
0.975855
0.0476845
0.00610867
0.375723
1
0.86755
1
1
0.0216416
0.280521
0.0599756
0.308782
0.207084
0.839386
0.105617
1
0.384828
0.0927544
1
1
0.0769557
0.0828568
0.1207
1
0.343373
0.238454
1
0.960377
0.205683
0.00894246
0.0752008
1
0.0959818
0.626544
1
0.415692
0.0284962
1
0.601283
0.73514
0.315866
0.038414
0.50676
0.033238
1
0.609388
0.02709
0.41094
0.534662
1
0.00820338
0.0419108
0.624681
1
0.265806
0.350988
0.297653
0.200975
1
0.973523
1
0.109112
1
1
0.0298405
0.596611
0.0520678
0.205763
0.385608
0.616477
0.056594
0.00294946
1
1
0.86154
0.0131521
0.0199331
0.357642
0.586185
0.289673
0.120652
1
1
0.261203
0.95516
0.252802
0.332896
0.197359
0.730871
1
1
0.824039
1
1
0.778512
0.293096
0.0765342
1
0.367433
0.314077
1
1
0.0122975
1
0.97383
0.63506
1
0.617369
1
0.272946
1
0.288858
0.539508
0.467055
0.145084
0.228004
1
0.372862
0.00991039
0.781058
0.069051
1
0.728796
1
0.296303
1
1
0.487846
0.123579
0.606861
0.680429
0.0743481
0.326959
0.0269456
0.773201
0.416901
1
0.0026084
0.0574936
1
0.346254
0.0343185
1
0.740043
0.127581
0.504123
0.941174
0.0549387
1
0.101759
0.274165
0.0415688
0.0428168
0.97925
1
0.0595281
0.0661292
1
0.444652
0.147221
0.250148
0.0180499
0.725782
0.53919
0.670871
0.223184
1
0.655789
0.0245437
0.202876
0.301621
0.103088
0.158195
1
0.114978
0.411232
1
0.50411
0.651032
1
0.104909
0.879661
0.868902
1
0.43811
0.241367
0.223188
0.602055
0.385478
0.0905724
0.684189
0.279931
1
0.63746
0.303346
0.0568496
0.220352
0.030942
0.214569
1
0.00850671
0.0551101
0.340486
1
1
1
0.66062
1
0.190776
0.0279014
0.814163
1
1
0.9979
0.538717
0.816451
0.0322058
0.0992671
0.308701
0.128608
0.0185762
1
0.160345
0.615746
0.0475786
0.649349
1
0.141623
0.868091
0.705154
1
0.0893044
0.673252
0.0811266
0.944539
0.188419
0.495362
0.99811
0.0722003
0.446399
0.216558
0.222296
1
1
0.548363
0.264293
0.749748
0.242952
0.112793
0.860761
0.0197485
1
0.569068
0.114905
1
0.207826
1
0.748837
1
0.190225
0.948161
1
0.0992922
0.279461
0.604097
0.427079
0.0749322
0.664872
0.0288904
0.0328521
0.0582641
0.159624
1
0.485971
1
0.283579
0.0559395
0.781625
1
0.869548
0.628782
0.152617
0.20434
0.86544
0.122081
1
0.252373
0.342321
0.714105
1
0.548676
0.0142006
0.0633668
0.00218268
0.0736867
1
0.206605
0.737138
1
0.255639
0.352033
0.320245
0.961982
0.996739
0.104879
0.972161
0.491004
1
0.143778
0.0446338
0.368572
0.304575
0.700198
0.24142
1
1
0.600757
0.0188631
0.578167
0.0271734
0.0278901
0.036264
1
0.00177867
0.237841
0.0452521
0.070132
1
1
0.109632
0.651528
0.106575
0.00869736
0.191792
0.766051
0.150634
0.606163
0.073163
1
1
0.0942132
1
0.0586734
1
0.0870177
0.431131
0.251447
0.0300129
1
0.350738
0.00812712
0.37303
0.108984
0.46862
0.150722
1
0.0341238
1
0.00274492
0.247896
1
0.816376
1
0.239104
0.0332951
0.0133273
0.0440788
0.0551366
0.496207
0.368023
0.318065
0.0335811
0.65823
0.0585274
0.494816
1
0.143161
0.682178
1
1
0.341112
0.497586
0.0122637
0.166359
0.408608
1
0.102823
0.108397
0.0201951
1
0.137867
0.118865
0.489772
0.301907
0.0240616
1
0.0715345
0.999228
0.100187
0.149477
0.523059
0.239427
0.109155
1
0.782782
0.410163
1
0.0242616
1
0.80676
0.0321921
1
1
0.756461
0.309575
0.0634291
0.337309
0.46464
0.148789
0.0211271
1
0.531898
0.593594
0.236603
0.405744
0.689644
1
0.380238
1
0.711455
0.0152592
1
0.0909425
0.0163378
0.0164025
0.00977308
0.97884
0.519139
0.159281
0.0674078
0.0851585
0.0316455
0.794505
0.872006
0.0943046
0.12135
1
0.285892
1
1
1
0.212052
0.83218
0.0557958
0.170644
0.182823
0.619504
0.150536
0.409575
0.087794
0.778333
0.320361
0.338631
0.134097
0.78213
1
0.0513309
1
0.0548171
0.267228
0.0345076
0.0322672
0.134815
0.220948
0.421161
0.282473
0.0833769
0.00611552
0.0664672
0.182273
0.590656
0.0107188
1
0.136255
0.293376
0.273707
0.581587
0.177232
1
0.223311
0.474277
0.201409
1
0.280675
0.312267
0.0644393
0.653764
0.366973
0.646084
0.00552414
0.419009
1
0.279675
0.0192582
0.0269168
1
0.931128
1
0.875048
1
1
0.0987872
0.924259
0.263337
1
0.199996
0.207706
0.0923842
0.782623
1
0.146815
1
0.634671
0.201989
0.425218
0.0622901
1
0.0353872
0.0452221
0.800375
0.354164
1
0.410131
0.381999
0.0231649
0.00280266
0.110651
0.227194
0.749971
0.327108
0.0015493
1
0.373748
0.435911
0.24492
0.165316
0.507639
0.1515
1
0.355122
1
0.134272
0.261086
0.00486006
0.0535421
0.174338
1
0.662566
0.0765479
0.171592
0.625179
0.487516
0.176374
1
1
0.0594493
1
0.762769
1
0.0309846
0.961009
0.0908127
0.888065
0.590705
0.263219
0.183929
0.0633447
0.410026
1
0.157069
1
0.009632
0.651758
0.358582
0.0315044
0.284543
0.397692
1
0.122784
0.0789931
0.00535885
0.630066
1
0.867211
0.0366715
1
0.0824099
0.307294
1
0.679075
0.630128
0.205208
1
0.528735
1
0.789721
0.0220573
0.608487
0.00420994
0.238725
0.273579
0.3766
0.169876
0.203416
0.179657
0.145618
1
0.0326234
0.106501
0.134951
0.709682
1
0.704783
0.414554
0.15935
1
0.671237
0.356957
1
0.741228
1
1
0.622575
0.0434864
0.587122
1
0.967633
0.452437
1
0.160357
0.0897271
0.14264
0.15837
0.479932
0.676735
0.112929
0.691853
0.156303
1
0.161568
1
0.194869
0.26855
0.667177
0.6976
0.248517
0.0142343
0.0257352
0.438858
0.062462
0.0621941
0.124004
0.990774
1
0.936746
0.394119
0.258442
0.333137
0.979809
0.132321
0.0793052
0.716192
1
0.516704
0.0671906
0.168164
0.124847
1
1
0.331992
0.0913073
0.609894
0.234415
0.742103
0.428405
0.075526
0.323102
0.903427
0.0217816
0.620489
1
0.0824679
0.0633054
0.849884
0.181671
1
0.0175894
0.504625
0.155918
1
0.949361
0.340813
0.00347979
1
1
0.879261
0.79795
0.361808
0.580761
0.00972602
0.0210356
1
0.347116
0.561978
0.344334
0.723948
1
1
0.472256
0.101526
0.0452481
0.353161
1
0.0455382
0.142098
0.0963817
0.309466
0.119279
0.0636629
0.0552807
1
0.550568
0.254592
1
0.460764
0.30278
0.261638
1
1
0.0979154
0.581295
0.639577
1
0.688631
1
0.644912
0.616676
0.303838
0.755443
0.666533
1
1
0.159677
1
0.36726
0.598842
0.203184
0.329881
0.016624
0.446245
0.231427
0.301902
1
0.340289
0.352627
1
0.0549777
1
1
1
0.570587
1
0.998676
0.144437
0.542159
0.832968
0.157185
0.0981186
1
0.554079
1
1
1
0.637797
0.523156
0.11115
0.41299
1
0.276958
0.0314886
0.00610857
0.966648
0.788963
1
0.313174
0.10527
0.114235
0.0738323
0.0598398
0.842981
0.28002
1
0.0369902
0.113893
0.44734
0.65702
1
1
0.670743
1
0.550924
0.11445
0.472158
0.509406
0.331149
0.146967
0.0317014
0.533717
0.175714
1
0.196095
0.0644618
1
1
0.0405969
0.602162
1
0.359363
0.0274702
0.0891492
1
0.355542
1
0.272017
1
0.787312
1
0.617152
1
0.975338
1
0.293149
0.31446
0.368087
0.928411
0.199545
0.789505
0.165038
0.00836663
1
0.0284637
0.884309
0.960735
1
0.44056
0.145322
1
0.749549
1
0.466485
0.36798
0.477274
0.145598
0.753564
0.340204
0.0617805
1
1
0.261487
0.852911
0.123617
0.359806
0.0831761
0.0863978
0.0602703
0.320916
0.00881547
0.546094
0.893108
0.33369
0.161418
0.0422837
1
0.0950524
1
1
0.458769
0.00797203
0.673562
0.348826
0.199245
1
0.0145799
0.492271
0.443311
0.0292134
1
0.00627269
0.0720905
0.038505
0.100312
0.0759672
0.174075
0.199462
1
0.523792
0.941198
0.794381
0.747743
1
0.0865932
0.0475079
0.0364254
0.289791
0.0945633
1
1
0.509443
0.605403
0.574262
1
0.095895
0.0112042
1
0.197888
0.369674
1
0.392554
0.056629
1
1
0.000681394
1
0.387787
0.228048
0.329847
0.318654
0.564331
1
0.893417
0.114926
0.220376
1
0.291588
0.349619
0.707134
0.125226
0.206183
0.0986096
0.651379
0.0362037
0.0984467
0.687393
0.0998331
0.674719
0.244119
0.934309
0.0378067
1
0.421088
0.996154
0.0202247
0.408467
0.523187
1
0.489812
1
1
1
0.670979
0.393044
0.00839263
1
1
0.536764
0.0214085
1
1
0.850905
0.8996
0.188835
0.0294917
0.383503
0.0150207
1
0.070921
0.241711
0.2129
1
0.895213
0.0218904
0.00786765
0.930004
0.155887
0.527274
1
0.197216
1
1
0.432046
0.0983116
0.462134
1
0.0155519
0.136188
0.756328
0.0562682
1
0.065188
1
1
1
0.0101191
0.163878
0.716802
1
0.0586753
0.517033
0.832842
0.0112117
0.14781
0.484691
0.204457
0.107538
0.965551
1
1
0.145044
0.47253
0.162274
0.151442
0.0274435
1
0.292352
0.074922
0.543107
1
0.0201361
0.219087
1
0.101138
0.0276815
0.430913
0.0930554
0.207013
1
1
1
0.832189
0.0236049
1
0.234816
1
0.770725
0.506031
0.784613
1
0.439989
0.0153275
0.136076
0.927995
0.408591
0.781352
0.466402
0.57389
0.105671
0.115844
1
0.44469
1
0.0770449
0.45019
1
1
0.000232924
1
0.465362
0.275337
0.23307
1
0.566947
0.292159
0.129786
1
0.482488
1
1
0.183212
1
0.090951
1
1
0.053779
0.261562
0.0237268
1
0.364867
0.626165
0.542536
0.954969
1
0.589509
0.964595
0.529008
1
1
0.352898
0.662878
0.788141
0.0593413
1
0.795415
0.177715
0.067203
0.29537
1
0.492968
0.670894
0.0586522
0.415594
1
0.454832
1
0.855564
0.12945
0.019881
0.560824
0.469592
0.0647958
0.164131
0.0434019
0.218289
0.63922
0.177808
0.0254487
0.0523009
0.0796766
0.170234
0.0366761
1
0.140536
1
0.194388
1
0.26994
0.153604
0.163415
0.268319
1
0.497224
0.262897
0.221931
1
0.212627
0.16226
1
0.498154
0.40381
0.794414
1
0.482336
1
0.0300467
1
0.111876
0.24929
0.360326
0.0241039
1
0.0245415
0.226119
0.266182
1
0.162276
0.0472327
0.891989
0.157792
0.307814
0.752372
0.0706683
0.214562
1
0.133007
1
0.0230851
0.953064
0.0794604
1
0.271845
0.42629
0.976288
0.327992
0.341854
0.0775559
0.117728
0.417211
0.389974
0.199659
0.563325
0.682565
0.117291
0.167165
1
1
0.147348
1
1
0.359812
1
0.00268177
0.185604
1
0.235558
0.463446
0.749753
1
0.737567
0.621087
0.205081
1
0.0224859
0.96597
1
0.331916
0.129751
0.164074
0.219442
0.166619
1
0.75332
0.318473
1
0.092703
0.444615
0.265875
0.107289
0.463746
0.138218
0.09351
0.426448
1
0.520883
0.876299
0.017804
1
0.661258
1
0.973267
1
0.210402
0.251845
0.623993
1
0.248445
0.804827
0.344575
0.144042
0.58108
0.618811
1
0.245541
0.496284
0.244634
1
0.213645
1
0.474198
0.018303
0.141408
0.511352
0.295142
0.0815098
1
0.261856
0.164495
1
0.392952
0.480881
1
0.068035
1
0.257216
0.81103
0.0455523
1
0.642419
1
0.0803523
0.917404
0.979141
0.349016
0.0782367
0.0740113
0.42029
0.255505
0.153451
0.124408
0.381058
0.213505
0.193578
1
0.945007
1
0.0173312
0.23114
1
1
0.258643
0.455984
0.136598
0.0170299
1
1
0.298759
0.9116
0.226166
0.536825
0.0177443
1
0.0909428
0.678221
0.446484
1
0.441214
0.772881
0.0240483
0.142502
0.713335
1
0.195815
1
0.661409
0.214469
0.228521
1
0.264762
1
0.117151
0.047603
0.170862
1
0.455775
0.231798
0.209409
1
0.0149854
0.0547162
1
0.727773
0.0182503
0.0444436
1
1
0.0241781
0.256629
1
0.0729898
0.655313
0.523101
0.280388
0.0845936
1
0.124122
0.986637
1
0.710432
0.047123
0.0411914
1
0.65975
0.720178
0.0944266
0.73736
0.342167
0.468728
0.0017712
1
0.204649
1
1
0.454813
1
0.425381
0.048667
1
0.0917789
0.85998
0.812194
0.545578
1
0.0108221
0.0867318
0.984373
1
0.866089
0.110118
0.558266
0.943937
0.00850594
0.456233
1
1
0.783062
0.0827903
0.783079
1
0.248278
0.0639134
0.184597
0.0124997
1
0.0319044
0.237253
1
0.0685743
1
1
0.786778
0.0289075
1
1
0.347846
0.964312
0.257219
1
1
1
0.0513503
0.590672
0.398238
1
1
0.676455
0.243362
0.00675483
0.21257
0.738198
0.328335
0.167381
1
0.707602
1
1
0.0423287
0.568507
0.196889
0.584944
0.886647
0.194201
0.694888
1
0.14013
1
0.205209
0.281595
1
0.337121
0.0584738
0.188886
0.5362
0.163996
0.00995642
0.525796
1
0.051236
0.122768
0.705314
0.754675
1
1
0.808989
1
0.0602223
1
1
0.140918
1
1
0.440063
0.0966033
0.343563
1
0.998153
0.110031
0.389373
0.116356
1
0.260421
0.224851
0.0548402
1
0.246479
0.242314
0.522466
0.95998
0.101603
0.353311
0.0658929
0.980694
0.48095
0.230234
0.685117
0.849472
0.249251
0.210764
1
0.210358
0.279909
0.153403
0.0147117
0.110045
0.303839
0.00211683
1
0.315551
1
0.117388
0.0527335
1
1
0.358939
0.00909658
1
1
0.164346
0.0385176
0.109
1
0.100409
0.0703558
0.234569
0.525848
1
1
1
0.0471835
1
0.770587
0.158694
1
0.214907
0.985373
0.0322866
0.649248
1
0.253975
1
0.0173264
0.747462
0.457104
0.0233275
0.576458
0.825265
0.557508
1
0.502354
0.1774
0.0388244
0.0712757
1
0.896832
0.0154716
1
0.116356
0.473511
1
0.419004
0.365569
0.97232
0.229082
0.864565
0.0888102
0.0647895
0.662242
0.0191262
0.305606
0.0777886
1
0.669412
0.851208
0.155436
1
1
0.962882
0.451282
0.400119
0.727168
0.548795
0.0723768
0.419508
0.173133
0.0304179
0.216436
1
0.848108
0.605608
0.0251198
0.951905
0.0392243
0.617268
1
0.0658348
0.448967
0.184789
0.343226
1
0.245681
1
0.752515
1
0.68006
0.147923
1
0.534907
1
0.327758
0.00150752
0.0425442
0.24471
1
0.453879
0.154817
0.0315593
0.67272
0.250132
0.0266915
1
1
0.337632
1
0.201018
0.927347
1
0.832846
0.674999
0.949291
0.926409
1
0.244794
0.0588558
0.163144
0.0603536
0.044915
0.551189
0.582029
0.215302
0.620196
0.488285
0.831326
0.130496
1
1
0.163222
0.267667
1
0.828354
1
0.0196116
0.571826
0.483852
0.389565
0.0192025
0.780579
1
1
0.00099565
0.732866
0.11516
0.76995
0.815655
0.0587157
0.126876
1
1
0.463263
1
0.964569
1
0.166324
0.512196
0.247535
0.0108713
0.0081301
0.0971773
0.0984501
0.48279
1
0.721245
0.0845844
0.428157
0.109628
0.477547
0.320113
1
0.649099
0.061714
0.422362
0.846547
0.168416
0.205916
0.318327
1
1
0.202185
0.520643
1
0.0599939
0.216596
0.0979698
1
0.339002
0.342435
1
1
0.0504461
0.42039
0.750885
0.0341708
0.00731896
0.146711
0.0212377
0.234182
0.0489727
1
0.190042
1
1
0.514643
0.788987
0.00627584
0.62243
0.0471534
0.128538
0.806
1
0.0495379
1
1
0.0325315
1
0.899122
0.539501
0.214615
0.138304
1
0.077279
0.118188
1
0.606937
0.300065
0.00551385
0.267984
0.555653
0.0990691
1
0.0148954
0.258413
0.53373
0.249797
1
1
0.211176
0.033242
0.0244076
1
0.14579
1
0.743006
0.115716
0.528959
0.0780095
1
0.337396
0.053254
0.291237
0.0740222
0.336512
0.727544
1
0.99358
0.569541
0.865958
1
0.239136
0.633646
1
1
0.921158
0.0523149
0.944669
0.345845
0.506657
0.86244
0.831328
1
0.304825
1
0.027789
0.47769
0.101353
0.267099
0.762988
0.732883
0.258728
0.081803
0.435719
1
0.988873
0.542644
0.0566055
0.0968778
0.172956
0.0952741
0.0259899
1
0.865382
0.486011
0.365109
0.014476
0.230724
0.134262
0.663504
0.335751
1
0.773926
0.717474
1
0.123891
1
0.375954
0.0386526
0.404577
0.0697945
0.128088
0.421845
0.0922254
0.174528
0.16446
0.0366412
0.0265154
0.97923
0.146892
0.0500916
0.0424249
0.853697
0.232162
0.944077
0.0525671
1
0.679764
0.794301
0.368816
1
0.263595
0.736271
0.985633
0.788661
1
0.0934632
1
1
0.179799
1
0.527836
0.217583
0.00684743
0.262725
0.0738336
0.953214
0.129925
0.0102138
1
0.615769
0.306226
0.0651079
0.93313
1
0.173587
1
0.235891
1
0.125296
1
1
0.281494
0.211621
0.918235
1
0.018995
0.905035
0.594916
0.0820029
0.00432266
0.335974
0.716394
1
0.434571
0.690903
0.69972
0.371712
1
1
1
1
1
0.890779
0.994286
0.0682943
0.248228
1
1
0.147064
0.577253
0.914398
0.0857595
0.0200702
0.0537571
0.909108
0.677793
0.0468691
0.142658
0.257
0.785578
0.72969
0.531633
0.218168
0.708268
0.210018
0.127335
1
1
0.328863
0.678705
1
1
0.0328911
1
1
0.00818616
0.93302
0.243325
0.0980773
0.0486816
1
0.555921
0.134824
0.00302745
0.349313
0.726045
0.0139265
0.736851
1
1
1
0.389498
0.274885
0.225084
0.806838
0.235301
0.0271246
0.421094
1
0.195924
0.0319892
0.13987
0.0623046
0.004065
0.998453
0.00762927
0.0465189
0.0791107
1
0.0693658
0.264417
0.866828
0.0684626
0.760589
1
1
0.0596936
0.677392
0.0551351
0.76311
0.234429
0.131074
1
0.0746117
0.162579
1
0.896397
0.417323
0.246563
0.924514
0.317034
1
1
1
0.468606
0.832697
0.307089
1
1
0.0126856
0.515569
0.149512
0.0994999
0.206704
1
1
1
0.464092
1
0.113668
0.178131
0.255152
0.79334
0.777046
0.248571
0.483499
0.23098
0.230634
1
0.765325
1
0.738441
0.0163606
0.375181
0.126065
1
1
0.0332746
0.00856123
0.617288
0.545262
0.79875
0.175825
0.712442
1
0.0581027
0.744933
1
0.0753824
0.472609
0.436178
0.0583535
0.0162561
0.30587
1
0.219075
0.331755
0.408108
1
0.0497008
1
1
0.460424
0.945523
0.0374982
1
0.0575883
0.028409
0.205615
0.573349
0.419361
1
0.0909996
1
1
0.861818
0.087369
0.0583677
1
0.529527
0.0939305
1
0.511582
1
0.00645006
1
0.000565907
0.894496
0.363186
0.903399
0.445052
1
0.50897
0.926382
0.117895
0.0437733
1
0.312085
0.0651195
0.272296
0.520447
1
0.685608
0.420968
0.374778
0.102455
0.571194
1
1
0.199886
0.321195
0.0103385
0.59068
0.918577
0.105475
0.135794
1
1
0.149331
0.437135
1
0.0881193
1
0.366245
0.337839
0.00219951
1
0.109351
0.353502
0.307464
0.945979
0.464007
0.0458223
1
1
0.634964
0.749489
1
0.0373932
0.348837
1
0.134006
0.0570804
0.261416
0.302128
0.798598
0.176554
0.675013
0.312026
0.00471884
0.422646
0.0324889
1
0.260928
0.130443
1
0.193861
0.245494
0.262316
0.552624
0.745911
0.978192
0.379796
0.276654
1
0.275844
0.0021943
0.293241
0.232855
0.00943933
1
0.0713851
0.207964
1
0.826827
0.0788936
0.540811
0.00913897
0.612239
0.696705
1
0.0689012
1
0.370364
0.157288
1
0.303576
0.988741
0.99797
0.463676
0.0514557
0.877719
0.391178
0.00231435
1
0.604672
0.764124
1
0.15929
0.674895
0.703809
0.734841
0.0948422
0.00179868
0.403409
1
0.0664886
0.740416
0.584164
0.120312
0.625555
0.14818
0.869061
0.00345657
0.0737515
0.225034
1
0.889811
0.494191
0.523676
1
0.163087
0.0533108
0.350827
1
1
0.857108
0.114287
0.152402
0.150337
0.00643641
0.134152
0.658695
0.274355
0.820898
0.825415
0.0508095
1
0.419106
1
1
1
0.36281
0.0174171
0.68575
0.226478
0.546058
0.955462
0.778396
0.529124
0.420219
0.411487
0.404108
1
1
1
1
1
0.457299
0.0156181
1
0.162219
1
0.0647935
0.37027
0.210008
0.175968
0.432569
0.183059
1
1
0.198377
0.186226
0.00197276
0.0111805
0.204991
1
0.44321
0.0362739
1
0.0568579
0.391941
0.675168
1
1
0.294921
0.248818
0.996544
0.103162
1
0.0105332
0.375285
1
1
0.137819
0.165537
0.399564
0.244915
0.129541
1
0.0235552
0.0794788
0.0139648
0.365078
1
0.0230705
0.785776
1
0.0902716
0.843789
0.0546835
0.275476
0.137113
0.562021
0.00946559
0.0529747
1
0.647225
1
0.182357
0.0641092
0.419154
0.0801076
0.10142
1
0.539693
0.482202
1
1
0.132478
0.379865
0.0412807
0.767318
0.0155551
0.0233806
0.143845
0.412154
0.724096
0.243259
0.0699755
1
0.0145289
0.0334189
1
0.396751
0.331319
1
0.273371
0.655209
1
0.335097
1
0.033954
0.760115
0.361584
0.742347
0.112309
0.193676
1
0.331239
0.0201137
0.11712
0.127223
1
0.692931
0.159804
0.150347
0.710893
0.20628
0.0830424
1
0.112343
1
0.477067
1
0.058938
0.310851
1
0.721032
1
0.434901
1
0.0260596
0.432654
1
0.1069
0.888322
1
0.0141021
0.820814
0.70778
0.108984
0.890368
0.631246
0.861819
0.207041
0.209732
1
1
0.847882
0.0314162
0.037435
0.183165
0.343381
0.0250379
0.818745
0.0272568
0.0103063
1
0.178622
0.025253
0.624209
0.367334
1
0.0779381
1
0.077735
0.230244
0.74493
1
1
0.908495
0.845861
0.112865
0.109172
0.0578518
0.262205
1
0.928147
0.295278
0.384722
0.0068358
0.0107757
0.082425
0.981652
0.358406
0.4519
0.00446954
1
0.140573
1
0.129064
1
0.18068
0.48382
0.324065
0.674159
0.00501971
0.190508
0.721407
0.019253
0.0359273
0.0244534
1
0.141904
0.105654
0.968252
1
1
0.0636828
0.0853554
0.0953737
1
0.564342
0.331075
0.295939
0.140159
0.022256
0.329696
0.699303
1
0.162758
0.455352
0.0432998
1
0.471001
0.879812
1
1
0.0726209
0.785855
0.246116
1
0.325311
0.198372
0.763038
0.119386
0.0524715
0.0700599
0.0923552
0.312629
0.570439
0.0130799
0.00656141
1
1
0.260445
0.534067
0.0155011
1
0.0406621
0.0281318
0.633945
0.0119951
1
0.280173
0.358228
1
0.978697
0.799461
1
0.678586
0.762137
1
1
0.458425
0.246955
0.605471
0.0920848
0.886597
0.310183
0.039512
0.148703
0.689793
1
1
0.102182
0.178044
0.954186
0.0238526
0.770744
0.775889
0.460413
0.0975498
0.884913
0.632386
0.0508261
1
0.287782
0.56437
0.236928
0.143071
0.210156
1
0.586723
1
0.0460452
1
0.753232
0.905902
0.302788
0.279361
1
0.327971
0.281574
0.210938
1
0.454635
0.207544
0.361653
0.00868637
0.115055
0.813525
0.57132
0.198203
1
1
1
0.226673
1
0.0258447
0.281284
0.0637276
0.31348
0.362155
0.426841
0.0213078
0.221329
1
0.0623369
0.784911
1
1
1
0.240137
0.420578
0.00274088
0.272086
1
0.113729
1
1
1
1
0.278761
0.0497131
1
1
0.583612
0.257946
0.248146
0.206111
0.303225
0.0411793
0.582812
1
0.0670082
0.212121
0.255194
0.431287
0.636413
1
0.140217
0.45573
0.575649
0.259433
1
0.0207759
0.0111425
1
0.019349
0.227272
0.119216
0.0504282
0.0214721
0.409389
0.0594759
0.00770634
0.0417318
1
1
1
0.236436
0.313869
0.685758
0.0301581
0.00668514
1
0.376808
0.437941
0.446991
1
0.131246
0.919001
0.740425
1
0.215626
1
0.721369
0.394498
0.280561
1
0.353305
0.947034
1
1
0.226765
0.113027
0.409046
0.448397
0.0270771
0.0491958
0.458691
0.0471796
0.389972
0.622304
0.676035
1
0.227956
0.355782
0.988689
0.332408
0.0100267
0.456168
0.557348
1
1
0.542207
0.23906
0.866975
0.792879
0.397035
1
0.915508
0.609485
0.0252442
1
0.293637
0.175696
0.0865149
0.382372
1
1
0.0901272
0.898952
0.0731445
1
1
0.428315
0.277447
0.53408
0.293301
1
0.209158
1
0.559966
0.0123919
1
1
0.330111
0.100307
1
0.307388
0.174217
0.255441
0.633142
1
1
0.799305
0.0349876
1
0.166875
1
0.0176807
0.457079
0.0966726
0.553053
0.00928192
0.19843
1
0.507749
0.579053
0.310338
0.580128
0.159493
0.214157
0.569698
0.0339378
0.0533101
1
1
0.0366018
0.507006
0.0965538
0.10106
0.401983
0.553515
0.000541533
1
0.0349917
0.0613484
0.215031
1
0.502247
0.192324
0.0317477
0.0694169
0.335595
1
1
1
0.0508446
1
0.487944
0.111186
0.067132
0.428812
1
0.52183
0.00665267
0.062462
0.00219613
0.346638
1
0.192827
0.212037
0.0299743
0.462888
0.188565
0.386991
0.171604
0.64187
0.594155
1
1
0.541848
1
1
1
0.441417
0.0100118
1
0.316529
0.409
1
0.459921
0.937874
0.692724
0.221111
0.690919
1
0.143311
0.501955
0.827413
1
0.929401
0.282091
0.549774
1
0.727331
0.468868
0.89502
0.568514
0.358991
1
1
1
0.436892
0.512724
0.898281
0.00435887
0.578413
0.31218
1
0.548215
0.263751
0.319462
0.00396199
0.601376
0.0172605
0.0572328
0.199939
0.518319
1
0.986974
1
0.968003
0.267891
1
1
0.396914
0.186004
1
0.00106931
0.18987
0.058326
1
1
1
0.0172157
0.0457651
0.571363
1
0.654883
0.0346125
0.907293
0.0871439
0.0917721
0.10339
1
0.24362
0.642262
0.831591
0.465207
0.687151
0.593899
1
0.00241913
0.29432
0.417984
0.0315474
1
0.0842709
0.199145
0.00369283
0.0409283
0.0777032
1
0.0153905
1
0.56328
0.0905212
1
0.55798
0.343179
0.0202686
0.451021
1
0.030132
0.621588
0.534036
0.486929
0.10474
0.848439
0.342342
0.88577
1
1
0.415233
0.0221045
0.148822
0.0708824
0.787269
1
0.448043
1
1
0.570882
0.0162776
0.179761
1
0.0522363
0.0940756
0.00937832
0.454101
0.183995
0.0963338
0.0544211
1
1
0.089423
0.202391
1
1
1
0.159071
0.0873175
0.629628
0.0984336
0.248961
1
0.724713
0.159704
0.0360265
1
0.185608
0.0967767
0.748551
0.257716
0.393536
0.170244
0.57744
0.230412
0.45486
1
1
1
0.00189904
0.0357164
0.0560241
0.0309392
1
0.192723
1
0.773707
0.467223
1
1
0.259857
0.539184
0.265074
0.724582
1
0.0254702
0.212019
0.15894
1
0.594745
0.25895
1
0.0458908
1
1
0.20066
0.425699
0.824505
0.111373
1
0.692282
1
0.463861
0.986269
0.136541
0.136773
0.405364
0.35855
0.0571587
0.914777
0.0867323
1
0.359664
0.341119
0.0746388
0.242989
0.116844
0.187486
0.926752
1
0.536996
0.935857
0.632052
0.268803
0.117974
0.21738
0.0259602
1
0.87159
1
0.608185
0.515757
0.367646
1
0.856153
1
0.458017
0.603036
0.156633
0.359668
0.344137
0.285221
0.190703
1
0.115044
0.206479
1
0.120106
1
0.800437
1
0.51647
1
0.126748
0.59695
0.538689
1
0.529679
1
1
0.0221381
0.15237
0.00625874
0.0940398
0.327658
0.865511
1
0.915535
0.160379
0.239549
1
0.132219
0.466992
0.077998
0.101313
1
1
1
1
0.979335
0.236054
1
0.112835
1
1
0.929471
0.620918
1
0.397993
1
0.853446
1
0.638617
0.0423736
0.125268
0.490378
1
0.012714
1
0.908259
0.00627031
0.0511606
0.491597
0.230074
0.167105
0.0120074
0.61939
0.855152
0.0341211
0.0225319
0.411591
0.345995
0.45598
1
1
0.834604
1
0.0098776
0.0966125
1
0.0952497
0.0229631
0.312372
0.0215031
0.0508451
0.776223
1
0.245776
0.325551
1
1
0.355859
0.062941
1
0.929484
0.00357025
1
0.36112
0.214086
0.0348215
0.981545
0.423111
1
1
1
0.616732
0.104016
0.142506
0.446092
1
0.0466512
0.159782
0.102977
0.160316
1
0.830769
0.587797
1
0.356569
0.963219
0.0249863
0.0902963
1
0.804971
0.568857
0.719444
0.272537
1
0.26194
0.853729
0.246447
1
1
0.154012
0.252103
1
0.0450096
1
0.0555169
0.288948
0.237138
1
0.0849879
0.150696
0.363706
0.602333
0.343489
1
0.53511
1
0.369721
1
0.211807
0.891736
0.621456
0.220462
0.964488
0.340004
0.0308568
0.100827
0.553934
0.518578
1
0.0707828
0.146686
1
1
0.170186
0.103529
0.608025
0.917336
0.264986
0.14666
1
0.142722
0.114843
0.143082
0.28677
0.313832
0.357243
1
1
0.976099
1
1
0.0619651
0.175101
1
0.246138
0.248744
0.693424
1
1
1
0.320482
0.457766
0.253127
0.0288384
1
0.361139
0.829845
0.287857
0.000591766
0.587325
0.269692
0.141322
0.230583
0.765345
0.166255
0.136042
0.105536
0.0964799
0.0277985
0.0560869
0.119232
0.79817
1
0.261414
0.0634752
0.338508
1
0.149079
0.232513
0.155715
0.714111
1
0.783073
0.96274
0.584993
1
0.0899153
0.546351
0.0713434
0.174643
0.198282
0.205635
0.133338
0.0847452
0.779712
0.689521
1
0.498966
1
1
0.666573
0.352545
0.536964
0.00533365
0.790761
1
0.746156
0.755732
0.674976
0.380384
0.853137
0.0930192
1
0.0212321
1
0.523704
0.104712
0.937295
0.133646
1
0.154322
0.0852954
1
0.068806
0.0235115
1
0.723193
0.247493
0.907427
0.0406899
1
0.783044
0.00218394
0.0189407
1
0.0148874
0.72226
0.381616
1
0.115692
0.0327682
0.464589
0.0356558
0.330906
1
1
0.0216377
0.887791
0.0584817
1
1
0.500116
0.0332816
0.007985
0.448482
0.16854
0.895526
0.0498407
0.270941
0.10135
1
0.102673
0.421361
0.0599614
1
0.0146587
0.217192
0.920868
1
1
0.0205312
0.438471
0.103481
0.0089538
0.401308
0.00692802
0.259309
0.0862249
1
1
0.450898
0.922611
0.53544
0.101072
0.142413
0.795022
0.255937
0.532718
0.0341721
0.0295645
1
0.204111
1
0.370246
0.375704
0.0964312
0.333099
0.957067
1
1
1
1
0.012939
1
1
1
1
0.0560163
0.884119
0.870583
0.0766082
0.165187
0.677058
0.570203
0.987261
0.201162
1
1
1
0.0717965
1
1
0.166431
0.977573
1
0.485496
0.686478
0.0256458
0.63824
0.860827
0.0466902
1
0.0181363
1
0.0534469
1
0.133644
0.581833
1
0.516866
0.0679931
0.174819
0.110257
1
0.23516
0.20312
0.741979
1
1
1
0.10876
0.232543
0.218348
1
0.0524218
0.136715
0.901577
0.0370073
0.95953
0.491179
0.453608
0.115471
0.146096
0.142787
0.347949
0.020481
0.267954
1
1
0.222868
0.802573
1
0.173352
0.131903
0.815921
0.996124
0.0921313
1
1
0.381063
0.659173
0.848794
1
1
0.43356
0.628568
0.380869
0.73124
0.085302
0.0738504
0.122926
0.00178153
0.477051
0.808557
0.082053
0.379946
0.668353
0.980118
1
0.139461
0.622243
0.808191
0.438109
0.0492318
0.000725587
1
0.182711
0.0140652
1
0.274338
0.0156167
0.900554
0.129893
0.205477
0.0164094
0.0368562
0.268016
0.270739
1
0.0073112
0.0251449
0.00276936
0.0860633
0.80652
1
0.294672
1
0.078022
0.645371
0.0221081
1
0.18438
0.639678
0.634172
0.189856
1
1
0.353446
0.113322
0.527519
0.149651
0.509877
0.68662
0.761811
1
0.530046
0.708367
0.353255
0.248889
0.189817
1
0.294018
0.104991
0.830242
0.236489
0.181336
0.99606
0.737932
0.125192
0.383212
0.417412
1
0.574992
0.377372
1
1
0.970418
0.301389
0.680434
1
1
0.167447
0.821104
0.0728534
0.82891
0.20946
0.337123
1
0.734806
0.127495
0.503855
0.519901
1
1
0.895112
0.444472
1
0.0148271
0.509024
0.146139
0.140772
0.299916
1
1
1
0.122005
0.45561
0.0714953
0.296527
0.295113
0.36034
1
0.957531
0.0817505
0.104714
0.536173
0.00204934
0.0867955
1
0.419129
0.150344
0.0280212
0.0229974
0.139892
1
0.603765
0.400062
0.507057
0.556623
1
1
0.81462
0.977767
1
0.783388
0.2435
0.0569345
0.132426
1
0.25173
1
0.775671
1
0.00341424
0.202534
0.0524662
0.0244199
0.43338
1
0.614199
0.308277
0.400329
0.213365
0.129812
0.417646
0.0140412
0.164473
0.718733
0.331621
0.762852
0.991327
0.612419
0.472718
0.265235
1
1
1
0.206684
1
0.48784
0.0570463
0.0318921
1
1
0.0658832
0.00413799
0.215902
1
0.168696
0.361186
0.297211
0.00382573
1
1
1
1
0.448186
0.531425
0.596728
0.468117
0.102253
0.321046
1
0.114243
0.328446
0.37537
1
0.050712
0.158152
0.117996
0.0226163
1
0.496373
1
0.887502
0.00900598
0.0318381
0.00411402
1
0.232278
1
0.101727
0.294445
0.333986
0.0339693
0.431494
0.00673197
0.436898
0.319571
0.477013
0.504128
1
1
0.14557
0.860126
0.148721
0.8619
0.200058
0.0616132
0.311496
0.0272604
0.32526
0.423822
1
0.0664184
0.0109433
0.608477
0.490879
0.215727
0.598571
0.604968
0.0548492
0.00084336
1
0.703721
1
0.691417
1
0.539607
1
0.83314
0.42699
0.527759
0.198226
0.289693
0.213458
0.265533
0.0320554
0.348532
0.180475
1
0.121009
1
1
1
0.139157
0.163867
0.066512
0.203253
0.810694
0.127559
0.120835
1
0.46325
0.0856905
0.0286062
0.536835
0.230821
1
0.651838
0.494332
0.777477
0.451383
0.204342
1
0.0887554
0.0578638
0.0867387
1
0.84611
0.102348
0.88899
0.0344585
0.66797
1
0.277307
1
0.291635
0.685174
1
0.0870059
1
0.154513
0.0740364
0.280287
0.209701
0.580147
0.0236281
0.298347
1
0.294939
0.0728475
0.0933535
0.0411298
0.754633
0.0534057
1
0.590604
0.119083
0.6865
0.183662
0.00789163
0.755265
0.444304
0.1505
1
1
0.283644
0.0175901
0.0250885
0.491408
0.804715
0.847555
0.00226936
0.617792
0.0205077
0.181769
1
0.266244
0.378349
0.0550072
1
0.0173111
0.128168
1
0.0993579
0.337518
0.876854
0.352949
1
0.390183
0.680783
0.415651
0.310307
0.480643
0.706663
0.343056
1
0.688545
0.203908
0.662709
0.260236
0.515953
0.34972
1
1
0.223777
0.0184097
0.530859
0.293402
0.548104
0.411506
0.00224651
1
0.59947
1
0.0819894
0.164019
0.1369
0.0983923
1
1
1
0.406488
0.00773009
0.645405
1
0.0654972
0.350087
1
0.176866
0.00953661
0.279829
0.045043
0.855617
0.177969
1
0.141639
0.122806
0.379146
0.542778
0.211911
0.0555994
0.130472
0.306878
0.604188
1
1
0.205658
0.281214
1
0.208306
0.858939
0.46825
0.0774594
0.000514783
1
0.448901
0.595726
0.122066
0.396357
1
0.296613
0.311327
0.0296809
1
0.211177
0.956628
0.656821
0.761013
1
1
0.028511
1
0.329358
1
0.109021
0.222418
1
1
1
0.499837
0.394594
0.166613
0.188522
0.894939
0.739124
0.356667
1
1
0.374582
0.319858
1
0.0320191
1
0.751124
0.895022
0.260061
1
0.746175
0.0681072
0.145594
0.0253028
0.082402
0.416135
0.987756
0.0484107
0.0975087
0.665849
0.149736
0.602351
0.260794
0.108739
1
0.338819
1
1
0.16163
0.959568
0.362286
0.823723
0.0235141
0.678845
0.785727
0.697259
0.132042
1
1
1
1
1
0.17032
0.669868
0.0322455
1
1
0.36724
0.33921
0.127307
1
0.674846
1
1
0.0911424
0.0803723
1
1
0.282545
1
1
0.214579
0.272813
0.0515054
1
0.517098
0.358211
1
0.607826
0.0960378
0.426442
0.849398
0.433684
1
1
0.796193
1
0.951192
0.480438
0.0849404
0.116935
0.959073
1
0.393068
0.0230379
0.117538
1
0.0361957
0.997866
0.0123533
1
0.506327
0.51971
0.601237
0.109148
1
0.0372515
0.296693
0.331519
0.0192821
0.250458
0.14336
0.0432869
0.610737
1
0.310962
0.0442464
0.24645
1
0.887374
1
0.475395
0.266901
1
0.128932
0.0445924
1
0.384829
0.0888348
0.405727
0.654645
0.00957255
0.0276453
1
0.2656
1
0.461634
0.0854954
1
0.163626
0.208543
0.195664
0.247651
1
1
1
0.260987
0.333289
0.0239604
0.0305859
0.598175
0.762184
1
0.361204
1
1
1
0.118248
0.0814749
1
0.158101
0.0248296
0.0229429
0.0730425
0.134588
0.0395099
1
0.564403
1
0.0516486
1
0.548364
0.213724
0.0664031
0.770614
0.150873
0.00771163
0.0339575
1
0.823976
0.249435
0.0904961
0.458718
1
0.173304
0.743996
1
0.122516
0.15619
0.0663595
0.127767
1
0.682092
0.101984
0.445338
0.201686
1
0.968145
1
1
0.0244508
1
0.166401
0.499588
0.386335
0.0378973
0.17658
0.348801
0.080193
0.00968375
0.0572515
0.0159344
1
0.0132302
1
1
0.0307678
0.143943
0.0638614
0.949109
0.508183
0.776784
0.343017
0.2172
1
0.0540609
0.0774501
0.226069
0.529311
1
0.274531
0.861649
0.454039
0.790786
1
0.307804
1
0.0253596
0.29466
0.184609
1
1
0.820407
1
0.709104
0.041389
0.105664
0.0540486
0.288056
0.0100863
0.0415801
0.015076
0.173737
0.850788
0.787878
0.174311
1
0.0991187
0.38546
0.0370134
0.517029
0.0853614
0.183637
1
0.646624
0.274053
0.51228
1
0.578759
0.103939
0.0207392
0.0997574
0.811452
0.431829
0.110752
1
0.241291
1
0.280154
0.857475
0.445282
0.22514
1
0.289261
0.0272854
1
1
0.0218935
0.874994
0.0674847
1
1
1
0.9819
0.552986
0.541268
0.00880928
0.0331025
0.426438
0.164645
0.477446
0.245626
0.648708
1
1
0.368931
1
1
0.175547
0.00619415
0.301634
0.771709
1
0.815335
0.054578
0.0355747
0.316117
1
0.160655
0.241128
0.163993
0.212639
1
1
0.484733
1
1
0.936168
0.0981104
0.412968
0.874673
0.976674
0.827875
1
0.0698101
1
0.224413
0.464281
0.678813
0.0407134
0.132613
1
1
0.00240833
1
0.489968
1
0.600708
0.512725
0.345248
1
1
0.952214
0.730416
0.778156
0.00689813
1
0.995848
0.150853
0.35479
0.159589
0.33379
0.0420811
0.0235406
1
1
0.623962
0.0233702
1
0.997052
0.415681
1
0.233765
0.199155
0.949556
0.657468
1
0.274702
0.38994
0.0273314
0.204635
0.713034
0.0370414
0.266134
1
1
0.269119
0.00834661
0.256134
1
1
0.0589586
0.0484087
0.17301
1
0.100882
1
0.34043
1
0.14211
0.0267714
0.638246
1
0.373235
0.207585
0.434139
0.700402
1
1
0.353351
0.185934
1
0.055087
0.0572792
1
0.351843
0.0420806
0.00585774
1
0.497839
1
0.0634497
0.580461
0.310033
0.3435
1
0.907552
1
0.298403
1
0.850004
0.17615
0.387921
0.23051
1
0.421672
0.968373
0.992524
1
0.136451
0.836342
0.252832
0.490426
1
0.412724
0.0564689
0.260737
0.37053
0.0842093
0.0212303
0.128821
1
0.0076147
0.142255
1
0.89753
1
0.00564916
0.316332
0.0941451
0.0674234
1
1
0.35351
0.143228
1
0.114954
0.4526
0.00514488
1
1
0.0737188
1
0.222166
0.129382
0.46985
0.141089
0.546526
0.316287
1
0.323836
0.350991
1
0.063061
0.463762
0.122571
1
0.33987
1
0.159663
0.00958826
0.050636
0.157458
1
0.0179605
0.0846301
0.789423
0.221856
0.0142314
1
0.102838
1
0.392284
0.768375
0.225958
0.450507
1
0.4125
0.0301808
0.279511
0.9713
0.185583
0.609046
1
0.0626811
0.0211165
0.401497
0.00121224
0.508756
0.114915
0.0852524
1
0.000656382
0.196876
0.00209034
0.159625
0.426655
0.198905
0.845498
1
0.134753
0.727127
1
0.0590364
0.115884
1
0.378708
0.63916
0.88593
0.402825
0.417955
0.359699
0.0300015
1
0.812346
0.252288
0.308582
1
0.282922
0.0410914
0.835215
0.0640933
0.0179152
0.764438
0.0920334
1
0.240605
1
1
1
0.194353
0.0692484
0.190924
0.136405
1
0.332304
0.00371871
0.115852
0.198374
1
0.356416
0.0208759
0.32851
1
0.109637
0.501595
0.356216
0.0349918
0.0650528
0.312576
1
1
0.0762336
0.874018
0.746425
1
0.814737
0.0590119
0.829406
0.332758
1
0.0963047
0.0683284
0.818219
0.0441913
0.256404
0.361833
0.548059
0.403014
1
0.291619
1
0.502342
1
0.193879
0.797216
0.046188
1
0.962967
0.140518
1
0.786736
0.301332
0.00578157
1
0.24063
0.682648
0.678811
1
0.0693296
1
1
0.0767639
0.567269
0.0538823
0.270982
0.468742
0.325761
0.00196705
0.107834
0.029948
1
0.0838601
0.13404
0.528893
0.662324
0.0334982
0.516161
1
0.258036
0.0211295
0.0683697
1
0.0199477
0.13743
0.0344209
0.125129
0.00732027
0.446064
1
0.0502078
0.397661
0.0285556
0.552459
0.524062
1
1
1
0.246974
1
1
0.0661511
0.205474
0.556443
0.541987
0.193387
1
0.340692
1
1
0.390452
0.262923
0.0235522
0.650197
0.272098
0.0240455
0.125818
1
0.014163
1
0.00395388
0.701639
1
0.38701
0.353696
0.0836973
0.0777458
0.0271734
0.0108409
0.72957
1
0.0887046
0.633446
1
1
0.0444293
1
0.0460507
0.116826
0.0276367
0.0652843
1
0.123771
0.818477
1
1
0.676558
0.925789
0.5267
1
0.0412149
0.85822
0.0951802
0.200267
0.811263
0.0193231
1
0.774389
0.404992
0.66722
0.48913
1
0.0291041
0.635056
0.504155
0.514322
0.657054
0.468166
1
0.983585
0.938278
0.060033
0.558416
0.0321515
0.224655
0.592557
0.213051
0.760738
0.662979
1
0.00635248
0.422819
1
0.0218843
0.600688
0.564777
0.00433983
0.0752709
1
0.0275627
0.191817
0.762495
0.516022
0.55432
0.146572
1
1
0.486068
0.614844
0.86027
1
0.475308
0.125878
0.525487
1
1
0.111865
0.0663884
0.0585215
0.530424
1
0.131387
1
0.0372166
0.296779
0.336893
0.211816
0.213428
0.479154
0.308165
1
1
1
0.88736
0.119526
0.773227
0.300029
1
0.194142
1
0.197758
0.615626
0.217963
0.151134
0.0412247
1
0.441143
0.199887
0.711465
1
0.105041
1
0.0303769
1
0.193757
0.0144061
0.554364
1
0.918063
1
1
0.092555
0.625936
1
1
0.266559
0.543679
0.127128
0.941096
1
0.017297
0.20303
0.306809
0.380481
0.112939
0.64953
0.0419794
0.656007
0.725976
0.423851
0.956871
0.097674
0.00548651
1
0.029404
0.00509655
0.625146
0.619672
0.150824
0.115824
1
0.0361501
0.0130808
1
0.0274338
0.0476388
0.187985
0.757226
0.0207363
1
1
1
0.576269
0.240461
0.12384
0.188306
1
0.394065
0.0308975
1
0.101283
0.0470698
1
0.10072
0.091914
0.000615308
0.0415148
0.208789
0.229183
1
0.104413
1
0.675351
0.330907
0.220435
1
1
1
0.0148242
0.497603
0.136637
0.0919947
0.527772
0.361282
0.794299
0.919903
0.704514
0.422774
0.0977312
0.544212
0.0664199
0.188603
1
0.0701876
0.808128
1
0.0396128
0.832884
0.0152132
0.0173958
0.0564066
0.281799
0.00416763
0.177443
0.149604
0.128242
0.585466
0.702902
0.00362535
0.315781
0.237259
0.0780229
0.100604
1
0.108603
0.432138
0.892607
1
0.249418
1
0.959503
0.694967
0.141229
0.0964735
0.0429035
1
0.124425
1
0.134652
0.810818
0.0513888
1
0.472788
0.719519
0.217022
0.537548
0.00555405
0.234955
0.479883
1
0.368847
0.145709
0.290415
1
0.263046
0.245827
1
0.0199167
1
1
0.0392424
0.200407
0.300407
1
0.236273
1
1
1
0.654143
0.00319206
0.316087
1
0.491636
1
0.00640979
0.400835
0.322389
0.139496
0.00312129
0.24759
0.0398867
1
1
0.109833
0.348212
1
1
0.139548
0.203631
0.442434
0.019043
0.0734126
0.17808
0.153215
0.346469
0.0827169
0.093439
0.187864
0.133197
0.449213
0.224034
0.098882
0.250382
1
0.368736
0.753487
1
1
1
0.140415
0.562954
0.265407
1
1
0.221872
0.178225
0.757999
0.0366932
0.396588
0.356824
0.16934
0.262663
0.616522
0.15719
1
0.155929
0.00650674
1
0.112179
1
0.0255129
0.623805
0.770848
0.461495
0.672648
1
0.071135
0.191489
0.188086
0.0144596
1
0.827769
1
1
0.193081
0.303031
0.548808
0.0875091
1
0.176307
1
0.281071
0.0897557
0.101012
0.0085415
0.0135845
0.348615
0.0526027
0.0108249
1
0.449388
0.381379
1
0.919489
0.977971
0.173658
1
0.35929
0.400178
0.447852
0.213727
1
0.161121
0.867479
1
0.456458
0.0576752
0.852248
1
0.0199527
1
0.891082
1
0.0495098
0.220223
0.303376
0.405837
0.192564
0.134986
1
1
1
0.228641
0.338485
0.914062
1
0.0202341
0.949623
0.103946
0.0136198
1
0.0107431
0.00509904
1
0.861107
1
0.24532
0.0161812
0.314373
1
0.104471
0.00550749
0.747309
0.0767494
0.736491
0.585034
0.126814
1
0.65332
1
0.550382
0.0637739
0.678571
0.160568
0.983909
1
0.0224518
0.146785
0.136809
1
0.36007
0.482442
0.984999
0.0332852
1
0.191751
0.122918
0.400795
1
0.134027
0.211575
0.564871
1
0.668194
0.147538
1
0.744325
0.535464
0.0629285
1
0.245381
0.181039
0.00294783
1
0.22384
1
0.275574
0.953283
1
0.838421
0.928136
1
0.555655
0.0509238
0.52211
0.177333
0.0120766
0.50596
0.263099
0.335358
0.340613
0.10957
1
1
1
0.100426
0.313815
0.322644
1
0.0157529
0.146646
0.102178
0.223562
0.196074
0.264628
0.507946
0.366758
0.0661755
0.150099
0.979834
0.489259
0.320139
1
0.863172
0.614219
0.0136623
1
0.457194
0.0553239
0.168402
0.282084
0.547624
0.219579
0.944768
0.196083
1
0.301647
0.740771
0.135713
1
0.0729788
0.940819
0.680355
0.184477
0.771667
1
0.913072
0.922861
0.241895
0.107001
0.469931
0.0231841
1
0.00689015
1
0.144063
0.153865
0.588683
0.826876
1
1
0.042934
0.0209769
0.246285
0.122225
0.586497
0.354707
0.243356
1
0.0921522
0.196091
0.312641
0.751025
0.985546
0.731622
0.267119
0.0139272
0.205102
0.31994
0.0215604
0.346083
0.0120479
0.100705
1
0.355806
1
0.446469
1
1
0.159743
0.00581055
0.231439
0.916881
0.641387
0.0382747
1
0.992299
0.279159
0.273925
0.0820868
1
0.282383
1
0.602647
0.677928
1
1
0.0761977
1
0.0411585
0.113862
0.057129
0.897919
0.377148
0.0934926
0.587649
0.0392038
0.00341465
0.383701
0.560126
1
0.198752
1
1
0.0114543
0.0113554
1
0.0496755
0.0179297
0.0774057
0.938137
0.848171
0.112391
1
0.75423
0.316099
1
0.280007
0.298241
0.0354495
1
0.0768227
0.0195097
0.0650856
0.719982
0.409852
1
0.285043
1
0.286084
1
0.0681598
0.108078
0.128271
1
1
0.241864
0.174843
0.0988066
0.167568
0.564955
0.257845
0.016705
0.787327
1
0.0819919
0.0508659
0.504538
1
1
0.0164136
0.137723
1
0.395183
0.693328
0.349112
0.0267703
0.265822
1
0.900469
0.446038
0.590347
0.0405661
0.22374
0.298683
1
0.0906804
0.511433
0.909687
0.231566
0.19471
1
0.155063
0.0230814
0.0477943
1
0.13634
0.938927
0.351644
0.316889
0.231743
1
0.091758
1
0.0148401
1
1
0.0263022
0.0106528
0.532133
0.024479
1
1
0.451674
0.189788
0.847861
0.338101
0.141046
1
0.524799
1
0.434794
0.0536389
0.0931539
0.150414
1
0.229401
0.21009
0.423986
0.0251367
0.0133662
0.199767
0.514681
0.0830764
0.0215263
0.873334
1
0.295867
0.0185668
1
1
0.203733
0.252456
0.50245
0.554292
0.98535
0.106908
0.396196
0.176569
0.170249
0.182763
1
0.112655
0.298975
0.155366
0.14269
1
0.105463
0.102547
0.0984536
0.0827305
0.427249
0.275692
0.368123
0.37155
1
1
0.0293633
1
1
1
0.886691
0.671539
0.692643
1
0.798798
0.211889
0.421906
0.690117
0.0297915
0.0758227
0.780897
1
1
0.546588
0.873721
0.515517
0.15767
0.296
0.111986
0.774211
0.0570613
0.0752975
0.206356
0.944013
0.54597
0.00062152
0.536117
0.81529
1
0.338558
0.0585788
1
0.161409
1
0.243876
0.651469
0.153296
0.359294
1
0.0203873
1
0.00141812
0.0135043
0.128983
0.176929
1
0.270802
0.669722
0.18149
0.121326
0.024261
0.0184068
0.18221
0.53605
1
0.113531
0.727822
0.0182533
0.717445
0.0705372
0.0558144
1
0.00168483
0.150097
0.0435884
0.925154
0.851896
0.167839
0.237917
1
0.0617032
0.398627
0.0728869
0.0424223
0.306954
0.233042
1
0.494293
1
0.0157392
0.447005
1
1
1
1
0.0588182
0.05323
1
0.0932944
0.259949
0.046401
0.00841616
0.83891
1
0.563009
0.955568
0.215752
0.93581
0.0640971
0.192198
0.316273
0.12551
0.687383
1
0.21247
0.0655548
0.225769
1
0.00506857
0.233879
1
1
1
0.387952
0.859356
1
0.75315
0.077997
0.523323
1
0.163775
1
0.520588
0.0205937
0.609298
1
0.119608
0.14422
0.2686
0.0124007
0.340029
1
0.892475
0.0812034
0.135905
0.171017
0.00941614
0.0663576
0.31484
1
0.0311041
1
0.151844
0.682387
1
0.236659
0.0927352
0.617735
0.455049
0.275514
1
0.0769816
1
0.0942196
0.843082
0.477336
0.305688
1
0.824149
1
0.0858173
0.365003
0.448173
0.297219
1
0.262769
1
0.198429
0.777303
0.100172
1
0.477558
1
0.0100023
0.812509
0.155154
0.266101
0.587877
0.489587
1
0.261074
1
0.806496
1
0.334633
0.860178
1
0.575484
0.572777
0.0353954
0.233856
0.197765
0.0731092
0.106746
0.690179
1
1
0.395005
1
0.0518412
0.0413182
0.467259
1
0.457014
0.0322191
0.0620155
0.107336
1
0.917025
0.0296999
0.00792078
0.00884308
1
1
0.958787
0.0319098
0.926142
0.253244
0.0178731
0.110028
0.133732
0.00735166
0.18241
0.043543
0.022051
0.305945
0.0199711
0.320977
1
0.0698801
0.0132472
0.286345
1
0.416413
1
1
1
0.821919
0.369961
0.405811
0.749559
1
0.593934
0.0428401
0.083868
0.217898
1
0.242301
0.109044
0.0155965
0.65062
0.71779
1
0.715797
0.00734827
0.297671
0.232672
1
0.312112
0.0584598
1
0.432191
0.916173
0.100034
0.469099
0.813935
0.933427
0.942335
0.197951
0.207483
1
0.0154839
0.247155
0.608359
0.0276387
0.961037
1
0.130604
0.280932
0.621752
0.457226
0.643088
0.282166
0.0620718
0.99341
0.547105
0.48636
0.213343
0.381629
1
0.896363
0.101938
0.00300204
0.726502
1
0.208898
0.562326
1
0.0477652
0.0824085
0.363793
0.708084
0.0583821
1
0.0895877
0.452871
1
0.145841
0.308143
1
0.200846
1
0.559623
0.440392
0.937662
0.71004
0.414775
1
0.286934
0.848643
0.625645
0.0188979
0.298299
1
0.126168
0.713646
1
0.30211
0.758682
0.0989252
0.000298393
1
0.571701
0.0792427
0.471094
0.892719
1
1
1
1
1
0.193583
0.728445
0.609247
0.29134
0.982571
0.723667
0.102953
0.0424858
0.448492
0.0377496
1
0.488749
0.837456
0.649239
0.994259
0.0617473
0.231984
1
0.256613
0.147693
0.65578
0.331352
0.0648202
0.960083
1
0.183923
0.186747
0.118065
0.154794
0.164685
0.57021
0.972704
1
0.186631
0.544351
1
0.191303
1
0.00725326
0.419478
0.326923
0.952679
0.158487
1
1
0.367945
1
1
0.150628
1
0.145163
0.204169
0.944894
0.319647
0.10861
0.133529
0.209154
1
0.00253961
0.08031
0.962382
0.119033
0.134671
0.613874
0.0424676
0.367228
0.269785
0.521889
0.684686
0.925211
0.0301384
0.193582
1
1
0.0711818
0.0427751
0.0321096
0.37371
0.306242
0.098931
1
0.14848
1
0.583738
1
0.501771
0.160693
0.726788
1
0.0259235
0.172008
0.153281
0.105706
0.0874402
0.0969496
0.535191
0.723897
0.721872
1
1
0.350372
1
0.312123
0.143196
1
1
0.11622
1
1
1
0.0847704
0.00864254
1
1
0.821143
0.184568
1
0.255291
0.279376
0.288465
0.0705644
0.205953
0.36201
0.168169
0.331471
1
0.643156
0.181653
0.721645
1
1
0.867626
1
1
1
0.00824355
0.770646
0.145847
0.279778
0.531534
1
0.14898
0.75819
0.125616
0.518196
1
1
0.923503
1
0.535302
1
0.109351
0.823466
0.249873
0.344228
0.174504
0.216122
0.250649
0.263251
1
0.228789
1
0.167364
0.705189
0.887673
1
0.80368
0.051248
0.0877003
0.858993
0.609538
0.352179
0.0979989
0.357936
0.271466
1
0.216423
1
0.03459
0.0535217
1
0.0189652
0.408078
0.0786379
1
0.398964
0.0185534
0.0647686
1
0.475559
0.323054
0.158537
0.214969
0.748169
0.413736
1
1
1
0.356419
1
0.20188
0.088102
1
0.446029
0.0745136
0.0627198
1
0.0289929
0.233877
0.0730283
0.928364
0.195451
0.0295876
1
0.00725372
0.139811
1
0.1067
0.281942
0.779873
1
0.922515
1
0.070711
0.131587
1
1
0.233447
0.749901
1
1
1
0.129106
0.112211
0.116825
0.292625
1
1
0.189151
0.492069
0.290787
1
1
0.472747
0.315537
0.369241
1
0.864914
1
1
0.587857
0.256602
0.724835
1
0.109589
0.537983
0.136276
1
0.0758976
0.176563
1
0.0471997
0.73718
0.0504713
0.0249598
0.620178
1
1
1
0.226151
1
0.123679
0.139948
0.760038
0.912798
0.208086
1
0.950651
1
0.807474
1
0.43798
0.0128677
1
0.204365
1
0.00728672
0.104163
0.0472961
0.147497
0.106084
0.409856
0.927164
1
0.0723889
1
0.052182
0.00674019
0.119093
0.289644
0.226837
0.823844
0.310001
0.649816
1
0.748055
1
1
0.698282
0.0540025
0.137345
1
0.178915
0.633631
1
1
0.216385
0.726375
0.896327
0.142521
1
0.147783
0.258574
1
0.250191
0.462823
0.25401
0.031308
1
0.321442
0.319223
0.0262919
1
0.386816
1
0.0978438
0.196591
1
0.286935
0.0332908
0.0827123
0.330922
0.14087
1
0.29702
1
0.0571222
0.436534
0.236583
0.748342
0.818004
0.275113
1
0.14887
0.275798
0.0446071
0.339815
1
0.1033
0.00404641
0.432396
1
0.180449
0.81919
1
0.20564
0.309584
0.0339683
0.962265
0.530474
0.592505
0.0858455
0.277297
0.078131
0.489344
1
0.294838
0.594347
0.62738
0.0279527
0.431446
1
0.0750636
0.0256148
0.0497261
0.642356
0.51549
0.702958
0.627302
1
0.0572478
0.350408
0.33635
1
0.24757
0.305253
1
0.076482
0.0805149
0.552843
0.0273652
1
0.189037
0.326076
0.0238068
1
1
0.139317
1
0.0126064
0.0586877
0.434465
0.353428
0.093233
1
1
0.316789
0.110833
0.832798
0.0936243
0.235629
0.210094
0.272413
0.209323
0.103994
0.151637
0.142163
1
0.270959
1
1
0.423208
0.721836
0.0163648
0.27161
1
0.306749
1
0.360723
1
1
0.0289367
0.555419
0.0420445
0.56901
0.201053
0.258045
0.665802
0.00965321
0.354451
1
0.197565
0.11975
0.203709
1
0.698808
0.562271
1
1
1
0.0720279
0.222286
0.175231
0.197192
0.139858
0.595448
0.178494
0.60214
1
1
0.464318
0.530885
1
1
0.217991
0.147135
0.377564
0.608027
0.355751
0.937428
1
0.862911
0.143965
0.435559
0.725908
1
0.0273541
0.0691835
0.0879862
0.223529
0.487589
0.0646047
0.998015
0.965553
0.48753
0.068128
0.423959
0.511702
0.892655
0.501559
0.0985228
0.738874
1
0.957639
0.599363
0.10461
0.143756
0.156816
1
0.746281
0.0703695
0.329852
0.0340672
0.310422
1
1
0.0686402
0.827795
0.55805
1
0.575287
0.884876
0.0887591
1
0.179193
0.453329
0.0192102
0.0862578
0.039802
0.760925
0.372335
0.0980701
0.8293
0.285661
0.91225
1
0.471346
0.0315471
0.102503
0.809824
0.925148
0.33407
1
0.577989
0.341043
0.539339
0.25897
1
0.011458
0.957337
0.507916
0.512094
0.383923
0.031623
1
0.190347
0.260429
0.882178
0.0155331
0.511208
0.0103625
1
0.207262
1
1
0.625977
0.0116028
0.622766
0.22181
1
0.432501
0.687549
0.402628
1
0.993393
0.31478
0.0687875
1
1
0.169681
0.202894
0.15726
0.986895
0.106351
1
0.258581
0.0618601
1
0.0632428
1
0.210411
1
0.332924
0.365457
0.494385
1
0.53985
0.03933
0.0265294
0.124514
0.120978
1
0.574347
0.328084
0.0699878
0.109535
1
0.182763
0.146831
0.304634
1
0.231921
0.333121
0.262395
0.902043
0.827227
0.760946
0.0931391
1
0.304235
0.046556
0.60132
1
0.244394
0.160313
1
1
0.379031
0.0889615
0.115431
0.628511
1
0.454452
0.111078
0.0857492
0.772344
0.226331
0.545121
0.312147
0.285494
0.110933
0.162644
0.0395593
1
0.761867
0.032895
0.909035
0.0214723
0.0646912
0.0380189
0.0206203
0.0761216
0.146235
0.155272
0.214203
0.305705
0.0941715
0.0238301
0.0175047
0.354615
0.576141
1
0.0688422
1
1
0.0130979
0.915173
0.0644468
0.157663
1
1
1
0.186764
1
0.134583
1
0.568107
0.119779
0.334446
0.0132363
0.694479
0.794668
0.424399
1
0.399988
0.55426
1
1
0.48667
0.0741678
1
0.104143
0.0826084
0.482015
0.451244
1
0.160794
1
0.237533
0.209529
1
0.0161654
0.101849
1
0.0164181
0.272807
1
0.367013
1
0.0763731
0.0274485
1
0.175104
0.703019
0.232347
0.88576
1
1
0.835639
0.554425
0.950283
0.112077
0.275717
0.132592
0.590873
1
0.666917
0.189811
0.796457
0.251805
0.032396
0.0288177
0.505628
1
1
0.361465
0.43928
1
1
1
0.548871
0.597976
0.579452
0.402853
1
1
0.56205
0.16951
0.505405
0.248238
1
1
0.935718
0.204672
1
0.677326
0.450133
0.97677
1
0.572639
0.114892
0.0370689
0.228989
0.738426
1
0.0258527
0.998176
0.698047
0.512207
1
0.145718
0.106345
0.0643429
0.050553
1
0.277669
0.210537
1
0.747438
0.330276
1
0.178743
0.22192
0.256451
1
1
1
0.425834
0.0675159
0.191756
0.0133651
1
0.961596
0.944558
0.385271
0.086462
0.286179
0.0790641
0.156442
1
0.0672999
1
0.000570029
0.430728
0.248367
0.583367
0.000840261
0.207671
0.346392
1
0.244937
0.00826014
1
0.796728
0.0878018
0.0188016
0.379687
0.377394
1
0.125497
1
0.0237759
0.107123
1
1
0.397844
0.515839
1
0.0287008
0.887819
0.0269156
0.327927
0.598464
0.545979
0.940658
0.860173
0.487238
0.169771
1
0.0694839
0.0658171
0.0586665
0.45297
0.266621
0.129947
0.053394
0.0812782
0.105676
0.147276
1
0.267811
1
1
0.329191
1
1
0.682927
0.158197
0.0309084
1
0.0397197
0.0569515
1
1
0.282931
0.9209
0.501284
1
0.209187
0.26335
0.0493914
0.19314
0.386755
0.38369
0.179775
0.285865
0.233379
0.0164014
0.330084
0.522447
0.175602
0.0551591
1
0.0622566
0.606276
0.0155758
0.855161
1
0.473155
1
0.0895043
1
0.408627
0.00781373
0.573521
0.247073
1
1
1
0.286546
0.288753
0.747979
1
0.347274
0.00395183
0.0151963
0.120129
1
0.0489267
1
0.257176
1
0.00391417
0.147754
1
0.170051
1
0.187712
0.795223
0.108919
1
0.234511
0.421858
0.921751
0.0771883
0.672496
0.0918234
1
0.0921724
0.209705
0.43429
1
0.399911
1
0.163307
1
0.0504122
0.404069
0.562932
0.00462215
1
1
0.440287
0.208286
0.185912
0.409958
0.302103
0.230485
0.0883172
0.819958
1
0.10308
0.439827
0.00604478
1
0.00104717
0.0180293
0.224903
0.0274237
1
0.560339
0.468822
1
0.47662
0.528545
1
0.0355515
0.72012
0.174577
1
0.996121
1
0.0597065
0.714469
0.221577
0.407489
1
1
0.962222
0.84162
0.0710407
0.0497143
0.251283
0.37891
0.474149
0.506392
0.0428942
0.424719
0.546413
0.72671
1
1
0.0401563
1
1
0.000516862
1
0.949845
1
0.113876
0.34913
0.620764
1
0.305648
0.324565
0.576666
1
0.936958
0.0299083
0.109948
0.844757
0.0775668
1
0.379937
1
1
0.0300766
0.829015
0.6776
0.0562843
0.0929244
1
0.319024
0.287976
1
0.911032
0.0203282
0.713947
0.204105
1
0.942622
0.0746005
0.0429087
0.547891
0.42066
1
0.627778
1
0.0527419
1
0.187021
1
0.825359
1
0.431398
0.0215906
0.392521
1
0.582595
0.967674
0.882621
0.132566
0.0595345
0.174693
1
0.330147
0.482808
0.625542
1
0.621312
1
0.401238
1
0.384034
0.605676
0.150214
1
0.948752
0.162531
0.18941
0.034434
0.184201
0.155552
0.163634
0.914714
0.0156033
1
1
0.8639
1
0.225025
1
0.773565
0.123783
1
0.0280413
1
1
0.399737
0.487256
0.0537718
1
0.675317
0.025017
0.0288349
0.389648
0.00610576
0.0153242
0.122182
0.608137
1
0.52636
0.402747
0.0408725
0.0695773
0.351387
0.261133
0.0208617
0.442199
1
0.802162
0.130859
0.587596
0.445627
1
1
0.329458
0.128117
1
0.176914
0.0193909
1
0.255748
0.711607
0.0149197
0.0125246
1
0.106188
0.0171445
0.179162
1
0.0410489
1
0.0392166
0.157453
0.17423
0.29698
1
0.00819847
0.630631
0.0280452
1
0.264971
1
1
0.201858
0.676718
1
1
1
0.0697397
0.773679
0.157816
0.0241142
1
0.565319
1
0.111722
0.228933
1
0.0425337
0.465947
0.104703
0.371616
0.776804
0.171929
0.275022
1
0.785284
0.142167
0.464066
0.589711
1
1
0.595888
0.662568
1
0.443607
0.606459
0.293514
1
0.48687
1
0.272557
0.833102
1
0.408413
1
0.608877
1
0.65087
1
0.0669322
0.852932
1
0.184655
1
0.0585405
0.0896747
0.40274
0.574171
1
0.024444
0.574027
1
0.25359
1
0.078368
0.0952854
0.275402
0.0145771
0.00402142
0.0207937
0.0191859
0.617976
0.417822
0.077104
0.19628
0.00395289
0.127593
1
1
0.019252
0.00092417
1
0.0481163
0.413308
0.105658
0.104471
0.026901
0.547611
0.050909
0.0933172
1
0.224061
0.921871
1
0.890663
1
1
1
0.919122
0.497828
1
0.365241
0.850908
0.411716
0.232291
0.736752
0.358393
1
0.363796
0.0438824
0.38868
0.4636
1
0.178923
0.153972
0.666482
0.0471944
0.454223
0.636988
1
0.0821387
0.60413
0.976279
0.654577
1
1
0.170255
0.837207
1
0.00540526
0.194555
0.0751758
0.116333
0.0669839
0.742401
0.150503
1
1
0.395398
0.550813
0.488836
0.12001
0.211101
0.0542499
0.00200044
0.79431
1
0.475203
0.210143
1
0.158455
0.00576859
0.609964
1
0.132093
0.698647
1
0.169852
0.358218
1
0.0361045
0.178851
0.0310393
0.0599684
1
0.799876
0.43338
0.528249
0.00428509
0.33381
0.277383
0.389209
1
1
0.128692
1
0.0523793
1
0.22367
0.772108
0.0551663
1
0.4016
0.280367
0.575507
0.447953
0.723734
0.117649
0.10386
1
0.0824044
1
0.491511
0.115493
0.0108034
1
0.00586016
0.161364
0.130876
0.362723
0.945942
0.219248
0.947998
0.298615
0.0107732
0.0780288
0.254554
0.092034
0.798925
0.0721913
0.169847
0.461608
0.0787769
0.140523
0.268849
0.00874626
0.156261
0.224989
1
0.30631
1
0.0967896
0.151548
0.0401529
0.780409
0.0133775
0.0786486
0.0890265
0.169789
0.195072
1
0.800643
0.0296267
0.0877371
0.121266
0.216846
0.0104207
1
1
0.184173
0.358946
0.103531
0.926501
0.631411
0.171089
0.506861
0.984335
0.133904
1
0.658413
0.161421
0.0537254
0.295895
0.941866
0.534073
0.112294
0.991777
0.0957946
0.237903
0.355674
1
0.0187443
0.0829624
0.0366665
0.0965302
0.144978
0.803979
0.140379
0.619743
0.748492
1
0.166555
0.446085
0.156552
0.750393
0.0412636
1
0.367931
0.573432
0.705855
0.134178
0.205497
0.260793
0.60597
0.0751406
1
0.00218637
0.0110204
1
1
1
0.154418
0.165608
1
0.138258
0.101534
1
0.0773479
0.203432
0.0641072
0.0724497
0.0046815
0.541061
0.224244
1
1
1
0.184862
0.0658701
0.0121768
0.703047
0.0272069
0.0461282
1
0.0211611
0.0105225
1
0.793262
0.662612
1
0.70785
0.0635774
0.0132186
0.00234397
0.414871
0.00417511
0.568672
1
0.00850604
0.53002
0.509951
0.111982
1
0.0787076
1
0.331551
0.819631
0.055637
0.288767
1
0.281833
1
0.571278
0.417728
0.0542388
1
0.0273643
0.0326141
0.0663837
0.969035
0.615643
1
0.226577
0.0886886
0.954809
1
1
0.0246054
0.622149
0.318261
0.444042
0.35082
1
0.632923
0.00695396
0.279981
1
0.330688
1
0.817052
0.343741
0.321321
1
0.149876
1
0.594992
1
1
0.689292
0.108283
1
1
0.41087
0.399639
0.979251
0.374709
0.299843
0.753691
1
0.852976
1
0.239459
0.551959
0.341485
0.0135498
0.299275
0.120203
0.0128659
0.916078
0.15619
1
1
1
0.1162
1
0.343641
0.284265
0.0665522
0.0371408
0.579197
1
0.0687831
0.837927
0.03821
0.301164
0.347873
0.0925729
1
0.36851
0.681436
0.686991
0.763327
0.909315
0.236691
1
0.434187
0.568724
1
1
0.134546
0.120923
0.73089
0.00893895
0.739422
1
1
0.419042
0.995267
0.261991
1
0.32964
0.0544593
0.135105
0.683324
0.219503
0.219001
1
0.706215
0.157699
0.297287
0.299692
1
1
1
1
1
0.797448
0.659016
0.81755
0.155799
0.330825
1
0.117065
0.0359208
0.0265001
0.0120619
0.088723
0.106446
0.705237
0.235951
1
0.153133
0.576528
1
0.703189
1
0.177046
0.486789
0.530835
1
1
1
0.457145
0.923103
0.111362
0.916826
0.139375
0.904561
0.520919
0.00781104
1
0.252238
1
0.0648334
0.581013
1
0.281909
0.0643485
0.143622
1
0.0320321
0.65765
1
1
0.0561073
0.199466
1
0.688233
1
0.135623
0.274922
0.233749
0.372506
0.339995
0.0210649
0.0312146
0.175259
0.0749914
0.0369176
0.703716
0.0592391
0.756931
1
1
1
0.668712
0.0142392
0.675185
0.0482092
1
0.623083
1
0.864128
0.610478
0.394997
0.0488573
0.661185
0.844124
0.133205
0.000866399
0.087063
0.486788
0.278266
0.0304807
0.00589694
0.509601
0.047071
1
0.0879069
0.292665
0.936708
0.0433123
1
0.55696
0.650593
1
0.749916
0.854408
0.0158738
1
0.353673
0.666539
0.0196383
0.839924
0.0657678
0.468146
0.794016
1
0.111404
1
0.955451
0.0177824
0.361776
0.00496833
0.209108
0.472408
0.0383416
0.320687
1
0.0578332
0.0140665
1
0.353434
0.0214649
1
1
0.234283
0.566749
0.693124
0.14589
0.900447
0.569428
1
0.461462
0.991575
0.523534
0.111136
1
1
1
1
0.399673
0.346116
0.901463
0.0843455
1
0.0614208
0.128382
1
0.157921
0.331211
0.118896
1
1
1
0.00567661
0.404046
0.0501268
1
0.0698773
0.261485
1
0.159084
0.19553
0.382619
0.0716916
0.00729662
0.141446
0.0687349
1
0.0610046
1
0.372966
0.0860825
1
0.687737
1
0.147886
0.297304
0.440201
1
0.123638
0.125578
0.238803
1
0.232623
1
0.275622
0.762265
1
0.0108332
1
1
0.879466
0.250154
1
0.754293
0.0640627
0.519044
0.440731
0.0182958
0.768334
0.0365607
1
0.0657221
1
0.404858
1
0.805011
0.318596
0.490159
0.0896589
1
0.324005
0.299391
0.0259861
0.314407
0.136229
0.133254
0.101549
0.0675593
0.14341
0.185904
1
0.462852
0.471633
0.0844805
0.0430209
0.0106319
0.983425
0.261069
1
0.032722
0.335907
0.983816
0.119787
1
0.247222
0.185563
0.111606
0.0436096
1
1
0.0824786
0.827868
0.34181
0.0745356
0.288664
0.169123
1
0.503294
0.0703919
0.211665
0.786998
0.0385378
0.116401
0.288649
0.0530133
1
0.20309
0.145459
0.144764
0.0422898
1
0.192373
0.033888
1
0.211717
0.0230244
0.0625171
1
0.420277
0.0306676
0.639053
1
0.883799
0.381525
0.414342
0.00839313
0.123056
1
0.640383
0.182568
0.37592
1
0.697633
0.0362189
0.634765
1
0.0192848
0.563719
1
0.344994
1
1
1
0.364977
1
1
0.251453
1
0.0581974
0.0272872
0.392656
0.0298419
1
0.884176
0.486471
0.769683
1
0.846016
0.442316
0.259919
0.364831
0.102412
0.000298859
0.0589419
0.0944958
0.245277
1
1
0.0877817
1
0.396168
0.551533
1
0.550067
1
1
0.292851
0.394857
0.656475
0.0823668
0.0482717
0.121899
0.0680377
0.137554
0.58421
0.260401
0.139625
0.00651679
0.50822
0.164637
1
0.0348509
0.0824896
1
0.159269
0.413522
0.337679
0.402584
0.973239
0.253429
1
0.926135
0.507762
0.292792
1
0.828537
1
0.0901912
0.657661
0.181741
0.278182
1
0.551104
1
0.166449
0.117375
0.0618827
0.812383
0.248432
1
0.270455
1
0.0320609
0.0385874
0.281141
0.977687
0.491587
1
0.0100232
0.285843
1
0.997084
0.919399
0.584562
1
0.585153
1
0.167013
1
0.0297307
1
1
0.881929
0.810759
0.160781
0.826355
1
1
0.525074
0.24993
0.826167
0.164001
0.0483178
1
0.0448237
0.0654977
1
0.0374589
0.361923
0.217623
1
0.205386
0.110476
0.163628
0.471244
0.109285
0.561252
0.106776
0.0972883
0.0345067
1
0.475509
0.207283
0.0938028
0.0337386
0.0241401
1
0.718755
1
0.594236
0.0234685
0.858491
0.215739
1
0.301449
0.157072
0.250802
1
0.075535
1
0.212167
0.0805373
0.131403
0.0494211
0.0087944
0.30443
0.06728
1
0.562286
1
0.365638
0.0165457
0.440566
0.29618
0.0214592
0.00606835
0.228078
0.0280358
0.527745
0.445282
0.437087
0.198865
0.430639
0.176496
1
1
0.0316253
1
1
1
0.135975
0.68474
1
1
0.414839
1
1
0.0474842
1
0.113744
0.243417
0.179594
0.572228
0.155316
0.117758
0.266813
0.0531996
0.93734
0.0799853
0.322288
0.0527275
1
1
1
0.109035
0.706698
0.326513
0.18905
1
0.752466
0.330084
0.276994
1
0.133898
1
1
0.673755
0.268516
1
0.756725
0.197707
0.275652
0.611156
0.0577472
1
0.779364
1
0.562548
0.338087
0.812245
0.113053
1
0.201965
0.0149344
0.400444
0.201678
0.0567649
0.103324
0.151775
0.289334
1
0.0471022
0.193636
0.0405504
1
0.260331
0.0246139
1
1
0.100659
0.0895119
0.576862
0.2256
0.002068
0.927029
0.488257
0.0342592
0.340734
0.0340792
0.544045
0.161746
1
0.0376924
0.579646
0.880071
1
0.109254
0.63925
1
1
1
0.0977547
1
0.265405
0.0408607
0.805221
0.316657
1
0.842441
0.448858
0.459472
0.0155279
0.205247
0.14015
1
0.016648
0.956444
1
1
0.646601
0.454969
0.388467
0.828577
0.264653
0.796258
1
0.066342
0.00137708
1
0.545207
0.0862131
0.340897
0.0692063
0.956155
0.373346
0.305757
0.0351857
1
0.537679
1
0.0929694
0.575317
0.47936
1
1
0.127427
0.346536
0.328959
0.274147
0.226127
0.421266
0.437565
0.398237
0.664339
1
0.644203
0.0654037
0.750229
0.176569
1
0.0264798
0.38171
1
0.15114
1
0.726972
0.251371
0.71447
0.502694
0.217809
0.0447857
0.108459
0.964389
0.0344938
0.0680792
1
0.165458
0.00730103
0.0485505
1
0.201523
1
0.0531979
0.942053
0.437513
1
0.338692
1
0.00784693
0.450438
1
0.79199
0.733416
0.261542
1
0.826557
0.579123
0.0101619
0.0390134
0.531615
0.0987577
0.32404
0.0650065
0.98873
0.559874
0.026782
0.0266312
1
0.291754
1
0.648355
0.0721261
0.612845
1
1
1
0.647247
0.896218
0.0395568
0.760222
1
0.584678
1
0.6063
0.10222
1
0.0026464
1
0.469586
0.0910187
1
0.649256
0.561522
0.275288
0.298814
0.636398
1
1
1
1
0.896828
0.387128
0.46177
0.00617012
0.0102002
1
1
1
0.0837919
0.317565
0.731282
0.65417
0.145523
0.0119277
0.733691
0.27159
0.0863208
0.227807
1
1
1
0.00573851
0.963375
1
1
0.307291
0.235773
0.0531825
0.0243947
0.0903789
1
0.444329
1
1
0.0152748
0.0174251
0.826408
0.507222
0.118948
0.205729
0.0663755
1
0.0729929
0.355469
0.42953
0.147137
0.00990439
0.0250632
1
0.0504676
1
0.465344
0.169477
1
0.607015
0.109486
0.0256621
1
0.00436428
0.405621
0.00699235
0.0804765
0.377066
1
1
0.000712075
0.0174047
1
0.640982
0.0430086
1
0.00818428
0.453863
0.212153
0.0782576
1
0.0886633
0.631305
0.0864194
1
0.194548
1
0.0674756
1
0.646046
0.00815612
1
0.0682293
0.214062
0.235931
0.457932
0.21908
1
0.0413163
0.798009
0.164446
1
0.228132
0.113542
1
1
0.292906
1
0.524002
1
0.215834
0.027325
1
0.0961384
0.0141694
1
0.701735
0.929938
0.448935
0.251035
1
0.00345211
0.113629
0.14205
0.0783484
0.3993
1
1
0.254468
0.0926922
0.142203
1
1
0.176775
0.588927
0.33213
0.273289
1
1
0.340542
0.424037
0.931104
0.473477
1
1
0.13308
0.172977
0.412589
0.861163
1
1
1
0.956686
0.254744
0.507549
0.141612
0.154182
0.0706265
0.454159
0.716003
0.162137
0.432895
0.0638432
0.411326
1
0.0352587
0.0606038
0.0264725
0.0669135
0.0388193
1
0.195572
0.641551
0.0837319
0.123431
0.379851
1
1
1
0.345941
0.0363457
0.909471
0.124579
0.305885
0.821187
0.11191
1
0.273358
0.195642
0.291735
0.096906
0.0137158
0.366541
1
0.423461
1
1
0.0592836
0.0209425
0.158808
0.118107
1
1
0.0124704
0.0310585
0.473231
0.0559838
1
0.164845
0.0183555
0.40613
0.595124
0.708789
1
1
1
0.694041
0.307922
0.0283936
0.4221
0.0240655
0.0691153
1
1
0.594384
0.442377
0.0775761
1
0.0587068
1
0.152958
0.286526
1
0.178704
0.641745
0.444041
1
0.36555
1
1
0.0408935
0.335813
0.074225
0.0163591
0.746006
0.587046
0.181556
0.386543
0.872581
0.202094
0.0828308
0.162573
1
1
0.0119543
0.406261
1
1
0.169416
1
0.0590179
0.217408
0.158789
0.99438
0.645672
1
0.337338
0.00910126
0.405492
0.502535
0.249255
0.0774322
0.37202
1
1
1
0.0844921
0.542709
0.676287
0.352131
0.554792
1
0.753807
1
0.0744801
0.768806
0.331732
0.179371
1
0.21791
1
0.137747
0.260275
0.358359
0.312125
0.46518
0.534058
0.0338406
1
0.158608
0.800314
0.244486
0.940637
0.163656
0.534579
0.605437
1
0.035944
0.348751
0.2231
0.970028
0.190031
0.0941379
0.763227
0.673116
0.106111
0.0102152
0.165328
0.791482
0.138989
1
0.0116313
1
0.22736
0.315008
0.251879
0.0431579
0.1979
1
0.0060658
0.304874
0.58615
1
0.196405
0.51328
0.0643086
1
0.968208
0.0356225
0.738564
1
0.177347
0.434717
0.155414
1
1
0.234782
0.131171
0.597907
1
0.0633843
0.952645
1
1
0.0987182
0.261239
1
0.149928
0.0371
1
0.466972
0.10879
0.183119
0.626977
1
0.0850516
0.408896
0.126471
1
0.459388
0.00800224
0.0873705
0.961054
0.480222
1
0.958862
0.225329
0.0222159
0.254188
0.0325102
0.234889
1
0.202636
0.142656
0.0161182
0.0617169
1
0.058579
0.110385
1
0.478492
1
0.128277
1
0.0485283
0.350847
0.134204
1
1
0.0113637
1
0.36377
0.335668
1
0.0091977
0.0810271
0.113577
0.0208587
1
0.328511
0.57942
0.898092
1
0.230688
0.765302
0.254126
0.108815
0.214555
0.528232
0.0201541
0.881713
1
1
0.973413
0.0251966
0.132593
0.074868
0.092372
0.439782
1
0.681324
0.147555
0.124034
1
0.0612261
0.56934
0.150099
0.16795
0.818636
1
0.684193
0.107037
0.131572
0.490234
0.136002
0.0862288
0.68191
0.0759023
0.729241
0.0375585
1
0.21921
0.0318146
0.446881
1
0.306862
0.128598
0.0799963
1
0.566624
0.171862
1
1
0.021902
0.321562
0.106354
1
0.450139
0.0966094
1
1
0.231805
0.0402819
0.989463
0.144559
1
0.123528
0.0332636
0.61275
0.892537
0.202778
0.34129
1
0.103794
1
1
0.732942
0.260743
0.114499
0.0722224
0.200927
0.206584
0.14551
0.00200826
1
0.79672
0.324806
1
1
0.816098
0.00147555
0.0530733
0.0377239
0.791436
0.076964
0.622646
1
0.280635
0.772655
0.117409
1
1
0.203049
0.526039
1
0.927106
0.182963
1
0.191692
0.119489
0.626767
0.53329
0.330783
0.37227
1
0.690091
0.084112
0.184459
0.0909914
0.644266
0.0849829
1
0.00123005
0.00175327
0.0470964
1
1
1
0.0916483
0.0173995
1
0.284335
1
1
1
1
0.950132
0.102774
0.215333
0.174035
0.609433
1
0.0265719
0.481214
0.381865
1
0.228264
1
0.398737
0.271835
0.764335
0.812571
0.881427
0.316389
0.0813786
1
0.362165
1
0.0456134
0.00432089
1
0.448378
0.117008
1
0.0652791
1
0.7826
0.758485
0.0204237
0.774278
0.923701
0.0541582
0.252578
1
0.280093
0.903122
0.804927
1
0.462795
0.0387263
0.229083
0.694359
0.0174011
0.122111
0.0986933
0.37372
0.299181
1
1
0.0682175
0.216492
0.0904754
1
0.0456546
0.505867
1
0.112469
0.0665009
0.268068
0.711811
1
0.00628662
0.0813918
0.0972352
0.957344
0.924832
0.382258
0.873262
0.0952384
0.52124
0.0309476
1
0.195034
0.0510904
0.921739
1
0.0728187
1
0.209138
0.851706
0.553925
1
0.491534
1
0.867292
0.212793
0.671326
0.369306
0.550589
0.0541835
1
0.566637
1
0.95027
0.0918097
0.313985
0.0113073
0.177577
0.354176
0.501528
1
1
0.127087
0.429474
0.978521
0.58826
1
0.038136
0.0273055
0.151526
0.700393
0.954018
0.0505091
0.0309311
0.265573
0.268911
1
0.0786467
0.699557
0.203299
1
0.570698
0.0714443
0.959572
0.1112
0.746424
0.384305
0.738775
0.263677
1
0.122841
0.0816437
0.0650773
0.0324179
0.304477
0.0459437
0.0394987
0.0629733
0.187506
1
0.446239
1
0.463849
1
0.220519
0.0493601
0.18392
0.0441749
0.623434
0.104541
0.861489
0.0959928
0.0887708
0.173818
0.622097
1
0.308474
0.280255
1
1
1
0.608736
0.250923
0.141399
0.037795
0.0685075
0.574953
1
0.583472
0.117522
0.560972
0.0430028
1
1
1
0.318966
0.220513
1
0.301227
1
0.648752
0.280967
0.0241404
1
0.358675
0.0724609
0.104875
0.801617
0.496984
1
1
0.418573
1
0.416345
1
0.848231
0.584562
0.129041
1
1
1
1
0.501591
0.0981023
1
1
0.0629351
1
1
0.0038549
0.174379
0.991046
0.926817
0.156075
0.975602
0.553212
0.525096
0.00365081
1
0.298151
0.00772727
0.135081
0.0460396
0.262362
1
0.147073
0.614515
0.170086
0.106348
0.48483
1
0.653397
0.0788162
0.399147
0.98657
1
0.0513024
1
0.403434
0.0172762
1
0.584598
0.0942205
0.587654
0.311035
0.707765
1
1
1
0.952258
1
0.208591
1
0.336068
0.355982
1
0.158492
1
1
0.252749
0.294195
1
0.907493
0.452984
0.614545
0.00535719
0.638305
0.0387921
0.29068
1
0.880814
1
0.0362466
1
1
0.0219435
0.596623
0.0665936
1
1
1
0.150703
1
0.0672992
0.711238
0.230163
0.232449
1
0.115907
0.0744757
0.937655
0.457036
0.116049
0.911424
1
0.972426
0.292884
0.829481
0.0691323
0.0285522
0.0711785
0.53092
1
0.0468969
0.586692
0.1246
0.0248666
1
0.0504832
0.0201184
0.235957
0.288041
0.605966
0.0689665
1
1
0.245063
1
0.525208
0.384858
1
0.118091
0.821995
0.00354072
0.160367
0.355089
0.0157107
0.358292
1
0.172277
0.148541
0.545516
0.99147
0.116286
0.968098
0.107635
0.00773754
0.271043
0.0310256
0.1142
1
1
0.219397
0.997005
0.528841
0.548419
0.371859
0.0899924
0.993791
0.226022
0.0655836
0.293588
1
1
0.00371429
0.583727
0.160004
1
1
0.569791
0.587625
0.700494
0.187581
0.407532
0.61881
0.862676
0.184282
0.033829
0.738329
0.215901
0.426177
0.812506
0.178984
1
0.239599
0.155535
0.135151
0.540402
0.165027
0.146385
0.309842
0.124252
0.430713
0.354706
0.914141
0.00463763
0.621844
0.749923
1
0.643566
0.383089
0.194725
0.11534
0.169723
0.0315907
0.224862
0.762099
1
0.0456933
0.018342
0.365622
1
1
0.304916
1
0.534476
0.210405
0.543735
0.301303
0.145197
0.252669
0.0547888
1
1
0.566968
0.00847705
0.197879
1
0.667026
1
0.505328
0.274822
0.0210454
0.75075
0.0354725
0.117611
1
0.136094
1
0.0270012
0.177309
0.203541
1
0.0931293
1
0.195183
0.832185
0.811833
0.366921
0.0499938
0.0289986
0.0264933
0.249439
0.333515
0.0749797
1
1
0.146419
0.192375
0.134204
1
0.705696
0.920347
0.0588487
0.142318
1
0.0379778
0.627647
1
0.256502
0.661542
0.0489413
0.0097119
0.376334
0.435778
0.163383
1
0.0115208
0.225489
0.0951763
1
1
1
0.366009
0.278618
0.107953
0.0676282
0.162079
0.956543
0.288665
0.151672
1
0.226152
0.368504
0.100067
0.0295539
0.986303
0.00819741
0.435443
0.461904
0.0183837
0.0317409
0.0295842
0.0983652
0.115123
1
1
0.176455
1
0.253742
0.524254
0.566264
0.161082
0.0626168
0.0611347
1
0.352935
0.149865
1
1
0.0287941
1
0.155417
1
0.456419
0.477904
0.113974
0.645166
1
0.669052
0.238434
1
0.0480134
1
1
0.134281
0.537966
0.0636647
0.14808
0.331099
1
0.0735678
0.0322052
0.651203
0.406304
0.0272812
0.164359
1
1
0.354943
0.443096
0.765171
0.409528
0.0710262
0.696438
0.539195
0.0690985
0.3722
0.0243738
1
1
0.00917296
1
0.800283
0.305194
1
1
0.141243
1
0.536267
0.111661
0.276441
0.0444509
0.715625
0.77461
0.143236
1
1
0.421779
0.274429
0.074105
1
1
0.129442
0.0966349
1
0.0175908
1
0.0161734
0.12379
0.386823
1
1
0.239822
0.622252
0.0825435
0.701295
0.318325
0.588428
0.142243
0.041648
0.819783
1
0.26001
0.0347141
1
0.601943
0.324107
1
0.288026
0.0862967
0.101228
0.0414728
1
0.122333
0.632884
1
0.285339
0.30705
0.56969
1
1
1
0.981892
0.668159
0.0847045
1
0.817676
0.0509355
0.0711418
1
0.177416
0.280347
0.3404
0.228614
0.456463
0.0917093
0.27682
0.0534394
1
0.174331
1
0.590958
1
0.0557125
0.0488925
0.0306494
0.0855025
1
1
1
0.568669
0.251695
0.385986
0.720217
1
0.0113335
0.281264
0.228106
0.245801
0.756321
0.266488
0.299121
0.0900328
0.353107
0.0538475
0.00371186
0.0632675
0.112635
0.320599
1
0.159292
0.0410985
1
0.00515369
0.751309
1
0.718334
0.00422159
1
0.0827701
0.653046
0.452077
0.272231
1
0.232286
0.518011
0.962309
0.0609876
0.0158958
0.219935
0.306735
1
1
0.669071
0.314026
0.680651
0.847254
0.651125
0.155875
0.0315236
0.919297
0.123415
0.652747
1
0.63675
1
1
0.436431
1
0.997024
0.215556
1
0.75515
0.138196
0.325109
1
0.690033
0.357556
0.0241261
0.432819
0.043618
0.0538845
1
0.00316949
1
0.571796
0.597163
0.211233
1
0.0353914
0.648223
0.119646
0.117414
0.50623
0.141106
0.0172609
0.0995888
0.928723
0.482177
1
0.0532148
0.274834
0.579076
0.515646
0.192862
0.948179
1
1
0.0111875
0.642201
0.610419
0.0709445
0.0707279
0.162986
1
1
0.684516
0.255268
0.120729
0.269523
1
0.831739
0.678429
0.0839261
1
0.617119
0.00385158
0.866729
0.0600934
0.982481
0.0627554
1
0.625363
0.119909
0.381201
0.179245
0.121072
0.00533487
0.592037
0.150049
0.449877
0.00821788
0.936967
0.0292194
1
0.100878
0.22428
0.0749906
1
0.0979977
0.0407572
0.0641377
0.790277
0.853952
0.0377808
0.337558
0.957245
0.879803
0.267678
0.0262183
0.522275
0.137827
0.0283883
0.00665801
0.0881751
1
0.0354456
1
1
0.0934147
0.530442
1
0.396106
0.726009
0.471666
0.0710488
0.211288
0.0957906
0.622465
0.0111104
0.302181
1
0.989426
0.326222
0.513007
0.276736
0.346949
1
0.108678
0.722464
0.219079
1
0.230245
0.988497
0.061969
0.0986407
0.323884
0.24465
1
0.691332
0.903604
0.204946
1
0.369839
0.776283
0.00795716
0.211841
0.202835
0.0587109
1
0.381756
0.648437
0.295293
0.476491
0.194791
0.692551
0.500323
1
1
0.114751
1
1
1
0.292192
0.0454622
0.359621
0.0794515
0.972303
1
1
0.0928856
0.274073
1
1
1
1
0.4159
0.147079
0.0761761
0.071258
0.120504
