1
1
0.235062
1
1
1
1
0.185261
1
1
0.0935075
0.926266
1
0.322165
0.986956
1
1
0.948727
0.637101
0.553298
1
1
1
0.19227
1
1
0.369048
1
0.431778
1
0.34853
1
1
0.62022
1
0.473865
1
0.565448
0.434731
0.851511
1
0.949552
0.615637
0.0302097
1
0.542896
0.208677
1
0.0245387
1
1
0.0924399
1
0.520608
1
0.546593
1
1
1
0.81127
0.0383441
0.824144
1
1
0.211308
0.119439
0.0518156
1
1
1
1
0.411488
1
1
0.169044
1
0.273662
0.460289
0.796891
1
1
1
0.186419
0.739175
1
1
0.489246
1
1
0.944057
0.634101
0.991709
0.334126
1
0.337375
0.579798
1
0.198942
0.289624
1
1
0.0620878
0.307681
0.361238
0.429744
0.479631
0.888625
0.822895
1
0.119075
1
1
0.429649
1
1
0.514729
1
1
0.818848
0.527833
1
0.2834
1
1
0.709893
1
0.266843
0.095397
1
0.114147
1
1
1
0.0468396
1
1
1
0.0727427
1
1
1
0.190659
1
0.655723
0.727287
0.465283
0.29106
1
0.2257
0.876825
1
0.269082
0.507115
1
0.57966
1
1
1
0.123905
0.441036
0.0452897
0.223851
1
1
1
0.665819
0.379384
0.699443
0.168182
1
0.412398
1
0.55709
1
0.136873
0.198007
0.460767
0.2374
1
0.433819
0.415223
1
0.828964
0.264965
0.415502
0.27585
0.78475
1
0.548039
1
0.541527
1
1
0.705617
1
0.758793
1
1
1
0.373849
1
0.353473
0.1521
1
0.202655
0.498379
0.483457
1
0.255084
1
0.250757
0.340878
1
0.424625
1
1
1
0.271537
0.419098
0.433399
0.618604
1
1
1
0.323147
1
0.241688
0.95184
0.761757
0.105939
0.131785
0.936423
1
0.0677169
1
1
0.160127
0.186882
0.23498
1
1
1
1
1
1
0.0791507
1
0.361627
1
1
1
0.312948
1
1
0.55589
0.294752
0.81324
0.63195
1
0.179531
0.133843
1
1
1
0.36645
1
1
0.681381
0.603696
1
0.245737
1
0.128846
1
1
1
0.34574
1
1
0.37739
0.436629
0.670927
1
0.472031
1
1
0.365661
1
0.412117
1
1
0.218626
1
0.162988
0.233736
0.205359
0.337719
1
0.194797
0.234288
1
0.268027
1
0.627324
0.353201
1
1
0.230295
1
1
1
0.25794
0.159786
1
0.953837
1
1
1
1
1
1
1
0.130719
0.49106
1
0.640641
0.849806
0.68785
1
0.453089
0.185996
1
0.514051
1
0.81801
0.119047
1
0.775768
1
1
1
0.354401
1
1
1
0.489898
1
1
1
0.333164
1
1
1
0.524892
0.966454
1
0.282415
0.0989923
1
0.546504
0.238935
1
1
1
0.0565091
0.916706
1
1
1
1
1
0.207733
0.716638
0.102235
0.575672
1
1
1
0.167946
1
0.509331
0.988372
1
0.355988
0.0877525
1
1
0.178016
1
0.784705
0.864344
1
0.110487
1
0.119902
1
1
1
0.996895
1
1
1
0.526182
1
1
1
0.944037
0.0743428
1
0.213551
1
1
0.156096
0.918509
1
0.450451
0.260786
0.377158
1
0.0683403
1
1
1
1
0.0627316
1
0.0351505
0.18921
1
0.162213
0.168075
0.363135
0.49024
0.0687301
0.327784
0.731402
1
0.176742
0.587789
0.140621
0.200046
1
0.234924
0.244203
0.124246
0.170435
1
0.488042
0.535667
0.149833
0.924198
0.929432
0.162005
1
0.248238
0.778928
1
0.874116
0.277754
1
0.367599
0.166902
0.112456
1
0.190776
1
0.375984
0.0261749
0.611134
1
0.792501
0.769948
0.380335
1
1
0.363946
0.190345
0.312986
0.0716132
0.617328
0.988125
1
0.177365
0.989337
0.314346
0.0593408
1
0.703546
1
0.408228
1
1
0.11693
1
0.325045
0.12379
1
0.114563
0.29177
0.666657
0.339102
0.378914
0.448434
1
0.172233
0.265747
0.615825
0.989355
0.891028
0.871507
0.200696
0.318916
1
0.591438
1
0.390527
1
0.121421
1
0.412401
1
0.0505199
0.26667
0.357925
0.176151
0.73543
0.253592
1
0.178657
0.806924
0.890781
0.522156
1
0.104798
0.198813
0.178915
0.180404
0.11963
1
0.100866
0.0944896
0.233599
0.748256
0.835309
0.370715
0.492359
0.44408
0.194311
0.249232
0.0908154
0.134297
0.187383
0.151896
0.371351
0.0366818
1
1
1
1
1
0.275113
1
0.112993
0.23345
0.232544
0.0881257
0.194037
0.210629
1
0.173861
1
0.223864
0.237344
1
0.172008
0.290283
0.134182
0.948432
0.236942
0.169925
1
0.325005
0.583527
1
0.414014
1
0.444174
0.309424
0.262071
0.286055
0.182768
0.955372
0.045033
0.162089
0.103835
0.107749
0.651986
0.0685481
0.961991
1
0.719794
1
0.319059
0.643688
0.514133
1
0.350368
0.687913
0.076429
0.844608
0.182066
1
1
0.800035
0.626367
0.280492
0.497242
0.618988
1
1
0.0978683
1
0.77443
0.175465
0.179995
1
1
0.107505
1
0.842932
0.486575
1
0.408744
0.0567774
1
0.0805115
0.439289
0.640331
0.161779
1
1
0.188323
0.861494
0.33358
0.0751796
1
1
0.206385
1
0.44331
1
0.575479
0.794536
1
0.485147
0.130952
1
0.790007
0.277137
0.140806
0.73037
1
0.269746
0.706425
0.308906
0.310082
1
0.0855139
0.160037
1
0.659564
1
0.386941
1
1
0.284591
0.262468
0.0607476
0.405885
0.115851
0.834364
0.427304
0.36562
0.156667
0.0804385
1
0.143646
1
1
0.106566
0.0646132
0.109035
0.414096
0.161961
0.391263
0.19023
0.106409
0.259634
0.105128
0.647318
0.0745026
0.246049
0.812056
0.209236
0.578439
0.317503
0.111441
1
1
0.503452
0.242812
1
0.448048
0.160731
0.117811
0.264575
1
0.37099
1
0.168131
1
1
0.934993
1
0.399564
0.642608
0.236954
0.427214
0.0804044
0.219919
0.179638
1
0.510564
0.129773
0.250967
0.188112
0.14754
0.188332
0.073366
0.335485
0.0763149
0.864052
1
0.731715
0.162072
0.693819
0.258543
0.221653
1
0.0407059
0.0651927
1
0.218872
0.800599
0.120703
0.107589
0.262781
0.267784
0.12194
0.381613
0.130823
0.369167
0.203597
1
0.0410621
0.594753
1
0.188615
0.646807
0.870489
1
0.22493
0.403869
0.166412
0.597815
0.335733
0.291952
1
0.330209
1
1
0.453174
0.0812856
0.463957
0.812507
1
1
0.114192
0.187613
0.282833
0.271006
0.0907586
0.0699126
1
0.0555889
0.326475
1
0.221971
0.503127
0.409261
1
0.349504
1
0.125146
0.226279
1
1
1
0.130305
1
0.280982
0.48095
1
0.0929606
1
0.619636
0.509668
0.488379
0.346773
0.708304
0.248092
0.159342
0.2082
0.0854664
0.0789258
0.275406
0.176733
0.132286
0.0496048
0.154582
0.231027
0.786872
0.259843
1
0.39641
1
0.252185
1
1
0.108269
0.0860757
0.414537
1
0.179167
0.665756
0.0787513
1
0.55571
0.186884
1
0.502553
0.194611
1
1
0.411321
0.467873
0.116508
0.125278
0.415686
0.667183
1
0.28614
1
0.449361
1
0.126025
0.306698
0.630012
0.99952
0.304525
0.134276
1
1
0.0627375
0.717958
1
0.0973989
1
1
0.0451217
1
0.137525
0.554702
1
0.767631
1
0.890572
0.116163
0.574952
0.567586
0.650734
0.0596153
1
0.525689
0.504148
0.200827
1
0.416909
0.35777
0.139832
0.531127
0.39385
0.0842851
0.658746
0.574661
1
0.308599
0.1132
0.315733
0.171845
1
1
0.349873
1
0.100197
0.714342
1
0.179191
1
0.120067
0.655514
0.0351624
1
0.656356
0.284095
0.973022
0.295996
0.238851
0.208149
1
1
0.0793474
1
0.145905
1
1
0.478036
0.166028
0.101478
0.43783
0.323184
1
0.719061
0.365628
0.0844911
0.285228
0.983654
1
0.907459
1
0.599197
0.225324
0.145861
0.114363
1
1
0.081258
0.150552
1
0.343094
1
1
0.0652286
0.371707
0.233229
1
0.966406
0.358348
0.574634
0.0976899
0.184348
0.232238
1
0.0509323
1
0.772002
0.72921
0.205511
0.128392
0.238482
1
0.261016
1
0.773867
1
0.0756906
0.714379
0.57119
0.346312
0.064889
1
0.369883
0.501854
1
1
0.19912
0.113439
0.508599
0.318256
0.218335
0.45283
0.700806
0.0974265
0.0970439
0.214307
1
0.0790097
0.128348
0.0857757
0.18279
0.284775
0.210451
0.478679
0.87558
0.450191
1
0.166501
1
0.997455
0.811513
1
1
0.696196
0.735224
0.444611
0.885411
0.860312
1
1
0.113429
0.188365
0.382504
0.170567
0.5061
0.346565
0.473708
0.121529
1
0.355848
0.201008
0.480411
0.18934
1
0.140352
0.164141
0.224924
1
0.189578
1
0.18212
0.164422
0.705172
1
0.171972
0.228764
0.251227
0.261479
0.5054
0.0866252
1
1
1
0.496598
0.612475
1
1
0.0681803
1
0.756246
1
0.143316
1
1
0.511583
0.993655
0.205663
0.902424
0.456593
0.175354
0.375271
0.785913
0.259347
0.197243
0.779991
1
0.93602
1
0.804688
0.218534
0.90779
0.0676134
1
0.103793
0.164483
0.130589
0.322116
1
0.65252
0.771998
1
0.103356
1
0.478268
0.114855
0.210207
0.204146
0.0802963
0.197187
0.39455
0.299951
0.210339
0.26791
0.721588
0.556924
0.242645
0.505376
0.751907
0.159391
0.719085
1
0.231595
1
0.0829365
0.080261
0.0459903
0.837181
0.914062
0.201233
0.126882
0.76709
0.696465
1
0.42839
1
0.823203
1
1
1
0.118639
1
0.253003
0.123265
1
0.0948699
0.222992
1
0.399268
0.699549
0.36537
1
0.434353
0.245353
0.306808
0.705147
0.277201
1
0.160444
0.323809
1
1
1
0.164418
0.527345
0.370944
0.104446
0.804802
1
1
0.514151
0.184062
0.246287
1
0.072617
0.17701
0.303413
0.234485
0.0840416
0.545
1
1
0.327635
1
0.179279
1
1
0.293163
1
1
0.127343
1
0.370384
1
1
0.540543
0.176824
0.136261
0.512005
0.446196
0.0618495
0.277754
0.360758
0.0833176
0.655057
0.328358
1
0.0884108
1
0.481577
0.470556
0.0520858
0.8349
1
0.463952
0.164462
1
0.349922
0.167165
0.421361
0.0908793
1
1
0.682576
1
0.356653
0.194193
0.0872712
0.954046
0.133595
0.278973
0.811671
1
0.62728
0.158318
0.158852
0.366366
0.0828221
0.754553
0.098962
0.25218
1
1
1
0.460832
0.723212
1
0.252741
0.929748
0.0489117
0.596659
1
1
0.631166
0.53528
0.139619
1
0.473718
0.808169
0.291514
0.179204
0.40701
0.214716
1
0.130023
0.10767
0.213383
0.371806
0.859349
0.279074
0.44975
0.140182
1
0.161328
0.0827685
0.366176
0.174062
0.218779
0.373961
0.481225
0.0804967
0.980038
0.267363
1
0.163775
1
0.272487
0.108431
1
0.70295
1
0.630372
0.3453
0.719834
1
0.404815
0.13899
1
0.269641
0.113522
0.121658
0.184822
0.0657165
0.117858
0.175874
0.196195
0.188146
0.487427
0.237407
0.479183
0.408486
0.0908454
0.239827
0.0887809
0.83887
0.162229
0.178591
0.304925
1
0.191875
1
0.163091
1
0.241005
0.540956
0.527305
0.131946
1
0.640149
1
0.504788
0.649422
0.171404
0.137996
1
0.774481
0.0445086
0.773326
0.42734
0.127304
0.249588
1
0.308103
1
1
0.651991
0.150984
0.080496
1
0.0425797
0.0889523
0.135817
0.328251
0.865356
1
0.303684
1
0.231655
0.075717
0.361272
0.139347
0.608803
0.8862
0.480531
1
0.882749
0.578766
0.171378
0.125161
0.659574
1
0.267919
1
0.680189
0.0822894
0.0734247
1
0.101189
1
1
1
1
1
0.168586
1
1
0.920707
0.415947
0.815503
0.878854
1
1
1
0.278936
0.124078
1
1
0.384183
0.290247
0.412791
0.424369
0.69038
1
0.279166
0.310289
0.194823
0.32739
0.407685
1
0.608526
0.254866
1
1
0.416299
0.045524
0.0511162
1
0.0814039
0.281495
0.209128
0.281342
0.540675
0.143501
0.437118
0.443892
0.626029
0.636668
1
0.268836
1
1
0.325417
1
0.657716
1
1
0.0943988
0.214353
0.306211
0.496726
0.951484
1
0.24006
1
0.162324
0.353692
0.89643
0.310501
1
0.187682
0.285205
0.115523
0.139496
0.898093
0.694164
0.607148
1
1
0.259623
1
0.0795163
0.480739
1
0.235182
1
1
1
0.180496
1
0.445308
0.0546147
0.383639
0.128658
0.321543
0.644205
0.183148
1
0.0405972
1
1
0.613664
1
0.192661
0.0626185
0.14738
1
0.275386
0.571581
0.58567
1
0.150143
1
1
0.86532
0.208784
1
0.88017
0.258006
0.169475
0.65961
1
0.133531
0.434129
0.0999305
1
0.888779
0.0672191
0.190345
1
0.0996784
0.154308
0.540078
0.269077
1
1
1
0.651525
0.883863
1
0.132629
0.272419
0.762153
0.397999
0.784622
0.182585
0.614353
0.708081
0.26373
1
0.338338
1
0.262643
0.226666
1
1
0.104618
0.660073
0.965052
0.259721
0.0914535
1
0.218027
0.0457007
1
0.779164
0.0828381
1
0.344209
1
0.06585
0.192964
0.31573
0.664548
0.485322
0.0260328
0.140076
0.540076
0.631847
0.82301
0.810685
1
0.188578
1
0.211869
0.21328
0.641161
0.114646
0.378463
0.0589293
1
0.275591
0.120123
0.158799
0.249115
0.237874
0.134477
1
0.420222
0.382508
0.115628
0.879311
0.315105
0.182856
0.503639
0.101745
1
0.0725839
0.455875
0.0782353
1
0.329745
0.383985
0.456836
0.948147
0.202937
0.326585
0.123291
0.0887385
0.71706
1
0.0405231
0.126233
0.0567407
1
0.0577096
0.18837
0.59312
0.781871
1
1
0.0694926
1
1
0.0836293
1
1
0.191744
1
0.220935
0.386076
1
0.102061
1
0.841451
0.130504
1
0.311052
1
0.743413
0.789595
0.353779
0.0741073
0.209158
0.141162
1
0.92792
0.148793
0.279158
0.0487018
1
0.268578
1
1
0.414611
0.254562
0.910487
0.267945
1
0.238718
1
0.222859
0.0559153
0.218519
0.100857
0.109677
0.218324
1
0.390665
0.26883
0.216302
1
0.120345
0.442452
0.382863
1
0.446457
0.130408
1
0.589936
0.152853
0.118659
1
0.446677
0.326745
0.230517
0.112604
1
1
1
0.0483988
1
1
0.0883753
0.647008
0.0979903
0.145711
0.379677
0.211941
0.119995
1
0.160942
1
1
1
0.299519
0.271562
0.537768
0.38317
1
0.194154
1
1
0.205459
0.374871
0.172246
0.123479
0.315626
0.342522
0.18297
0.598887
0.132874
0.226532
1
1
0.144745
0.192492
0.703577
1
0.4357
1
0.266992
1
1
1
0.294425
0.48719
0.447001
1
0.796546
0.60918
1
0.131693
0.0700944
0.365094
0.708429
1
0.103811
1
0.0803699
1
1
0.704814
1
0.0897837
0.235856
0.655467
0.577721
0.672353
0.280637
0.189088
0.0619624
0.981273
1
0.50608
0.3522
0.217365
0.425833
0.250858
1
1
1
1
0.160148
0.049105
0.866308
0.358421
0.284897
0.851692
0.271093
1
0.551225
0.215556
1
0.133267
0.337801
0.0929571
0.0609254
0.542867
1
0.248027
0.17449
0.233476
1
0.0724206
0.326843
0.162852
0.9469
0.444132
1
0.800854
0.11663
0.844884
0.409599
1
0.158719
0.157976
0.505722
0.0631595
0.786247
1
0.0717544
0.696618
0.230903
0.064439
0.157917
1
1
0.0977161
1
1
0.187057
1
0.0731447
0.704186
0.233681
0.302423
0.149549
0.105539
0.106229
0.301631
0.185013
1
1
0.209569
1
1
0.415489
0.791074
1
0.906625
0.194868
0.142335
0.786417
0.135157
0.429888
0.90314
0.178172
1
1
0.984117
0.0429442
0.24575
1
1
0.245572
1
0.102888
0.153665
0.229387
0.414529
1
1
0.147721
1
0.867893
0.580993
0.106243
0.197604
0.117585
0.669965
1
0.0971717
0.189764
0.547369
0.210294
1
0.206155
0.260747
1
0.191657
1
0.461857
0.0869208
1
1
0.429881
0.493406
0.630383
0.176399
1
1
0.391016
0.810994
0.451561
1
0.128222
0.111991
1
1
0.225987
0.186155
0.314951
0.361322
0.116241
0.575631
0.197152
0.222657
0.172963
1
0.605161
0.51608
1
0.162146
1
0.325552
0.522622
1
0.380148
1
0.0807353
0.109078
1
0.364916
1
0.788616
0.131221
0.400949
0.127338
0.0902418
1
0.374924
0.814667
0.177538
1
1
0.0551644
1
1
0.318402
0.159677
1
0.0899306
0.99523
0.568443
1
0.419085
0.397417
0.282344
0.0713051
0.26552
1
0.615788
0.0974927
0.371964
1
1
0.544795
1
0.260669
1
0.178482
0.335805
0.142377
0.868915
0.980464
0.202775
0.510317
1
1
1
0.257282
0.408446
0.930846
0.168427
0.144146
0.154981
0.18557
1
0.349893
0.388253
0.752275
0.0520069
0.325156
0.100639
1
0.308823
0.273242
1
0.423361
0.714378
0.642543
0.106203
0.0999663
0.516824
0.172721
1
0.31959
0.0947607
0.196815
1
1
0.580586
0.649687
0.180807
0.678455
1
0.318709
0.201467
1
1
0.0594044
0.0497843
0.295176
0.231434
0.0513164
0.263945
0.847048
0.21976
1
0.84276
0.120369
0.582915
0.885099
0.248608
0.139417
0.209228
0.254936
0.11552
0.382925
1
0.199872
0.0948835
0.100775
0.118681
1
0.989941
1
1
0.119767
0.0782734
0.132696
0.113463
0.138515
0.287221
0.283048
0.116205
0.404223
0.390382
0.0982247
0.164176
0.2891
0.254649
0.123588
0.401637
0.155108
1
0.057548
0.154975
0.322599
0.0469234
0.913191
0.100894
0.820419
1
1
0.888327
0.0779938
0.361568
0.480477
0.186916
1
0.316601
1
1
0.251027
0.0620702
0.893821
1
0.0760317
0.97393
0.287422
1
0.70758
0.104811
0.464559
1
0.439577
0.68546
1
1
0.333289
0.267741
0.0591717
0.154088
1
1
0.840845
0.0783974
1
1
0.201994
1
1
0.803894
0.5614
0.657343
1
0.0660565
0.440031
0.30707
0.110809
1
1
0.832756
1
1
0.206135
0.183953
0.23599
0.163086
0.195653
1
0.0838356
1
0.0906463
0.0981994
0.119807
0.439541
1
0.684349
0.289548
0.680458
0.366852
1
0.0720902
0.374728
0.0939109
0.129118
0.360528
0.192346
1
0.115856
1
0.13908
0.141185
0.07213
1
0.415379
0.795342
0.188794
0.423988
0.123846
1
0.141439
0.101138
0.131651
0.96456
0.812584
0.496121
0.491229
1
1
0.13192
0.0975123
1
1
0.656227
0.338751
0.0937877
0.839309
0.153114
0.149948
0.134901
0.923855
0.187949
0.152419
0.311018
0.20915
0.521872
0.125868
0.431873
1
0.20458
0.150583
0.186888
0.135319
0.110096
0.0776235
1
1
1
1
1
0.490962
0.427317
1
0.666919
0.290505
1
0.108367
0.632189
1
0.11388
0.154963
0.679333
1
0.1095
0.0369505
0.220149
1
1
0.130825
0.448287
0.397631
0.62178
0.250457
0.616065
0.110638
1
0.668149
0.394429
0.286001
0.454123
1
0.360168
0.442181
1
1
1
1
0.131917
0.122008
1
0.197792
0.0453355
0.0393953
0.0705874
0.204531
0.164341
0.332789
0.0221038
0.0641506
0.238158
1
0.14333
0.182789
0.207157
0.358489
1
0.0518167
0.208354
0.468652
0.518643
0.0862171
0.248749
0.548499
1
0.0681228
0.9199
1
0.0943993
0.228605
1
0.217785
0.35903
1
1
0.0791836
1
0.522731
0.287371
0.70428
0.306505
0.135458
0.104458
1
1
0.905996
0.4534
1
0.183541
1
0.840088
0.212748
0.224532
1
1
1
0.0879546
0.823363
0.0944714
1
0.955665
0.319636
0.100048
0.134533
0.244637
0.210833
0.404405
1
0.45216
1
0.133723
0.220368
1
0.106647
0.0768391
0.31282
0.458123
0.267028
0.917946
0.579723
1
0.131239
0.879175
0.548061
1
0.20886
0.442239
1
0.131604
0.434664
0.250724
0.955571
1
0.821084
0.248419
0.198709
0.442866
0.79272
0.278331
1
0.0691808
1
0.219306
0.390552
1
0.0711899
0.535001
0.284608
0.186584
1
0.388245
0.0822532
0.264254
0.28099
0.107765
0.940122
0.480242
0.49854
0.129536
0.668643
0.311516
1
0.228931
0.342175
0.404844
0.0999849
1
0.0985594
1
0.18752
0.116949
0.20967
0.180896
1
0.083973
0.596069
0.302298
0.891968
0.147797
0.801483
0.330725
0.0566838
0.205764
1
0.658361
1
0.0656477
0.07553
0.0700116
0.671515
1
0.954002
0.170234
0.230004
1
0.203859
0.099484
0.138771
1
0.306094
1
0.0732109
0.058255
0.103849
0.102628
0.358173
0.214715
0.154753
0.466683
0.303333
0.659988
0.686608
0.181662
0.248406
0.769215
0.778489
0.0566716
1
0.22168
0.741888
0.780662
1
0.158428
0.175108
0.39438
1
1
1
1
0.283199
0.200833
0.211851
1
1
1
1
0.148211
0.470875
0.61739
1
0.457039
1
0.359266
0.316757
0.522935
0.0792963
0.349894
0.0704094
1
1
0.58521
1
0.242964
0.209089
0.373019
0.55097
0.509465
0.418493
0.0873758
0.207143
0.859994
1
1
0.0467458
0.0567952
0.108784
0.105372
0.120799
0.109515
0.0384956
0.0656184
0.677159
0.598948
0.148009
0.918494
0.312359
1
1
0.878468
1
1
1
0.0644077
1
1
0.318315
0.0698849
0.288819
0.661771
0.449051
1
0.209788
0.177145
0.343805
0.0733013
1
0.151398
0.216796
0.218488
0.497232
0.0714
1
1
0.368011
0.242681
0.313664
0.115831
0.239844
0.0757583
0.568329
0.837238
1
0.117125
1
0.814364
0.562736
0.267273
0.310782
0.347397
0.185072
1
0.799357
0.391674
0.0597382
0.237118
0.304757
1
0.52335
1
0.0752104
0.063375
0.043231
0.523213
0.154113
0.377353
0.13253
0.216706
0.128161
0.15482
0.232133
0.0810315
0.150859
0.0420447
0.0395003
0.248574
0.0908157
0.0983813
0.176003
0.412084
0.180028
0.0212738
0.382425
0.587928
0.0650773
0.625766
1
0.922252
0.085839
0.249378
0.752844
1
1
1
0.161768
0.0634735
0.222205
0.394638
1
0.786557
0.155871
0.179021
1
0.40606
0.28736
0.408422
1
0.356164
1
0.244835
1
0.815731
0.0974677
1
0.979655
0.361849
0.756982
0.763942
1
1
0.239279
0.248364
0.156228
0.529806
1
0.255468
0.738757
0.102105
1
0.929209
0.193627
1
1
0.250012
0.228158
1
0.398077
1
0.159666
0.820353
1
0.0981515
0.14386
1
1
0.119515
0.430039
0.0667319
0.270382
1
0.0522259
0.449557
1
0.115176
1
0.170685
0.13802
0.126378
0.210485
1
0.312209
0.50669
0.086777
1
1
0.424031
0.234434
0.279051
0.248609
1
0.229669
0.116364
0.943277
0.205563
0.060125
0.336812
0.902022
0.395913
1
0.218221
1
0.347485
0.245121
0.127878
0.211857
0.0546645
1
1
1
0.842786
0.223246
0.0580747
0.691809
1
1
0.424489
0.466791
0.443401
1
0.13654
0.451597
1
0.0803136
0.273458
0.267253
0.547771
1
1
1
1
1
1
1
0.680558
0.0882897
0.146219
0.111586
0.28105
0.187845
0.0863976
0.908405
0.481268
1
0.302341
1
0.120693
1
0.171053
1
0.212623
1
1
0.175999
0.280352
1
0.950163
0.602971
1
0.0506771
0.162775
1
0.325419
0.773929
1
0.205512
1
0.181056
0.28731
0.191833
1
0.382234
0.664639
0.0565575
0.0465295
0.756931
0.393434
0.842312
0.281016
1
0.400107
1
1
1
0.118363
0.282723
0.216412
0.135016
1
0.300562
0.182089
0.212795
0.681585
0.779006
0.236716
1
1
1
0.0615238
0.833364
1
0.157024
0.805236
0.669289
0.26251
0.281648
0.119068
0.0726942
1
0.697266
0.0730142
0.0693022
0.138637
0.0624564
1
1
0.228394
0.0790375
0.0865187
0.196641
0.220544
0.216995
0.376187
1
0.0662637
1
0.167831
0.181357
0.0397226
0.258997
1
1
0.0873179
0.524326
0.101451
0.274777
1
0.0435272
0.0653257
0.225851
0.194616
0.0597865
1
0.104836
0.165751
0.114626
0.333356
1
1
0.902476
0.141868
0.153954
0.0515264
0.0789654
0.215033
0.187349
0.517885
0.302608
0.786177
0.21785
0.11255
0.169008
0.677385
0.291267
0.833642
0.0415471
0.294379
0.912058
0.239446
1
0.0972931
0.12502
0.780836
0.25901
0.167756
0.190217
0.0867787
0.0517612
0.2224
0.348315
1
0.55077
0.352048
0.122541
0.103832
0.191193
0.611703
0.51726
1
0.532319
0.179078
0.245666
1
0.573613
0.945076
0.791021
0.261022
0.203079
0.224943
0.967978
0.3894
0.307009
0.182409
1
0.214354
0.342192
0.49952
1
0.114358
0.41554
1
0.263676
1
0.29885
1
0.294257
1
0.0878165
0.196954
0.252215
0.241866
0.124429
0.113358
0.832491
1
0.987833
0.156209
0.275277
1
0.424042
0.340154
1
0.612284
0.601996
0.104306
0.0846519
1
0.0801626
0.0909684
0.16608
1
0.175055
0.990548
0.716765
0.618504
1
0.330179
1
0.578468
0.391517
1
1
0.767677
0.0840829
0.375301
0.800324
1
1
1
0.427492
0.166414
0.23423
1
1
1
0.376756
0.056418
0.178378
0.341747
0.118094
0.183483
1
1
1
0.468632
0.243165
1
0.141768
1
1
1
1
1
0.208148
0.0874962
1
0.230161
1
1
1
0.303705
1
0.0587923
0.996202
0.721803
0.0386706
0.354041
0.198145
0.343217
0.487376
0.419795
1
0.299921
0.0863
0.791884
1
0.233916
0.239012
0.327131
0.117043
0.659406
0.607571
0.304218
0.461255
0.145483
0.340573
0.965232
0.191444
0.170387
0.237951
0.125128
0.318875
0.711992
0.101651
0.134251
0.968656
1
0.225089
0.0676916
1
0.107529
0.231711
1
1
1
0.283337
0.137048
1
1
0.0538237
0.395826
1
0.501186
0.151343
0.47254
1
0.188652
0.755149
1
1
0.318228
0.217697
1
0.441183
0.598961
0.115967
0.228747
0.161947
1
1
0.462136
0.536991
0.115695
0.891328
0.302973
1
1
0.187872
0.705694
0.302599
0.338018
1
0.785899
1
0.279451
0.395425
1
0.124165
0.187023
0.80563
0.386434
0.495687
0.243657
0.234984
0.711768
0.608868
0.760791
0.288106
0.0723827
0.4842
0.722401
0.0606418
0.0827023
0.279218
0.271065
1
0.539495
1
0.0815476
0.320579
0.0539706
1
0.367294
0.82188
1
0.278758
0.944064
1
0.348345
0.471338
1
0.378251
1
0.331723
0.229811
0.396307
0.132462
0.163361
1
0.83812
0.4071
0.206455
0.0693742
1
1
0.794354
0.0465739
0.21272
0.604128
0.087486
1
0.85875
1
0.253377
0.214595
0.221423
0.13282
0.141285
0.226876
0.31703
0.132126
0.18644
0.171131
0.478826
0.318503
1
1
0.944418
0.23215
0.317682
0.226754
0.509142
1
0.733018
0.114197
0.233384
1
0.315908
0.0480301
0.237596
0.2637
1
0.863037
0.0553911
0.204198
0.20057
0.788216
0.284623
0.580084
0.69385
0.213885
1
1
0.321646
1
0.178656
1
1
0.872135
0.986756
0.306409
1
1
0.833798
1
0.105172
0.758772
1
0.794423
1
0.489436
0.346308
0.290414
0.200592
0.50879
1
0.274983
0.389501
0.127297
0.084609
0.127611
1
1
0.211856
0.75392
0.602547
1
0.162794
0.267856
1
0.279809
0.664083
0.134535
1
1
0.208064
0.0826886
1
0.723257
0.946057
1
0.052653
0.419898
1
0.58387
0.299184
1
0.191318
0.0874163
0.292697
1
0.0942876
0.0952023
0.460115
0.104055
0.472236
1
0.245093
1
0.168765
0.197578
1
0.861602
1
1
0.140624
1
0.531582
0.208743
0.778092
1
1
0.699478
0.774621
0.266
0.0833333
0.144781
1
0.29183
0.108495
0.903019
1
0.0794822
1
0.117464
1
1
0.276957
0.515037
0.250121
0.377448
1
1
0.244386
0.257014
0.097766
0.406647
0.896827
0.264892
0.149168
0.568624
0.768266
1
0.209156
1
0.117783
0.909569
0.104534
0.354784
1
0.135556
1
0.991493
0.179488
0.396315
0.849918
1
1
1
0.0709192
1
0.0879605
0.267328
0.148981
1
0.945815
0.641908
1
0.488792
0.587398
0.269797
0.20122
0.815941
0.0546345
0.367979
1
0.104225
0.0726301
1
0.628805
0.878423
0.632995
1
1
1
0.499838
0.521861
0.0550713
1
0.642788
0.644972
0.166891
0.183119
0.519094
0.273361
0.147914
0.18768
0.577754
0.24428
0.105339
0.278187
0.0540775
0.27977
0.592217
0.198831
1
0.069097
1
0.159779
0.122945
0.08896
0.754851
0.713569
0.364726
0.105131
0.242817
0.885296
0.242694
1
0.112893
0.0972193
0.335645
0.508931
0.519662
0.231147
0.103737
0.851356
1
0.287528
0.346242
0.0740224
0.0770054
0.112834
1
0.0868649
0.183422
0.281918
0.27063
0.405975
0.122939
0.266605
1
0.361653
0.205001
1
0.323098
1
0.148347
0.0467591
0.156148
1
0.458271
0.698205
0.338719
0.146762
1
0.639578
1
0.343684
0.218652
0.149717
0.141126
0.38163
0.207978
1
0.254481
0.370423
0.415163
0.10892
0.120587
1
0.060504
0.764515
1
1
0.119472
0.826442
0.0734049
0.720803
1
1
0.149482
1
0.308394
0.101232
1
1
0.678906
0.730191
0.895776
1
1
0.597313
0.199566
0.768167
0.377395
0.0792921
0.163591
0.244138
1
1
1
0.545629
1
0.892534
0.732394
0.0649798
0.13443
1
1
0.802549
0.247719
0.254551
0.170738
0.188127
0.320525
0.624914
0.442626
1
1
0.11788
0.776419
0.125478
0.119849
0.0959568
1
0.307394
0.495066
0.119796
0.201431
0.0517167
0.107149
0.10031
1
0.374464
0.370325
1
1
0.370486
0.542875
0.267021
0.373562
0.882648
0.401594
1
1
1
0.456632
1
0.127639
0.0645248
1
1
1
1
0.930282
1
0.816908
1
0.418204
0.260744
1
1
0.0579685
0.211403
0.030831
1
0.248808
0.221983
1
0.0923919
0.208081
0.585491
0.615446
0.381876
0.110344
0.808774
0.395526
0.303067
1
0.13834
0.104249
0.311651
1
0.497896
1
0.221689
0.428361
0.286152
0.65114
1
0.0940313
0.734424
0.818003
0.292804
0.587558
0.864716
1
0.124566
1
1
0.243939
1
0.283441
0.130142
1
1
0.233863
1
0.495321
1
0.0661462
0.190506
1
1
0.598979
0.397005
0.252472
0.116605
1
0.481768
0.363164
1
0.0754466
0.33645
1
0.904998
0.573303
1
1
0.109956
0.239872
1
0.464381
0.0722813
0.0568529
0.591865
0.471847
0.129937
0.90832
0.325135
0.256655
0.141196
0.535507
0.365894
0.251179
0.560166
0.91473
0.785163
0.246915
0.378522
0.770139
0.605119
0.115134
0.313978
1
0.398847
0.802974
0.380365
0.15606
1
0.245965
0.911242
0.38392
0.109516
0.246155
1
0.23832
0.44455
0.432784
1
1
0.663035
1
0.901176
0.164832
0.070628
0.597785
1
0.710316
0.781529
0.155653
1
0.0669838
0.547631
0.139131
0.364903
0.079099
1
0.439738
0.291683
0.502438
0.181448
0.771077
0.759651
0.179999
1
0.0470006
0.114919
0.813859
0.29766
0.184619
0.279516
0.172752
0.838192
0.306792
1
0.120295
0.183417
0.332009
0.33837
0.230554
0.377356
0.313973
0.334689
0.298185
1
1
0.897114
0.566852
0.10944
0.888944
0.78952
1
0.533035
0.522873
0.182054
0.167294
0.396769
0.177728
1
1
1
0.0404642
0.167114
0.0587027
0.145743
0.0981773
0.0981771
0.179363
0.432203
0.357046
0.650514
0.791504
0.155772
0.987433
0.179505
1
1
1
1
1
0.11649
1
1
1
0.310423
0.0606643
0.173319
0.305511
0.310806
0.042325
0.354468
0.172147
0.182692
0.282309
0.157397
0.806299
0.826055
1
0.191694
0.970749
1
0.670404
0.943026
1
0.38915
0.336584
1
0.190029
0.26134
0.0752453
0.11909
0.213848
0.359254
0.311091
0.511423
1
1
0.818546
0.213412
1
0.354311
0.0982105
0.390364
0.125125
0.219306
0.266851
0.55498
1
1
0.20111
0.121779
0.0898121
1
0.178688
0.496595
0.324298
0.151486
0.079994
1
0.300223
0.0843534
0.340212
0.918774
0.582152
0.101132
0.253451
0.585816
0.14412
0.198435
0.128032
0.0717825
1
0.0414604
0.268902
1
0.588174
0.795097
0.352137
0.260219
1
1
1
0.0606582
1
1
0.173071
0.81012
1
1
0.818134
0.812091
1
1
0.11848
0.0902902
0.314337
0.524302
0.402317
0.294092
0.562893
1
1
0.426155
0.203579
0.0936268
0.201381
0.416128
1
0.0524635
0.4936
0.179435
0.0781571
0.120494
1
1
0.76442
1
0.98926
0.720346
1
0.386815
1
0.195625
0.886181
0.973918
1
1
0.109832
0.60767
0.221059
0.37003
0.199127
0.255284
1
0.202938
0.374789
0.846792
0.0888722
0.556819
1
0.206386
0.630048
0.325864
0.0802137
0.96051
0.0905337
1
0.20437
0.870941
0.204579
0.222675
0.691776
1
0.13929
1
1
0.0266601
0.230611
1
0.773657
0.278608
0.0898668
0.0557278
0.429919
1
0.517672
0.146707
1
0.0943465
0.227049
0.908352
0.716853
0.58019
0.986707
0.937112
1
1
1
0.704074
1
0.139366
0.361463
0.0453729
0.227784
1
0.194192
0.336814
0.876319
0.137303
0.0504173
0.80843
0.0496862
1
0.330991
0.418214
1
0.483074
1
0.0934293
0.0684246
0.689916
0.757469
1
0.412288
0.105324
0.905204
0.0835476
1
1
0.0761063
0.114263
1
0.125933
0.365576
1
1
0.755899
0.0780137
0.413374
1
0.3165
1
0.782201
0.243042
0.566927
1
0.15627
1
0.112749
1
1
0.0707981
1
1
0.906247
0.957278
0.127916
0.541873
0.178152
0.167327
0.704734
1
0.189211
0.809909
1
0.176286
0.241924
1
0.299548
0.555417
1
0.50216
0.226727
0.431631
0.22596
0.192456
0.136899
1
1
0.16496
0.764308
0.173864
0.0564184
0.435204
0.359264
1
0.140757
0.216343
1
0.30852
0.332475
0.0710095
0.115062
0.225241
0.132737
1
0.0550849
0.497291
1
0.289949
0.250265
0.725859
0.196835
0.215456
0.164571
0.294271
1
0.580047
1
0.813345
0.381735
1
0.172497
0.329518
0.0962959
0.226926
1
1
0.0382864
1
0.454369
1
1
0.595691
0.162158
0.800824
0.0927906
0.990101
1
1
0.256866
0.863957
0.157461
1
1
0.20631
0.107255
0.363293
1
0.254484
0.444332
0.733853
1
0.176841
0.529856
0.0743956
0.628388
0.208692
1
0.168663
0.633927
0.215931
0.0505231
0.0905013
1
0.0859272
1
0.854165
0.0709458
0.259778
0.108492
0.201643
0.865272
0.202034
1
0.0950517
0.0740189
1
1
0.446013
0.126471
0.557426
0.407383
0.957774
0.618147
0.0871423
0.647079
1
0.312741
0.266923
0.117908
0.136967
0.723985
1
0.230548
0.385546
0.169192
0.607763
0.257188
0.347089
0.267843
0.101876
1
1
1
0.183754
1
0.531847
1
0.0530716
1
0.275064
0.127041
0.168913
0.673393
1
0.176637
1
1
0.530406
0.228582
0.897705
0.318837
0.595126
1
0.0662251
0.0798463
0.464425
0.0840761
1
1
0.232018
0.432555
0.322737
0.905333
1
1
0.934826
0.479823
1
0.297203
0.247042
0.940512
0.427883
1
0.823396
0.154751
0.829273
1
0.651868
0.327177
0.105695
0.851491
0.285153
0.904333
1
0.0591303
1
0.661933
1
1
1
0.342258
0.294001
0.0663394
0.549175
1
0.128239
0.427157
0.315787
0.435412
1
1
1
1
0.145122
0.291372
1
0.782882
0.199201
1
0.231062
0.520313
1
1
0.275202
0.450412
0.34055
0.291914
0.076367
0.0696251
0.085864
0.22029
0.155693
0.30865
0.0747961
0.184492
0.206585
0.464919
0.104184
0.602816
0.0476972
0.40683
0.43275
0.636756
0.73703
0.171057
0.274686
1
0.280322
0.73564
0.258358
0.416829
0.207141
0.107041
1
0.109639
0.528821
0.225572
0.647818
0.0911165
0.558952
0.602421
0.274145
0.189653
0.258212
1
1
0.426132
1
0.83926
0.479208
0.421249
0.387624
0.194381
0.306079
0.433238
0.415043
0.179796
1
0.131947
0.414326
1
0.942251
1
0.409445
1
1
1
0.680804
0.304127
0.470194
0.354992
0.920327
0.156762
0.306809
0.622146
1
1
1
0.217548
1
0.177478
0.935887
0.11844
0.191638
1
0.549936
0.143236
0.583772
0.679207
1
0.544237
1
1
0.553365
0.232862
0.188908
0.1514
0.177826
0.136564
0.456492
1
1
0.651923
0.0512969
0.590878
1
0.387165
0.296472
1
1
0.476067
0.497857
0.321724
0.220565
1
0.982377
0.232372
0.717659
0.173618
0.80522
0.265948
1
0.11777
0.538984
0.0820515
0.282534
0.385919
0.550911
0.811909
1
1
0.787861
1
0.158861
0.181908
0.0714301
0.996134
1
0.224816
0.333481
0.453753
0.215623
0.160626
0.433659
0.413487
0.176072
0.236684
0.108065
0.370609
1
0.24494
0.300831
0.181718
0.142009
0.119386
0.141962
0.0629363
0.478438
0.90159
0.100066
0.667728
1
0.122599
0.157864
0.206191
1
0.414202
1
0.917683
0.667816
0.644785
1
0.257222
1
0.394397
0.253624
0.442682
0.154494
0.779094
0.533457
0.202651
0.241577
0.72379
0.23765
0.185351
0.215586
0.234873
1
0.076989
0.109142
0.0467325
1
0.237856
1
1
0.175897
0.241561
1
0.18301
0.513284
0.159338
0.466743
0.147073
0.0615376
0.066011
0.654301
1
1
0.533292
0.387599
0.647229
0.435877
0.201803
0.365018
0.289574
0.303057
0.169154
0.109737
1
0.49107
0.0508438
1
0.0602607
0.578672
1
0.44758
0.360361
0.200493
0.358681
0.610906
0.122858
0.536633
0.655025
1
0.168531
1
0.882508
0.381988
1
0.180869
1
0.721695
0.0634542
0.366313
1
0.047631
1
0.167895
0.140883
0.684428
0.0901136
0.659559
0.0546535
0.216285
0.234251
0.713612
0.041554
1
0.0932874
0.128884
0.200302
0.0774911
1
0.4086
0.436594
0.521282
1
0.613637
0.119421
1
0.291225
0.564995
0.132277
0.115176
1
1
0.394073
0.883071
0.0680109
0.154584
1
1
0.312544
0.272164
0.378599
0.243984
1
0.17778
0.411706
0.631591
0.332609
0.856712
0.433875
1
0.167527
0.130949
0.838988
0.419242
1
1
0.0446307
1
0.820949
0.244633
0.451716
0.234879
1
0.118731
0.116796
0.609913
1
0.46321
0.691385
0.133773
0.0691935
0.26462
0.198366
0.0953143
0.0666783
0.203464
0.967078
0.116662
0.276817
0.408658
0.0977141
0.30582
0.758083
1
0.168208
0.459891
0.26801
0.0988461
0.0697219
1
1
0.506794
0.121461
1
0.218201
1
1
0.117835
0.432597
1
0.421565
0.0265171
1
0.081026
0.446363
1
1
0.760389
0.812885
0.762782
0.387728
0.480212
0.261251
1
0.160627
0.21494
0.219431
0.312506
1
0.667699
1
0.471117
0.271317
0.372052
0.0760235
0.319832
0.0736397
1
0.504484
1
0.67657
0.496775
0.303558
0.382549
0.130505
0.219212
0.246978
0.573805
0.0817275
0.0738965
0.730364
0.544748
0.0761132
0.269173
1
0.0829532
0.148264
1
0.277562
1
1
0.238523
0.870127
1
0.371267
0.462978
1
0.151579
0.152014
0.52612
0.143133
1
1
1
1
0.402011
1
0.0293196
0.128018
0.562656
0.175666
0.151153
0.0945497
0.105079
0.0472112
0.62531
0.568309
0.0870409
0.187629
1
0.14197
0.537096
0.204589
0.373273
0.516369
0.635203
0.152931
0.94595
0.0789889
0.497533
0.117278
0.140529
0.582549
0.0579142
0.204651
0.0681968
1
0.122464
0.437427
0.247803
1
0.818327
1
0.105461
1
0.172523
1
0.865592
0.66063
0.472088
0.148184
0.171587
0.806455
1
0.121187
0.761526
0.311722
0.436425
0.398001
0.502183
0.311969
0.220566
1
0.66641
1
1
0.289256
0.378422
0.446012
1
0.452574
1
0.12284
0.328403
0.401283
0.0904365
0.164096
0.229714
1
0.145837
0.750206
0.171029
0.709316
1
1
0.269537
0.109396
0.542528
0.0866198
0.862352
0.0886949
0.166636
1
1
0.525997
0.157347
1
0.255612
1
0.276722
0.959747
0.152007
0.0998923
1
1
0.0339596
0.0920411
0.249208
0.0531836
0.706718
1
1
0.114321
0.576201
0.231065
0.0311035
0.341651
0.0794485
0.670161
0.192486
1
1
0.26231
0.489821
0.285824
0.0634472
0.828548
0.351851
1
0.193087
0.110285
0.670369
1
0.699129
1
1
0.590947
0.165328
0.350477
1
0.661643
0.477111
1
0.292541
0.252956
0.624047
0.205179
1
0.56361
1
1
0.558241
1
0.100839
0.317199
0.419613
0.0529314
0.223021
0.922324
0.226432
1
0.325189
0.968111
0.46963
1
1
0.0869359
0.0567375
0.0684298
0.0786633
0.107249
0.0966064
0.469356
0.0724822
0.22822
0.0273319
0.475502
0.190425
0.297178
0.534026
0.214576
1
0.179087
0.0983525
0.387677
1
0.896313
1
1
0.380804
1
0.0991874
1
0.182941
0.109295
0.195292
0.721548
0.386871
0.137484
0.212985
1
1
0.138228
0.515201
1
0.953396
0.131443
1
0.371917
0.204555
0.364344
1
0.368541
0.885302
0.0540437
0.120168
0.186898
0.345229
0.150906
0.0994124
0.136434
0.68587
1
0.0469048
0.11221
1
0.0644736
0.196107
1
0.207861
0.0670184
0.264909
0.667998
1
0.474697
0.0775002
0.164632
1
1
0.636901
0.299765
1
1
1
1
0.801945
0.241603
1
0.102702
0.303099
1
1
0.681209
0.120221
0.143656
1
0.270555
1
1
0.881379
0.271355
0.26827
0.226152
0.0696324
0.0750178
0.0687783
0.785217
1
0.263977
0.348775
0.379538
0.954496
0.06147
0.0896924
1
0.0999836
0.420535
0.654804
1
0.283144
0.506263
0.479712
1
0.739427
0.328666
0.686464
0.370841
0.662816
0.362759
0.149884
0.603036
0.371841
0.821679
0.26897
1
1
1
0.213058
1
1
0.139551
0.0631717
0.534069
0.152637
1
1
0.221564
0.0917687
0.278008
0.494939
0.520757
0.542582
0.0303248
1
0.165803
0.116672
0.126889
0.105114
0.928911
0.891187
0.914787
1
0.180565
0.1239
0.330749
0.452342
0.138472
1
1
0.109502
0.938629
0.694435
1
0.457051
1
1
0.276005
0.747321
0.442098
1
0.812758
0.117198
0.508995
1
1
0.127927
0.18926
1
0.192279
0.335088
0.1154
0.0807804
0.109662
0.095102
0.314863
0.202221
0.282029
0.379089
1
1
1
0.312771
0.424871
0.283523
0.362042
1
1
0.0899364
0.802428
1
0.322391
1
1
1
1
0.238833
0.123585
0.212402
0.170593
1
0.160528
0.315584
0.479755
0.448587
0.0413891
0.130424
1
0.091326
0.410651
0.800182
0.413773
0.249277
0.349061
0.212646
0.122158
0.182092
1
0.909152
0.552955
1
1
0.696173
0.261741
0.876421
0.189754
0.526497
1
0.75009
0.299982
0.806655
0.15707
0.980271
0.393473
1
0.972842
0.488248
1
0.276576
0.240634
1
0.29664
0.166516
0.64625
1
0.473297
0.249152
0.0333934
0.934627
0.295879
0.0950705
0.203367
0.205383
0.250319
0.250559
0.242623
0.844403
0.278589
0.811632
0.431546
1
1
1
1
0.203137
0.189033
0.185363
0.103242
0.208964
1
0.119514
0.838596
0.302287
1
0.147926
0.329937
1
0.893033
0.48413
0.348968
0.041097
1
1
0.153118
0.234067
0.796811
1
0.358805
0.271689
1
0.274169
0.372033
0.453279
1
1
0.194504
0.986956
1
0.0918081
0.0532179
1
0.780686
0.0851833
0.973973
1
1
0.271758
1
0.577214
0.49501
0.43003
0.156682
0.166013
0.193207
0.680188
1
0.297535
1
0.149617
0.155577
0.195548
0.0721798
0.0747588
0.0510113
0.122696
0.0877047
0.305985
0.0601689
0.264155
0.11891
0.205977
0.964465
0.229433
0.0674187
0.251876
1
0.467019
1
1
1
0.0794338
0.147007
0.0587852
0.0421381
0.186176
0.109043
0.162806
0.0821557
0.361021
0.314131
0.0501446
0.18614
0.102065
0.389232
0.0437908
0.265656
0.226362
0.445611
0.1134
0.716645
0.0936274
0.774528
1
0.744195
1
0.996437
1
0.531955
1
0.601248
0.217026
1
0.448432
0.57998
0.191148
1
0.177423
0.139502
0.456545
0.267292
1
1
1
0.147831
1
1
1
0.12635
0.1516
1
1
0.111288
0.165703
0.168122
0.124605
0.10025
1
0.426911
0.365873
0.248544
0.201399
0.475362
0.537747
0.782789
0.551766
0.0774586
0.0682916
1
0.146508
0.427692
0.195706
1
0.213455
0.733855
0.74386
1
0.0388533
0.158854
1
1
0.0549019
0.349724
0.867862
1
0.460953
0.412135
0.208888
0.294794
0.424942
0.13673
1
0.156207
0.17416
0.176849
0.224025
1
0.337246
0.405957
0.162578
0.231029
0.481154
1
1
0.149721
1
1
0.103289
0.627939
0.226213
1
0.610721
0.736532
0.122691
0.0908177
1
0.351019
0.404928
1
0.0905039
1
0.808317
0.19563
0.587693
1
0.37752
0.324776
1
0.258645
0.226036
1
1
0.103262
1
0.451565
0.238172
0.237562
1
0.0921932
1
0.0570946
0.0539384
0.0709595
0.603843
0.125482
0.202081
0.267939
0.0790554
0.0779018
0.150059
1
0.0890623
0.196121
0.0630167
0.490452
1
0.389773
0.388809
0.434393
0.923087
0.0798845
0.382615
1
1
0.604554
1
0.379804
1
0.134248
0.108475
0.222194
0.0536429
0.041154
0.138549
0.216697
1
0.321687
0.0639177
0.0850491
1
1
1
0.0940115
0.0372982
0.202207
0.348796
0.585338
0.404859
0.496016
1
0.318521
0.215907
0.306341
0.219412
1
0.0802093
0.602865
0.342356
0.0536646
0.176085
0.39747
0.25096
1
0.320569
0.130385
0.063678
0.317329
0.167737
1
0.110479
0.446517
0.474965
0.126205
1
0.0988743
0.118072
0.239904
0.0996129
1
0.698975
1
0.156891
0.134662
0.324127
0.588909
0.524948
0.68091
0.474797
0.265661
1
1
0.384597
0.705992
1
0.581708
1
1
1
0.529544
0.223491
1
0.100063
1
0.377927
1
0.182113
0.386392
0.118345
0.314212
1
0.240315
0.115349
0.146222
1
1
1
0.78766
0.41921
0.921765
0.280553
0.354872
0.0651965
1
0.0869858
0.230122
0.202219
1
0.871559
0.127219
0.301597
0.906946
0.184745
0.265822
0.939429
0.967739
0.80992
0.327741
1
0.152227
0.196584
0.353409
1
0.606541
0.134652
1
0.955859
0.102006
0.553947
0.113224
0.371052
0.877104
0.374081
0.54845
0.567476
0.0867374
0.343738
0.425557
1
0.169811
0.942971
1
0.296879
1
1
0.373347
0.644475
1
0.502705
1
0.061245
0.12401
1
0.0743193
0.637608
1
1
1
0.950648
1
0.381373
0.783522
1
1
0.660952
0.356406
0.933357
0.0703786
1
0.898531
1
0.0366592
1
1
0.175118
0.173273
0.671541
1
0.270923
0.517036
0.303378
0.231964
0.0795461
0.558928
0.579464
1
1
0.282414
1
0.681597
1
0.0790424
0.407859
0.0861537
0.244799
1
1
0.0273416
0.137172
0.455525
1
0.272648
0.462554
0.422986
0.440227
0.370689
0.347026
0.444273
0.132328
0.248594
1
0.21544
0.913685
1
1
0.193858
0.980174
0.597652
0.381446
1
1
1
0.523413
0.438153
0.184387
1
0.169687
1
0.135522
0.260999
0.457664
0.0580351
0.844362
0.288307
0.122345
0.58321
0.085656
0.0727116
0.933609
0.0466035
1
0.131316
0.564563
0.873917
0.525912
1
0.627093
0.608365
1
1
0.670365
1
0.140605
0.315339
0.657901
0.555169
0.38545
0.301397
0.613391
1
0.099466
1
1
0.361547
0.652955
0.336763
0.196637
1
1
1
0.264832
1
0.378428
1
0.109661
1
0.113933
0.0634581
0.249875
0.0761505
0.69825
0.309584
0.250944
0.418636
1
0.0973647
0.504924
1
0.340128
0.446424
0.143597
0.0998972
0.0673258
0.508652
1
0.0936927
0.552329
0.185221
1
0.0701058
0.155469
0.744581
0.230103
0.153471
0.106682
0.171913
0.524432
0.750296
1
0.64326
0.0747905
0.0902287
0.11588
0.250846
0.113882
0.104197
0.150587
0.0910248
1
0.968311
0.349846
1
0.29996
0.333858
0.039107
0.0776917
1
0.507297
0.0835276
1
1
1
0.103187
0.0633561
1
0.494052
0.180672
0.184017
0.61907
1
0.74327
1
0.788787
0.173456
1
0.96938
0.107843
0.18486
0.646894
1
0.191445
0.382543
0.433318
1
0.360211
0.174522
0.0707579
0.934861
0.388867
0.0447846
0.655889
0.795812
0.075888
1
0.101514
0.441346
1
1
1
0.0740049
0.231317
0.098362
0.335109
1
0.578903
0.470417
0.409665
1
0.325813
1
0.103417
0.554478
0.107838
0.44938
0.182565
0.0842183
0.247572
0.816133
0.227393
0.227385
0.28995
0.142739
0.0845387
1
0.168552
1
0.0943451
0.148116
1
0.0616631
1
0.265125
0.550251
0.262013
0.123678
0.254173
1
0.56219
0.60886
0.687362
1
0.215146
0.423662
0.555828
0.121869
1
0.17125
1
0.251731
0.7752
0.117372
0.309463
0.171623
0.0980728
0.633557
0.64179
0.311515
0.164502
0.417449
1
1
1
0.243877
0.500798
1
0.495512
1
0.251325
0.230082
0.354141
0.245257
0.455277
0.269632
1
0.394164
1
0.110521
1
0.101142
0.352414
1
0.141335
1
0.229907
0.160593
1
0.604731
0.321438
1
0.449146
1
1
0.170235
0.151565
0.819873
0.763634
1
0.390359
0.183243
0.0688671
0.272017
0.181291
1
0.408184
1
1
0.149424
0.730709
0.30293
0.440993
0.143157
0.505292
0.132805
0.24865
0.627436
0.502038
0.148445
0.11356
1
1
1
0.270672
0.133087
0.522635
1
1
0.103024
0.21874
0.0603445
0.0524192
0.130357
0.236939
0.543619
0.105626
0.36507
0.225016
0.359069
0.207516
0.126412
0.155497
0.115198
0.333266
0.0968756
0.117174
0.258417
0.170757
0.297228
0.373892
1
0.0933713
0.110325
0.177948
0.283871
0.554169
0.0963375
1
0.061861
0.112112
0.203659
0.252756
1
0.509777
1
0.08187
0.806589
0.0730843
1
0.635826
1
0.186878
0.112567
0.0749223
0.145627
0.537288
0.382082
0.04269
0.55663
0.609054
1
0.751395
1
0.156318
0.583329
0.419886
0.261517
1
1
0.297106
0.813376
0.712775
1
1
0.632054
1
1
0.101467
1
0.945833
0.274149
0.146396
1
0.59061
1
0.0774575
1
0.182785
1
0.696759
1
0.254273
0.130052
0.2743
1
0.0906279
0.354755
1
0.608141
0.250085
0.485727
0.572241
1
0.348757
1
0.649978
0.0758791
1
0.398607
1
0.877854
0.582983
0.389534
0.165886
0.56829
0.146224
0.457381
1
0.626342
0.876704
1
0.134543
0.769148
1
0.689224
0.765641
0.218106
0.465737
0.51475
1
0.280104
0.520555
1
0.462661
0.313668
0.353445
0.237485
1
1
0.990836
0.104801
1
0.105338
0.0704851
0.410445
0.172411
0.149091
1
1
0.78501
1
0.115419
1
0.100379
0.289096
0.576563
0.435122
0.410233
0.151585
0.314471
1
0.258787
0.23807
1
0.0778461
0.191842
1
0.282224
0.382285
1
0.196132
0.705639
0.300006
1
0.432817
0.119353
0.177149
0.093449
0.281052
0.771438
0.0993288
0.0939576
0.871433
0.793516
0.934205
0.500505
1
0.12402
0.406983
1
0.357052
1
0.293247
0.0879851
0.198133
0.261297
0.0579452
0.632013
0.329405
0.58567
0.404667
1
1
1
0.181058
0.0593319
0.175116
0.667765
0.177707
0.904077
0.221431
1
0.0893411
0.205716
0.233244
1
0.12551
1
1
0.209478
0.210706
1
1
0.18267
1
0.370444
0.942919
0.227953
1
0.383158
0.0790928
1
0.366716
1
0.0317979
0.324435
0.0920301
0.689008
0.195291
0.475493
0.18899
0.0988031
0.304811
0.119267
1
1
0.07841
0.0907481
0.270301
0.131215
0.56086
1
1
0.0440391
0.519123
0.0663196
1
0.285925
0.114792
0.0939994
0.0522817
0.175258
0.516512
1
1
0.218056
0.645817
1
1
0.209186
0.26233
1
0.211102
0.283621
0.400315
0.108408
0.107902
0.0935166
0.20358
0.353999
0.103048
0.163072
0.16595
0.0971468
0.0772837
0.109709
0.208992
0.502116
0.491799
0.273812
0.948638
0.772545
0.143413
0.411571
0.169383
0.166137
0.992593
0.762011
0.270298
0.11202
0.891165
0.575529
0.256472
0.655625
1
1
0.459443
0.401685
0.180778
0.267975
0.521414
0.082705
0.0808363
1
1
0.535743
1
0.742611
1
0.528902
0.413134
0.242077
0.390682
0.208323
0.0748925
0.112
0.482776
0.579243
0.896825
0.86751
1
0.272572
0.22729
0.0768843
0.211125
0.356091
0.165108
0.125825
1
0.24224
0.323084
0.115439
0.396332
1
0.97023
0.199638
0.169184
0.145965
1
0.984109
0.442963
0.152196
0.109382
1
0.526818
0.318479
0.0802351
0.364225
0.248901
0.0514564
1
0.228975
0.646194
1
0.28644
0.205263
1
0.114155
0.388174
0.293472
0.502775
0.0533271
0.336066
1
0.527937
1
0.0780517
0.107308
0.612577
0.586586
0.202285
0.362657
0.193603
0.471482
0.581202
0.169471
1
1
0.369569
0.136532
0.088257
1
0.297471
0.10599
0.232972
0.127017
0.122197
0.552749
0.400004
1
0.397819
0.444683
0.102748
0.0892606
0.125136
0.996864
0.0774008
0.235697
0.0629756
0.183841
0.420234
0.933072
0.0942772
0.660111
0.317539
1
0.372757
0.977581
0.165891
0.168503
0.123623
1
0.435203
0.135141
1
0.155617
0.387608
1
0.239832
0.168795
0.572284
0.310342
1
0.959904
1
0.522914
1
0.269754
0.843852
1
1
1
0.21376
0.251562
0.321364
0.0497728
0.49241
0.425294
0.501418
0.0768371
0.0916153
0.827305
0.882302
0.0422547
0.172284
0.129639
1
0.217642
0.517098
0.198735
1
0.382359
0.446199
0.120307
0.324371
1
0.528601
1
1
0.75619
0.605566
0.844057
0.0820379
1
0.10494
0.410173
0.254665
0.272446
1
1
0.213404
0.260416
0.496096
0.0531989
0.4154
0.0917533
0.300844
1
0.417705
0.723982
1
0.0865729
0.661079
0.191445
0.734278
0.517242
1
0.188831
0.160753
0.448886
0.221275
0.166395
0.330105
0.571341
1
0.174037
0.0703121
0.325485
1
0.955654
0.615573
1
0.12236
0.117209
1
0.141921
0.272062
0.247925
0.199395
1
0.0723067
0.205251
0.270503
0.239597
0.344284
1
0.335111
0.888429
0.267897
0.796645
0.754728
0.594585
0.354661
1
0.937959
1
1
0.344899
0.549424
0.240735
0.427236
1
0.105379
0.245063
0.172605
0.836056
0.679527
0.0614912
1
1
0.394822
0.116264
0.39591
0.798483
0.233717
0.0955678
1
0.19191
1
0.178261
0.163617
0.176183
0.103532
0.276378
0.174234
0.323675
0.0728251
0.864948
0.307964
0.988081
1
0.12569
0.462293
0.540317
0.238596
1
0.186248
0.703297
1
0.494117
0.306972
1
0.299793
0.204255
0.0817606
0.568491
0.285834
0.10716
1
0.135837
1
0.702235
0.0890906
0.802454
1
0.327264
0.14856
0.105479
0.106845
0.709592
0.613537
0.155189
1
0.499287
0.23587
0.0430105
0.189661
0.264408
1
0.796056
0.093958
0.190325
0.3052
0.3451
0.25423
0.110368
1
1
0.103098
0.807533
0.0457236
0.336076
0.19864
1
0.257569
1
0.30194
0.183892
0.255236
0.292336
0.254419
0.116808
1
1
1
0.484651
0.164875
0.172995
0.116906
0.253884
0.338205
0.158342
0.231842
0.802925
0.130338
0.288571
0.132046
0.955194
0.0967036
0.0955278
0.198605
0.354673
0.0364418
0.635409
0.108584
0.82877
0.598807
0.354899
0.132948
0.0761332
1
0.736955
0.0974619
0.911049
0.736485
0.850182
1
0.0955788
0.118803
1
1
1
0.786422
1
0.190119
0.0979636
0.0652999
0.557081
1
0.319985
0.0684831
0.943636
0.60761
1
0.238559
0.703468
0.166536
0.571834
0.0521427
0.215611
0.745184
0.751363
0.22831
0.271308
1
1
0.0644089
0.277479
0.792735
0.0653831
1
1
0.631764
1
1
0.0631514
0.231722
0.450849
0.25252
0.223225
1
0.0462217
1
0.557875
0.996127
0.242341
0.04385
0.587324
0.310242
0.17926
0.181965
1
0.295492
0.107592
0.390279
0.0273783
0.098125
0.143851
0.449614
0.194019
0.338825
0.473404
0.0792329
0.616211
0.192999
0.215174
0.0367345
0.356037
1
0.280109
0.425453
0.769162
0.164881
1
0.583983
0.636753
1
1
1
0.211604
0.137994
1
0.408011
0.942174
0.105135
0.116488
0.208208
0.577804
1
1
1
0.351835
0.643836
0.640386
0.467161
0.788092
0.106773
0.156176
0.422836
1
0.172554
1
0.662197
0.286909
1
0.0913493
1
0.280786
1
0.226619
0.106541
0.103279
0.483989
1
0.500901
0.428664
0.23018
0.896713
1
0.146379
0.444095
0.719865
0.178382
0.0954755
1
0.430555
0.406911
0.171215
1
0.325518
0.150303
1
1
0.135112
0.31958
0.398199
0.15376
0.500268
0.188603
1
1
0.186189
1
0.179434
0.320962
1
0.523352
1
0.202538
0.78433
0.174773
0.061336
0.330324
0.650336
0.147257
1
1
0.385124
0.216158
0.384032
0.116392
0.0601428
1
0.0582377
0.583861
0.235158
0.139594
0.169428
0.678427
0.205685
1
0.47347
0.123768
0.0969407
0.14547
1
0.0692116
0.54144
0.67796
1
0.567667
1
1
0.613893
0.201355
0.729244
0.624449
0.0810901
1
0.509622
0.284094
1
0.358962
0.190545
0.0456205
0.335968
0.606141
1
0.142756
0.083198
0.317339
0.813077
0.360452
0.109812
0.0660572
1
1
0.896921
1
0.259254
0.613413
0.684653
0.223235
0.199078
1
1
0.32611
1
1
0.492024
0.180174
0.0557494
1
0.996663
1
0.762138
0.0622223
0.170472
1
0.460089
0.348736
0.174746
1
1
0.747985
0.127614
1
0.301008
0.0716351
0.733427
0.0541637
0.124017
0.157957
0.292031
1
1
0.112547
1
0.0987186
1
0.154338
0.449296
0.233432
1
0.156459
1
0.604916
1
0.594412
0.105874
0.12291
0.074348
0.926298
1
0.226412
0.115976
0.340185
0.393404
0.335212
0.151357
0.180084
1
0.0833804
0.926588
1
0.146625
0.0556763
0.317786
0.380441
0.645916
0.313556
0.392671
0.529866
0.386799
0.635251
0.372546
1
0.654988
0.0477725
0.484002
1
0.788669
0.879287
0.178698
1
0.0559045
1
0.0723634
0.515154
0.639914
0.134325
0.21106
1
1
0.367946
0.0643675
0.152772
0.156666
1
1
0.152868
0.345395
0.116032
0.147918
0.397309
0.767175
0.303535
0.416373
1
0.163086
0.604806
1
0.278916
0.278762
0.814935
1
0.947918
0.131173
0.789873
1
0.382727
0.397391
1
0.0747797
1
0.241423
0.796345
0.367127
0.0730915
0.135753
0.591882
1
0.631285
0.326712
0.156846
0.102204
0.280181
0.136733
0.235281
0.324315
0.127114
0.101424
0.114331
0.425926
0.673996
1
0.157192
0.224358
1
0.282462
0.716416
1
0.792091
0.436195
0.429245
1
0.549555
1
0.100712
0.405812
0.222921
0.235792
0.300697
0.073287
1
0.714944
1
0.460577
0.120854
0.548252
0.221538
0.11803
0.0994858
1
0.422309
0.106501
0.439014
0.46466
0.0813334
0.381099
0.336415
0.563534
0.401953
0.237359
0.072029
1
0.166022
1
0.242039
0.220398
0.189926
1
0.818197
0.0419311
0.134154
0.480201
0.994592
0.377275
0.254201
0.078697
0.259636
0.361188
1
1
1
0.838052
1
0.137624
0.280684
1
0.0351554
0.0284312
0.0768599
0.141899
0.323545
0.610966
0.548468
0.221449
0.501646
0.390191
1
1
1
0.339155
0.521116
0.0881714
0.236485
0.456001
0.349668
0.222866
0.176569
0.219885
0.117387
0.742148
1
0.256748
0.123018
0.0601379
0.298338
0.492698
0.645611
0.131277
1
1
0.250631
1
1
0.507768
0.170885
0.102896
1
0.261041
0.524651
1
0.502707
1
1
0.899271
0.437615
0.842658
0.239086
1
0.49203
0.413669
1
0.392551
0.166176
0.407608
0.359001
0.373555
0.139335
1
0.0878433
0.109138
0.0831228
0.185821
0.170062
1
1
0.127308
1
0.55
1
0.186572
0.2028
0.367763
0.124139
0.314841
0.134747
1
0.402897
0.584102
0.958909
0.444324
0.129185
1
0.500942
0.322323
0.90393
0.244306
0.218688
0.533238
0.0917978
0.551666
1
1
1
0.0381395
1
0.538099
1
0.0440427
0.684744
0.338774
0.56473
0.124627
0.206468
0.043306
1
0.29014
0.385314
0.242733
1
1
0.448688
1
1
0.240058
0.398498
0.223213
0.84652
0.326688
0.827325
0.120156
1
0.62506
0.0579233
1
0.0793148
0.720186
0.402059
1
0.262263
1
1
0.0575865
0.396937
0.0708865
1
0.23406
1
1
0.175863
0.45161
1
0.167261
1
0.140109
1
0.24027
1
0.267662
0.153219
0.58506
1
0.206079
0.499882
0.0730851
0.318523
0.40904
1
1
0.13658
0.10985
0.226595
0.2469
0.526157
0.0443266
0.708884
1
0.883439
0.358146
0.115877
0.177379
0.055219
0.143068
1
0.0987585
0.201141
0.405326
1
0.128254
0.312642
0.507784
0.187945
0.578083
0.0814217
0.170664
0.0954394
0.128073
0.638367
0.179142
1
0.528249
0.223142
1
0.475215
0.466625
0.329985
0.155529
0.0508747
0.0945873
0.209464
1
1
0.14702
0.469765
1
1
0.329815
0.133323
0.538217
0.661107
1
0.202354
0.133019
0.793564
1
0.0728762
1
0.188234
0.0862482
0.838368
1
0.212844
0.800786
0.846993
0.467086
0.418548
1
0.240451
0.624513
0.0691367
1
0.951321
1
0.104856
0.865534
1
0.196969
0.709558
0.207377
1
0.726119
0.420917
0.502075
0.108628
1
0.159727
0.346786
0.770233
1
0.545628
1
1
1
0.0458373
0.340399
0.0512032
0.341062
1
0.575366
0.125441
0.246413
0.101987
1
0.739153
0.106063
0.220652
0.345615
0.0738599
0.170477
0.0976194
0.956499
0.0974633
0.774902
0.414054
0.89806
0.692922
0.714783
0.0858019
1
0.0523245
0.89947
1
1
0.447962
1
0.165062
1
0.329738
0.0670171
1
1
0.874757
0.232872
0.840878
0.464886
0.70315
0.363139
0.138852
0.360813
0.179669
0.726368
1
0.0544753
0.30503
0.0962502
0.0556806
0.442094
0.151347
0.635178
0.18906
0.451011
0.19581
0.777045
0.861994
0.9114
0.4325
0.0285261
0.233211
0.552528
0.410352
0.030841
0.380505
1
0.572678
1
0.649555
0.530489
0.187878
0.0711484
0.281169
0.149556
0.158239
0.176071
0.059444
1
0.120338
0.397627
0.0896618
0.686874
0.736786
0.0511295
1
1
1
0.295868
0.1039
0.834438
0.103916
0.323924
0.0883579
0.793907
1
0.0667242
0.0913667
0.541801
1
0.089681
0.150736
1
0.520677
0.136974
0.0696136
0.426247
0.784476
0.588693
1
0.141403
0.269094
0.241234
0.278339
0.117611
0.168065
0.529262
1
0.213125
1
1
0.828752
0.617253
0.148325
0.0827277
0.184051
0.296305
0.598512
0.210997
1
0.297517
0.44961
1
0.536576
1
1
0.080316
0.812354
0.0740584
1
1
0.31101
0.0689287
0.605816
0.479041
1
0.690512
1
0.131948
0.151949
0.0386783
0.58147
0.0974107
1
1
0.115294
0.434929
0.253143
0.162897
0.174223
0.453989
1
0.0991401
1
0.252238
0.737156
1
0.219103
0.255752
0.177138
1
0.740532
0.874598
1
0.124318
1
1
0.179281
0.216446
1
0.27048
0.0560565
0.561988
0.182206
1
0.306245
0.253868
0.501428
1
0.140361
0.41512
0.106753
0.457677
0.528599
0.0753444
0.0963953
0.536518
0.0698499
0.601764
0.582365
1
0.116586
0.256057
0.193556
0.0372413
1
1
1
0.103947
0.730178
1
0.145724
0.446849
0.285975
0.851443
0.405637
0.313189
1
1
0.192285
1
0.113859
0.289483
1
0.807967
1
1
0.113022
0.152689
0.620603
0.0662577
1
0.675371
0.245542
0.887241
0.360839
0.116234
0.386926
0.462132
0.23972
0.0745341
1
0.168302
0.238899
1
0.221103
1
0.549484
0.356091
1
0.318863
0.463166
1
0.561943
1
0.255479
0.0956926
0.830263
0.0335393
1
0.157099
0.0911953
0.786708
0.353468
1
0.0574305
0.572709
1
0.074403
0.137338
0.0779193
0.103566
0.219942
0.253152
0.0959622
0.0530483
0.037948
0.129747
0.111944
0.433653
0.856866
0.522154
0.460721
1
0.219586
1
0.638329
0.294393
1
0.159367
0.300476
0.126248
0.188121
0.342086
1
0.414039
0.555345
1
0.0704162
0.990315
0.395877
0.413831
0.478501
0.423972
0.61935
1
0.505784
0.658901
0.720458
0.152444
0.64411
1
1
0.922724
0.0656766
0.0586505
0.592491
0.125796
0.0978176
0.372024
0.0601378
0.316184
1
0.730057
0.0808148
0.0725882
1
0.0643277
0.360808
0.424529
0.247885
1
0.193714
0.367089
0.116552
0.0726338
0.240502
1
0.242609
0.188084
1
0.645688
1
1
0.241287
0.465723
1
0.731055
1
0.0484985
0.430839
0.449588
0.658043
0.112162
0.166542
0.28279
1
0.501253
0.506019
0.120343
0.100296
0.695675
0.130851
0.0998791
0.568224
0.135208
0.873404
1
0.118965
0.254433
0.537938
1
0.211776
1
0.848166
0.482233
0.234491
0.564246
1
0.291467
0.523262
1
0.490345
1
0.205172
0.206457
0.292336
0.0340093
0.705205
1
1
0.238096
0.516597
0.0678077
0.045421
0.0739126
0.389333
0.17925
0.074295
0.586233
0.0538284
0.233682
0.617849
0.198225
0.166266
0.577572
0.262694
0.0633415
0.0525652
1
1
1
0.236389
0.0947265
0.790239
0.846731
0.362634
1
1
0.461418
1
0.172441
0.0642151
0.403499
1
0.250899
0.362853
0.22894
0.171328
0.293596
0.172119
0.27915
0.309238
0.258777
0.121923
0.437223
0.129823
1
0.177298
0.658962
1
0.441422
0.669081
1
0.171617
1
1
0.226621
0.652032
0.526701
0.244855
1
0.868605
0.0460846
0.39391
0.06498
0.155791
1
0.744637
0.636791
0.719324
0.662032
0.194824
0.699559
1
1
1
0.38836
0.240274
0.786795
0.755269
1
0.154396
0.351342
0.102124
0.739439
0.575776
1
0.575316
0.437795
0.0619051
1
1
1
0.697496
0.593433
1
0.873087
0.186747
0.142289
0.200576
0.0672766
0.111381
0.170951
1
0.10427
0.87971
0.25563
0.275999
0.927254
0.139212
0.244169
1
1
1
0.0946543
0.077487
0.097083
0.0973574
0.358638
0.0541393
0.0816872
0.224733
0.444125
0.122084
0.163384
0.162728
0.0479628
0.653585
0.223717
0.121146
0.0631436
0.0815246
0.197875
0.425203
0.209008
0.204069
1
0.151354
0.690378
0.361754
0.314045
0.496702
1
0.90766
0.567199
1
0.138964
0.698278
0.608073
0.38137
0.121666
1
0.167853
0.471703
0.222997
0.458114
0.621881
0.439837
0.287283
0.278097
0.830047
0.128928
1
0.183515
0.92173
0.563443
0.128378
0.925861
0.190421
0.914982
0.188595
0.937653
1
0.113453
0.15143
0.198067
0.166541
0.22047
0.773719
0.0768826
1
1
0.244238
0.173625
0.137236
0.617519
0.670354
1
0.14488
0.518587
1
0.0541967
0.0894831
0.0596215
0.0675071
0.036732
0.0416529
0.258933
0.406689
1
0.272443
0.0602042
0.636173
1
0.501402
0.3939
0.514483
1
0.202328
0.117131
0.288389
0.125906
0.306192
0.61829
0.0561438
0.374539
0.305349
0.112676
0.922871
0.089128
0.1628
0.428403
0.191429
0.538151
1
0.805495
0.068276
0.903582
0.860512
0.564801
0.136221
0.200613
0.181644
0.109452
0.140064
0.466434
0.107241
0.0966014
0.547423
1
0.153116
0.969036
0.244504
1
0.419438
0.464651
1
0.980032
0.270128
0.101808
0.541646
1
0.34517
0.27113
1
0.890566
0.0924224
0.540709
0.803616
0.993085
0.14361
0.0931567
0.184222
1
0.309743
0.186547
0.301782
0.335071
0.378715
0.110068
1
0.0937469
0.447731
1
1
0.882569
0.854776
0.0868173
1
1
1
1
0.420712
0.202629
0.358722
0.756349
0.0758093
0.326889
1
1
1
0.334573
0.0927
0.253067
0.158811
0.0985473
0.150689
0.222196
0.049546
0.134638
0.796442
0.25697
0.307465
0.227446
0.158995
0.156319
0.0740592
0.152016
0.362344
0.125966
0.483214
1
0.547477
0.411436
0.270528
0.0890679
0.195192
0.117364
1
1
1
0.439846
1
0.424604
1
0.139398
0.504207
0.117803
0.21843
0.0536083
0.365957
0.176806
0.0940516
1
1
1
0.481532
0.0928719
0.253155
0.195434
0.134298
0.842915
0.602297
1
0.165545
0.158756
0.929962
0.0622221
0.758398
0.513218
1
0.235928
1
0.121305
0.205592
0.387997
1
1
0.0528383
0.196122
0.929709
1
1
0.215658
0.272421
0.305159
0.520243
1
0.12592
0.916521
1
0.094216
0.301835
0.390842
0.286117
0.199244
1
1
0.271009
0.51719
0.7651
1
1
1
0.471257
1
1
0.591976
1
0.577142
0.151969
0.740631
0.0276305
0.15287
0.179082
1
0.844702
1
0.407491
0.0975939
0.771493
0.172428
1
0.212785
0.118558
0.608217
0.132493
1
0.498752
0.0436907
1
0.193313
0.424736
1
1
0.956284
1
0.145133
0.248373
0.29882
0.32882
0.338195
0.280579
0.337576
1
0.0839996
0.345696
0.167632
1
0.244347
1
0.959284
0.287271
0.44638
1
0.388544
0.237344
0.756737
0.736761
1
1
0.325508
0.897572
0.175527
1
1
1
1
0.0969799
0.0504899
0.129837
1
1
0.643363
0.323076
0.176183
0.214912
1
0.212149
0.14059
0.815011
1
1
1
0.572566
0.361101
0.594927
0.452592
0.214899
1
0.112068
0.357056
0.186558
0.191861
1
0.119048
0.835601
0.168616
1
0.0630695
0.0929344
0.154091
0.0923557
0.135748
0.0651121
0.178332
0.079057
0.325079
0.474392
0.123224
0.330263
0.212446
0.207951
0.0904739
1
0.277228
1
0.0416121
0.162124
1
1
0.106317
0.258793
0.0276542
0.495448
1
0.620063
0.596552
0.284195
0.12736
0.417816
0.103079
1
1
0.194119
0.945175
1
0.217857
0.206155
1
0.155834
1
0.0918239
0.158203
0.191439
0.152722
0.349928
0.616939
0.120503
0.235846
0.0690219
0.124233
0.164921
0.311386
0.275249
1
0.641756
1
0.34011
0.157021
0.202365
0.690866
0.416934
0.0829488
0.342706
1
0.162464
0.482998
0.338813
1
0.342685
0.584328
1
1
1
0.12694
0.296397
0.667127
0.0481296
1
0.201924
0.93249
0.125853
0.19284
1
0.592839
0.619243
0.503103
1
1
0.146347
0.595115
0.0690938
1
0.126218
1
0.232124
0.255924
0.301564
0.506255
0.204778
0.0877165
0.667371
1
0.171596
0.960167
0.99859
0.319309
0.138552
1
1
1
0.624537
0.0617082
0.108652
1
0.232288
1
1
0.210141
0.0741825
1
0.657629
0.129312
0.163814
1
0.147257
0.0676148
0.699998
1
0.61311
0.526567
0.948737
0.901418
0.235996
0.579587
0.129374
0.182295
0.170479
1
0.933897
0.183766
1
1
0.0612413
0.511094
0.834248
0.559237
0.699558
0.691709
0.198496
0.739818
1
0.777993
0.123787
0.0659111
0.0762788
1
0.400932
0.0929497
0.11652
1
0.128084
0.284192
0.860003
1
0.646481
1
0.279686
0.0868269
0.652238
0.264593
0.344984
0.267992
1
0.361572
0.289565
1
0.116927
0.475128
0.0858641
0.354817
1
1
1
0.352153
0.0909989
0.0925608
0.082748
0.155787
0.361939
1
0.139683
1
1
0.800803
0.279377
0.397942
0.228807
0.878448
0.0977475
0.648122
1
0.209787
0.307898
1
0.610598
0.93836
0.30098
0.0596466
0.919134
0.738697
1
0.77279
0.778322
0.899205
1
0.642493
1
0.657363
0.16806
0.503567
1
0.624061
0.119586
0.497353
1
0.0830173
0.650523
0.35113
1
1
1
0.378203
0.122133
1
0.414197
0.0913877
0.737336
0.804057
1
1
0.232389
0.455897
0.69246
0.525685
1
0.30444
0.46504
0.333478
0.068517
0.247584
1
1
1
0.246549
0.215169
1
1
1
0.17772
0.45998
0.216283
0.0628775
0.174246
0.179464
0.0519772
0.841578
0.306539
0.912274
0.343745
1
0.345151
0.318731
1
0.195106
0.116833
0.0833201
1
0.864484
1
1
1
0.305833
0.149206
0.807681
1
0.842094
0.463293
0.534349
0.771366
1
0.821171
0.33596
0.554286
1
1
0.669618
0.0474549
0.302514
0.288748
0.207744
0.200264
0.0572294
0.111855
0.0833371
1
0.220066
0.296746
0.256241
0.684523
0.895422
0.0757477
0.185832
0.735606
0.105893
0.105826
0.26033
0.483944
0.280341
0.0696246
0.0397863
0.305853
0.12181
0.337828
0.951895
0.919001
1
0.415235
1
0.205155
1
0.797877
0.150274
0.15896
0.268669
0.491965
0.274744
0.72332
0.45129
1
0.688598
1
0.398463
1
0.376839
1
0.0493248
0.123487
0.0887598
0.0547481
0.15385
0.100491
0.190331
0.17749
1
0.0725828
0.41364
0.128404
0.113105
1
1
0.119744
0.956892
0.0373834
0.214279
0.180581
1
0.375799
0.224937
0.73906
0.0870493
1
0.0929446
0.225576
0.0990852
1
1
1
0.657301
0.358137
0.121578
0.198618
1
1
0.453792
0.128428
1
0.21213
0.395278
0.583601
0.335784
1
0.0484981
0.675868
0.279652
0.824125
0.995939
0.423349
0.193649
1
0.156508
0.493142
0.353567
0.333246
1
0.81929
0.119529
1
1
1
1
0.687545
0.246516
0.343344
0.265654
0.144906
0.923632
0.416544
0.145101
1
0.0649475
0.144233
0.704268
1
0.20726
0.214558
0.611109
1
0.844799
1
1
1
0.418857
1
0.235568
0.117212
0.161082
0.273145
0.600368
0.340602
0.143742
0.280247
0.295217
0.351675
0.185255
1
0.329447
0.358471
0.156071
0.0968627
0.200562
0.117605
0.275789
0.572637
0.308373
1
0.0746915
0.827601
0.0448911
0.0748212
0.210614
0.339463
0.835164
0.149266
1
0.182764
1
0.283449
0.810844
0.0310302
0.389952
0.431699
0.302214
0.512385
0.73353
0.0910744
0.129264
0.20726
1
1
0.0698171
0.600546
0.234713
0.0925045
0.682429
0.204894
0.200719
0.402295
1
1
0.14153
0.603852
1
0.592572
0.341025
1
0.61964
1
1
1
1
0.0755488
0.104309
0.778245
0.190202
0.0450958
0.147066
0.21926
0.271922
0.290319
0.0643087
0.282599
0.249407
0.175175
0.170064
0.272209
0.617397
0.174746
0.0789427
0.144515
0.646078
1
0.538849
1
1
0.428516
0.580008
0.105124
0.331855
1
0.0824023
1
0.219712
0.339324
0.239516
1
1
0.111537
0.109478
0.0382059
1
0.264572
0.667687
1
0.294865
0.742805
0.329332
0.209766
0.520197
1
0.112262
0.139883
0.343763
1
0.393709
0.672962
0.201692
1
1
0.193904
0.529141
0.712107
0.435623
1
0.719523
0.738635
0.131491
0.193379
0.336498
0.965515
0.108881
0.113436
0.529198
0.9281
1
0.803571
0.0866608
0.462686
0.632176
0.39012
1
0.512888
1
1
0.836642
0.104643
1
0.3105
0.107409
0.32014
0.0834229
0.150965
0.532513
0.134271
0.5822
0.593028
1
0.397298
1
0.246407
0.258271
0.166205
0.225192
1
0.680089
0.143932
0.116856
0.230353
1
0.289376
0.466498
0.233559
1
0.312632
0.287388
0.746028
0.442038
0.120736
1
1
0.420266
1
0.562066
0.0706093
1
0.390131
0.131513
0.0780588
0.295382
0.254423
0.442101
0.197122
0.383543
0.87576
1
1
0.280413
0.0696551
0.218647
1
0.0431188
0.339219
1
0.0603468
0.250804
0.812583
0.152413
0.455304
1
0.322959
0.215959
0.169959
0.84535
0.22766
0.133215
1
0.28778
0.840982
0.663015
1
1
0.593281
0.942739
0.114438
0.152438
0.562327
1
1
1
0.991013
0.128498
0.169391
1
0.0369299
0.143992
0.938831
0.606018
1
0.482181
1
0.116975
0.618709
0.602738
0.107895
0.733367
0.0443626
0.122943
1
0.124355
0.191357
0.261338
0.187175
0.298492
1
0.53158
0.380932
0.740791
0.193314
0.0702526
0.632658
0.664949
1
0.0927387
0.305709
1
0.671333
1
0.206082
0.323174
0.602551
1
0.073839
0.320736
1
1
0.218908
1
0.241978
0.884985
0.865718
0.477265
0.162975
0.099658
0.717228
0.160717
0.345121
0.288373
0.150663
0.282611
0.77858
1
1
0.620969
0.246428
0.246908
1
0.276119
0.35545
0.711353
1
0.321892
0.591713
0.32185
0.474375
0.179214
0.156904
0.123927
1
0.0513161
0.300173
0.715686
0.133638
1
0.965659
1
0.785577
1
0.249038
0.860507
1
1
1
1
0.200983
0.192442
0.105582
0.0901186
0.120854
1
0.24308
0.83633
1
0.0827279
0.195324
0.584131
0.952549
1
0.517838
0.71954
1
0.925757
0.492945
0.201574
0.207472
1
0.369822
0.448015
0.568298
0.640087
0.672872
0.411903
0.242895
1
1
1
0.0474839
1
0.392815
0.214421
0.527362
0.535303
0.0834612
1
0.286259
0.180562
0.171364
0.14247
0.0559161
0.514376
0.0908504
0.269228
0.124184
0.355936
0.33522
0.131712
0.0742357
0.879443
0.320864
0.0554269
0.755183
0.199807
1
0.347345
0.660039
0.175085
0.819318
0.108579
1
0.282083
0.383208
0.0816924
0.467599
0.988074
1
0.141897
0.210346
0.207729
1
0.698007
1
0.277243
0.603562
0.752723
0.114717
0.315364
1
1
0.295912
0.166215
0.181393
0.155922
0.0704081
0.546144
1
0.350172
0.319036
0.211027
0.884388
0.152316
0.0803252
0.237171
0.676948
1
0.49924
0.296069
0.816245
1
0.667922
1
0.266044
0.74606
0.189621
0.114246
1
1
0.780262
0.222451
0.194915
0.501336
0.300044
0.512614
0.254197
0.112097
0.20451
0.198276
0.118206
0.585577
1
0.205708
0.164808
0.365021
0.0914002
0.536414
1
0.0600601
0.444475
0.302886
0.0627915
0.123983
0.346353
0.11716
0.0732285
0.305878
1
0.502351
0.133268
1
1
0.260624
0.251053
0.190273
1
0.565668
0.475196
1
0.672882
1
0.346784
0.0624515
0.613536
0.326926
0.213181
0.293495
0.116461
1
0.480331
1
0.895141
0.438123
0.592175
0.345883
0.187708
0.196604
1
1
0.0457493
0.0986464
0.423511
0.443042
0.323324
0.135918
0.262821
0.507883
1
0.0429902
0.425616
0.677064
0.560716
0.53229
1
0.0791527
0.16106
1
0.519618
0.10605
0.161668
1
1
0.34811
0.230837
0.296256
1
0.155949
0.570944
0.226684
0.26938
1
0.182546
0.21078
0.431772
0.271239
0.0821942
0.433687
0.0760275
0.31489
0.555043
0.613339
0.0710966
0.433356
0.0480351
0.357981
1
1
0.0973288
0.487509
1
0.427603
1
0.0764223
0.383838
1
0.863682
0.12437
0.139743
0.372853
1
1
0.229799
0.445382
1
0.203067
0.108645
1
0.794138
0.12917
1
1
0.237579
0.129705
0.135716
0.157994
0.345654
0.266043
0.0584097
0.365049
0.0420992
0.0851228
0.0907796
0.0890276
0.117964
0.10987
0.157772
0.31323
0.189942
0.699117
0.391643
0.289205
0.409512
0.152327
0.198893
1
0.242365
0.610298
0.336574
0.075462
0.161975
1
1
0.357193
0.575811
0.144515
0.425324
0.744827
1
0.205296
0.0700236
0.139289
0.240452
0.400391
1
0.363235
0.118278
0.240803
0.515086
0.0502083
0.700705
0.143573
0.415266
0.126963
0.186865
1
1
0.0874436
0.122241
0.890422
0.355064
1
1
1
0.269439
0.78494
0.416303
0.973746
1
0.062092
0.601311
0.203154
1
0.117926
0.492575
0.0866371
0.1145
0.304891
0.0664014
0.150082
0.195135
0.772278
0.122128
1
1
0.25586
1
0.244099
0.202578
1
1
0.178374
0.150995
1
0.277251
0.0710062
1
0.067152
0.21111
1
0.610504
0.0302616
0.568721
0.0753714
0.44199
0.346447
0.746982
0.190017
0.110294
0.814642
0.0707974
1
0.528012
0.412943
1
1
1
0.525257
0.0762206
1
0.0854837
0.0566355
0.0533835
0.45127
0.266959
0.303043
0.0903555
0.0733985
0.468406
0.507059
0.782889
0.20555
0.438797
0.0775035
0.0632826
0.338097
1
0.224771
1
0.748163
1
1
0.361019
0.215466
0.0961686
0.0767914
0.214307
0.882434
1
0.235598
1
0.413213
0.163098
0.12468
0.320255
0.222819
0.0871263
0.0967238
0.277653
0.0974884
0.785128
1
0.380967
0.155217
0.398761
0.128777
1
0.373874
0.238033
0.0926366
1
0.192038
0.208188
1
0.62089
0.184579
0.162484
0.0595212
0.327822
0.248437
0.102516
1
0.865125
1
0.515583
0.608262
1
0.0491314
0.0819613
0.430712
0.384078
1
0.0614919
0.295064
0.174608
0.0882893
0.385154
0.0870203
0.187049
1
1
0.0636651
0.056199
0.161192
0.523314
0.573965
0.41786
0.106576
1
0.156785
1
1
0.979979
0.24158
0.82433
0.355706
0.116441
0.284968
0.304064
1
0.151714
0.155006
0.192637
0.381995
0.107485
0.222804
0.22421
0.0476792
1
1
0.264931
1
0.241332
0.0435257
0.337687
0.613859
0.0608239
0.849223
0.059866
1
1
0.239852
0.2858
0.645564
1
0.763413
1
1
0.672128
0.149016
0.236631
1
0.198352
0.363216
1
0.173141
0.144127
1
1
1
0.0813049
0.0914646
0.500315
0.142178
0.106607
0.675613
0.572655
0.0992228
0.259203
0.651873
0.105702
0.868197
0.46462
0.654769
0.813829
0.209325
0.176971
1
1
0.126866
0.288329
0.212985
0.772914
0.291377
0.283852
0.0606426
0.589062
0.60127
1
0.093059
1
0.175779
1
0.0480729
1
0.300312
0.0975453
1
0.0761632
0.0937229
0.187829
0.312802
1
0.3546
0.194136
0.181253
0.310991
0.226248
1
0.993307
0.112336
0.929339
0.864123
1
0.416647
1
0.280299
0.23352
0.838388
0.273118
0.203651
1
0.210595
0.169335
0.13064
0.288888
0.84165
0.0498148
0.121428
0.359511
1
1
0.108271
0.820693
0.230509
1
0.12683
0.0551124
0.202068
1
0.234835
0.369781
0.598876
0.0917922
0.581599
0.954336
0.0699645
1
0.293556
0.738908
0.187264
0.103864
0.247286
0.317649
0.062073
0.143076
1
0.0834089
0.225325
0.615314
0.176018
0.157821
0.09239
0.136737
0.355969
1
0.882722
0.493631
0.111504
0.448958
0.230488
0.96715
0.673057
1
1
0.142524
0.39127
1
0.0492628
0.761882
0.928533
1
0.0746904
0.12359
0.742442
0.645231
0.352404
1
0.378546
0.220748
0.117629
1
0.254654
1
0.152469
1
0.11407
0.0620952
1
0.618265
0.0867033
0.36305
0.719653
1
0.37032
0.118186
0.0762981
0.346359
1
0.404925
0.092215
0.146885
0.112759
0.374268
0.689086
0.417857
0.579596
1
0.259103
1
1
0.232241
0.106882
0.281629
0.590097
0.578016
0.0551132
0.357593
0.616006
0.65555
1
0.136432
0.527846
0.072973
0.098994
0.0717686
0.263815
0.162943
1
1
1
0.480727
0.353002
0.340423
0.23875
0.968933
0.565149
1
0.352425
1
0.66689
0.477369
0.742918
0.676525
0.220775
1
0.423135
0.997797
0.490511
1
0.294511
1
1
0.0884835
0.478406
0.493783
0.443553
1
0.432006
0.999866
0.288383
0.420581
1
0.144464
0.215096
1
0.14356
0.87285
0.0488632
1
0.224115
1
0.315317
1
0.834864
0.120712
0.051427
1
0.0927605
0.334247
0.0556915
1
1
0.767316
0.308636
1
0.303939
0.669373
1
1
0.238547
0.941434
1
0.241698
0.137869
1
0.119695
0.0355065
0.282276
0.425226
0.418252
1
0.54515
0.199469
0.672264
0.356333
1
1
0.0760186
0.330867
1
0.0781762
1
0.507618
0.581164
0.827176
0.749466
0.0792357
1
0.113054
0.297142
0.292599
0.0905073
0.340363
0.122021
1
0.100839
0.195805
0.116584
0.0946876
1
0.12149
0.195379
1
0.193307
0.205921
0.183492
0.145238
0.138909
0.976461
0.497807
0.0979423
0.789803
0.288851
0.297902
0.303909
0.0732909
1
1
0.547598
0.543836
1
0.172876
0.0719031
0.412928
0.797824
0.799049
1
0.794718
0.817797
0.465103
1
1
1
0.300803
0.128964
0.752866
0.744106
0.123757
1
1
1
0.08543
0.20963
0.365722
0.432576
1
0.203463
0.0851353
0.134343
0.876693
0.180659
1
0.411961
0.240256
1
0.109113
0.121066
0.130989
0.239857
1
0.153472
1
1
0.278213
0.231021
1
0.154296
0.898346
0.111676
1
0.877516
0.0779544
1
0.786043
0.0732357
0.314047
0.063416
0.277176
1
0.293093
0.27497
0.33388
0.178662
0.0653754
0.150064
0.525761
0.269867
1
0.0824716
0.0722718
0.484393
0.0820331
0.257139
0.577722
0.506284
0.110372
1
1
0.156748
1
0.146417
0.292319
0.492333
0.0668228
1
0.931731
1
1
0.381988
0.0620071
0.15461
0.364868
0.129979
1
0.276742
1
0.326572
0.223735
0.366379
0.22823
1
0.876556
0.480305
0.142161
0.506026
0.727
0.313904
0.736638
1
0.234471
1
0.0696266
0.127912
0.0802005
0.198719
0.15297
0.446016
0.725121
0.965615
0.636732
0.736257
0.145935
1
0.297238
0.469223
1
0.245621
0.682983
0.428593
0.365098
0.243028
0.341657
0.407907
0.269285
0.109766
1
1
0.548652
0.10287
0.549049
0.6439
0.133668
0.20482
1
0.123977
0.16314
0.112227
1
0.281328
1
0.227113
0.158489
0.335637
0.142699
0.228404
0.203745
0.0903201
0.131799
0.873972
0.264305
0.135752
0.233075
0.371308
0.10869
0.168591
0.582037
0.086382
0.0997446
1
0.571949
0.343515
1
0.252174
0.385933
0.680149
0.395677
0.760924
0.75252
0.0770903
0.248944
0.832399
0.229462
0.060808
0.267572
0.150956
0.788092
0.0901204
0.565957
0.177634
1
0.0834232
0.493701
0.437605
0.121604
0.198259
0.738034
0.134195
1
1
1
0.636406
0.221009
0.269897
0.232174
1
0.381092
0.467656
0.189784
0.128329
0.536342
0.341265
0.0508583
0.448094
0.921176
0.154505
1
0.0797638
1
0.0840271
0.776793
0.605031
0.858403
0.10403
0.194166
0.183024
0.18343
1
0.236999
1
0.270477
1
1
0.637203
0.193423
0.471655
1
0.141757
0.360697
0.0733011
0.36111
1
0.596092
0.285848
0.380045
1
0.251527
1
0.338334
0.191366
0.623141
1
0.751247
1
0.230174
0.0759485
0.118962
0.428185
0.759628
0.0668062
1
0.433896
0.306527
0.640777
1
0.94202
0.139396
0.375631
0.0614357
0.290133
0.700806
0.0662964
0.114562
0.118767
0.273529
0.106321
0.445408
1
0.376
0.641368
0.727665
0.980355
0.292279
0.440774
0.068785
0.526659
1
0.946943
1
0.456036
1
0.494355
1
1
1
1
0.0819808
0.121217
0.128255
0.16871
0.1743
0.317417
1
0.288456
0.708946
0.739792
1
0.123324
0.114755
1
0.260257
1
1
1
0.100567
0.61124
0.150665
0.521173
0.273598
0.225221
0.0605621
0.11235
0.243294
1
0.578025
0.328103
0.174103
0.122286
0.177079
0.26027
1
0.466396
0.73885
0.377007
1
0.184836
1
1
0.104488
1
0.552065
0.595644
1
0.87341
0.416409
0.0711489
0.0300147
0.195534
0.832072
1
0.742086
0.0837853
0.149359
0.125077
1
1
1
1
0.158864
0.196517
0.0924576
0.0635626
0.0559741
0.0418972
0.261311
0.251512
0.260438
0.706148
0.902511
0.373924
0.521227
0.444234
0.345859
0.440481
1
0.84188
0.576346
1
0.990163
0.326794
0.173304
0.36922
1
1
1
1
1
0.35573
1
0.143781
0.297147
0.16983
0.1029
0.4869
1
0.0782858
1
0.062428
0.388077
0.223631
0.0804229
0.463487
1
0.107644
0.103608
0.419589
1
0.83119
1
0.357945
0.185611
0.206557
1
0.842847
0.301167
0.979372
0.445734
0.446867
0.421807
0.136179
1
1
1
0.441138
1
0.0878821
0.362666
1
1
0.119818
0.18907
0.314408
0.561087
0.481241
1
0.323972
0.119569
0.110975
0.0671303
0.540748
1
0.299875
0.453307
1
0.53909
1
0.609831
0.398935
0.452866
0.214517
0.146304
1
0.957906
0.648036
0.252827
0.979037
1
0.890637
0.0460166
1
1
0.581656
0.34216
0.290407
0.145101
0.106614
0.160645
0.114912
0.625494
0.756458
1
0.931157
0.50335
0.709286
1
1
0.506862
0.604156
0.837856
1
0.341812
1
0.234548
0.383487
0.0978261
1
0.115015
0.0817789
0.206709
0.334687
0.116319
0.199152
0.785308
0.385471
0.468733
0.0996
0.857053
1
1
1
0.129645
1
0.320733
0.101778
0.0485146
0.0568799
0.923927
0.0974002
0.244323
0.787527
0.317371
0.863141
0.294936
1
1
1
1
0.328279
1
0.101523
0.376025
1
0.053256
0.359216
0.867358
0.209414
0.549049
1
0.230268
0.0560183
1
0.526619
0.255196
1
1
1
1
0.362894
0.932694
0.300378
0.0965713
1
0.626366
0.924089
0.120134
1
0.125207
1
0.14995
0.0417101
0.248633
1
0.366567
0.952066
1
0.18909
0.137583
0.390088
0.285304
0.12631
0.0353993
0.948444
0.251276
0.0484901
0.41747
1
1
0.134386
0.135782
1
0.309155
0.422271
0.166981
