0
0.0090163
0.00620338
0.0064133
0.00560379
0.00492252
0.00616593
0.00566821
0.00543794
0.00486459
0.00440212
0.00428513
0.00438698
0.00411047
0.00383094
0.00364021
0.00342019
0.00323859
0.00307995
0.00301297
0.00306157
0.00297392
0.00298791
0.00309468
0.0029685
0.00292849
0.00299223
0.0028846
0.00278714
0.00273894
0.00265227
0.00258519
0.00259957
0.00254652
0.00250536
0.00244076
0.00244633
0.00248322
0.00244142
0.00238565
0.00235773
0.00232829
0.00229099
0.00227555
0.00224754
0.00225946
0.00221436
0.0021678
0.0021233
0.00209006
0.0020503
0.00203829
0.00201363
0.00199125
0.00196042
0.00192543
0.00189182
0.00189379
0.00186478
0.00185286
0.00183187
0.00184009
0.00183418
0.00183744
0.00182346
0.00179612
0.0017752
0.00176775
0.00174298
0.0017187
0.00171389
0.00169051
0.00168682
0.00166523
0.00166271
0.00164281
0.00168568
0.0017554
0.00173411
0.00171818
0.00169686
0.00168684
0.00167978
0.00165986
0.00165621
0.00164242
0.00163976
0.00162549
0.00162941
0.00161616
0.00160593
0.00159481
0.00157757
0.00156188
0.00154842
0.00155752
0.00157095
0.00156316
0.00155398
0.00153879
