0
0.0190628
0.015555
0.0126983
0.0100388
0.00821848
0.00737971
0.00665082
0.00611739
0.00600154
0.00545678
0.00498161
0.00479483
0.00443917
0.00427032
0.00400286
0.00376315
0.00367806
0.00360682
0.00345514
0.00333168
0.0031775
0.00303707
0.00291553
0.00304819
0.00293772
0.00284202
0.00273867
0.00288605
0.00278951
0.00269871
0.00261373
0.00258395
0.00254983
0.00249703
0.00242719
0.00236226
0.00230204
0.00225431
0.00219878
0.00214467
0.00209299
0.00204886
0.00204206
0.00208206
0.00206119
0.00202104
0.00198625
0.00194638
0.00190941
0.0018788
0.00184414
0.00180921
0.00177642
0.00174632
0.00173434
0.0017069
0.00169689
0.00167234
0.00164425
0.00165124
0.00163732
0.00164749
0.00163193
0.00160717
0.00158356
0.00160495
0.00159131
0.00158453
0.00159955
0.00157686
0.00155503
0.00153487
0.00151955
0.00149992
0.00148352
0.00146421
0.00144592
0.00142752
0.00141195
0.00139444
0.00137742
0.00136144
0.00134909
0.00133749
0.00132453
0.00132802
0.00131505
0.00130039
0.00128588
0.00127684
0.0012661
0.00125661
0.00124321
0.00123094
0.00122374
0.00121829
0.00122953
0.00121843
0.00122711
