0.476497   -0.347633   -0.00956307
0.45164   -0.0558282   -0.39238
-0.0697578   -0.488689   -0.159898
-0.322804   0.219268   0.221088
-0.0774683   -0.0136394   0.177752
-0.0616643   0.144172   -0.318232
0.245323   0.101479   0.319605
-0.156131   -0.0403857   -0.24506
0.346352   -0.237726   0.482329
-0.489295   0.0285596   0.115093
-0.470445   -0.139486   -0.0221167
-0.153156   -0.252188   -0.0127909
0.484915   -0.17259   -0.217712
-0.396263   0.239987   -0.0342304
0.15298   0.29414   0.453767
-0.265979   -0.13193   0.409927
-0.492936   0.371615   0.0907219
0.00809107   -0.238725   -0.252229
-0.359939   -0.276845   -0.142039
0.121427   -0.471093   0.274427
0.368297   0.255744   0.409322
-0.225353   0.120429   -0.184787
-0.116435   -0.00205717   0.39151
0.24508   0.0777106   -0.471517
0.108139   -0.277988   -0.489348
-0.252378   -0.438532   0.430352
-0.385307   0.441095   -0.0837413
0.312833   0.314328   -0.37072
0.44636   0.0943252   0.340488
0.0947423   -0.480361   -0.466097
-0.147108   0.458983   0.277447
0.269004   0.493313   0.397467
-0.0551459   -0.427606   0.0669402
0.0510768   0.0750524   0.475652
0.263669   -0.473269   -0.0937593
0.215037   -0.136262   -0.0749635
0.0925167   0.141924   -0.163493
0.306043   -0.438849   -0.417648
-0.115368   0.207504   0.132115
-0.0410071   -0.416083   0.410542
0.163818   -0.389709   -0.246958
0.401211   -0.390774   0.31832
-0.465128   -0.271102   -0.415502
0.281317   0.132368   -0.222717
0.297527   0.373276   0.100697
0.453867   0.152672   -0.456485
0.0684158   -0.354621   -0.0905342
-0.319558   0.173173   0.418797
-0.381656   0.206261   -0.311062
-0.40806   0.0311608   -0.0576097
0.384143   0.230899   0.189936
0.331825   -0.285647   -0.180571
-0.221917   0.343561   -0.138607
0.472346   0.0617648   -0.249689
0.380493   -0.445644   0.127091
0.0144255   -0.288692   0.228254
0.491013   0.426523   -0.373911
-0.297488   -0.217966   -0.377132
-0.157128   0.291047   0.348331
0.192467   0.0646047   0.050943
-0.371995   -0.2949   0.333397
0.31633   0.335966   -0.094118
0.461645   0.260489   -0.21581
-0.366451   0.35513   0.487581
-0.0172331   0.341453   -0.347801
-0.257917   0.0533928   -0.429184
0.191857   -0.364989   0.142959
0.0737813   0.20308   0.0567231
0.1953   0.394469   -0.248306
-0.139504   -0.483984   -0.400374
-0.363513   0.425496   0.24229
0.150183   -0.0279527   -0.237268
0.118159   0.422901   0.0180411
-0.243482   -0.0845278   -0.0582912
-0.0863893   -0.305636   -0.409861
0.173198   -0.111224   0.453065
-0.106296   0.084953   -0.0350497
0.249787   -0.0689776   0.203911
-0.146527   0.392693   0.0806089
-0.2394   -0.442316   -0.0569123
0.406135   0.411408   0.285845
-0.430989   -0.429584   0.175
0.00297814   -0.0799057   -0.0889299
-0.162944   -0.344403   -0.210688
-0.48403   -0.459471   0.455585
0.0742833   -0.0801729   0.301327
-0.400338   -0.0174441   0.45305
-0.00914038   0.395539   0.451379
-0.0411173   -0.198485   0.418467
0.00811178   0.316958   -0.133464
-0.127471   -0.114458   -0.416449
-0.404077   -0.14102   0.211144
0.0310042   -0.176646   0.0700067
0.363367   -0.184961   0.0835368
0.468406   -0.468819   -0.164674
-0.197681   -0.337145   0.169558
0.410519   0.108407   -0.0459421
0.0201228   0.137399   0.271202
0.452686   -0.0861354   0.291064
0.0105661   0.343013   0.241646
-0.165274   0.231838   -0.450321
-0.202222   -0.136647   0.227933
-0.345381   -0.424352   -0.356934
-0.351383   -0.268523   0.0476465
-0.25615   0.0590493   0.100436
0.192965   0.278981   0.261201
0.194474   -0.267811   0.319133
0.263032   -0.117124   -0.369169
