0.47658   -0.347602   -0.00937321
0.451592   -0.0557091   -0.392093
-0.0698242   -0.488655   -0.159889
-0.322814   0.219327   0.221038
-0.0775382   -0.013652   0.17769
-0.0618381   0.144285   -0.318233
0.245552   0.101503   0.319653
-0.156224   -0.0401583   -0.245088
0.346252   -0.237877   0.482384
-0.489245   0.0284449   0.115104
-0.470501   -0.139493   -0.0218259
-0.153165   -0.25206   -0.0127799
0.484749   -0.172695   -0.217652
-0.396085   0.240105   -0.0342547
0.152863   0.294444   0.453833
-0.265768   -0.131905   0.409785
-0.492816   0.371628   0.0907162
0.00831901   -0.238738   -0.252135
-0.360109   -0.276878   -0.142101
0.121378   -0.470909   0.274327
0.36824   0.255681   0.409162
-0.225473   0.120534   -0.184626
-0.116436   -0.00195115   0.391376
0.245318   0.0775133   -0.471402
0.108198   -0.278006   -0.489377
-0.252367   -0.43844   0.430301
-0.38538   0.441115   -0.0837097
0.312765   0.314416   -0.37088
0.446436   0.0942492   0.340404
0.0947098   -0.480455   -0.466298
-0.147173   0.458794   0.277369
0.26889   0.493037   0.397658
-0.0552022   -0.427635   0.0668506
0.051139   0.0752604   0.475654
0.263865   -0.473227   -0.0940057
0.215038   -0.13611   -0.0750335
0.0926548   0.141878   -0.163583
0.306054   -0.438811   -0.417574
-0.11529   0.207647   0.131995
-0.0411501   -0.416232   0.410656
0.163995   -0.389769   -0.246929
0.401231   -0.39086   0.318356
-0.465151   -0.271166   -0.41562
0.281239   0.13227   -0.222918
0.297296   0.373167   0.100667
0.453884   0.152588   -0.456519
0.0683401   -0.354671   -0.090521
-0.319674   0.173339   0.419025
-0.381549   0.206442   -0.310847
-0.407915   0.0312299   -0.0577893
0.384233   0.230877   0.190018
0.331755   -0.285897   -0.180585
-0.222172   0.343617   -0.138492
0.472141   0.0618588   -0.249827
0.380275   -0.445662   0.12689
0.0146253   -0.28869   0.22824
0.490783   0.426428   -0.373835
-0.297214   -0.21794   -0.377111
-0.156929   0.290961   0.348436
0.192332   0.0648273   0.0510309
-0.371932   -0.294727   0.333287
0.316243   0.335986   -0.0939414
0.461644   0.260587   -0.215823
-0.366708   0.35521   0.487614
-0.0171726   0.341416   -0.347879
-0.258055   0.0532767   -0.42937
0.192097   -0.364867   0.142804
0.073657   0.202905   0.0566222
0.195365   0.394326   -0.248254
-0.139676   -0.483928   -0.400293
-0.36352   0.425701   0.2426
0.15036   -0.0280595   -0.237428
0.118228   0.422784   0.0181295
-0.24349   -0.0844385   -0.0584958
-0.0866171   -0.305519   -0.409794
0.173205   -0.111326   0.45318
-0.10653   0.0848503   -0.0349916
0.249989   -0.0689411   0.203964
-0.14635   0.392463   0.0807502
-0.239394   -0.442379   -0.0569386
0.406   0.411404   0.285913
-0.430843   -0.429813   0.175024
0.0028828   -0.0801601   -0.0889742
-0.162674   -0.344297   -0.210612
-0.48409   -0.459428   0.455585
0.0743139   -0.0802578   0.301128
-0.400282   -0.0174006   0.453065
-0.00907342   0.395396   0.451436
-0.0411866   -0.198553   0.418674
0.00806712   0.316901   -0.133539
-0.12729   -0.114399   -0.416524
-0.404118   -0.141064   0.211037
0.0309902   -0.176608   0.0700176
0.363225   -0.18512   0.083332
0.468372   -0.46878   -0.164539
-0.197643   -0.337265   0.169587
0.410885   0.108643   -0.0460057
0.0202633   0.137285   0.271037
0.452826   -0.0861432   0.29097
0.0105638   0.343058   0.241684
-0.165159   0.231912   -0.450326
-0.202302   -0.136915   0.22806
-0.34546   -0.424273   -0.357039
-0.351341   -0.268375   0.0476365
-0.256177   0.0591568   0.100551
0.192754   0.279085   0.261371
0.194383   -0.267786   0.319155
0.263046   -0.117121   -0.369166
