0
0
0
0
0
0
0
0
0
0
0
0
0
0
0
0
0
0
0
0
0
0
0
0
0
0
0
0
0
0
0
0
0
0
0
0
8.19313e-06
1.86288e-05
3.78094e-05
0.000126011
0.000452013
0.00101706
0.00190473
0.0031819
0.00393022
0.00392091
0.00386708
0.00402745
0.00427791
0.00347671
0.00305736
0.00186721
0.0016467
0.00122951
0.00100785
0.000701962
0.000653895
0.000639973
0.000750523
0.000921336
0.0012851
0.00139168
0.00127924
0.00124694
0.00147227
0.00204578
0.00256263
0.00247722
0.00183015
0.00121078
0.000946996
0.00104586
0.00109336
0.00122127
0.00124397
0.00154952
0.00170859
0.00191039
0.00150615
0.00212979
0.00276125
0.00364204
0.00307335
0.00249149
0.00171297
0.00143623
0.00152597
0.00170414
0.00165453
0.00134072
0.000979786
0.00112207
0.000998604
0.0013026
0.00145998
0.00127599
0.00107234
0.00131508
0.00166341
0.00195792
