0
0
0
0
0
0
0
0
0
0
0
0
0
0
0
0
0
0
0
0
0
0
0
0
0
0
0
0
0
0
0
0
0
4.91651e-06
5.68208e-05
0.000349021
0.000802569
0.00153003
0.00233595
0.00346741
0.0035088
0.00356597
0.00308178
0.00331753
0.00276989
0.00271498
0.002953
0.00274108
0.00218844
0.00228852
0.00238631
0.00215101
0.00206583
0.00176661
0.00141879
0.00163962
0.00159112
0.00153186
0.00155637
0.00147554
0.00167456
0.00139426
0.00139561
0.00149423
0.00138982
0.00141925
0.00125762
0.00140856
0.0014668
0.0017454
0.00174004
0.00146628
0.00162684
0.00167419
0.00156343
0.00143895
0.00135053
0.00131036
0.00151328
0.00161602
0.0014619
0.00135774
0.0013561
0.00138405
0.00150769
0.00131829
0.00151739
0.00140641
0.00142734
0.00135587
0.0013158
0.0012801
0.00128152
0.00131827
0.00124665
0.00118575
0.00114113
0.00119847
0.00121396
0.0011059
