0
0.216441
0.168954
0.139313
0.218028
0.254099
0.228965
0.261754
0.232605
0.208112
0.188653
0.173235
0.160415
0.154851
0.154616
0.17064
0.160504
0.152005
0.144242
0.146869
0.139718
0.133441
0.128398
0.123068
0.120749
0.119966
0.11729
0.113242
0.110725
0.108336
0.107516
0.10514
0.105687
0.102538
0.101901
0.105158
0.103028
0.101266
0.0989695
0.0964956
0.0974896
0.0958603
0.0957818
0.0953939
0.0938173
0.0928057
0.0914295
0.0900778
0.0911945
0.08995
0.0907225
0.0891691
0.0874875
0.0859176
0.0905441
0.089289
0.0877147
0.0864204
0.0859943
0.0854841
0.0840748
0.0830862
0.082022
0.0807817
0.0803498
0.0792148
0.0780381
0.0769056
0.0757891
0.0755637
0.0748269
0.0738714
0.073145
0.0724925
0.0737122
0.0732915
0.072362
0.071716
0.0710809
0.0705667
0.0699873
0.0696559
0.0688678
0.0682488
0.0675543
0.0667884
0.0661421
0.0653946
0.0647185
0.0651889
0.0644689
0.0637643
0.0633309
0.062999
0.0623471
0.0619817
0.0621018
0.0616483
0.061211
0.060714
