0
0.0685002
0.0580632
0.076352
0.105589
0.0875797
0.0881404
0.0812859
0.071796
0.0642981
0.0583598
0.0535024
0.0492197
0.0460102
0.0620422
0.0580741
0.0546997
0.0637672
0.0603331
0.0573042
0.0545767
0.0522132
0.0538097
0.051539
0.0494757
0.0475752
0.0464266
0.0460277
0.0457289
0.0442462
0.0433718
0.0425457
0.0438812
0.0425722
0.0413381
0.0428941
0.0417203
0.040609
0.0402316
0.0395539
0.0390949
0.0382019
0.0373754
0.0372511
0.0369394
0.0384512
0.0387682
0.0379531
0.0371848
0.0373911
0.037202
0.0366968
0.0361098
0.0354386
0.0354535
0.0348763
0.0345924
0.0341143
0.0335312
0.0335596
0.0330516
0.0335585
0.0335433
0.0333073
0.0328121
0.0325659
0.0321552
0.0321649
0.0317048
0.032509
0.0324627
0.0320642
0.031639
0.0312228
0.0309607
0.0305576
0.0302911
0.0305898
0.0303855
0.0304188
0.0300871
0.0298475
0.0295092
0.0292045
0.0288592
0.0285409
0.0283149
0.0283541
0.0284368
0.0281613
0.0280358
0.0278021
0.0275149
0.0272582
0.0271462
0.0268671
0.0266342
0.0264919
0.0262244
0.0263629
