           1   0.0489526   0.0489526           0
           2   0.0491101   0.0490313 7.87356e-05
           3   0.0489227   0.0489951 5.81222e-05
           4   0.0488468    0.048958 5.53505e-05
           5   0.0490332   0.0489731 4.54337e-05
           6   0.0491159   0.0489969  4.4081e-05
           7   0.0491214   0.0490147 4.12826e-05
           8    0.049073    0.049022 3.64875e-05
           9   0.0491898   0.0490406 3.71911e-05
          10   0.0489894   0.0490355 3.36561e-05
          11   0.0489302   0.0490259 3.19125e-05
          12   0.0489926   0.0490231 2.92641e-05
          13   0.0489166   0.0490149 2.81387e-05
          14   0.0489946   0.0490135  2.6092e-05
          15   0.0489261   0.0490077 2.49786e-05
          16   0.0490808   0.0490122 2.38082e-05
          17   0.0489716   0.0490098 2.24909e-05
          18   0.0489366   0.0490058 2.15918e-05
          19   0.0491831   0.0490151 2.24558e-05
          20   0.0490058   0.0490146 2.13086e-05
          21   0.0490269   0.0490152 2.02769e-05
          22   0.0492866   0.0490276  2.2933e-05
          23   0.0491252   0.0490318 2.23206e-05
          24   0.0491228   0.0490356 2.17043e-05
          25   0.0490815   0.0490374 2.08988e-05
          26   0.0489064   0.0490324 2.07018e-05
          27   0.0490819   0.0490342 2.00045e-05
          28   0.0490875   0.0490361 1.93704e-05
          29   0.0491472     0.04904 1.90792e-05
          30   0.0489635   0.0490374 1.86077e-05
          31   0.0491761   0.0490419 1.85454e-05
          32   0.0490479   0.0490421 1.79575e-05
          33   0.0490526   0.0490424 1.74078e-05
          34   0.0490935   0.0490439 1.69548e-05
          35   0.0491634   0.0490473 1.68136e-05
          36    0.049065   0.0490478 1.63473e-05
          37   0.0490776   0.0490486 1.59196e-05
          38   0.0488639   0.0490437 1.62392e-05
          39   0.0489185   0.0490405   1.614e-05
          40    0.048959   0.0490385 1.58628e-05
          41   0.0491685   0.0490417 1.57925e-05
          42   0.0491604   0.0490445 1.56691e-05
          43   0.0490141   0.0490438 1.53167e-05
          44   0.0490382   0.0490437 1.49651e-05
          45   0.0489047   0.0490406 1.49511e-05
          46   0.0489978   0.0490396  1.4652e-05
          47     0.04915    0.049042 1.45277e-05
          48    0.049053   0.0490422 1.42237e-05
          49   0.0490158   0.0490417 1.39408e-05
          50   0.0490295   0.0490414 1.36613e-05
          51   0.0489541   0.0490397 1.34998e-05
          52   0.0490329   0.0490396 1.32383e-05
          53    0.048983   0.0490385 1.30299e-05
          54   0.0490247   0.0490383 1.27889e-05
          55    0.048957   0.0490368 1.26409e-05
          56   0.0490939   0.0490378 1.24549e-05
          57   0.0489109   0.0490356 1.24353e-05
          58   0.0488147   0.0490318 1.27987e-05
          59   0.0490853   0.0490327 1.26126e-05
          60   0.0488566   0.0490297 1.27433e-05
          61   0.0491657    0.049032 1.27294e-05
          62   0.0490862   0.0490329 1.25529e-05
          63   0.0490539   0.0490332 1.23566e-05
          64   0.0490888   0.0490341 1.21929e-05
          65   0.0490311    0.049034  1.2004e-05
          66     0.04905   0.0490343 1.18232e-05
          67   0.0490104   0.0490339 1.16508e-05
          68   0.0489457   0.0490326 1.15512e-05
          69   0.0489393   0.0490312 1.14627e-05
          70   0.0490087   0.0490309 1.13023e-05
          71   0.0490907   0.0490318 1.11738e-05
          72   0.0489464   0.0490306 1.10811e-05
          73   0.0489402   0.0490293 1.09981e-05
          74   0.0490552   0.0490297 1.08541e-05
          75   0.0490983   0.0490306 1.07474e-05
          76     0.04887   0.0490285 1.08135e-05
          77   0.0489308   0.0490272 1.07473e-05
          78   0.0488321   0.0490247 1.08995e-05
          79   0.0488587   0.0490226 1.09639e-05
          80   0.0490373   0.0490228 1.08276e-05
          81   0.0488292   0.0490204 1.09571e-05
          82   0.0491069   0.0490215 1.08739e-05
          83   0.0489481   0.0490206 1.07784e-05
          84   0.0490785   0.0490213 1.06716e-05
          85   0.0490284   0.0490214 1.05457e-05
          86   0.0490839   0.0490221 1.04477e-05
          87   0.0489626   0.0490214 1.03495e-05
          88   0.0490625   0.0490219 1.02418e-05
          89    0.049124    0.049023  1.0191e-05
          90   0.0491597   0.0490245 1.01909e-05
          91   0.0489528   0.0490237 1.01091e-05
          92   0.0490271   0.0490238 9.99866e-06
          93   0.0487986   0.0490214 1.01827e-05
          94   0.0489116   0.0490202 1.01413e-05
          95   0.0489791   0.0490198 1.00433e-05
          96   0.0490121   0.0490197 9.93843e-06
          97   0.0490431   0.0490199 9.83839e-06
          98   0.0489878   0.0490196 9.74299e-06
          99   0.0491304   0.0490207 9.70881e-06
         100   0.0488444    0.049019  9.7717e-06
