0
0
0
0
0
0
0
0
0
0
0
0
0
0
0
0
0
0
0
0
0
0
0
0
0
0
0
0
0
0
0
0
0
0
0
0
8.19313e-06
1.86288e-05
9.72055e-05
0.00302364
0.0463782
0.289468
1.00597
2.24698
3.62997
4.61957
4.89376
4.48969
3.65377
2.69299
1.8144
1.13469
0.657783
0.354352
0.180173
0.0872758
0.0480868
0.0418747
0.0614565
0.107508
0.186396
0.302772
0.453772
0.628536
0.796518
0.91963
0.964027
0.925606
0.807875
0.642014
0.465741
0.317431
0.220588
0.192013
0.254813
0.434058
0.750619
1.20138
1.73094
2.23835
2.59456
2.70779
2.55221
2.17846
1.6916
1.2033
0.804742
0.545431
0.437681
0.465904
0.591053
0.759918
0.912126
1.00185
1.00405
0.919764
0.789119
0.660038
0.577021
0.57747
