           0           0
           0           0
           0           0
           0           0
           0           0
           0           0
           0           0
           0           0
           0           0
           0           0
           0           0
           0           0
           0           0
 0.000924964  3.0472e-05
    0.147592 0.000354382
     1.06639 0.000993539
     2.03982  0.00185004
     2.26638  0.00167665
     2.08951  0.00183771
     1.83439  0.00126014
     1.61724  0.00107818
     1.45212   0.0010554
     1.33626 0.000813558
     1.24905 0.000833606
     1.18889 0.000735941
      1.1441 0.000566656
     1.11086 0.000658716
     1.08921 0.000583862
     1.07458 0.000547679
     1.06627 0.000583613
     1.05965 0.000568352
     1.05767 0.000451407
     1.05549 0.000539574
     1.05196 0.000499354
     1.04712 0.000489449
     1.04267 0.000436157
     1.03768 0.000401112
     1.03106 0.000468405
     1.02585 0.000385801
     1.02094 0.000432583
     1.01741 0.000380399
     1.01381 0.000374016
     1.01019  0.00035267
     1.00746 0.000334261
      1.0053  0.00034251
     1.00355 0.000332086
     1.00169 0.000313379
     1.00036  0.00034285
    0.998721 0.000291557
     0.99798 0.000290091
    0.996734 0.000334341
    0.995231 0.000278993
    0.994634 0.000275486
    0.993548 0.000291052
    0.993213 0.000292433
     0.99247 0.000274341
    0.992104 0.000315496
    0.991116 0.000234635
    0.990989 0.000277076
    0.990571 0.000229373
    0.989867 0.000236492
    0.989417 0.000249445
    0.989075 0.000246401
    0.988894 0.000219071
    0.989075 0.000232489
    0.988661 0.000235716
    0.988769 0.000232014
     0.98812 0.000217864
    0.988011 0.000214808
    0.987489 0.000187369
     0.98729  0.00021438
    0.987142  0.00019617
    0.987426 0.000197179
    0.986862 0.000217161
     0.98679 0.000199811
    0.986985 0.000187983
    0.987125 0.000198314
    0.986621 0.000195974
     0.98657 0.000176052
     0.98673 0.000202075
    0.986202 0.000165503
    0.986084 0.000173932
    0.986435 0.000162753
    0.986107 0.000148677
    0.986237 0.000177239
     0.98604 0.000172576
    0.985749 0.000164687
    0.986155 0.000155667
    0.986228  0.00013771
    0.986167 0.000140118
    0.985956 0.000145207
    0.985797 0.000149721
    0.985685 0.000157338
    0.986038 0.000165095
    0.986082 0.000164316
    0.985762 0.000153351
    0.985652 0.000174793
    0.985757   0.0001535
    0.986084  0.00014135
    0.985888 0.000155486
