           0           0
           0           0
           0           0
           0           0
           0           0
           0           0
           0           0
           0           0
           0           0
           0           0
           0           0
           0           0
           0           0
           0           0
           0           0
           0           0
           0           0
           0           0
           0           0
           0           0
           0           0
           0           0
           0           0
           0           0
           0           0
           0           0
           0           0
           0           0
           0           0
           0           0
           0           0
           0           0
           0           0
           0           0
           0           0
           0           0
           0           0
 6.20961e-07 6.20961e-07
 7.08422e-05 4.70748e-06
  0.00333468 3.38917e-05
   0.0473146 0.000175748
    0.294107 0.000502759
     1.00744  0.00109249
      2.2408  0.00120041
      3.6258  0.00101176
     4.61835  0.00118459
     4.89627   0.0017513
     4.48934  0.00170725
     3.65727  0.00141314
     2.69457 0.000832138
     1.81651 0.000600694
     1.13046 0.000662216
    0.654314 0.000558116
    0.353434  0.00049381
    0.179873 0.000359577
   0.0891889 0.000292735
   0.0493742 0.000223165
   0.0425225 0.000192985
   0.0612437 0.000222938
     0.10608 0.000274786
    0.184451  0.00028133
    0.300294 0.000338044
    0.453557 0.000263762
    0.628432 0.000333773
    0.796941 0.000433453
     0.92131  0.00055549
    0.969821 0.000643843
    0.928497 0.000549403
    0.808023 0.000423383
    0.641102 0.000301467
    0.465373 0.000272367
    0.317433 0.000314474
    0.219773 0.000362849
    0.192533 0.000430277
    0.255543 0.000511354
    0.434342 0.000600159
    0.750313 0.000619846
     1.19823 0.000565927
     1.72724  0.00040744
     2.23493 0.000606981
     2.59595 0.000953107
     2.71286  0.00124011
     2.55622  0.00121269
     2.17999 0.000796302
     1.68918 0.000475962
     1.20214 0.000392631
    0.802197 0.000612058
    0.543028 0.000635232
    0.435095 0.000646838
    0.461537 0.000530302
    0.586819 0.000375812
     0.75837  0.00024466
    0.917311 0.000307938
     1.01367 0.000433708
     1.02156  0.00047469
    0.919083 0.000351681
    0.780624 0.000246712
    0.654327 0.000317445
    0.572832 0.000494361
    0.573661 0.000596618
