           1    -7.55355    -7.55355           0
           2    -7.54858    -7.55107  0.00248462
           3    -7.54595    -7.54936  0.00222706
           4    -7.55094    -7.54976  0.00162341
           5    -7.55278    -7.55036  0.00139564
           6    -7.54373    -7.54926  0.00158781
           7    -7.55713    -7.55038  0.00175058
           8    -7.54118    -7.54923  0.00190266
           9    -7.54549    -7.54881   0.0017287
          10     -7.5383    -7.54776  0.00186975
          11    -7.54414    -7.54743  0.00172305
          12     -7.5537    -7.54796  0.00165736
          13    -7.55386    -7.54841  0.00159086
          14    -7.54942    -7.54848  0.00147459
          15    -7.55097    -7.54865  0.00138276
          16    -7.53931    -7.54807    0.001419
          17    -7.53891    -7.54753  0.00143752
          18    -7.54309    -7.54728  0.00137751
          19    -7.54747    -7.54729  0.00130304
          20    -7.55175    -7.54751  0.00125613
          21    -7.54476    -7.54738  0.00120201
          22    -7.54175    -7.54713  0.00117434
          23    -7.54471    -7.54702  0.00112702
          24    -7.54906    -7.54711  0.00108239
          25    -7.55124    -7.54727   0.0010513
          26    -7.53398    -7.54676  0.00113212
          27    -7.53594    -7.54636  0.00116078
          28    -7.55037     -7.5465  0.00112768
          29    -7.54222    -7.54636  0.00109807
          30     -7.5479    -7.54641  0.00106208
          31    -7.55454    -7.54667  0.00106021
          32    -7.54448     -7.5466  0.00102882
          33    -7.54194    -7.54646   0.0010071
          34     -7.5387    -7.54623  0.00100331
          35    -7.54495    -7.54619 0.000974909
          36    -7.55281    -7.54638 0.000965085
          37    -7.55392    -7.54658 0.000960537
          38    -7.52822     -7.5461  0.00105237
          39    -7.54516    -7.54608  0.00102532
          40    -7.55774    -7.54637  0.00104102
          41    -7.55498    -7.54658  0.00103682
          42    -7.54973    -7.54665  0.00101462
          43    -7.54235    -7.54655 0.000995781
          44    -7.54351    -7.54648 0.000975343
          45    -7.54198    -7.54638 0.000958656
          46    -7.54446    -7.54634  0.00093852
          47    -7.54484    -7.54631 0.000918891
          48    -7.54367    -7.54625 0.000901225
          49    -7.55519    -7.54644 0.000901265
          50    -7.55188    -7.54654 0.000889745
          51    -7.55486    -7.54671 0.000887227
          52    -7.55068    -7.54678 0.000873344
          53    -7.55309     -7.5469 0.000864939
          54    -7.54108     -7.5468 0.000855588
          55    -7.55231     -7.5469 0.000845852
          56    -7.54355    -7.54684 0.000832755
          57    -7.53011    -7.54654 0.000869028
          58    -7.54333    -7.54649 0.000855712
          59    -7.54425    -7.54645 0.000841934
          60    -7.53868    -7.54632 0.000837854
          61     -7.5397    -7.54621 0.000831119
          62    -7.54805    -7.54624 0.000818144
          63     -7.5488    -7.54628 0.000806073
          64    -7.55654    -7.54644 0.000809403
          65    -7.54211    -7.54638 0.000799631
          66    -7.54804     -7.5464 0.000787824
          67    -7.54533    -7.54638  0.00077614
          68    -7.54859    -7.54642 0.000765331
          69    -7.54559    -7.54641 0.000754253
          70      -7.541    -7.54633 0.000747394
          71    -7.54535    -7.54631  0.00073692
          72    -7.55559    -7.54644 0.000737934
          73    -7.54697    -7.54645 0.000727791
          74    -7.53746    -7.54633 0.000728098
          75    -7.54251    -7.54628 0.000720126
          76    -7.54042     -7.5462 0.000714756
          77    -7.54052    -7.54613 0.000709264
          78    -7.55028    -7.54618 0.000702133
          79    -7.54181    -7.54612 0.000695394
          80    -7.54599    -7.54612 0.000686649
          81    -7.55327    -7.54621  0.00068383
          82    -7.55302    -7.54629 0.000680521
          83    -7.53728    -7.54619 0.000680987
          84    -7.53642    -7.54607 0.000682795
          85    -7.54864     -7.5461 0.000675389
          86    -7.55137    -7.54616 0.000670293
          87    -7.55527    -7.54627 0.000670767
          88    -7.54148    -7.54621 0.000665323
          89    -7.55685    -7.54633 0.000668586
          90    -7.54185    -7.54628 0.000662986
          91    -7.53637    -7.54617 0.000664653
          92    -7.54495    -7.54616 0.000657522
          93    -7.54314    -7.54613 0.000651225
          94    -7.54808    -7.54615 0.000644596
          95    -7.54579    -7.54614 0.000637786
          96    -7.55179     -7.5462 0.000633843
          97    -7.54767    -7.54622 0.000627456
          98    -7.54057    -7.54616 0.000623689
          99    -7.53323    -7.54603 0.000631027
         100    -7.54722    -7.54604 0.000624798
