           1     7.55367     7.55367           0
           2     7.57936     7.56651   0.0128428
           3     7.59981     7.57761   0.0133491
           4     7.56892     7.57544  0.00968644
           5     7.55916     7.57218  0.00817871
           6     7.60874     7.57828   0.0090395
           7     7.53416     7.57198  0.00990344
           8     7.62508     7.57861   0.0108455
           9      7.6004     7.58103  0.00986639
          10      7.6383     7.58676   0.0105201
          11     7.60424     7.58835  0.00964744
          12     7.55304     7.58541  0.00928545
          13      7.5536     7.58296  0.00888494
          14     7.57997     7.58275  0.00822862
          15     7.56936     7.58185  0.00771225
          16     7.63336     7.58507  0.00789985
          17     7.63565     7.58805  0.00799469
          18     7.61135     7.58934  0.00764782
          19     7.58739     7.58924  0.00723485
          20     7.56332     7.58794  0.00698489
          21     7.60453     7.58873  0.00669072
          22     7.62006     7.59016  0.00653636
          23     7.60411     7.59076   0.0062751
          24     7.57767     7.59022  0.00603269
          25     7.56763     7.58932  0.00585647
          26     7.66216     7.59212   0.0062856
          27     7.65143     7.59431  0.00643494
          28     7.57236     7.59353  0.00625023
          29     7.61692     7.59434  0.00608455
          30     7.58434       7.594  0.00588767
          31     7.54709     7.59249  0.00589223
          32     7.60576      7.5929  0.00572017
          33     7.61974     7.59372  0.00560345
          34     7.63665     7.59498  0.00558085
          35     7.60185     7.59518   0.0054226
          36     7.55963     7.59419  0.00536153
          37     7.55713     7.59319  0.00530992
          38     7.69252      7.5958  0.00579174
          39     7.60162     7.59595  0.00564326
          40     7.53088     7.59432  0.00573589
          41     7.54725     7.59318  0.00571087
          42     7.57756      7.5928  0.00558562
          43     7.61426      7.5933  0.00547695
          44     7.61029     7.59369  0.00536494
          45     7.61873     7.59425  0.00527381
          46     7.60604      7.5945  0.00516426
          47     7.60156     7.59465  0.00505541
          48     7.60899     7.59495  0.00495797
          49     7.54435     7.59392  0.00496431
          50     7.56409     7.59332  0.00490045
          51     7.54834     7.59244   0.0048837
          52     7.57043     7.59202  0.00480754
          53     7.55752     7.59137  0.00476066
          54     7.62374     7.59196  0.00470997
          55     7.56353     7.59145  0.00465236
          56     7.61303     7.59183  0.00458476
          57     7.68432     7.59346  0.00478698
          58     7.60981     7.59374  0.00471217
          59     7.60687     7.59396  0.00463696
          60     7.63746     7.59469   0.0046163
          61     7.63189      7.5953  0.00458079
          62     7.58494     7.59513  0.00450939
          63     7.58257     7.59493  0.00444171
          64     7.54083     7.59408  0.00445274
          65     7.61728     7.59444   0.0043982
          66     7.58742     7.59433  0.00433236
          67     7.59957     7.59441  0.00426792
          68     7.58131     7.59422   0.0042091
          69     7.59877     7.59429  0.00414817
          70     7.62297      7.5947  0.00410897
          71     7.60131     7.59479  0.00405176
          72     7.54485     7.59409  0.00405484
          73     7.59182     7.59406  0.00399903
          74     7.64241     7.59472  0.00399836
          75     7.61615       7.595  0.00395503
          76     7.62782     7.59543  0.00392646
          77     7.62676     7.59584  0.00389643
          78     7.57314     7.59555  0.00385714
          79     7.61848     7.59584  0.00381905
          80      7.5954     7.59583  0.00377102
          81     7.55833     7.59537  0.00375284
          82     7.55966     7.59494  0.00373229
          83     7.64248     7.59551  0.00373129
          84     7.64927     7.59615  0.00374174
          85     7.58326       7.596  0.00370057
          86     7.56655     7.59566  0.00367328
          87     7.54495     7.59507  0.00367729
          88     7.61805     7.59533  0.00364463
          89     7.53651     7.59467  0.00366356
          90     7.61966     7.59495  0.00363325
          91     7.64948     7.59555  0.00364273
          92     7.60377     7.59564  0.00360402
          93     7.61187     7.59581  0.00356933
          94     7.58376     7.59569  0.00353348
          95     7.59759     7.59571  0.00349614
          96     7.56492     7.59538  0.00347436
          97     7.58616     7.59529  0.00343967
          98     7.62703     7.59561  0.00341976
          99     7.66654     7.59633  0.00346002
         100     7.59169     7.59628  0.00342556
