0.0121971   -0.275811   0.389802
0.416304   -0.417999   -0.0546788
0.126543   -0.461709   0.457514
0.26609   -0.200354   -0.372542
0.117821   0.0209774   -0.3318
-0.371047   0.0109575   0.23736
-0.287782   -0.0297393   0.489746
-0.368755   -0.233423   0.137977
-0.46814   -0.394859   0.106577
-0.428874   0.206336   0.294272
-0.338119   0.377448   0.371619
-0.298254   0.395288   -0.0140374
-0.112958   -0.286955   -0.286719
0.410566   0.325574   0.252635
-0.465839   0.197651   -0.239019
-0.273381   0.219034   0.121324
0.113485   0.364065   -0.0860828
0.378477   -0.0599908   -0.286362
-0.117967   0.111695   -0.395671
0.409043   0.0487625   -0.454684
0.200191   0.404259   -0.356954
0.384677   0.178188   -0.100389
-0.0612248   0.203643   0.416107
-0.110366   0.385084   -0.205386
0.299638   0.431666   0.419026
0.386396   -0.169588   0.0939549
0.24637   -0.00249035   0.0523508
-0.390853   0.407761   -0.447541
0.407909   0.11743   0.345669
-0.0763192   0.347009   0.0355941
0.267021   0.20923   0.48159
-0.248072   0.482153   -0.34417
0.152138   -0.432476   -0.0231399
-0.017328   -0.0441028   0.0120227
0.227274   -0.156417   0.220387
-0.393274   0.197255   -0.0613314
-0.0973202   -0.431274   0.278642
0.406456   -0.272566   0.260085
0.114535   -0.292044   -0.20196
-0.196036   0.232379   -0.0871772
0.0176215   0.264597   0.201803
-0.186562   -0.230249   0.467151
-0.429136   0.346717   0.151258
0.117811   -0.130209   -0.487403
0.0203348   0.156118   -0.0260153
-0.397402   -0.310703   0.375882
0.332232   0.36318   -0.140051
-0.240675   -0.0158495   -0.0863087
-0.304418   0.347913   -0.219932
0.210702   0.241967   0.282865
-0.283292   -0.225964   -0.0514593
-0.226127   -0.439378   0.0570841
0.0169873   0.331127   -0.385716
0.256616   -0.420955   -0.240777
0.398889   0.37431   -0.37551
-0.0748955   0.0826262   0.213642
-0.224514   -0.444305   -0.169159
0.130535   0.0282964   0.212655
-0.240261   0.118483   0.329936
-0.316018   -0.24019   -0.348452
-0.295689   -0.449538   0.238068
0.185085   0.0808929   -0.129593
0.400876   -0.225922   -0.103248
-0.381892   0.157096   -0.482223
0.205411   0.185283   0.0671774
-0.231543   -0.455786   0.455112
-0.235251   -0.213902   0.27859
0.277943   -0.0768622   0.387902
0.236415   -0.266961   0.434989
0.478086   -0.252431   -0.319569
0.348911   -0.466016   0.233094
0.209667   0.386094   0.0883734
-0.471348   0.362166   -0.114866
-0.0441945   -0.456725   -0.0721277
-0.44624   -0.399244   -0.422199
-0.0133639   -0.00408935   0.421655
-0.0523685   -0.467517   -0.443385
0.475662   0.285161   0.451954
0.0705852   -0.313395   -0.388917
-0.300918   0.0972949   -0.28756
0.459944   -0.468435   -0.24222
-0.0577268   -0.240685   -0.0933614
-0.42847   -0.313385   -0.154657
0.297478   0.1602   -0.292054
0.149555   -0.17876   -0.0115841
-0.0667533   0.0269885   -0.207772
-0.419217   -0.03946   0.0383462
-0.107018   -0.093369   -0.391342
0.436716   -0.021947   -0.10208
0.147605   -0.398466   0.279937
0.494163   0.482858   0.368586
0.0471809   0.217322   -0.223728
0.421259   -0.222023   0.470443
0.0373634   -0.311017   0.138226
-0.171085   0.339965   -0.461293
-0.0360982   -0.153988   0.245007
0.335859   -0.388591   -0.436061
-0.196067   0.347237   0.249752
-0.19793   -0.0517762   0.120187
0.432629   0.120387   0.126966
0.280871   -0.342574   0.107743
0.0330206   -0.489315   -0.251567
-0.4747   -0.0445635   0.393157
0.0516397   0.366711   0.360299
-0.411919   -0.111041   -0.234811
0.408937   -0.0605922   0.252339
0.040241   0.457394   0.164483
0.412655   0.407824   0.0364826
