0
0.00013836
0.000711296
0.000528424
0.000477295
0.000452706
0.000517229
0.000512221
0.000460405
0.000452162
0.000466209
0.000480338
0.000477314
0.000467308
0.000452628
0.000437148
0.000415625
0.000392578
0.000371947
0.000353201
0.000336508
0.00032211
0.000307908
0.000294799
0.000282774
0.000271688
0.000261573
0.00025212
0.000243276
0.000235042
0.000227516
0.000220735
0.000213982
0.000207673
0.000201824
0.000196185
0.000190869
0.000185922
0.000181185
0.000176598
0.000172386
0.000168342
0.00016441
0.000160653
0.000157177
0.00015422
0.000151604
0.000150016
0.000148707
0.00014699
0.000145346
0.000143871
0.000142447
0.000140926
0.000139069
0.000137096
0.000135538
0.000134074
0.000132604
0.000131196
0.000129684
0.000128083
0.000126398
0.000124741
0.000123013
0.000121434
0.00011994
0.000118386
0.000116784
0.000115206
0.000113646
0.000112139
0.000110763
0.00010939
0.000108031
0.000106699
0.000105451
0.000104284
0.000103143
0.000102035
0.000100964
9.99634e-05
9.88395e-05
9.77328e-05
9.66947e-05
9.57188e-05
9.47892e-05
9.38661e-05
9.29612e-05
9.21243e-05
9.12611e-05
9.04038e-05
8.95159e-05
8.86581e-05
8.78267e-05
8.70306e-05
8.62884e-05
8.55795e-05
8.48664e-05
8.41266e-05
