3.13851
3.13864
3.13935
3.13951
3.13976
3.13999
3.14034
3.14059
3.14067
3.14086
3.14109
3.14131
3.14149
3.14164
3.14177
3.14187
3.14194
3.14196
3.14198
3.142
3.14202
3.14205
3.14206
3.14206
3.14206
3.14206
3.14205
3.14205
3.14204
3.14205
3.14206
3.14207
3.14207
3.14207
3.14206
3.14206
3.14205
3.14204
3.14204
3.14204
3.14204
3.14205
3.14205
3.14204
3.14204
3.14203
3.14201
3.14199
3.14197
3.14195
3.14193
3.14191
3.14189
3.14187
3.14186
3.14184
3.14183
3.14181
3.1418
3.14178
3.14177
3.14176
3.14175
3.14174
3.14173
3.14173
3.14172
3.14171
3.1417
3.1417
3.14169
3.14169
3.14168
3.14168
3.14167
3.14167
3.14166
3.14166
3.14165
3.14165
3.14164
3.14163
3.14163
3.14162
3.14162
3.14161
3.14161
3.1416
3.1416
3.14159
3.14159
3.14158
3.14158
3.14157
3.14157
3.14156
3.14156
3.14155
3.14155
3.14154
