9.85022
9.85109
9.85553
9.85654
9.85809
9.85953
9.86172
9.86328
9.86384
9.86501
9.86642
9.86782
9.86895
9.86991
9.87069
9.87137
9.87178
9.87193
9.87206
9.87216
9.87228
9.87246
9.87251
9.87251
9.87253
9.87254
9.87249
9.87245
9.87244
9.87246
9.87252
9.8726
9.87263
9.87259
9.87254
9.87251
9.87248
9.87244
9.8724
9.8724
9.87244
9.87248
9.87246
9.87244
9.8724
9.87233
9.87223
9.8721
9.87195
9.87183
9.87171
9.87159
9.87147
9.87135
9.87126
9.87119
9.87109
9.87099
9.8709
9.87081
9.87073
9.87066
9.8706
9.87054
9.87049
9.87044
9.87038
9.87034
9.8703
9.87027
9.87025
9.87022
9.87018
9.87015
9.87012
9.87009
9.87005
9.87001
9.86998
9.86994
9.8699
9.86985
9.86983
9.8698
9.86977
9.86974
9.8697
9.86967
9.86963
9.8696
9.86956
9.86953
9.86951
9.86948
9.86945
9.86942
9.86939
9.86935
9.86932
9.8693
