0
0.00370589
0.00220717
0.00156822
0.00125505
0.00197651
0.001697
0.00156982
0.00139636
0.00125152
0.00116764
0.00108091
0.00100841
0.00101029
0.000942392
0.000896594
0.000895231
0.000860901
0.000835091
0.000798169
0.000813012
0.00077577
0.000741274
0.000720459
0.00074925
0.000723076
0.000700661
0.00067596
0.000689114
0.000694148
0.000672784
0.00067
0.000676832
0.0006679
0.000649809
0.000631925
0.000633129
0.000651036
0.00064538
0.00063857
0.000630273
0.000636304
0.000621866
0.000641992
0.000633993
0.000637719
0.000624456
0.000631681
0.000625813
0.000616619
0.000611245
0.000655151
0.000642757
0.000635883
0.000624343
0.000623191
0.000613103
0.000603604
0.000597837
0.000594126
0.000608868
0.000599268
0.000590238
0.000583153
0.000575766
0.000583811
0.000576179
0.000569696
0.000566262
0.000559182
0.000557197
0.000558835
0.000551309
0.000545157
0.000541144
0.000537778
0.000531418
0.00052786
0.00052121
0.000514676
0.000518662
0.00051286
0.000516795
0.000510699
0.000505581
0.000504409
0.00050183
0.000497034
0.000492596
0.000487882
0.000485952
0.00048068
0.000476407
0.00047172
0.000467061
0.000463308
0.000460399
0.000456524
0.000462702
0.000458342
