1.00076
1.00027
1.00067
1.0003
1.00014
0.999739
0.999908
0.999829
0.999796
0.999862
0.999812
0.999743
0.999786
0.999867
0.999775
0.999748
0.999785
0.999728
0.999818
0.999994
0.999966
1.00001
0.999987
0.999983
0.999929
0.999921
0.999956
1
0.999955
0.999977
1.00003
1.00004
1.00002
1.00004
0.999985
0.999978
0.999991
0.999921
0.999921
0.999948
0.999937
0.999912
0.999899
0.999884
0.999876
0.99989
0.999924
0.999918
0.999869
0.999879
0.999894
0.999874
0.999912
0.999898
0.99985
0.999842
0.999872
0.999886
0.999896
0.999896
0.99986
0.999859
0.999862
0.999873
0.999912
0.999906
0.999944
0.999917
0.999911
0.999903
0.999884
0.999889
0.999903
0.999909
0.999914
0.999909
0.999921
0.999905
0.999937
0.999954
0.999947
0.999963
0.999954
0.999965
0.999989
0.999964
0.999953
0.999938
0.999946
0.999953
0.999969
0.99996
0.999962
0.99995
0.999947
0.999969
0.999991
0.999976
1.00001
1.00001
